valence,arousal
0.0,-0.03
0.0,-0.03
0.0,-0.03
0.0,-0.03
0.0,-0.03
0.0,-0.02
0.0,-0.014
0.0,-0.009
-0.001,-0.006
0.0,-0.006
0.0,-0.005
-0.001,-0.006
0.0,-0.003
0.0,0.0
0.0,0.0
0.0,0.0
0.0,0.0
0.0,0.0
0.0,0.0
0.0,0.003
0.0,0.015
0.0,0.017
0.0,0.018
0.0,0.019
0.0,0.018
0.0,0.019
0.0,0.019
0.0,0.021
-0.001,0.022
0.0,0.024
0.0,0.034
0.0,0.034
0.0,0.06
0.0,0.113
0.002,0.129
0.006,0.166
0.016,0.179
0.039,0.206
0.052,0.255
0.06,0.265
0.099,0.307
0.137,0.357
0.139,0.368
0.139,0.378
0.15,0.384
0.153,0.382
0.16,0.382
0.161,0.382
0.16,0.382
0.163,0.383
0.162,0.39
0.155,0.425
0.158,0.48
0.159,0.497
0.16,0.503
0.16,0.499
0.16,0.5
0.16,0.499
0.16,0.499
0.16,0.499
0.16,0.499
0.161,0.499
0.161,0.499
0.161,0.497
0.156,0.483
0.148,0.433
0.152,0.408
0.152,0.37
0.15,0.357
0.152,0.346
0.149,0.329
0.15,0.317
0.152,0.294
0.155,0.291
0.141,0.298
0.144,0.308
0.167,0.319
0.184,0.325
0.21,0.321
0.216,0.27
0.203,0.243
0.201,0.212
0.199,0.208
0.176,0.21
0.125,0.215
0.116,0.219
0.088,0.22
0.09,0.218
0.077,0.218
0.079,0.218
0.084,0.218
0.083,0.223
0.058,0.236
0.053,0.236
0.041,0.237
0.035,0.238
0.04,0.238
0.038,0.239
0.04,0.238
0.05,0.239
0.066,0.24
0.075,0.239
0.08,0.242
0.105,0.261
0.122,0.317
0.129,0.341
0.131,0.343
0.13,0.343
0.132,0.339
0.127,0.334
0.128,0.334
0.127,0.336
0.127,0.392
0.133,0.445
0.126,0.604
0.156,0.658
0.183,0.654
0.193,0.646
0.203,0.646
0.199,0.64
0.194,0.651
0.238,0.653
0.261,0.686
0.268,0.71
0.303,0.743
0.336,0.801
0.341,0.824
0.347,0.83
0.347,0.83
0.345,0.82
0.333,0.813
0.327,0.811
0.327,0.809
0.326,0.81
0.327,0.811
0.324,0.811
0.346,0.811
0.373,0.811
0.391,0.814
0.394,0.848
0.407,0.856
0.407,0.858
0.417,0.859
0.428,0.865
0.46,0.865
0.477,0.867
0.507,0.866
0.561,0.865
0.576,0.858
0.582,0.845
0.589,0.844
0.612,0.843
0.636,0.842
0.65,0.842
0.649,0.846
0.651,0.871
0.653,0.889
0.653,0.912
0.653,0.928
0.653,0.944
0.659,0.945
0.661,0.944
0.686,0.944
0.701,0.943
0.716,0.944
0.731,0.946
0.726,0.953
0.73,0.957
0.728,0.957
0.728,0.953
0.728,0.951
0.73,0.938
0.734,0.931
0.734,0.931
0.732,0.931
0.73,0.93
0.728,0.93
0.725,0.93
0.725,0.93
0.725,0.93
0.724,0.929
0.723,0.929
0.718,0.93
0.706,0.93
0.703,0.93
0.702,0.93
0.702,0.929
0.69,0.929
0.679,0.929
0.672,0.93
0.646,0.93
0.622,0.93
0.581,0.93
0.575,0.93
0.526,0.929
0.442,0.929
0.402,0.929
0.375,0.929
0.304,0.929
0.267,0.914
0.246,0.873
0.219,0.869
0.176,0.839
0.176,0.807
0.17,0.778
0.218,0.767
0.221,0.75
0.245,0.74
0.242,0.747
0.246,0.747
0.282,0.749
0.3,0.751
0.312,0.751
0.336,0.751
0.377,0.751
0.411,0.751
0.422,0.751
0.426,0.751
0.425,0.725
0.428,0.702
0.428,0.694
0.428,0.698
0.428,0.695
0.428,0.692
0.43,0.687
0.432,0.687
0.447,0.678
0.51,0.664
0.533,0.659
0.56,0.644
0.556,0.639
0.556,0.63
0.555,0.613
0.556,0.607
0.556,0.604
0.559,0.605
0.558,0.607
0.558,0.605
0.556,0.596
0.552,0.588
0.546,0.57
0.542,0.538
0.533,0.54
0.529,0.541
0.53,0.539
0.529,0.537
0.529,0.53
0.53,0.529
0.529,0.513
0.529,0.509
0.505,0.501
0.427,0.509
0.417,0.512
0.382,0.514
0.361,0.522
0.36,0.519
0.333,0.479
0.303,0.458
0.308,0.409
0.316,0.384
0.331,0.384
0.336,0.39
0.334,0.394
0.334,0.398
0.335,0.4
0.332,0.4
0.335,0.402
0.338,0.407
0.344,0.409
0.347,0.419
0.351,0.439
0.345,0.48
0.273,0.486
0.252,0.488
0.216,0.488
0.234,0.491
0.26,0.496
0.25,0.496
0.285,0.496
0.293,0.497
0.297,0.495
0.304,0.494
0.314,0.494
0.316,0.494
0.314,0.494
0.34,0.494
0.354,0.497
0.381,0.497
0.426,0.497
0.45,0.49
0.497,0.473
0.511,0.469
0.552,0.469
0.563,0.469
0.573,0.469
0.572,0.461
0.574,0.39
0.576,0.388
0.577,0.353
0.573,0.325
0.548,0.315
0.548,0.279
0.48,0.269
0.419,0.261
0.387,0.262
0.398,0.257
0.394,0.255
0.377,0.249
0.338,0.229
0.341,0.212
0.317,0.212
0.267,0.216
0.269,0.218
0.307,0.22
0.319,0.22
0.332,0.222
0.35,0.221
0.351,0.222
0.347,0.221
0.421,0.217
0.456,0.22
0.46,0.233
0.473,0.236
0.473,0.246
0.472,0.283
0.472,0.351
0.473,0.367
0.476,0.37
0.478,0.374
0.484,0.377
0.488,0.387
0.484,0.41
0.483,0.413
0.484,0.414
0.479,0.411
0.456,0.389
0.455,0.383
0.414,0.383
0.362,0.383
0.325,0.383
0.312,0.383
0.299,0.383
0.289,0.383
0.276,0.383
0.263,0.383
0.236,0.383
0.214,0.373
0.22,0.363
0.265,0.349
0.252,0.354
0.273,0.371
0.283,0.379
0.289,0.38
0.294,0.379
0.3,0.38
0.304,0.381
0.305,0.38
0.307,0.381
0.308,0.38
0.308,0.381
0.314,0.38
0.316,0.38
0.32,0.38
0.321,0.38
0.322,0.381
0.324,0.38
0.324,0.38
0.325,0.381
0.327,0.381
0.326,0.38
0.327,0.381
0.328,0.381
0.327,0.381
0.328,0.381
0.328,0.381
0.329,0.381
0.328,0.381
0.33,0.381
0.33,0.381
0.329,0.381
0.33,0.381
0.33,0.381
0.33,0.381
0.33,0.381
0.33,0.381
0.33,0.381
0.329,0.381
0.33,0.381
0.329,0.381
0.331,0.381
0.33,0.381
0.33,0.382
0.33,0.381
0.33,0.382
0.33,0.382
0.33,0.381
0.33,0.382
0.33,0.381
0.33,0.382
0.331,0.383
0.33,0.382
0.331,0.384
0.331,0.383
0.33,0.383
0.33,0.382
0.331,0.383
0.331,0.382
0.331,0.382
0.332,0.382
0.331,0.381
0.332,0.381
0.331,0.381
0.332,0.381
0.332,0.381
0.332,0.382
0.332,0.382
0.332,0.382
0.332,0.383
0.332,0.383
0.332,0.383
0.332,0.383
0.332,0.383
0.332,0.383
0.332,0.383
0.332,0.383
0.332,0.383
0.332,0.383
0.332,0.383
0.332,0.383
0.332,0.383
0.332,0.383
0.332,0.383
0.332,0.382
0.332,0.38
0.332,0.379
0.332,0.378
0.331,0.371
0.332,0.365
0.332,0.342
0.332,0.343
0.332,0.344
0.332,0.346
0.332,0.349
0.332,0.353
0.332,0.354
0.332,0.355
0.332,0.355
0.332,0.36
0.332,0.364
0.332,0.372
0.332,0.375
0.331,0.376
0.332,0.376
0.331,0.377
0.332,0.377
0.332,0.377
0.332,0.377
0.332,0.377
0.332,0.376
0.332,0.377
0.332,0.376
0.332,0.377
0.332,0.376
0.332,0.368
0.332,0.358
0.332,0.356
0.332,0.356
0.332,0.355
0.332,0.355
0.332,0.356
0.332,0.358
0.332,0.362
0.332,0.372
0.332,0.375
0.331,0.375
0.332,0.375
0.332,0.376
0.332,0.377
0.332,0.377
0.332,0.377
0.332,0.377
0.332,0.377
0.332,0.377
0.332,0.377
0.332,0.375
0.333,0.399
0.332,0.433
0.332,0.445
0.332,0.463
0.333,0.466
0.332,0.467
0.333,0.465
0.333,0.467
0.32,0.48
0.34,0.509
0.396,0.533
0.404,0.584
0.417,0.588
0.444,0.589
0.474,0.591
0.493,0.589
0.542,0.582
0.566,0.571
0.586,0.561
0.614,0.56
0.62,0.559
0.629,0.56
0.642,0.559
0.649,0.559
0.653,0.56
0.661,0.559
0.669,0.56
0.676,0.56
0.674,0.56
0.67,0.56
0.664,0.559
0.659,0.56
0.646,0.56
0.646,0.524
0.646,0.488
0.646,0.466
0.646,0.454
0.645,0.447
0.61,0.456
0.595,0.473
0.556,0.483
0.542,0.484
0.533,0.525
0.537,0.565
0.525,0.567
0.518,0.576
0.473,0.592
0.474,0.601
0.467,0.616
0.462,0.625
0.471,0.648
0.472,0.666
0.474,0.682
0.477,0.721
0.441,0.726
0.43,0.733
0.402,0.735
0.391,0.734
0.404,0.738
0.411,0.743
0.428,0.749
0.426,0.762
0.424,0.773
0.48,0.777
0.494,0.781
0.495,0.783
0.495,0.785
0.494,0.784
0.492,0.787
0.494,0.785
0.493,0.785
0.49,0.786
0.482,0.785
0.479,0.786
0.48,0.786
0.48,0.785
0.481,0.782
0.48,0.783
0.481,0.783
0.48,0.783
0.48,0.783
0.481,0.783
0.48,0.782
0.481,0.78
0.479,0.777
0.457,0.774
0.401,0.773
0.392,0.771
0.378,0.764
0.382,0.764
0.377,0.747
0.375,0.741
0.377,0.738
0.366,0.728
0.336,0.728
0.329,0.722
0.332,0.721
0.338,0.717
0.332,0.702
0.332,0.703
0.343,0.692
0.343,0.673
0.348,0.668
0.348,0.655
0.335,0.639
0.287,0.633
0.296,0.633
0.28,0.63
0.298,0.627
0.289,0.626
0.309,0.625
0.316,0.629
0.311,0.629
0.323,0.629
0.315,0.629
0.315,0.63
0.312,0.631
0.302,0.631
0.305,0.631
0.285,0.608
0.253,0.585
0.229,0.576
0.228,0.571
0.195,0.549
0.241,0.527
0.242,0.52
0.247,0.503
0.244,0.48
0.248,0.456
0.253,0.448
0.257,0.438
0.259,0.426
0.265,0.424
0.267,0.407
0.281,0.398
0.291,0.39
0.293,0.39
0.297,0.392
0.298,0.39
0.297,0.387
0.298,0.387
0.298,0.389
0.298,0.39
0.298,0.375
0.299,0.37
0.3,0.353
0.3,0.341
0.3,0.336
0.301,0.332
0.301,0.325
0.301,0.317
0.304,0.316
0.284,0.311
0.328,0.291
0.339,0.283
0.346,0.28
0.355,0.285
0.37,0.283
0.403,0.285
0.412,0.29
0.419,0.297
0.42,0.313
0.42,0.325
0.42,0.338
0.418,0.351
0.414,0.368
0.411,0.369
0.405,0.372
0.404,0.37
0.404,0.367
0.396,0.364
0.302,0.36
0.313,0.357
0.297,0.355
0.294,0.354
0.319,0.355
0.322,0.346
0.328,0.338
0.331,0.301
0.332,0.281
0.334,0.287
0.333,0.286
0.336,0.284
0.343,0.276
0.349,0.284
0.358,0.288
0.361,0.314
0.362,0.317
0.364,0.318
0.363,0.319
0.363,0.325
0.364,0.339
0.363,0.351
0.364,0.357
0.364,0.358
0.364,0.365
0.365,0.372
0.364,0.374
0.364,0.382
0.364,0.39
0.365,0.398
0.366,0.4
0.365,0.4
0.365,0.402
0.364,0.403
0.365,0.402
0.365,0.401
0.365,0.4
0.365,0.4
0.364,0.396
0.365,0.395
0.364,0.394
0.365,0.39
0.364,0.385
0.365,0.383
0.365,0.381
0.364,0.382
0.364,0.381
0.364,0.381
0.364,0.38
0.364,0.376
0.365,0.375
0.365,0.376
0.364,0.377
0.364,0.376
0.364,0.376
0.366,0.376
0.365,0.376
0.365,0.376
0.364,0.367
0.365,0.309
0.365,0.308
0.358,0.285
0.357,0.276
0.34,0.282
0.285,0.266
0.256,0.269
0.245,0.251
0.261,0.268
0.259,0.25
0.271,0.25
0.271,0.242
0.276,0.241
0.278,0.241
0.279,0.24
0.283,0.234
0.282,0.227
0.291,0.224
0.301,0.227
0.318,0.225
0.325,0.222
0.328,0.231
0.397,0.248
0.445,0.252
0.467,0.263
0.478,0.327
0.471,0.341
0.473,0.395
0.482,0.403
0.49,0.42
0.501,0.45
0.494,0.473
0.479,0.484
0.475,0.487
0.475,0.487
0.475,0.485
0.469,0.48
0.425,0.474
0.417,0.473
0.403,0.473
0.373,0.469
0.355,0.461
0.328,0.452
0.28,0.451
0.234,0.45
0.181,0.45
0.15,0.444
0.183,0.413
0.151,0.405
0.198,0.396
0.194,0.396
0.177,0.386
0.133,0.37
0.19,0.365
0.19,0.357
0.208,0.349
0.228,0.33
0.234,0.333
0.239,0.323
0.244,0.318
0.25,0.314
0.251,0.31
0.253,0.311
0.255,0.313
0.255,0.306
0.261,0.285
0.266,0.283
0.244,0.274
0.25,0.268
0.254,0.25
0.273,0.264
0.276,0.253
0.276,0.252
0.273,0.25
0.275,0.247
0.278,0.259
0.281,0.259
0.28,0.261
0.281,0.264
0.282,0.266
0.282,0.269
0.284,0.272
0.283,0.272
0.285,0.272
0.284,0.274
0.284,0.28
0.285,0.283
0.285,0.289
0.287,0.289
0.287,0.29
0.28,0.291
0.265,0.292
0.268,0.292
0.278,0.292
0.254,0.292
0.271,0.293
0.284,0.293
0.284,0.293
0.319,0.294
0.357,0.294
0.36,0.31
0.352,0.32
0.382,0.332
0.408,0.338
0.416,0.345
0.421,0.349
0.424,0.361
0.43,0.374
0.424,0.378
0.432,0.381
0.457,0.382
0.463,0.382
0.46,0.382
0.476,0.385
0.48,0.381
0.482,0.394
0.486,0.396
0.485,0.402
0.487,0.405
0.486,0.405
0.488,0.407
0.488,0.405
0.487,0.4
0.488,0.398
0.488,0.397
0.487,0.398
0.486,0.397
0.484,0.398
0.483,0.398
0.48,0.398
0.477,0.398
0.468,0.398
0.457,0.398
0.455,0.398
0.456,0.398
0.455,0.399
0.454,0.398
0.456,0.398
0.455,0.399
0.455,0.4
0.456,0.404
0.456,0.406
0.456,0.412
0.446,0.411
0.42,0.413
0.4,0.415
0.398,0.413
0.408,0.413
0.409,0.413
0.411,0.413
0.411,0.415
0.409,0.414
0.413,0.415
0.415,0.416
0.414,0.415
0.414,0.419
0.414,0.422
0.415,0.424
0.415,0.424
0.413,0.426
0.413,0.426
0.415,0.429
0.415,0.432
0.416,0.435
0.417,0.46
0.417,0.513
0.416,0.543
0.417,0.546
0.42,0.552
0.42,0.552
0.42,0.551
0.42,0.552
0.42,0.552
0.42,0.561
0.42,0.569
0.42,0.58
0.42,0.602
0.42,0.604
0.419,0.606
0.419,0.606
0.42,0.606
0.42,0.609
0.42,0.62
0.421,0.628
0.421,0.65
0.422,0.655
0.422,0.657
0.422,0.656
0.422,0.655
0.421,0.657
0.422,0.656
0.422,0.656
0.421,0.653
0.422,0.632
0.422,0.624
0.422,0.625
0.422,0.623
0.423,0.623
0.422,0.61
0.421,0.608
0.422,0.607
0.422,0.606
0.422,0.599
0.423,0.589
0.423,0.58
0.423,0.571
0.422,0.555
0.424,0.544
0.424,0.541
0.424,0.526
0.424,0.506
0.424,0.499
0.424,0.494
0.425,0.487
0.426,0.489
0.426,0.487
0.426,0.479
0.426,0.46
0.428,0.453
0.425,0.435
0.425,0.432
0.427,0.428
0.429,0.433
0.435,0.432
0.439,0.437
0.44,0.452
0.43,0.46
0.477,0.462
0.523,0.516
0.552,0.61
0.584,0.657
0.586,0.693
0.59,0.709
0.593,0.711
0.591,0.713
0.593,0.713
0.594,0.712
0.595,0.711
0.594,0.699
0.595,0.69
0.594,0.687
0.594,0.684
0.59,0.685
0.584,0.684
0.576,0.685
0.565,0.685
0.565,0.685
0.566,0.688
0.565,0.693
0.497,0.704
0.479,0.715
0.416,0.735
0.413,0.761
0.385,0.768
0.385,0.772
0.387,0.775
0.37,0.777
0.372,0.78
0.383,0.799
0.38,0.809
0.38,0.82
0.364,0.822
0.373,0.838
0.372,0.838
0.372,0.843
0.377,0.845
0.38,0.856
0.382,0.862
0.381,0.864
0.377,0.875
0.381,0.873
0.381,0.874
0.379,0.874
0.37,0.871
0.374,0.869
0.375,0.868
0.37,0.866
0.358,0.862
0.351,0.852
0.346,0.85
0.336,0.851
0.35,0.85
0.355,0.849
0.358,0.849
0.361,0.848
0.37,0.842
0.373,0.818
0.372,0.802
0.374,0.788
0.373,0.781
0.374,0.77
0.373,0.76
0.373,0.755
0.374,0.728
0.374,0.706
0.375,0.705
0.377,0.703
0.381,0.706
0.381,0.704
0.387,0.702
0.398,0.698
0.4,0.686
0.401,0.679
0.402,0.654
0.4,0.653
0.407,0.647
0.411,0.638
0.407,0.606
0.409,0.596
0.441,0.594
0.448,0.587
0.441,0.58
0.459,0.583
0.458,0.571
0.455,0.572
0.465,0.561
0.474,0.548
0.48,0.542
0.49,0.533
0.488,0.522
0.497,0.514
0.497,0.51
0.495,0.501
0.495,0.497
0.496,0.493
0.495,0.493
0.494,0.492
0.492,0.495
0.482,0.492
0.479,0.494
0.47,0.492
0.471,0.49
0.47,0.488
0.469,0.477
0.449,0.458
0.426,0.45
0.402,0.452
0.394,0.449
0.387,0.435
0.383,0.432
0.37,0.417
0.366,0.417
0.359,0.405
0.345,0.407
0.349,0.401
0.345,0.396
0.354,0.39
0.355,0.39
0.357,0.383
0.36,0.383
0.351,0.376
0.342,0.378
0.342,0.375
0.342,0.372
0.341,0.356
0.338,0.358
0.336,0.347
0.334,0.336
0.343,0.33
0.328,0.327
0.327,0.333
0.328,0.323
0.328,0.319
0.348,0.308
0.342,0.315
0.341,0.321
0.343,0.336
0.346,0.343
0.347,0.346
0.347,0.406
0.347,0.458
0.359,0.538
0.376,0.571
0.376,0.633
0.388,0.642
0.4,0.648
0.403,0.657
0.406,0.673
0.41,0.683
0.409,0.683
0.41,0.683
0.398,0.683
0.396,0.683
0.394,0.683
0.288,0.682
0.227,0.673
0.201,0.666
0.184,0.659
0.21,0.659
0.225,0.65
0.24,0.614
0.24,0.58
0.239,0.574
0.214,0.551
0.242,0.526
0.248,0.512
0.247,0.475
0.266,0.465
0.268,0.449
0.277,0.439
0.28,0.426
0.28,0.404
0.281,0.394
0.282,0.392
0.281,0.391
0.281,0.383
0.28,0.389
0.283,0.388
0.281,0.392
0.28,0.392
0.285,0.396
0.29,0.401
0.299,0.401
0.302,0.401
0.302,0.4
0.304,0.4
0.306,0.399
0.311,0.401
0.314,0.404
0.314,0.405
0.315,0.407
0.315,0.413
0.315,0.417
0.316,0.419
0.316,0.419
0.315,0.424
0.315,0.425
0.315,0.424
0.316,0.426
0.316,0.425
0.316,0.425
0.316,0.426
0.316,0.426
0.316,0.434
0.317,0.458
0.316,0.49
0.317,0.492
0.317,0.487
0.317,0.465
0.317,0.465
0.318,0.465
0.317,0.464
0.318,0.465
0.319,0.465
0.318,0.464
0.318,0.465
0.318,0.465
0.317,0.449
0.317,0.409
0.317,0.387
0.317,0.384
0.318,0.369
0.317,0.359
0.317,0.359
0.317,0.358
0.317,0.354
0.313,0.35
0.22,0.342
0.158,0.343
0.169,0.332
0.153,0.328
0.117,0.312
0.16,0.308
0.116,0.308
0.158,0.301
0.168,0.272
0.164,0.263
0.184,0.257
0.185,0.255
0.151,0.246
0.122,0.253
0.123,0.252
0.082,0.251
0.109,0.259
0.122,0.261
0.13,0.25
0.136,0.246
0.141,0.244
0.145,0.248
0.149,0.249
0.15,0.256
0.15,0.257
0.15,0.259
0.15,0.259
0.143,0.261
0.099,0.26
0.086,0.261
0.069,0.259
0.045,0.242
0.039,0.24
0.012,0.246
0.0,0.241
0.004,0.231
-0.026,0.237
-0.033,0.236
-0.073,0.229
-0.081,0.195
-0.087,0.19
-0.094,0.185
-0.105,0.174
-0.111,0.161
-0.116,0.167
-0.118,0.158
-0.113,0.15
-0.115,0.154
-0.126,0.157
-0.129,0.16
-0.156,0.162
-0.158,0.172
-0.179,0.178
-0.215,0.179
-0.229,0.182
-0.246,0.182
-0.253,0.182
-0.256,0.183
-0.253,0.183
-0.251,0.183
-0.246,0.184
-0.233,0.184
-0.229,0.184
-0.227,0.184
-0.226,0.184
-0.226,0.184
-0.225,0.184
-0.225,0.184
-0.225,0.184
-0.225,0.184
-0.225,0.184
-0.225,0.184
-0.225,0.184
-0.224,0.178
-0.225,0.166
-0.224,0.126
-0.224,0.101
-0.224,0.099
-0.224,0.098
-0.224,0.099
-0.224,0.086
-0.224,0.025
-0.224,-0.028
-0.224,-0.075
-0.221,-0.083
-0.201,-0.117
-0.173,-0.13
-0.086,-0.136
0.0,-0.181
0.036,-0.205
0.122,-0.221
0.197,-0.292
0.286,-0.301
0.327,-0.307
0.33,-0.305
0.353,-0.302
0.354,-0.304
0.355,-0.308
0.356,-0.283
0.315,-0.26
0.4,-0.077
0.429,0.033
0.505,0.056
0.564,0.112
0.556,0.135
0.665,0.18
0.73,0.232
0.732,0.253
0.732,0.274
0.73,0.283
0.727,0.286
0.724,0.291
0.717,0.29
0.711,0.293
0.708,0.29
0.708,0.29
0.689,0.292
0.674,0.291
0.649,0.32
0.633,0.335
0.58,0.336
0.557,0.334
0.574,0.332
0.55,0.328
0.553,0.327
0.539,0.317
0.522,0.314
0.526,0.314
0.531,0.314
0.535,0.315
0.55,0.315
0.544,0.316
0.544,0.316
0.541,0.315
0.534,0.316
0.531,0.316
0.513,0.316
0.514,0.316
0.528,0.316
0.53,0.317
0.528,0.317
0.536,0.318
0.534,0.319
0.533,0.322
0.537,0.33
0.536,0.333
0.534,0.344
0.536,0.366
0.532,0.381
0.534,0.401
0.53,0.416
0.479,0.433
0.427,0.435
0.426,0.445
0.417,0.462
0.38,0.467
0.383,0.469
0.385,0.469
0.378,0.469
0.384,0.469
0.391,0.468
0.398,0.467
0.396,0.465
0.397,0.451
0.397,0.443
0.364,0.439
0.349,0.439
0.327,0.439
0.284,0.439
0.304,0.434
0.312,0.401
0.325,0.382
0.33,0.357
0.336,0.319
0.34,0.31
0.343,0.313
0.352,0.295
0.355,0.299
0.367,0.293
0.37,0.283
0.371,0.283
0.377,0.268
0.396,0.247
0.402,0.247
0.412,0.228
0.417,0.246
0.421,0.219
0.422,0.231
0.423,0.239
0.422,0.246
0.421,0.251
0.421,0.251
0.42,0.255
0.419,0.249
0.413,0.218
0.409,0.21
0.409,0.205
0.409,0.195
0.409,0.169
0.409,0.176
0.409,0.192
0.399,0.209
0.351,0.21
0.338,0.238
0.323,0.242
0.306,0.248
0.304,0.248
0.311,0.246
0.297,0.243
0.275,0.243
0.309,0.243
0.312,0.241
0.292,0.238
0.307,0.233
0.307,0.232
0.312,0.232
0.307,0.231
0.317,0.197
0.312,0.167
0.316,0.161
0.321,0.165
0.321,0.162
0.319,0.165
0.32,0.167
0.319,0.167
0.321,0.167
0.321,0.167
0.321,0.17
0.323,0.172
0.324,0.173
0.324,0.173
0.325,0.173
0.327,0.173
0.327,0.173
0.325,0.173
0.321,0.173
0.321,0.173
0.317,0.173
0.229,0.173
0.259,0.173
0.254,0.176
0.259,0.18
0.277,0.188
0.278,0.19
0.253,0.19
0.233,0.191
0.187,0.191
0.156,0.191
0.199,0.191
0.186,0.192
0.175,0.192
0.195,0.195
0.217,0.203
0.218,0.215
0.225,0.218
0.23,0.219
0.233,0.218
0.233,0.218
0.234,0.216
0.234,0.216
0.235,0.216
0.238,0.216
0.235,0.217
0.186,0.217
0.148,0.218
0.179,0.221
0.173,0.223
0.201,0.228
0.214,0.246
0.222,0.248
0.213,0.26
0.21,0.267
0.179,0.286
0.181,0.31
0.19,0.317
0.122,0.321
0.124,0.319
0.103,0.32
0.136,0.322
0.146,0.319
0.171,0.323
0.171,0.33
0.176,0.327
0.176,0.35
0.177,0.349
0.184,0.355
0.193,0.356
0.197,0.355
0.201,0.362
0.201,0.362
0.202,0.364
0.202,0.362
0.203,0.364
0.203,0.363
0.208,0.363
0.191,0.363
0.219,0.363
0.228,0.363
0.239,0.364
0.245,0.363
0.26,0.362
0.249,0.362
0.249,0.361
0.239,0.362
0.245,0.362
0.261,0.362
0.259,0.361
0.274,0.362
0.274,0.362
0.273,0.362
0.274,0.361
0.272,0.361
0.276,0.361
0.28,0.361
0.281,0.36
0.281,0.36
0.279,0.362
0.28,0.364
0.28,0.363
0.282,0.363
0.281,0.364
0.28,0.362
0.28,0.362
0.277,0.36
0.278,0.358
0.27,0.353
0.266,0.346
0.263,0.338
0.263,0.338
0.263,0.338
0.263,0.338
0.263,0.336
0.264,0.332
0.265,0.329
0.264,0.327
0.265,0.324
0.265,0.323
0.265,0.322
0.265,0.321
0.265,0.319
0.265,0.314
0.265,0.312
0.265,0.299
0.265,0.283
0.265,0.272
0.265,0.274
0.265,0.275
0.264,0.276
0.265,0.278
0.265,0.279
0.265,0.278
0.265,0.272
0.265,0.274
0.265,0.277
0.265,0.276
0.265,0.274
0.265,0.276
0.265,0.275
0.265,0.278
0.265,0.28
0.265,0.284
0.265,0.285
0.265,0.286
0.265,0.291
0.265,0.29
0.265,0.29
0.265,0.291
0.265,0.291
0.265,0.293
0.265,0.293
0.265,0.293
0.265,0.293
0.266,0.293
0.265,0.293
0.265,0.293
0.265,0.294
0.266,0.293
0.265,0.291
0.266,0.291
0.266,0.288
0.266,0.279
0.266,0.27
0.265,0.261
0.265,0.264
0.266,0.256
0.266,0.248
0.265,0.244
0.265,0.24
0.265,0.244
0.265,0.246
0.266,0.235
0.265,0.238
0.265,0.232
0.265,0.234
0.265,0.235
0.265,0.216
0.266,0.214
0.265,0.211
0.265,0.213
0.266,0.22
0.266,0.218
0.266,0.221
0.266,0.218
0.259,0.219
0.248,0.218
0.234,0.221
0.241,0.222
0.242,0.223
0.248,0.224
0.257,0.227
0.259,0.228
0.259,0.228
0.26,0.221
0.26,0.218
0.261,0.212
0.261,0.212
0.261,0.209
0.261,0.206
0.261,0.214
0.261,0.216
0.261,0.216
0.261,0.215
0.261,0.218
0.261,0.219
0.261,0.221
0.261,0.223
0.261,0.221
0.261,0.223
0.263,0.224
0.266,0.227
0.268,0.228
0.271,0.229
0.272,0.23
0.272,0.23
0.272,0.231
0.272,0.231
0.272,0.23
0.272,0.231
0.272,0.231
0.271,0.231
0.272,0.231
0.272,0.232
0.272,0.233
0.272,0.233
0.272,0.234
0.273,0.233
0.273,0.233
0.273,0.233
0.273,0.233
0.273,0.234
0.273,0.233
0.274,0.234
0.273,0.233
0.273,0.233
0.273,0.233
0.272,0.233
0.273,0.233
0.272,0.234
0.272,0.235
0.272,0.235
0.272,0.235
0.272,0.235
0.272,0.236
0.272,0.236
0.272,0.236
0.272,0.236
0.272,0.235
0.272,0.238
0.272,0.238
0.272,0.238
0.272,0.24
0.271,0.24
0.271,0.24
0.271,0.24
0.272,0.24
0.272,0.24
0.272,0.24
0.271,0.241
0.27,0.241
0.27,0.241
0.27,0.241
0.27,0.242
0.27,0.242
0.27,0.242
0.271,0.242
0.272,0.243
0.272,0.243
0.272,0.243
0.273,0.243
0.273,0.243
0.273,0.243
0.275,0.243
0.273,0.244
0.275,0.243
0.275,0.244
0.275,0.244
0.276,0.244
0.275,0.244
0.276,0.244
0.275,0.244
0.275,0.244
0.274,0.245
0.274,0.244
0.275,0.244
0.275,0.245
0.274,0.245
0.275,0.245
0.275,0.245
0.275,0.245
0.276,0.245
0.275,0.245
0.275,0.246
0.276,0.246
0.276,0.245
0.276,0.246
0.276,0.246
0.276,0.246
0.278,0.247
0.279,0.248
0.278,0.25
0.212,0.253
0.216,0.252
0.277,0.252
0.276,0.252
0.298,0.252
0.317,0.253
0.32,0.252
0.321,0.252
0.325,0.253
0.323,0.253
0.327,0.252
0.331,0.253
0.33,0.252
0.332,0.253
0.331,0.253
0.336,0.252
0.336,0.252
0.335,0.253
0.336,0.253
0.335,0.252
0.336,0.253
0.336,0.253
0.336,0.253
0.336,0.252
0.335,0.253
0.334,0.253
0.332,0.252
0.332,0.253
0.332,0.253
0.332,0.252
0.33,0.253
0.331,0.253
0.331,0.253
0.331,0.253
0.332,0.253
0.334,0.28
0.336,0.322
0.339,0.34
0.322,0.361
0.319,0.407
0.336,0.438
0.359,0.458
0.361,0.494
0.399,0.524
0.424,0.537
0.442,0.571
0.427,0.577
0.437,0.608
0.465,0.626
0.523,0.649
0.56,0.654
0.563,0.66
0.593,0.664
0.624,0.687
0.633,0.717
0.644,0.742
0.653,0.749
0.664,0.755
0.668,0.748
0.673,0.748
0.674,0.747
0.666,0.748
0.661,0.745
0.644,0.745
0.644,0.74
0.578,0.735
0.49,0.73
0.471,0.723
0.487,0.68
0.409,0.628
0.395,0.578
0.376,0.574
0.379,0.557
0.395,0.537
0.404,0.528
0.396,0.531
0.398,0.533
0.405,0.529
0.405,0.526
0.406,0.518
0.411,0.511
0.411,0.505
0.411,0.481
0.415,0.484
0.418,0.491
0.418,0.491
0.417,0.493
0.417,0.497
0.419,0.497
0.416,0.502
0.405,0.505
0.37,0.519
0.381,0.52
0.367,0.521
0.37,0.539
0.366,0.597
0.386,0.63
0.391,0.636
0.402,0.64
0.403,0.64
0.416,0.641
0.398,0.64
0.428,0.633
0.456,0.612
0.462,0.61
0.461,0.611
0.462,0.599
0.461,0.543
0.461,0.529
0.461,0.47
0.462,0.451
0.461,0.439
0.462,0.437
0.464,0.434
0.465,0.415
0.446,0.403
0.491,0.397
0.496,0.375
0.507,0.375
0.52,0.357
0.565,0.339
0.576,0.347
0.584,0.324
0.583,0.322
0.583,0.316
0.584,0.315
0.582,0.32
0.582,0.324
0.582,0.325
0.582,0.332
0.58,0.339
0.576,0.347
0.571,0.351
0.557,0.351
0.556,0.352
0.557,0.353
0.556,0.353
0.552,0.374
0.546,0.38
0.542,0.396
0.531,0.396
0.515,0.43
0.484,0.44
0.445,0.449
0.422,0.454
0.421,0.456
0.431,0.461
0.417,0.466
0.416,0.469
0.411,0.469
0.414,0.469
0.419,0.472
0.404,0.473
0.401,0.473
0.403,0.475
0.405,0.479
0.4,0.476
0.398,0.477
0.4,0.476
0.391,0.477
0.396,0.477
0.392,0.477
0.394,0.479
0.394,0.482
0.393,0.507
0.394,0.526
0.38,0.559
0.372,0.572
0.361,0.577
0.364,0.578
0.353,0.582
0.362,0.583
0.365,0.582
0.376,0.586
0.383,0.586
0.396,0.601
0.4,0.619
0.4,0.622
0.411,0.622
0.402,0.62
0.416,0.621
0.422,0.622
0.424,0.622
0.426,0.621
0.426,0.621
0.424,0.621
0.421,0.621
0.431,0.621
0.432,0.621
0.428,0.618
0.439,0.614
0.476,0.608
0.49,0.608
0.505,0.608
0.505,0.609
0.505,0.609
0.507,0.609
0.509,0.608
0.507,0.608
0.505,0.608
0.503,0.607
0.501,0.606
0.499,0.606
0.494,0.606
0.492,0.606
0.48,0.606
0.481,0.606
0.48,0.606
0.48,0.606
0.481,0.606
0.481,0.605
0.481,0.604
0.481,0.604
0.481,0.604
0.481,0.604
0.482,0.604
0.481,0.603
0.482,0.603
0.482,0.603
0.482,0.601
0.481,0.601
0.481,0.601
0.479,0.601
0.477,0.599
0.477,0.599
0.476,0.597
0.475,0.596
0.475,0.594
0.475,0.59
0.475,0.59
0.471,0.591
0.469,0.59
0.467,0.591
0.468,0.591
0.468,0.584
0.467,0.581
0.466,0.567
0.465,0.562
0.466,0.559
0.465,0.559
0.464,0.561
0.464,0.56
0.463,0.561
0.462,0.559
0.46,0.559
0.459,0.56
0.457,0.561
0.456,0.561
0.452,0.56
0.45,0.56
0.447,0.559
0.448,0.56
0.449,0.56
0.447,0.559
0.447,0.559
0.445,0.559
0.443,0.556
0.443,0.544
0.445,0.517
0.446,0.486
0.447,0.475
0.447,0.48
0.447,0.482
0.447,0.485
0.445,0.489
0.445,0.489
0.44,0.49
0.438,0.49
0.439,0.486
0.441,0.479
0.441,0.47
0.441,0.454
0.442,0.446
0.445,0.439
0.445,0.443
0.445,0.442
0.446,0.435
0.446,0.437
0.447,0.444
0.447,0.443
0.447,0.443
0.447,0.443
0.447,0.445
0.448,0.447
0.449,0.449
0.448,0.45
0.449,0.449
0.448,0.45
0.449,0.45
0.449,0.452
0.448,0.453
0.448,0.453
0.449,0.456
0.449,0.456
0.449,0.456
0.449,0.457
0.45,0.456
0.449,0.456
0.45,0.457
0.449,0.457
0.45,0.457
0.449,0.455
0.449,0.455
0.45,0.451
0.45,0.449
0.449,0.449
0.449,0.447
0.45,0.445
0.45,0.441
0.45,0.436
0.451,0.441
0.449,0.443
0.449,0.446
0.448,0.443
0.448,0.447
0.448,0.446
0.449,0.447
0.449,0.449
0.447,0.45
0.447,0.451
0.448,0.452
0.448,0.451
0.448,0.452
0.449,0.451
0.448,0.451
0.449,0.45
0.448,0.45
0.449,0.449
0.449,0.428
0.449,0.42
0.449,0.417
0.449,0.417
0.449,0.417
0.449,0.411
0.449,0.411
0.449,0.419
0.45,0.431
0.45,0.442
0.449,0.443
0.449,0.466
0.45,0.473
0.451,0.502
0.451,0.52
0.452,0.52
0.452,0.508
0.452,0.496
0.452,0.465
0.452,0.411
0.451,0.37
0.45,0.353
0.451,0.317
0.451,0.291
0.45,0.243
0.45,0.248
0.449,0.249
0.449,0.246
0.449,0.25
0.449,0.234
0.449,0.237
0.449,0.239
0.449,0.237
0.448,0.219
0.445,0.209
0.443,0.187
0.422,0.19
0.42,0.197
0.417,0.163
0.398,0.167
0.41,0.182
0.407,0.168
0.402,0.178
0.4,0.184
0.403,0.187
0.407,0.193
0.401,0.197
0.409,0.198
0.411,0.198
0.415,0.197
0.405,0.199
0.407,0.203
0.408,0.205
0.401,0.207
0.396,0.207
0.407,0.204
0.4,0.203
0.4,0.203
0.405,0.205
0.407,0.203
0.412,0.214
0.411,0.216
0.412,0.229
0.417,0.253
0.417,0.251
0.42,0.255
0.423,0.248
0.424,0.24
0.43,0.239
0.433,0.239
0.435,0.239
0.439,0.239
0.443,0.238
0.445,0.239
0.453,0.239
0.452,0.205
0.454,0.186
0.456,0.184
0.463,0.205
0.472,0.219
0.464,0.225
0.476,0.246
0.495,0.249
0.494,0.263
0.501,0.26
0.505,0.268
0.505,0.259
0.504,0.274
0.509,0.285
0.512,0.298
0.517,0.298
0.531,0.302
0.54,0.301
0.542,0.3
0.542,0.301
0.546,0.291
0.545,0.286
0.542,0.286
0.543,0.255
0.535,0.235
0.534,0.21
0.529,0.197
0.525,0.186
0.523,0.203
0.521,0.197
0.519,0.19
0.519,0.188
0.52,0.189
0.52,0.171
0.52,0.167
0.52,0.161
0.502,0.165
0.42,0.152
0.416,0.163
0.403,0.146
0.405,0.164
0.413,0.165
0.409,0.178
0.41,0.193
0.406,0.197
0.353,0.234
0.362,0.26
0.383,0.287
0.394,0.289
0.403,0.291
0.415,0.298
0.422,0.314
0.424,0.31
0.435,0.315
0.426,0.328
0.457,0.332
0.481,0.339
0.525,0.364
0.529,0.398
0.535,0.4
0.549,0.4
0.549,0.405
0.55,0.407
0.55,0.405
0.553,0.405
0.554,0.406
0.554,0.405
0.552,0.406
0.55,0.406
0.548,0.407
0.548,0.408
0.549,0.41
0.548,0.422
0.545,0.423
0.537,0.423
0.526,0.424
0.524,0.424
0.521,0.422
0.52,0.419
0.52,0.419
0.521,0.419
0.521,0.419
0.52,0.419
0.521,0.419
0.521,0.42
0.52,0.42
0.521,0.419
0.522,0.415
0.522,0.405
0.521,0.402
0.521,0.402
0.521,0.403
0.521,0.403
0.522,0.405
0.522,0.406
0.522,0.406
0.522,0.407
0.522,0.409
0.522,0.409
0.522,0.411
0.522,0.414
0.522,0.419
0.522,0.422
0.522,0.426
0.522,0.437
0.522,0.445
0.522,0.455
0.539,0.458
0.528,0.456
0.561,0.458
0.591,0.46
0.601,0.46
0.606,0.461
0.61,0.46
0.61,0.46
0.611,0.459
0.611,0.46
0.611,0.456
0.61,0.456
0.611,0.457
0.61,0.455
0.609,0.454
0.606,0.456
0.605,0.456
0.602,0.461
0.599,0.503
0.596,0.529
0.588,0.542
0.584,0.547
0.58,0.545
0.581,0.542
0.58,0.533
0.565,0.52
0.566,0.52
0.526,0.518
0.529,0.518
0.541,0.518
0.516,0.519
0.52,0.519
0.512,0.519
0.4,0.519
0.41,0.518
0.415,0.52
0.436,0.519
0.427,0.518
0.444,0.516
0.441,0.516
0.45,0.516
0.447,0.516
0.442,0.516
0.442,0.516
0.441,0.516
0.436,0.516
0.427,0.516
0.444,0.497
0.431,0.477
0.447,0.479
0.446,0.479
0.44,0.479
0.439,0.479
0.433,0.48
0.428,0.479
0.434,0.445
0.437,0.435
0.435,0.431
0.444,0.429
0.445,0.43
0.441,0.428
0.451,0.421
0.449,0.402
0.45,0.377
0.452,0.368
0.452,0.368
0.454,0.364
0.457,0.363
0.457,0.369
0.458,0.362
0.46,0.357
0.461,0.352
0.462,0.353
0.461,0.315
0.461,0.308
0.462,0.302
0.462,0.296
0.461,0.289
0.462,0.27
0.465,0.236
0.465,0.249
0.465,0.251
0.467,0.229
0.466,0.229
0.466,0.246
0.467,0.238
0.467,0.24
0.467,0.227
0.466,0.204
0.468,0.215
0.467,0.2
0.468,0.194
0.468,0.219
0.468,0.231
0.468,0.243
0.467,0.251
0.467,0.285
0.467,0.291
0.468,0.32
0.468,0.332
0.468,0.34
0.468,0.345
0.469,0.358
0.469,0.36
0.469,0.362
0.469,0.364
0.469,0.361
0.469,0.356
0.469,0.345
0.467,0.345
0.468,0.345
0.469,0.345
0.469,0.333
0.46,0.321
0.355,0.296
0.31,0.255
0.285,0.246
0.291,0.25
0.303,0.231
0.308,0.233
0.291,0.223
0.306,0.226
0.305,0.209
0.303,0.197
0.29,0.189
0.28,0.176
0.238,0.168
0.244,0.178
0.25,0.173
0.234,0.164
0.238,0.161
0.224,0.164
0.252,0.158
0.248,0.173
0.251,0.177
0.26,0.178
0.29,0.181
0.3,0.184
0.334,0.188
0.335,0.188
0.343,0.188
0.341,0.183
0.358,0.186
0.363,0.187
0.364,0.186
0.363,0.186
0.361,0.184
0.358,0.182
0.357,0.18
0.356,0.169
0.355,0.172
0.355,0.177
0.355,0.194
0.352,0.211
0.304,0.208
0.21,0.226
0.203,0.231
0.2,0.243
0.148,0.245
0.161,0.244
0.152,0.244
0.155,0.244
0.193,0.244
0.124,0.244
0.189,0.243
0.197,0.244
0.206,0.245
0.221,0.248
0.224,0.252
0.224,0.258
0.227,0.267
0.23,0.278
0.22,0.267
0.19,0.265
0.144,0.246
0.157,0.157
0.146,0.143
0.153,0.175
0.188,0.19
0.185,0.208
0.184,0.211
0.19,0.212
0.166,0.213
0.152,0.213
0.18,0.214
0.11,0.209
0.108,0.146
0.09,0.136
0.109,0.124
0.137,0.14
0.125,0.131
0.129,0.128
0.139,0.126
0.148,0.118
0.16,0.118
0.16,0.114
0.161,0.121
0.163,0.116
0.164,0.111
0.163,0.118
0.165,0.114
0.166,0.108
0.166,0.111
0.166,0.112
0.168,0.113
0.168,0.117
0.168,0.117
0.168,0.118
0.169,0.119
0.169,0.122
0.169,0.119
0.17,0.121
0.171,0.122
0.172,0.124
0.174,0.129
0.175,0.132
0.175,0.135
0.176,0.137
0.176,0.143
0.176,0.144
0.176,0.145
0.176,0.146
0.175,0.146
0.175,0.147
0.176,0.148
0.18,0.15
0.184,0.15
0.187,0.15
0.188,0.15
0.2,0.15
0.201,0.15
0.202,0.15
0.197,0.15
0.21,0.15
0.21,0.16
0.213,0.174
0.215,0.227
0.214,0.25
0.215,0.268
0.216,0.273
0.216,0.293
0.219,0.319
0.219,0.383
0.217,0.405
0.191,0.436
0.223,0.45
0.308,0.454
0.39,0.455
0.402,0.453
0.432,0.454
0.434,0.454
0.42,0.454
0.419,0.454
0.403,0.454
0.371,0.454
0.378,0.452
0.38,0.452
0.381,0.451
0.383,0.45
0.379,0.45
0.367,0.45
0.353,0.45
0.24,0.45
0.292,0.451
0.317,0.45
0.329,0.45
0.337,0.45
0.355,0.45
0.371,0.449
0.343,0.45
0.39,0.449
0.426,0.449
0.43,0.449
0.428,0.449
0.43,0.45
0.434,0.45
0.434,0.449
0.43,0.45
0.43,0.45
0.431,0.449
0.428,0.45
0.422,0.449
0.42,0.45
0.42,0.45
0.421,0.45
0.42,0.45
0.422,0.449
0.421,0.45
0.42,0.45
0.421,0.449
0.421,0.449
0.42,0.449
0.42,0.45
0.42,0.449
0.421,0.449
0.424,0.449
0.426,0.449
0.426,0.45
0.427,0.45
0.427,0.452
0.427,0.462
0.426,0.466
0.423,0.483
0.422,0.533
0.423,0.546
0.423,0.567
0.422,0.567
0.398,0.566
0.37,0.568
0.317,0.567
0.304,0.563
0.322,0.561
0.328,0.558
0.335,0.556
0.338,0.551
0.338,0.55
0.34,0.55
0.341,0.55
0.343,0.548
0.345,0.543
0.352,0.536
0.352,0.534
0.355,0.535
0.357,0.535
0.36,0.525
0.364,0.519
0.362,0.5
0.364,0.441
0.366,0.409
0.365,0.377
0.365,0.36
0.364,0.355
0.364,0.351
0.364,0.307
0.364,0.31
0.365,0.307
0.364,0.311
0.365,0.293
0.365,0.292
0.365,0.304
0.365,0.295
0.366,0.299
0.367,0.294
0.367,0.273
0.366,0.274
0.367,0.246
0.367,0.238
0.367,0.261
0.367,0.247
0.367,0.263
0.368,0.249
0.366,0.239
0.367,0.238
0.368,0.253
0.368,0.266
0.367,0.279
0.366,0.291
0.369,0.3
0.375,0.302
0.375,0.346
0.379,0.432
0.376,0.473
0.418,0.5
0.444,0.515
0.453,0.538
0.448,0.553
0.462,0.568
0.506,0.569
0.527,0.604
0.551,0.623
0.578,0.632
0.583,0.634
0.602,0.636
0.601,0.641
0.598,0.638
0.603,0.638
0.619,0.639
0.638,0.635
0.64,0.633
0.644,0.627
0.654,0.628
0.657,0.623
0.655,0.619
0.668,0.619
0.671,0.615
0.671,0.612
0.672,0.609
0.672,0.607
0.672,0.607
0.672,0.606
0.673,0.607
0.673,0.607
0.673,0.607
0.673,0.607
0.672,0.607
0.672,0.589
0.669,0.552
0.664,0.489
0.663,0.475
0.662,0.454
0.663,0.458
0.661,0.451
0.659,0.449
0.652,0.411
0.644,0.417
0.644,0.396
0.644,0.399
0.644,0.392
0.644,0.383
0.645,0.39
0.645,0.394
0.644,0.397
0.642,0.412
0.621,0.413
0.597,0.415
0.591,0.416
0.582,0.416
0.535,0.417
0.546,0.418
0.538,0.417
0.567,0.416
0.564,0.387
0.566,0.378
0.57,0.374
0.574,0.377
0.574,0.369
0.574,0.378
0.574,0.386
0.565,0.39
0.574,0.398
0.572,0.398
0.573,0.4
0.572,0.403
0.572,0.403
0.576,0.403
0.574,0.402
0.582,0.402
0.586,0.402
0.586,0.403
0.586,0.405
0.586,0.403
0.586,0.403
0.586,0.403
0.588,0.404
0.589,0.404
0.589,0.404
0.589,0.404
0.59,0.405
0.589,0.405
0.589,0.405
0.589,0.405
0.59,0.405
0.593,0.404
0.595,0.404
0.602,0.408
0.604,0.409
0.614,0.41
0.625,0.411
0.625,0.411
0.63,0.413
0.64,0.422
0.646,0.436
0.652,0.426
0.652,0.435
0.651,0.442
0.648,0.442
0.646,0.445
0.642,0.447
0.638,0.447
0.633,0.447
0.633,0.448
0.632,0.447
0.541,0.447
0.511,0.447
0.384,0.443
0.36,0.437
0.368,0.43
0.373,0.43
0.34,0.43
0.355,0.43
0.358,0.43
0.37,0.43
0.366,0.43
0.362,0.411
0.36,0.348
0.342,0.346
0.274,0.352
0.259,0.357
0.213,0.36
0.225,0.364
0.175,0.364
0.212,0.364
0.21,0.364
0.238,0.364
0.246,0.364
0.235,0.364
0.246,0.364
0.254,0.358
0.259,0.347
0.257,0.312
0.263,0.312
0.25,0.327
0.271,0.332
0.275,0.334
0.283,0.339
0.297,0.34
0.304,0.341
0.306,0.334
0.307,0.317
0.31,0.282
0.31,0.285
0.311,0.228
0.313,0.223
0.313,0.222
0.312,0.228
0.314,0.261
0.315,0.269
0.315,0.283
0.309,0.286
0.3,0.292
0.306,0.321
0.308,0.343
0.307,0.347
0.307,0.348
0.304,0.342
0.314,0.336
0.316,0.336
0.321,0.336
0.321,0.319
0.321,0.28
0.324,0.259
0.322,0.251
0.323,0.231
0.323,0.204
0.325,0.199
0.324,0.209
0.325,0.214
0.324,0.221
0.325,0.208
0.325,0.201
0.327,0.203
0.327,0.195
0.327,0.197
0.325,0.198
0.325,0.191
0.321,0.189
0.317,0.197
0.313,0.186
0.312,0.176
0.312,0.185
0.31,0.177
0.309,0.18
0.301,0.18
0.302,0.182
0.298,0.2
0.291,0.205
0.287,0.203
0.284,0.201
0.282,0.204
0.281,0.208
0.28,0.209
0.28,0.208
0.28,0.207
0.28,0.206
0.279,0.212
0.28,0.212
0.28,0.212
0.283,0.212
0.281,0.213
0.282,0.213
0.283,0.214
0.286,0.214
0.285,0.214
0.285,0.215
0.285,0.216
0.285,0.216
0.284,0.216
0.283,0.217
0.284,0.217
0.283,0.212
0.284,0.207
0.283,0.125
0.284,0.135
0.283,0.141
0.285,0.159
0.285,0.168
0.285,0.166
0.284,0.157
0.284,0.115
0.281,0.129
0.278,0.135
0.277,0.141
0.272,0.126
0.272,0.126
0.27,0.138
0.268,0.13
0.263,0.125
0.258,0.113
0.22,0.112
0.182,0.113
0.161,0.1
0.152,0.11
0.19,0.105
0.184,0.103
0.17,0.11
0.18,0.117
0.184,0.122
0.201,0.12
0.202,0.127
0.184,0.121
0.206,0.121
0.22,0.12
0.22,0.122
0.223,0.124
0.228,0.124
0.228,0.124
0.228,0.124
0.232,0.124
0.234,0.123
0.234,0.12
0.238,0.112
0.238,0.096
0.241,0.101
0.242,0.109
0.24,0.11
0.246,0.113
0.243,0.112
0.244,0.113
0.244,0.111
0.243,0.111
0.243,0.111
0.245,0.114
0.247,0.116
0.248,0.119
0.25,0.122
0.249,0.121
0.246,0.124
0.246,0.125
0.244,0.129
0.244,0.132
0.254,0.135
0.259,0.137
0.261,0.143
0.261,0.165
0.263,0.228
0.265,0.297
0.265,0.365
0.264,0.389
0.266,0.393
0.268,0.419
0.275,0.444
0.28,0.452
0.288,0.514
0.292,0.524
0.315,0.528
0.321,0.527
0.386,0.516
0.395,0.502
0.399,0.5
0.398,0.479
0.4,0.471
0.399,0.447
0.4,0.436
0.396,0.426
0.383,0.432
0.384,0.432
0.381,0.43
0.37,0.379
0.302,0.337
0.272,0.293
0.239,0.305
0.261,0.285
0.242,0.23
0.261,0.275
0.267,0.277
0.284,0.283
0.311,0.319
0.328,0.321
0.333,0.323
0.333,0.324
0.336,0.324
0.337,0.325
0.349,0.325
0.317,0.325
0.385,0.325
0.409,0.325
0.407,0.323
0.411,0.264
0.413,0.238
0.411,0.204
0.408,0.199
0.407,0.172
0.403,0.171
0.398,0.186
0.398,0.192
0.399,0.2
0.399,0.201
0.4,0.199
0.4,0.16
0.33,0.173
0.24,0.18
0.261,0.188
0.251,0.193
0.208,0.203
0.153,0.206
0.189,0.205
0.208,0.208
0.222,0.21
0.229,0.21
0.252,0.21
0.279,0.212
0.291,0.212
0.295,0.213
0.283,0.214
0.339,0.22
0.368,0.222
0.374,0.223
0.372,0.224
0.374,0.224
0.37,0.225
0.369,0.225
0.367,0.224
0.368,0.225
0.316,0.226
0.249,0.226
0.214,0.227
0.131,0.227
0.115,0.226
0.141,0.227
0.102,0.227
0.162,0.227
0.155,0.227
0.167,0.228
0.167,0.228
0.15,0.227
0.127,0.227
0.143,0.227
0.167,0.227
0.184,0.229
0.192,0.228
0.182,0.229
0.183,0.229
0.152,0.228
0.167,0.229
0.167,0.228
0.173,0.229
0.183,0.229
0.191,0.229
0.188,0.229
0.19,0.23
0.184,0.229
0.186,0.229
0.19,0.229
0.186,0.23
0.185,0.229
0.181,0.229
0.183,0.23
0.186,0.229
0.187,0.229
0.186,0.23
0.193,0.23
0.19,0.23
0.189,0.228
0.188,0.255
0.186,0.27
0.188,0.272
0.189,0.273
0.186,0.283
0.19,0.284
0.188,0.285
0.192,0.286
0.196,0.288
0.197,0.287
0.199,0.287
0.199,0.287
0.2,0.291
0.201,0.27
0.201,0.289
0.202,0.295
0.201,0.291
0.203,0.324
0.202,0.324
0.203,0.329
0.203,0.332
0.203,0.331
0.203,0.333
0.202,0.332
0.202,0.333
0.201,0.334
0.203,0.336
0.202,0.33
0.203,0.326
0.205,0.312
0.216,0.312
0.229,0.312
0.231,0.295
0.236,0.241
0.227,0.245
0.165,0.247
0.239,0.25
0.276,0.242
0.282,0.244
0.289,0.234
0.282,0.228
0.283,0.233
0.28,0.185
0.281,0.182
0.28,0.167
0.28,0.165
0.28,0.15
0.266,0.169
0.069,0.168
0.131,0.163
0.092,0.145
0.144,0.167
0.169,0.171
0.18,0.188
0.193,0.191
0.202,0.211
0.202,0.214
0.208,0.215
0.213,0.215
0.218,0.216
0.223,0.218
0.225,0.218
0.223,0.218
0.177,0.219
0.236,0.219
0.253,0.219
0.244,0.219
0.27,0.226
0.258,0.229
0.291,0.231
0.297,0.231
0.304,0.231
0.29,0.23
0.287,0.231
0.3,0.231
0.3,0.231
0.297,0.231
0.329,0.231
0.323,0.231
0.358,0.231
0.355,0.232
0.359,0.235
0.358,0.247
0.374,0.288
0.374,0.303
0.377,0.329
0.376,0.336
0.374,0.34
0.371,0.34
0.375,0.341
0.379,0.341
0.379,0.342
0.38,0.341
0.381,0.342
0.38,0.341
0.379,0.339
0.379,0.337
0.38,0.334
0.38,0.333
0.379,0.332
0.379,0.332
0.379,0.325
0.379,0.32
0.379,0.32
0.376,0.32
0.372,0.32
0.371,0.319
0.371,0.319
0.37,0.32
0.371,0.299
0.372,0.238
0.372,0.244
0.373,0.24
0.372,0.222
0.373,0.212
0.374,0.201
0.375,0.189
0.374,0.182
0.375,0.196
0.374,0.199
0.374,0.206
0.374,0.213
0.373,0.215
0.372,0.221
0.372,0.224
0.372,0.226
0.373,0.229
0.372,0.23
0.372,0.231
0.37,0.23
0.37,0.231
0.368,0.231
0.367,0.231
0.366,0.232
0.364,0.231
0.364,0.232
0.364,0.231
0.363,0.231
0.362,0.234
0.362,0.234
0.362,0.236
0.362,0.235
0.361,0.235
0.36,0.235
0.361,0.236
0.347,0.238
0.285,0.238
0.269,0.239
0.202,0.241
0.156,0.243
0.19,0.243
0.227,0.244
0.201,0.252
0.233,0.26
0.22,0.263
0.207,0.276
0.199,0.282
0.208,0.281
0.223,0.287
0.211,0.282
0.176,0.274
0.212,0.294
0.201,0.313
0.118,0.315
0.16,0.315
0.12,0.323
0.109,0.326
0.121,0.332
0.133,0.33
0.135,0.332
0.151,0.332
0.176,0.332
0.196,0.332
0.226,0.332
0.233,0.331
0.238,0.33
0.232,0.331
0.301,0.332
0.325,0.332
0.342,0.332
0.373,0.333
0.41,0.334
0.406,0.327
0.406,0.33
0.403,0.328
0.409,0.332
0.409,0.332
0.411,0.332
0.411,0.333
0.405,0.335
0.396,0.331
0.385,0.333
0.39,0.329
0.403,0.34
0.404,0.34
0.403,0.349
0.407,0.351
0.405,0.347
0.411,0.355
0.424,0.358
0.424,0.358
0.428,0.359
0.46,0.362
0.495,0.363
0.499,0.364
0.512,0.363
0.518,0.363
0.522,0.362
0.521,0.362
0.522,0.363
0.524,0.362
0.526,0.363
0.526,0.361
0.526,0.358
0.525,0.357
0.522,0.355
0.522,0.37
0.519,0.375
0.516,0.391
0.514,0.4
0.509,0.4
0.509,0.409
0.509,0.409
0.509,0.412
0.51,0.409
0.515,0.415
0.518,0.417
0.522,0.417
0.523,0.419
0.529,0.419
0.554,0.419
0.551,0.418
0.552,0.417
0.552,0.415
0.548,0.416
0.544,0.417
0.537,0.417
0.522,0.417
0.522,0.417
0.487,0.417
0.383,0.414
0.375,0.409
0.374,0.392
0.375,0.39
0.384,0.37
0.393,0.319
0.394,0.319
0.397,0.325
0.402,0.327
0.402,0.323
0.412,0.291
0.413,0.216
0.414,0.197
0.415,0.197
0.415,0.189
0.416,0.197
0.417,0.201
0.417,0.208
0.418,0.21
0.419,0.207
0.418,0.208
0.419,0.209
0.419,0.212
0.416,0.215
0.413,0.216
0.411,0.22
0.41,0.223
0.409,0.228
0.409,0.228
0.409,0.225
0.409,0.224
0.41,0.225
0.41,0.224
0.41,0.225
0.407,0.224
0.408,0.223
0.409,0.218
0.408,0.201
0.409,0.164
0.41,0.161
0.41,0.168
0.409,0.178
0.409,0.186
0.41,0.208
0.409,0.209
0.409,0.214
0.409,0.216
0.409,0.218
0.409,0.219
0.409,0.219
0.409,0.219
0.408,0.221
0.409,0.222
0.408,0.221
0.409,0.221
0.409,0.223
0.412,0.224
0.412,0.225
0.411,0.225
0.412,0.225
0.411,0.225
0.411,0.225
0.413,0.225
0.412,0.227
0.411,0.227
0.405,0.227
0.389,0.227
0.306,0.227
0.167,0.228
0.285,0.227
0.281,0.227
0.299,0.228
0.297,0.228
0.31,0.227
0.315,0.228
0.319,0.228
0.318,0.23
0.321,0.243
0.327,0.242
0.332,0.259
0.332,0.272
0.347,0.271
0.351,0.28
0.353,0.279
0.354,0.278
0.355,0.275
0.355,0.273
0.356,0.266
0.357,0.265
0.357,0.265
0.356,0.264
0.357,0.264
0.357,0.255
0.357,0.242
0.358,0.235
0.358,0.216
0.358,0.202
0.358,0.208
0.359,0.208
0.36,0.212
0.36,0.205
0.36,0.197
0.36,0.192
0.361,0.175
0.36,0.187
0.362,0.182
0.362,0.184
0.362,0.188
0.362,0.177
0.362,0.19
0.363,0.19
0.362,0.195
0.363,0.201
0.362,0.203
0.362,0.206
0.363,0.206
0.363,0.206
0.363,0.206
0.363,0.205
0.363,0.207
0.357,0.209
0.346,0.208
0.291,0.208
0.22,0.211
0.215,0.212
0.234,0.212
0.214,0.212
0.22,0.211
0.236,0.213
0.21,0.214
0.221,0.218
0.22,0.215
0.222,0.204
0.221,0.188
0.229,0.131
0.215,0.113
0.202,0.113
0.212,0.144
0.193,0.143
0.182,0.146
0.135,0.164
0.164,0.168
0.194,0.172
0.184,0.173
0.159,0.174
0.161,0.174
0.176,0.171
0.166,0.17
0.165,0.154
0.181,0.107
0.206,0.094
0.211,0.111
0.216,0.12
0.218,0.107
0.228,0.098
0.224,0.103
0.223,0.109
0.227,0.115
0.233,0.117
0.235,0.119
0.235,0.123
0.233,0.124
0.235,0.124
0.239,0.124
0.241,0.126
0.241,0.128
0.242,0.129
0.244,0.131
0.246,0.138
0.247,0.137
0.248,0.137
0.248,0.162
0.25,0.163
0.249,0.167
0.248,0.181
0.247,0.183
0.248,0.186
0.242,0.178
0.204,0.201
0.169,0.214
0.158,0.251
0.206,0.257
0.219,0.268
0.238,0.27
0.275,0.269
0.248,0.271
0.334,0.272
0.361,0.261
0.372,0.267
0.396,0.268
0.398,0.282
0.405,0.303
0.404,0.312
0.405,0.31
0.398,0.31
0.415,0.31
0.413,0.31
0.419,0.312
0.422,0.312
0.422,0.313
0.421,0.315
0.42,0.317
0.42,0.317
0.419,0.317
0.418,0.317
0.412,0.317
0.405,0.317
0.403,0.315
0.404,0.314
0.403,0.302
0.402,0.289
0.399,0.289
0.383,0.289
0.374,0.29
0.35,0.289
0.332,0.29
0.307,0.293
0.285,0.303
0.301,0.314
0.276,0.327
0.295,0.343
0.272,0.35
0.261,0.349
0.261,0.351
0.28,0.347
0.259,0.343
0.274,0.338
0.258,0.328
0.248,0.327
0.236,0.328
0.236,0.328
0.228,0.312
0.188,0.25
0.107,0.247
0.178,0.243
0.166,0.243
0.141,0.204
0.162,0.171
0.176,0.155
0.19,0.143
0.201,0.14
0.198,0.151
0.207,0.151
0.227,0.144
0.235,0.154
0.25,0.166
0.259,0.16
0.276,0.167
0.278,0.172
0.282,0.176
0.279,0.179
0.284,0.18
0.284,0.188
0.284,0.195
0.285,0.201
0.286,0.203
0.287,0.203
0.288,0.206
0.289,0.215
0.289,0.216
0.29,0.216
0.291,0.216
0.291,0.216
0.291,0.216
0.292,0.216
0.293,0.216
0.293,0.216
0.293,0.217
0.294,0.216
0.294,0.216
0.295,0.216
0.295,0.216
0.295,0.216
0.295,0.217
0.295,0.217
0.295,0.216
0.295,0.217
0.296,0.216
0.295,0.217
0.295,0.217
0.296,0.218
0.295,0.216
0.296,0.216
0.297,0.217
0.296,0.216
0.296,0.217
0.296,0.217
0.296,0.199
0.296,0.246
0.297,0.265
0.297,0.285
0.238,0.303
0.338,0.315
0.4,0.315
0.405,0.32
0.414,0.322
0.417,0.321
0.402,0.324
0.435,0.325
0.447,0.326
0.469,0.325
0.535,0.323
0.533,0.313
0.535,0.329
0.537,0.331
0.551,0.336
0.56,0.346
0.518,0.356
0.567,0.357
0.574,0.366
0.594,0.358
0.594,0.367
0.598,0.374
0.597,0.37
0.599,0.375
0.595,0.376
0.602,0.375
0.627,0.374
0.651,0.379
0.657,0.379
0.659,0.375
0.663,0.377
0.662,0.383
0.663,0.379
0.663,0.385
0.661,0.383
0.659,0.385
0.657,0.388
0.655,0.387
0.656,0.383
0.655,0.363
0.655,0.362
0.653,0.361
0.651,0.36
0.645,0.35
0.638,0.345
0.637,0.302
0.637,0.28
0.633,0.281
0.608,0.28
0.524,0.277
0.491,0.274
0.506,0.278
0.488,0.28
0.471,0.28
0.485,0.285
0.507,0.286
0.514,0.291
0.515,0.292
0.524,0.293
0.527,0.294
0.531,0.293
0.531,0.27
0.533,0.257
0.535,0.259
0.536,0.261
0.537,0.249
0.537,0.248
0.537,0.251
0.537,0.251
0.536,0.256
0.537,0.241
0.533,0.23
0.508,0.238
0.466,0.238
0.476,0.214
0.478,0.223
0.474,0.207
0.475,0.218
0.448,0.222
0.45,0.203
0.464,0.207
0.463,0.22
0.462,0.23
0.474,0.235
0.45,0.236
0.465,0.241
0.465,0.243
0.456,0.248
0.451,0.249
0.447,0.248
0.458,0.244
0.464,0.186
0.466,0.163
0.469,0.148
0.441,0.161
0.432,0.18
0.437,0.178
0.359,0.186
0.398,0.212
0.385,0.22
0.392,0.223
0.417,0.224
0.387,0.225
0.385,0.227
0.414,0.233
0.403,0.233
0.406,0.233
0.422,0.233
0.421,0.235
0.424,0.235
0.428,0.24
0.424,0.24
0.426,0.24
0.428,0.24
0.424,0.241
0.418,0.241
0.369,0.241
0.367,0.241
0.319,0.241
0.357,0.242
0.353,0.241
0.358,0.242
0.351,0.241
0.351,0.242
0.357,0.241
0.355,0.242
0.35,0.242
0.353,0.242
0.359,0.242
0.326,0.242
0.338,0.242
0.342,0.242
0.335,0.242
0.338,0.244
0.336,0.248
0.319,0.254
0.29,0.259
0.25,0.259
0.254,0.265
0.163,0.261
0.195,0.257
0.227,0.251
0.216,0.246
0.248,0.244
0.255,0.244
0.259,0.244
0.263,0.244
0.26,0.237
0.26,0.221
0.266,0.209
0.265,0.159
0.268,0.139
0.263,0.137
0.263,0.135
0.269,0.128
0.273,0.088
0.276,0.1
0.275,0.099
0.281,0.098
0.292,0.098
0.291,0.107
0.311,0.101
0.315,0.114
0.316,0.124
0.315,0.123
0.305,0.126
0.054,0.126
0.086,0.12
0.064,0.105
0.073,0.101
0.083,0.117
0.064,0.113
0.0,0.091
0.047,0.085
0.081,0.073
0.062,0.077
0.076,0.082
0.047,0.086
0.049,0.089
0.048,0.094
0.048,0.094
0.059,0.095
0.062,0.101
0.062,0.102
0.064,0.101
0.065,0.105
0.066,0.105
0.066,0.107
0.067,0.107
0.068,0.107
0.07,0.107
0.071,0.106
0.072,0.099
0.071,0.088
0.069,0.082
0.071,0.073
0.071,0.074
0.071,0.075
0.071,0.083
0.071,0.081
0.071,0.074
0.073,0.06
0.077,0.074
0.077,0.069
0.078,0.067
0.081,0.066
0.086,0.068
0.087,0.075
0.086,0.076
0.087,0.076
0.086,0.079
0.087,0.082
0.087,0.083
0.087,0.083
0.087,0.084
0.087,0.086
0.086,0.091
0.087,0.092
0.087,0.092
0.087,0.094
0.088,0.091
0.011,0.091
0.0,0.055
-0.025,0.047
-0.065,0.04
-0.071,0.041
-0.091,0.052
-0.098,0.055
-0.107,0.031
-0.1,0.029
-0.101,0.011
-0.1,0.017
-0.098,0.009
-0.097,0.023
-0.094,0.022
-0.092,0.032
-0.081,0.047
-0.067,0.051
-0.067,0.051
-0.008,0.051
0.0,0.051
0.004,0.054
0.008,0.062
0.017,0.085
0.015,0.082
0.017,0.09
0.034,0.099
0.045,0.101
0.05,0.088
0.062,0.094
0.065,0.097
0.069,0.092
0.071,0.093
0.074,0.093
0.076,0.095
0.074,0.09
0.075,0.095
0.075,0.096
0.076,0.098
0.077,0.098
0.077,0.098
0.077,0.096
0.077,0.093
0.077,0.083
0.076,0.08
0.077,0.079
0.075,0.079
0.075,0.08
0.075,0.079
0.075,0.079
0.073,0.078
0.07,0.079
0.066,0.079
0.054,0.079
0.053,0.079
0.053,0.079
0.052,0.079
0.053,0.079
0.052,0.079
0.052,0.079
0.052,0.079
0.053,0.079
0.052,0.079
0.052,0.079
0.053,0.079
0.053,0.079
0.053,0.079
0.052,0.079
0.053,0.079
0.051,0.079
0.051,0.08
0.052,0.079
0.052,0.079
0.053,0.079
0.052,0.079
0.052,0.08
0.052,0.079
0.052,0.077
0.052,0.071
0.055,0.061
0.056,0.046
0.064,0.018
0.07,0.03
0.076,0.051
0.079,0.055
0.065,0.063
0.075,0.086
0.051,0.1
0.007,0.147
0.094,0.144
0.111,0.156
0.116,0.197
0.119,0.199
0.124,0.203
0.122,0.215
0.123,0.229
0.123,0.232
0.126,0.227
0.126,0.22
0.13,0.22
0.131,0.212
0.131,0.205
0.131,0.206
0.131,0.205
0.131,0.206
0.131,0.206
0.135,0.205
0.139,0.206
0.095,0.206
0.111,0.207
0.088,0.207
0.15,0.206
0.215,0.206
0.22,0.206
0.263,0.206
0.276,0.206
0.28,0.191
0.28,0.128
0.277,0.137
0.275,0.147
0.255,0.148
0.079,0.149
0.077,0.151
0.144,0.122
0.118,0.122
0.118,0.111
0.088,0.102
0.082,0.087
0.09,0.071
0.094,0.073
0.069,0.076
0.087,0.078
0.078,0.08
0.112,0.081
0.107,0.083
0.097,0.087
0.105,0.099
0.109,0.106
0.11,0.074
0.116,0.168
0.133,0.227
0.135,0.232
0.137,0.308
0.107,0.347
0.151,0.378
0.182,0.379
0.208,0.379
0.244,0.381
0.252,0.383
0.265,0.381
0.298,0.383
0.299,0.381
0.311,0.369
0.306,0.368
0.307,0.369
0.312,0.368
0.316,0.368
0.317,0.367
0.319,0.367
0.318,0.367
0.317,0.366
0.313,0.366
0.295,0.366
0.296,0.366
0.293,0.356
0.28,0.342
0.237,0.338
0.238,0.294
0.246,0.286
0.251,0.242
0.257,0.235
0.27,0.231
0.274,0.213
0.274,0.218
0.274,0.156
0.275,0.151
0.275,0.137
0.275,0.154
0.295,0.162
0.297,0.167
0.231,0.174
0.288,0.182
0.3,0.183
0.304,0.186
0.308,0.184
0.308,0.184
0.298,0.185
0.298,0.185
0.3,0.185
0.302,0.185
0.301,0.186
0.3,0.185
0.302,0.185
0.297,0.185
0.293,0.185
0.294,0.185
0.297,0.184
0.294,0.185
0.295,0.186
0.295,0.186
0.273,0.186
0.234,0.184
0.21,0.183
0.122,0.179
0.179,0.178
0.129,0.179
0.12,0.173
0.12,0.141
0.133,0.098
0.164,0.104
0.16,0.123
0.146,0.133
0.147,0.131
0.152,0.123
0.151,0.131
0.159,0.133
0.166,0.135
0.169,0.139
0.162,0.146
0.108,0.146
0.124,0.151
0.108,0.152
0.058,0.156
0.096,0.163
0.073,0.164
0.094,0.166
0.106,0.167
0.128,0.167
0.141,0.168
0.144,0.169
0.146,0.17
0.152,0.17
0.156,0.17
0.173,0.172
0.141,0.171
0.154,0.173
0.141,0.171
0.161,0.173
0.193,0.172
0.188,0.172
0.193,0.172
0.194,0.173
0.194,0.173
0.195,0.173
0.195,0.182
0.193,0.192
0.194,0.218
0.193,0.242
0.194,0.25
0.194,0.246
0.194,0.25
0.193,0.251
0.194,0.25
0.193,0.251
0.192,0.252
0.192,0.252
0.189,0.252
0.184,0.25
0.181,0.248
0.181,0.245
0.181,0.244
0.172,0.24
0.169,0.234
0.169,0.233
0.169,0.233
0.172,0.235
0.174,0.235
0.175,0.234
0.175,0.235
0.175,0.235
0.176,0.235
0.175,0.235
0.176,0.235
0.174,0.235
0.15,0.235
0.146,0.235
0.115,0.235
0.118,0.235
0.122,0.235
0.1,0.236
0.09,0.24
0.072,0.243
0.105,0.233
0.081,0.253
0.09,0.272
0.083,0.268
0.116,0.265
0.122,0.274
0.13,0.294
0.127,0.29
0.127,0.297
0.131,0.312
0.131,0.31
0.132,0.312
0.137,0.313
0.139,0.312
0.144,0.293
0.144,0.287
0.148,0.289
0.15,0.267
0.152,0.225
0.152,0.203
0.154,0.207
0.156,0.189
0.156,0.188
0.156,0.168
0.158,0.173
0.158,0.186
0.158,0.178
0.159,0.179
0.16,0.188
0.16,0.19
0.16,0.2
0.16,0.201
0.16,0.19
0.16,0.183
0.16,0.195
0.16,0.195
0.16,0.193
0.16,0.189
0.16,0.157
0.16,0.151
0.161,0.131
0.161,0.124
0.161,0.122
0.161,0.131
0.161,0.141
0.161,0.143
0.161,0.148
0.161,0.147
0.161,0.148
0.161,0.151
0.161,0.152
0.16,0.153
0.161,0.155
0.16,0.156
0.16,0.157
0.161,0.158
0.161,0.158
0.161,0.162
0.161,0.166
0.161,0.167
0.161,0.173
0.161,0.176
0.161,0.176
0.161,0.177
0.161,0.178
0.161,0.178
0.161,0.178
0.161,0.18
0.161,0.18
0.161,0.182
0.161,0.181
0.161,0.181
0.161,0.188
0.161,0.197
0.161,0.202
0.161,0.208
0.161,0.223
0.161,0.232
0.161,0.253
0.16,0.272
0.161,0.28
0.163,0.309
0.15,0.317
0.137,0.33
0.194,0.34
0.189,0.395
0.216,0.409
0.221,0.424
0.234,0.424
0.236,0.435
0.231,0.442
0.236,0.462
0.232,0.466
0.116,0.473
0.342,0.471
0.379,0.471
0.492,0.469
0.565,0.468
0.578,0.497
0.582,0.554
0.581,0.613
0.583,0.622
0.581,0.622
0.576,0.622
0.575,0.619
0.571,0.621
0.562,0.619
0.563,0.622
0.565,0.626
0.569,0.625
0.57,0.624
0.581,0.602
0.586,0.595
0.614,0.593
0.702,0.53
0.71,0.479
0.699,0.434
0.685,0.432
0.685,0.431
0.683,0.439
0.682,0.441
0.682,0.409
0.662,0.413
0.65,0.414
0.633,0.409
0.617,0.416
0.64,0.426
0.632,0.427
0.573,0.426
0.529,0.374
0.449,0.385
0.377,0.377
0.431,0.358
0.352,0.359
0.405,0.349
0.387,0.332
0.388,0.287
0.382,0.279
0.366,0.254
0.362,0.196
0.365,0.2
0.372,0.203
0.385,0.133
0.389,0.136
0.392,0.143
0.391,-0.04
0.394,-0.002
0.394,-0.001
0.39,-0.001
0.351,0.0
0.343,-0.001
0.348,0.0
0.325,0.0
0.352,0.0
0.364,0.0
0.358,0.0
0.359,0.0
0.36,0.007
0.364,0.011
0.364,0.028
0.365,0.048
0.365,0.052
0.364,0.073
0.366,0.125
0.369,0.158
0.369,0.167
0.376,0.171
0.394,0.194
0.396,0.202
0.396,0.23
0.395,0.247
0.395,0.257
0.439,0.257
0.454,0.259
0.465,0.259
0.471,0.261
0.478,0.26
0.477,0.259
0.475,0.223
0.475,0.253
0.475,0.287
0.469,0.285
0.468,0.288
0.467,0.296
0.465,0.298
0.465,0.295
0.467,0.297
0.466,0.299
0.467,0.298
0.467,0.3
0.47,0.299
0.473,0.3
0.474,0.299
0.475,0.298
0.438,0.3
0.479,0.3
0.48,0.3
0.473,0.3
0.493,0.3
0.525,0.298
0.526,0.295
0.547,0.283
0.554,0.275
0.56,0.275
0.556,0.275
0.55,0.275
0.537,0.275
0.537,0.274
0.538,0.273
0.538,0.27
0.537,0.268
0.539,0.268
0.539,0.268
0.524,0.268
0.518,0.269
0.519,0.27
0.518,0.269
0.518,0.269
0.518,0.266
0.514,0.264
0.408,0.255
0.422,0.242
0.416,0.242
0.425,0.226
0.434,0.158
0.428,0.148
0.433,0.168
0.437,0.176
0.433,0.183
0.418,0.181
0.408,0.188
0.416,0.19
0.417,0.201
0.415,0.213
0.411,0.23
0.419,0.244
0.447,0.265
0.456,0.274
0.424,0.273
0.554,0.278
0.64,0.294
0.654,0.287
0.655,0.307
0.658,0.319
0.658,0.327
0.663,0.334
0.666,0.333
0.666,0.327
0.665,0.317
0.665,0.291
0.667,0.229
0.661,0.185
0.646,0.076
0.644,0.079
0.597,0.098
0.576,0.101
0.503,0.107
0.501,0.113
0.409,0.119
0.432,0.122
0.411,0.124
0.373,0.126
0.349,0.126
0.394,0.127
0.355,0.129
0.379,0.131
0.374,0.131
0.349,0.132
0.359,0.133
0.355,0.133
0.347,0.134
0.357,0.134
0.344,0.134
0.358,0.135
0.342,0.135
0.354,0.136
0.355,0.136
0.344,0.137
0.346,0.137
0.343,0.137
0.348,0.139
0.352,0.146
0.334,0.153
0.326,0.154
0.21,0.155
0.091,0.156
0.086,0.156
0.098,0.157
0.161,0.157
0.11,0.158
0.113,0.161
0.143,0.161
0.153,0.163
0.185,0.163
0.176,0.162
0.143,0.161
0.133,0.156
0.103,0.153
0.048,0.154
0.028,0.146
0.076,0.136
0.071,0.123
0.071,0.071
0.073,0.078
0.077,0.067
0.088,0.062
0.088,0.053
0.09,0.034
0.091,0.034
0.084,0.033
0.063,0.025
0.009,0.037
0.004,0.043
0.004,0.035
0.0,0.036
0.0,0.036
0.002,0.021
0.0,0.03
0.004,0.029
0.006,0.032
0.006,0.035
0.009,0.036
0.007,0.034
0.008,0.042
0.006,0.043
0.006,0.047
0.006,0.047
0.006,0.048
0.006,0.055
0.007,0.062
0.011,0.064
0.029,0.063
0.035,0.064
0.036,0.065
0.037,0.066
0.037,0.066
0.038,0.066
0.038,0.066
0.038,0.066
0.038,0.066
0.038,0.067
0.039,0.067
0.04,0.067
0.039,0.067
0.039,0.068
0.039,0.067
0.039,0.067
0.042,0.067
0.043,0.067
0.043,0.067
0.043,0.068
0.042,0.067
0.043,0.068
0.045,0.081
0.049,0.086
0.056,0.084
0.052,0.107
0.056,0.118
0.073,0.118
0.082,0.12
0.088,0.122
0.081,0.125
0.099,0.124
0.084,0.124
0.087,0.124
0.096,0.119
0.09,0.12
0.102,0.12
0.103,0.121
0.102,0.12
0.098,0.12
0.094,0.111
0.083,0.109
0.083,0.106
0.083,0.106
0.083,0.106
0.083,0.107
0.083,0.106
0.083,0.107
0.083,0.107
0.083,0.107
0.083,0.107
0.083,0.108
0.083,0.108
0.083,0.109
0.083,0.109
0.083,0.108
0.083,0.107
0.083,0.106
0.083,0.105
0.083,0.106
0.083,0.107
0.083,0.107
0.083,0.107
0.084,0.109
0.084,0.11
0.083,0.11
0.083,0.109
0.083,0.109
0.082,0.109
0.079,0.11
0.073,0.109
0.071,0.109
0.067,0.111
0.059,0.113
0.043,0.114
0.017,0.114
0.007,0.114
0.0,0.115
-0.007,0.116
-0.012,0.116
-0.018,0.116
-0.008,0.116
0.0,0.116
0.0,0.116
0.0,0.116
0.0,0.116
0.0,0.116
0.0,0.117
0.0,0.117
0.0,0.116
0.0,0.116
0.0,0.117
0.0,0.117
0.0,0.117
0.0,0.117
0.0,0.117
0.0,0.117
0.0,0.117
0.0,0.116
0.0,0.117
0.0,0.118
0.0,0.117
0.0,0.117
0.0,0.118
0.0,0.117
0.0,0.116
0.0,0.116
0.001,0.116
0.001,0.117
0.001,0.116
0.002,0.117
0.004,0.117
0.006,0.117
0.009,0.116
0.01,0.118
0.009,0.118
0.01,0.117
0.009,0.118
0.009,0.118
0.002,0.118
-0.073,0.118
-0.073,0.118
-0.058,0.118
-0.035,0.118
-0.03,0.118
0.0,0.118
0.003,0.118
0.004,0.118
0.009,0.119
0.015,0.12
0.047,0.125
0.039,0.129
0.079,0.131
0.088,0.119
0.085,0.116
0.094,0.131
0.09,0.136
0.098,0.144
0.111,0.177
0.107,0.229
0.099,0.234
0.097,0.235
0.022,0.242
0.012,0.25
-0.001,0.261
-0.031,0.259
-0.076,0.253
-0.092,0.249
-0.109,0.283
-0.184,0.312
-0.294,0.311
-0.326,0.33
-0.343,0.368
-0.343,0.392
-0.346,0.421
-0.348,0.456
-0.349,0.498
-0.345,0.5
-0.341,0.507
-0.335,0.518
-0.329,0.526
-0.329,0.53
-0.329,0.528
-0.341,0.528
-0.412,0.526
-0.454,0.524
-0.453,0.52
-0.446,0.52
-0.428,0.52
-0.426,0.52
-0.426,0.514
-0.399,0.505
-0.384,0.498
-0.355,0.498
-0.33,0.499
-0.324,0.499
-0.326,0.499
-0.333,0.498
-0.393,0.499
-0.414,0.498
-0.422,0.458
-0.416,0.381
-0.414,0.382
-0.411,0.393
-0.409,0.387
-0.409,0.392
-0.412,0.403
-0.413,0.427
-0.412,0.428
-0.41,0.439
-0.403,0.433
-0.398,0.473
-0.389,0.522
-0.389,0.54
-0.389,0.536
-0.388,0.538
-0.389,0.543
-0.391,0.542
-0.411,0.541
-0.434,0.542
-0.434,0.541
-0.432,0.538
-0.429,0.537
-0.427,0.535
-0.42,0.533
-0.404,0.527
-0.402,0.524
-0.391,0.521
-0.348,0.518
-0.328,0.516
-0.316,0.517
-0.315,0.516
-0.316,0.516
-0.317,0.517
-0.316,0.513
-0.317,0.509
-0.317,0.482
-0.317,0.473
-0.318,0.431
-0.32,0.442
-0.32,0.45
-0.321,0.453
-0.325,0.45
-0.33,0.431
-0.336,0.401
-0.34,0.411
-0.342,0.383
-0.342,0.389
-0.343,0.378
-0.343,0.377
-0.343,0.368
-0.343,0.364
-0.342,0.355
-0.337,0.358
-0.328,0.368
-0.29,0.377
-0.268,0.378
-0.237,0.383
-0.231,0.389
-0.237,0.392
-0.25,0.404
-0.26,0.403
-0.263,0.405
-0.264,0.404
-0.264,0.405
-0.265,0.407
-0.268,0.407
-0.271,0.407
-0.273,0.407
-0.273,0.407
-0.274,0.407
-0.274,0.408
-0.274,0.409
-0.275,0.409
-0.284,0.409
-0.298,0.409
-0.321,0.41
-0.329,0.41
-0.346,0.41
-0.349,0.41
-0.343,0.41
-0.341,0.41
-0.339,0.41
-0.333,0.405
-0.33,0.398
-0.327,0.331
-0.326,0.318
-0.323,0.329
-0.313,0.323
-0.313,0.321
-0.313,0.291
-0.313,0.293
-0.313,0.297
-0.313,0.28
-0.312,0.304
-0.312,0.308
-0.312,0.291
-0.312,0.282
-0.313,0.298
-0.312,0.291
-0.312,0.289
-0.312,0.292
-0.312,0.287
-0.312,0.285
-0.312,0.296
-0.312,0.285
-0.312,0.276
-0.312,0.272
-0.312,0.28
-0.312,0.277
-0.312,0.291
-0.312,0.3
-0.312,0.299
-0.312,0.298
-0.312,0.298
-0.312,0.3
-0.312,0.298
-0.312,0.297
-0.312,0.298
-0.312,0.298
-0.312,0.299
-0.312,0.3
-0.312,0.302
-0.312,0.302
-0.312,0.301
-0.312,0.302
-0.312,0.302
-0.312,0.302
-0.312,0.302
-0.312,0.301
-0.312,0.301
-0.312,0.302
-0.312,0.303
-0.312,0.304
-0.312,0.304
-0.312,0.305
-0.312,0.303
-0.312,0.304
-0.312,0.303
-0.312,0.301
-0.312,0.3
-0.312,0.297
-0.312,0.295
-0.312,0.291
-0.312,0.291
-0.312,0.283
-0.312,0.279
-0.312,0.281
-0.312,0.283
-0.312,0.271
-0.312,0.27
-0.312,0.275
-0.312,0.28
-0.312,0.279
-0.312,0.28
-0.312,0.277
-0.312,0.282
-0.316,0.285
-0.317,0.291
-0.32,0.292
-0.322,0.293
-0.322,0.288
-0.323,0.286
-0.323,0.289
-0.323,0.289
-0.324,0.288
-0.325,0.292
-0.324,0.293
-0.326,0.293
-0.326,0.293
-0.327,0.294
-0.327,0.279
-0.327,0.244
-0.327,0.201
-0.327,0.208
-0.327,0.213
-0.327,0.228
-0.327,0.21
-0.329,0.179
-0.33,0.204
-0.33,0.229
-0.33,0.237
-0.335,0.254
-0.337,0.266
-0.364,0.282
-0.361,0.285
-0.364,0.283
-0.374,0.3
-0.372,0.309
-0.37,0.314
-0.369,0.32
-0.367,0.323
-0.363,0.318
-0.361,0.319
-0.361,0.316
-0.36,0.318
-0.357,0.346
-0.354,0.352
-0.352,0.387
-0.348,0.384
-0.346,0.394
-0.345,0.396
-0.344,0.397
-0.343,0.398
-0.341,0.397
-0.339,0.398
-0.339,0.398
-0.339,0.399
-0.339,0.399
-0.339,0.398
-0.339,0.4
-0.339,0.399
-0.339,0.4
-0.339,0.399
-0.339,0.398
-0.339,0.4
-0.339,0.397
-0.339,0.397
-0.339,0.397
-0.339,0.394
-0.339,0.392
-0.339,0.392
-0.339,0.392
-0.339,0.391
-0.339,0.39
-0.339,0.39
-0.339,0.389
-0.339,0.389
-0.339,0.387
-0.339,0.384
-0.339,0.381
-0.339,0.38
-0.339,0.378
-0.338,0.374
-0.337,0.373
-0.337,0.374
-0.336,0.374
-0.336,0.371
-0.336,0.359
-0.336,0.346
-0.336,0.334
-0.337,0.291
-0.337,0.286
-0.336,0.298
-0.335,0.295
-0.332,0.246
-0.324,0.229
-0.314,0.223
-0.292,0.227
-0.254,0.225
-0.235,0.221
-0.2,0.217
-0.16,0.235
-0.151,0.228
-0.145,0.233
-0.146,0.24
-0.127,0.242
-0.111,0.236
-0.063,0.229
-0.027,0.221
0.0,0.227
0.025,0.223
-0.002,0.233
0.042,0.202
0.306,0.2
0.33,0.184
0.409,0.188
0.435,0.195
0.458,0.193
0.486,0.205
0.462,0.217
0.489,0.222
0.495,0.215
0.5,0.21
0.501,0.161
0.509,0.133
0.507,0.119
0.505,0.137
0.505,0.161
0.505,0.166
0.504,0.174
0.504,0.174
0.505,0.176
0.505,0.178
0.505,0.176
0.501,0.178
0.496,0.178
0.494,0.178
0.494,0.18
0.492,0.181
0.477,0.183
0.476,0.184
0.477,0.184
0.476,0.184
0.475,0.19
0.476,0.191
0.476,0.192
0.477,0.193
0.478,0.193
0.477,0.193
0.477,0.196
0.477,0.195
0.477,0.195
0.478,0.194
0.477,0.196
0.477,0.196
0.443,0.197
0.44,0.199
0.44,0.199
0.392,0.209
0.372,0.214
0.385,0.214
0.402,0.218
0.411,0.202
0.442,0.267
0.444,0.315
0.402,0.336
0.459,0.366
0.493,0.366
0.493,0.366
0.527,0.361
0.598,0.368
0.634,0.4
0.636,0.403
0.641,0.402
0.647,0.419
0.647,0.42
0.643,0.421
0.642,0.423
0.643,0.424
0.641,0.417
0.625,0.411
0.618,0.403
0.619,0.35
0.619,0.327
0.618,0.318
0.615,0.3
0.596,0.293
0.541,0.287
0.47,0.276
0.477,0.292
0.478,0.286
0.469,0.305
0.393,0.3
0.41,0.302
0.392,0.285
0.422,0.264
0.364,0.242
0.39,0.236
0.415,0.244
0.44,0.246
0.427,0.253
0.405,0.253
0.426,0.256
0.429,0.217
0.454,0.23
0.469,0.221
0.488,0.23
0.501,0.234
0.52,0.261
0.526,0.278
0.528,0.301
0.526,0.301
0.518,0.32
0.518,0.359
0.518,0.374
0.509,0.389
0.298,0.397
0.354,0.398
0.347,0.393
0.324,0.385
0.312,0.382
0.324,0.379
0.323,0.377
0.332,0.378
0.31,0.378
0.318,0.379
0.243,0.379
0.235,0.379
0.231,0.379
0.248,0.338
0.208,0.302
0.174,0.295
0.192,0.236
0.171,0.229
0.178,0.222
0.191,0.146
0.196,0.183
0.196,0.165
0.174,0.162
0.181,0.119
0.175,0.148
0.175,0.113
0.157,0.094
0.135,0.092
0.177,0.118
0.161,0.105
0.12,0.103
0.167,0.075
0.176,0.092
0.142,0.114
0.155,0.118
0.154,0.112
0.14,0.118
0.118,0.12
0.117,0.116
0.103,0.116
0.09,0.114
0.09,0.118
0.101,0.118
0.105,0.121
0.102,0.12
0.098,0.124
0.093,0.116
0.094,0.085
0.093,0.109
0.096,0.103
0.09,0.111
0.089,0.12
0.083,0.126
0.075,0.129
0.08,0.131
0.088,0.132
0.092,0.131
0.09,0.133
0.09,0.135
0.092,0.134
0.097,0.135
0.094,0.135
0.093,0.135
0.089,0.135
0.092,0.135
0.091,0.135
0.084,0.135
0.087,0.137
0.084,0.138
0.086,0.133
0.09,0.144
0.09,0.146
0.091,0.148
0.092,0.15
0.088,0.15
0.088,0.152
0.088,0.152
0.087,0.152
0.084,0.152
0.084,0.152
0.086,0.154
0.087,0.154
0.088,0.154
0.091,0.154
0.091,0.154
0.087,0.154
0.088,0.154
0.087,0.154
0.084,0.155
0.086,0.154
0.084,0.154
0.084,0.154
0.082,0.154
0.083,0.155
0.084,0.156
0.084,0.156
0.083,0.156
0.083,0.156
0.084,0.156
0.083,0.156
0.084,0.156
0.083,0.157
0.083,0.156
0.087,0.156
0.09,0.156
0.091,0.156
0.095,0.156
0.102,0.156
0.107,0.156
0.109,0.156
0.118,0.157
0.122,0.152
0.109,0.142
0.176,0.201
0.202,0.248
0.25,0.257
0.251,0.259
0.232,0.244
0.24,0.25
0.24,0.256
0.347,0.259
0.386,0.266
0.42,0.27
0.426,0.268
0.436,0.271
0.443,0.27
0.429,0.27
0.443,0.269
0.466,0.271
0.524,0.272
0.565,0.272
0.58,0.271
0.583,0.257
0.595,0.296
0.595,0.296
0.595,0.329
0.611,0.336
0.619,0.336
0.627,0.341
0.623,0.34
0.623,0.34
0.623,0.337
0.625,0.335
0.627,0.333
0.625,0.329
0.628,0.328
0.625,0.329
0.626,0.327
0.625,0.325
0.625,0.323
0.625,0.323
0.624,0.323
0.623,0.322
0.623,0.322
0.624,0.323
0.622,0.317
0.622,0.3
0.621,0.296
0.621,0.291
0.619,0.205
0.617,0.235
0.609,0.216
0.604,0.223
0.604,0.225
0.601,0.229
0.601,0.22
0.594,0.191
0.594,0.205
0.594,0.182
0.473,0.178
0.363,0.16
0.428,0.169
0.377,0.183
0.332,0.191
0.337,0.189
0.368,0.194
0.368,0.195
0.374,0.193
0.388,0.197
0.39,0.197
0.392,0.197
0.396,0.191
0.399,0.173
0.398,0.154
0.399,0.154
0.399,0.137
0.398,0.165
0.4,0.138
0.4,0.122
0.408,0.152
0.409,0.16
0.41,0.163
0.411,0.166
0.411,0.17
0.415,0.174
0.43,0.178
0.488,0.183
0.514,0.201
0.516,0.206
0.519,0.207
0.52,0.209
0.515,0.21
0.515,0.21
0.514,0.21
0.512,0.212
0.511,0.211
0.509,0.212
0.509,0.212
0.508,0.212
0.507,0.212
0.506,0.212
0.505,0.212
0.504,0.213
0.504,0.213
0.504,0.213
0.504,0.213
0.504,0.214
0.504,0.214
0.503,0.214
0.503,0.214
0.504,0.214
0.504,0.214
0.504,0.214
0.503,0.214
0.504,0.214
0.503,0.214
0.504,0.214
0.504,0.214
0.505,0.214
0.504,0.214
0.505,0.214
0.504,0.216
0.504,0.219
0.504,0.218
0.504,0.218
0.504,0.22
0.505,0.22
0.504,0.22
0.504,0.22
0.497,0.22
0.53,0.221
0.543,0.224
0.554,0.23
0.554,0.235
0.556,0.238
0.552,0.243
0.552,0.235
0.552,0.236
0.551,0.232
0.549,0.247
0.549,0.247
0.549,0.253
0.548,0.265
0.549,0.258
0.549,0.254
0.548,0.271
0.55,0.278
0.549,0.267
0.549,0.27
0.549,0.273
0.546,0.272
0.544,0.274
0.542,0.278
0.541,0.28
0.541,0.274
0.541,0.275
0.538,0.278
0.535,0.286
0.535,0.286
0.535,0.286
0.535,0.297
0.535,0.291
0.536,0.293
0.536,0.304
0.535,0.304
0.536,0.292
0.535,0.313
0.535,0.317
