valence,arousal
0.0,-0.00175
0.0,-0.00175
0.0,-0.00175
0.0,-0.00175
-0.00175,-0.00175
-0.00175,-0.00175
-0.00175,-0.00175
-0.00175,-0.00175
-0.00175,-0.00175
-0.00175,-0.00175
-0.00175,-0.00175
-0.00175,-0.00175
-0.00175,-0.00175
-0.00175,-0.00175
-0.00175,-0.00175
-0.00175,-0.00175
-0.00175,-0.00175
-0.00175,-0.00175
-0.0235,0.01175
-0.00175,-0.00175
-0.00175,-0.00175
-0.0235,-0.00175
-0.0275,0.0
-0.012,0.0
0.00975,0.041
0.01175,0.051
0.023,0.0545
0.023,0.04275
0.023,0.01925
0.023,0.03475
0.03275,0.0245
0.029,0.0245
0.029,0.04025
0.0345,0.05
0.0115,0.06975
0.0095,0.07975
0.0055,0.07975
0.0055,0.07975
0.0055,0.07975
0.0015,0.0585
0.0015,0.0525
0.0015,0.05225
0.0015,0.04225
0.015,0.0325
0.015,0.0325
0.0015,0.05375
0.02075,0.058
0.02475,0.065
0.02475,0.07775
0.02925,0.08525
0.02925,0.0935
0.02925,0.0935
0.03475,0.0935
0.03475,0.0935
0.03475,0.0995
0.03475,0.0995
0.03475,0.10925
0.03475,0.10925
0.03475,0.10925
0.04275,0.10925
0.0525,0.0935
0.06425,0.0895
0.07775,0.095
0.0835,0.08725
0.0935,0.08425
0.0975,0.09325
0.0975,0.09325
0.08575,0.09325
0.076,0.106
0.05425,0.12275
0.04425,0.13875
0.04425,0.1545
0.04825,0.17025
0.05175,0.17025
0.054,0.17025
0.06,0.174
0.066,0.15425
0.07,0.1505
0.07575,0.1465
0.07725,0.1405
0.07575,0.14425
0.07725,0.14025
0.07925,0.14025
0.07975,0.1345
0.08275,0.1285
0.08575,0.1285
0.08575,0.1285
0.08575,0.1385
0.09575,0.129
0.09575,0.14275
0.09575,0.14275
0.09575,0.14275
0.09575,0.15275
0.09575,0.15275
0.09575,0.15275
0.09575,0.15275
0.09575,0.1625
0.08975,0.18225
0.09375,0.19225
0.09375,0.208
0.09375,0.208
0.09375,0.208
0.09375,0.208
0.09375,0.18625
0.09375,0.18225
0.09375,0.1725
0.09375,0.15275
0.09375,0.14275
0.09375,0.127
0.09375,0.11725
0.09375,0.11725
0.09375,0.10725
0.09375,0.1015
0.09375,0.1015
0.09375,0.1015
0.09375,0.0975
0.09375,0.0975
0.09375,0.0975
0.09375,0.0915
0.09375,0.088
0.09375,0.088
0.09375,0.088
0.09375,0.088
0.09375,0.088
0.09375,0.088
0.09375,0.1015
0.09375,0.11125
0.09375,0.11125
0.08375,0.127
0.08075,0.127
0.08075,0.137
0.07775,0.137
0.0835,0.137
0.08075,0.137
0.07375,0.137
0.07375,0.137
0.07375,0.137
0.07375,0.137
0.07375,0.137
0.07375,0.137
0.052,0.137
0.0485,0.137
0.0485,0.137
0.0485,0.137
0.0485,0.137
0.0485,0.137
0.0485,0.137
0.059,0.137
0.064,0.137
0.064,0.137
0.074,0.137
0.074,0.137
0.074,0.12125
0.074,0.137
0.074,0.14275
0.074,0.14275
0.074,0.14275
0.074,0.14275
0.074,0.14275
0.074,0.14275
0.05425,0.14275
0.05425,0.14275
0.04825,0.14275
0.04825,0.14275
0.04475,0.14275
0.04475,0.127
0.04475,0.12125
0.0155,0.11125
0.0155,0.1015
0.0155,0.0975
0.0155,0.0915
0.0155,0.0915
0.03875,0.0915
0.04475,0.0915
0.04475,0.0915
0.04475,0.0915
0.04475,0.0915
0.04475,0.0915
0.04475,0.0915
0.04475,0.0915
0.04475,0.0915
0.025,0.0915
0.019,0.0915
0.0155,0.0915
0.0155,0.0915
0.03875,0.0915
0.04475,0.0915
0.04475,0.0915
0.04475,0.0915
0.04475,0.0915
0.04475,0.10725
0.04475,0.10725
0.04475,0.10725
0.04475,0.10725
0.04475,0.11125
0.05825,0.11125
0.064,0.11125
0.074,0.11125
0.074,0.11125
0.074,0.11125
0.06225,0.11125
0.03825,0.11125
0.03825,0.11125
0.03825,0.11125
0.058,0.11125
0.064,0.11125
0.064,0.11125
0.064,0.11125
0.064,0.11125
0.064,0.11125
0.078,0.11125
0.078,0.11125
0.078,0.11125
0.05825,0.11125
0.05825,0.11725
0.064,0.12125
0.064,0.127
0.068,0.127
0.068,0.137
0.068,0.133
0.068,0.129
0.068,0.129
0.068,0.129
0.068,0.11325
0.068,0.1075
0.068,0.1035
0.068,0.0975
0.068,0.08775
0.068,0.08375
0.068,0.08375
0.068,0.07775
0.068,0.07775
0.068,0.07425
0.068,0.07425
0.068,0.07425
0.074,0.07425
0.074,0.07425
0.074,0.07425
0.074,0.07425
0.074,0.07425
0.074,0.07425
0.074,0.07425
0.068,0.07425
0.068,0.07425
0.068,0.07425
0.068,0.07425
0.08375,0.07425
0.08375,0.08775
0.08375,0.08775
0.08375,0.0975
0.068,0.1035
0.068,0.1075
0.068,0.11325
0.0645,0.11725
0.0645,0.11725
0.0645,0.11725
0.09375,0.11725
0.09375,0.11725
0.078,0.11725
0.068,0.1035
0.068,0.0975
0.068,0.0975
0.07125,0.0975
0.06825,0.0975
0.06825,0.0975
0.06825,0.0975
0.06825,0.0975
0.0525,0.0975
0.0525,0.0975
0.0525,0.0975
0.066,0.0975
0.07175,0.0975
0.08175,0.0975
0.08175,0.0975
0.0915,0.0975
0.10725,0.0975
0.10725,0.0975
0.11125,0.0975
0.11125,0.0975
0.0975,0.11325
0.0875,0.11725
0.06775,0.12325
0.06775,0.12325
0.05775,0.12325
0.052,0.12325
0.052,0.1075
0.052,0.0975
0.052,0.08775
0.052,0.08375
0.052,0.08375
0.052,0.08375
0.07175,0.08375
0.07575,0.08375
0.07575,0.1035
0.062,0.1035
0.07575,0.11325
0.07575,0.11325
0.07575,0.11725
0.08175,0.129
0.08175,0.129
0.08175,0.129
0.08175,0.129
0.08175,0.129
0.08175,0.129
0.08175,0.11325
0.08175,0.1075
0.08175,0.1075
0.1015,0.1035
0.1015,0.1035
0.1015,0.1035
0.1015,0.1035
0.1045,0.1035
0.1015,0.1035
0.1015,0.11725
0.1015,0.11725
0.1015,0.11725
0.1015,0.11725
0.1015,0.11725
0.1015,0.11725
0.1015,0.11975
0.1015,0.12125
0.1015,0.12125
0.1015,0.1075
0.1015,0.1075
0.1015,0.1075
0.1015,0.1135
0.1015,0.1135
0.1015,0.1135
0.1015,0.1135
0.1015,0.11425
0.1015,0.11725
0.10725,0.11725
0.10725,0.11125
0.10725,0.11125
0.10725,0.1015
0.10725,0.1015
0.10725,0.1015
0.093,0.1015
0.0915,0.1015
0.10725,0.11725
0.0915,0.127
0.0915,0.127
0.0915,0.131
0.07725,0.131
0.07575,0.131
0.07575,0.131
0.07575,0.131
0.07575,0.131
0.07725,0.131
0.07175,0.131
0.0915,0.131
0.0915,0.131
0.0915,0.131
0.0915,0.131
0.0915,0.131
0.0915,0.14275
0.0915,0.14275
0.0915,0.1585
0.0915,0.14275
0.0915,0.14275
0.0915,0.15275
0.0915,0.1585
0.0915,0.1585
0.0915,0.1585
0.0915,0.13675
0.0915,0.127
0.0915,0.123
0.0915,0.123
0.0915,0.10325
0.0975,0.10325
0.1015,0.10325
0.10725,0.11325
0.10725,0.11325
0.11325,0.10125
0.0975,0.113
0.0975,0.1095
0.07375,0.1095
0.06425,0.1095
0.06425,0.1155
0.0875,0.1155
0.0935,0.1155
0.07375,0.1155
0.07375,0.11175
0.07375,0.119
0.07775,0.10325
0.07375,0.10325
0.07375,0.10325
0.0875,0.10325
0.0935,0.096
0.07375,0.096
0.07775,0.09025
0.07375,0.09025
0.07375,0.08625
0.07375,0.08625
0.07375,0.08625
0.07375,0.08625
0.07375,0.0995
0.07375,0.10925
0.07375,0.11325
0.07375,0.0995
0.07825,0.0935
0.07775,0.10925
0.07775,0.10325
0.07775,0.10325
0.07775,0.10325
0.07775,0.119
0.07975,0.123
0.0835,0.129
0.0835,0.129
0.0835,0.129
0.0835,0.129
0.0835,0.129
0.0835,0.133
0.0835,0.133
0.0835,0.11925
0.087,0.11925
0.089,0.11925
0.095,0.1035
0.095,0.1035
0.097,0.1035
0.097,0.1035
0.097,0.0995
0.097,0.0935
0.097,0.0895
0.097,0.0895
0.097,0.0895
0.097,0.0895
0.097,0.0895
0.097,0.0895
0.097,0.1035
0.097,0.1035
0.097,0.10925
0.097,0.10925
0.097,0.10925
0.097,0.10925
0.097,0.10925
0.097,0.10925
0.097,0.10925
0.097,0.123
0.097,0.10925
0.097,0.10925
0.097,0.10925
0.097,0.10925
0.097,0.10925
0.097,0.10925
0.097,0.10925
0.097,0.10925
0.097,0.10925
0.097,0.10925
0.097,0.10925
0.097,0.10925
0.097,0.10925
0.097,0.10925
0.097,0.10925
0.097,0.10925
0.097,0.10925
0.11475,0.12275
0.1185,0.14825
0.14025,0.164
0.14225,0.168
0.14225,0.174
0.14225,0.174
0.14225,0.174
0.14225,0.15825
0.14225,0.1525
0.1185,0.1425
0.10675,0.1425
0.099,0.1405
0.0835,0.15425
0.0835,0.156
0.08175,0.156
0.07375,0.14225
0.06775,0.14225
0.06175,0.14225
0.05575,0.16
0.03575,0.174
0.03175,0.176
0.02575,0.18175
0.02575,0.18975
0.02575,0.2015
0.02875,0.21125
0.03175,0.1975
0.0255,0.1975
0.0215,0.1975
0.0215,0.21125
0.0275,0.21125
0.0275,0.21125
0.02175,0.21125
0.02175,0.1955
0.01575,0.1955
0.02075,0.1915
0.01175,0.18975
0.00975,0.18975
0.00975,0.18975
0.00975,0.176
0.00375,0.19175
-0.01025,0.2055
-0.01025,0.2055
-0.01025,0.2115
-0.00875,0.22125
-0.01025,0.22125
-0.01025,0.22125
-0.01025,0.22525
-0.01025,0.22525
-0.01425,0.22525
0.0055,0.22525
0.0135,0.22525
0.0035,0.22675
0.0035,0.22525
0.0035,0.22825
0.0035,0.22525
0.0035,0.22525
0.0035,0.22525
0.0035,0.22725
0.0035,0.22725
0.0035,0.22725
0.0035,0.22725
-0.01225,0.22725
0.00275,0.22725
0.00575,0.22725
0.02375,0.22725
0.02775,0.22725
0.02775,0.22725
0.02975,0.2115
0.03575,0.2115
0.04375,0.2115
0.06525,0.2145
0.06775,0.2115
0.09475,0.2115
0.0975,0.2115
0.0975,0.2115
0.0975,0.22725
0.0975,0.22725
0.0975,0.2215
0.0975,0.2175
0.0975,0.2075
0.0975,0.19975
0.0975,0.18975
0.0975,0.17025
0.0975,0.15625
0.11725,0.1505
0.11725,0.16025
0.11725,0.15625
0.11725,0.15225
0.11725,0.1305
0.11725,0.12475
0.11725,0.12475
0.11725,0.12275
0.11725,0.12075
0.11725,0.11475
0.11725,0.1025
0.11725,0.091
0.11725,0.09675
0.10325,0.08675
0.10325,0.091
0.10325,0.091
0.10325,0.091
0.10325,0.0855
0.10325,0.0855
0.10325,0.0855
0.10325,0.0855
0.10325,0.0855
0.099,0.0855
0.0975,0.0855
0.0975,0.0855
0.0975,0.0855
0.0975,0.0855
0.0975,0.0855
0.0935,0.0855
0.0935,0.0855
0.0935,0.0855
0.0935,0.0855
0.0935,0.0855
0.0935,0.0855
0.0935,0.0855
0.0935,0.0855
0.0935,0.07975
0.0935,0.07975
0.0935,0.07975
0.0935,0.07975
0.0935,0.07975
0.0935,0.07975
0.0935,0.07975
0.0935,0.07575
0.0935,0.07175
0.0935,0.07175
0.0935,0.06575
0.0935,0.06575
0.0935,0.06575
0.0935,0.0855
0.0935,0.0855
0.0935,0.0855
0.0935,0.084
0.0895,0.09
0.0895,0.094
0.0895,0.094
0.0895,0.094
0.0895,0.094
0.0895,0.094
0.0895,0.094
0.0895,0.094
0.0895,0.094
0.0895,0.094
0.0895,0.094
0.0895,0.094
0.0895,0.094
0.0895,0.094
0.0895,0.094
0.0895,0.094
0.0895,0.094
0.0895,0.094
0.0895,0.094
0.0895,0.094
0.0895,0.1075
0.0895,0.094
0.0895,0.1075
0.0895,0.11725
0.0895,0.0975
0.0895,0.0975
0.095,0.0975
0.093,0.0975
0.10875,0.107
0.10875,0.113
0.10875,0.12575
0.10875,0.13075
0.11675,0.1365
0.11675,0.1445
0.12275,0.1465
0.12275,0.1485
0.1325,0.1425
0.15925,0.166
0.15625,0.17
0.152,0.17
0.1465,0.17
0.13275,0.174
0.13075,0.174
0.12875,0.174
0.12075,0.174
0.12075,0.15825
0.11875,0.14825
0.11875,0.14025
0.115,0.1325
0.111,0.1305
0.105,0.1185
0.105,0.10625
0.101,0.10325
0.0995,0.10325
0.0995,0.10325
0.0995,0.10325
0.0995,0.10325
0.0995,0.09725
0.0995,0.113
0.0995,0.09375
0.10925,0.09375
0.10925,0.09375
0.10925,0.09375
0.11325,0.09375
0.11325,0.09375
0.11325,0.082
0.11325,0.09375
0.11325,0.09375
0.11325,0.086
0.11325,0.09375
0.11325,0.09375
0.11325,0.086
0.11325,0.086
0.11325,0.086
0.11325,0.09375
0.11325,0.09375
0.11325,0.09375
0.11325,0.09375
0.11325,0.086
0.11325,0.086
0.11325,0.086
0.11325,0.086
0.11325,0.086
0.11325,0.09375
0.11325,0.10725
0.11325,0.10725
0.11325,0.10725
0.11325,0.10725
0.11325,0.10725
0.11325,0.10725
0.11325,0.10725
0.11325,0.113
0.11325,0.09375
0.11325,0.09375
0.11325,0.09375
0.11325,0.09375
0.11325,0.09375
0.11325,0.09375
0.11325,0.09375
0.11325,0.09925
0.11325,0.10925
0.11325,0.123
0.11325,0.1425
0.11325,0.1485
0.11325,0.156
0.11325,0.18175
0.11325,0.17575
0.11325,0.20725
0.11325,0.21125
0.12275,0.21125
0.12475,0.21925
0.11875,0.225
0.12475,0.229
0.12675,0.21775
0.1325,0.21775
0.1345,0.2215
0.1365,0.2255
0.1425,0.2195
0.1465,0.2255
0.1465,0.241
0.14825,0.21525
0.14825,0.2055
0.158,0.19575
0.158,0.1915
0.158,0.18575
0.168,0.17
0.17375,0.15425
0.17375,0.14825
0.17375,0.14425
0.162,0.15025
0.12475,0.14425
0.11675,0.164
0.10725,0.18
0.123,0.18975
0.123,0.1995
0.123,0.2055
0.10725,0.1975
0.10725,0.18375
0.10725,0.178
0.10725,0.174
0.10725,0.14875
0.10725,0.14275
0.10725,0.133
0.10325,0.133
0.10325,0.133
0.10325,0.133
0.11725,0.129
0.11725,0.129
0.11725,0.123
0.10325,0.119
0.10325,0.119
0.10325,0.119
0.10325,0.119
0.10325,0.119
0.10325,0.119
0.10325,0.14675
0.10325,0.1565
0.10325,0.1625
0.10325,0.1625
0.10325,0.16625
0.10325,0.16625
0.10725,0.16625
0.09375,0.16625
0.09375,0.16625
0.09375,0.1525
0.09375,0.14675
0.09525,0.14275
0.09375,0.14275
0.09375,0.14275
0.10775,0.129
0.10775,0.129
0.10775,0.123
0.1135,0.123
0.1175,0.123
0.1175,0.123
0.1175,0.123
0.1175,0.119
0.1175,0.119
0.1175,0.11325
0.1175,0.11325
0.1175,0.10325
0.1175,0.10325
0.1175,0.10325
0.1175,0.10325
0.1175,0.10325
0.1175,0.10325
0.1175,0.10325
0.1175,0.123
0.1175,0.123
0.1175,0.129
0.1175,0.1525
0.131,0.1565
0.131,0.1525
0.131,0.1585
0.131,0.1625
0.131,0.1625
0.131,0.1625
0.131,0.1625
0.131,0.1625
0.131,0.1625
0.131,0.1625
0.131,0.14875
0.131,0.14875
0.131,0.14875
0.131,0.14875
0.131,0.14275
0.131,0.133
0.131,0.133
0.127,0.123
0.127,0.123
0.127,0.123
0.11925,0.13675
0.10375,0.127
0.10375,0.127
0.10375,0.117
0.10375,0.117
0.09775,0.11125
0.09775,0.11125
0.09775,0.11125
0.09775,0.10725
0.09775,0.10725
0.09775,0.10725
0.09775,0.10725
0.09775,0.10725
0.09775,0.10725
0.09475,0.121
0.094,0.127
0.094,0.13675
0.094,0.13675
0.094,0.14275
0.094,0.14275
0.094,0.14675
0.094,0.1525
0.094,0.1565
0.094,0.1565
0.094,0.1565
0.094,0.13325
0.094,0.1525
0.088,0.14675
0.088,0.1195
0.084,0.133
0.084,0.1135
0.084,0.1135
0.084,0.10975
0.084,0.1
0.07025,0.1
0.06425,0.094
0.06425,0.08425
0.06425,0.08425
0.06425,0.08425
0.0615,0.08425
0.0585,0.08025
0.0585,0.07425
0.0585,0.07425
0.0545,0.07425
0.0545,0.07425
0.0545,0.07025
0.0545,0.07025
0.0545,0.07025
0.0545,0.07025
0.0545,0.08425
0.0545,0.09
0.06425,0.09
0.06425,0.094
0.06425,0.094
0.06425,0.11725
0.06725,0.123
0.06425,0.127
0.06425,0.127
0.07025,0.127
0.07025,0.133
0.07025,0.133
0.08025,0.133
0.08025,0.133
0.08025,0.133
0.08025,0.133
0.08025,0.133
0.08025,0.133
0.084,0.133
0.084,0.133
0.084,0.133
0.094,0.11725
0.09975,0.11725
0.10375,0.11725
0.10375,0.11725
0.10375,0.133
0.10375,0.13875
0.1175,0.133
0.1235,0.15275
0.1235,0.13925
0.1235,0.16825
0.12925,0.1625
0.12925,0.17825
0.13325,0.192
0.14475,0.17825
0.14875,0.17825
0.15475,0.17475
0.1545,0.192
0.1545,0.198
0.1545,0.198
0.1605,0.20375
0.1605,0.20375
0.1625,0.192
0.1625,0.192
0.1625,0.188
0.1625,0.17625
0.1685,0.16625
0.17625,0.1565
0.17825,0.14275
0.2,0.13675
0.20375,0.127
0.20975,0.121
0.21575,0.11125
0.21375,0.11125
0.21175,0.11125
0.21175,0.10725
0.21975,0.0935
0.21975,0.10725
0.21975,0.10725
0.21175,0.10725
0.21175,0.10725
0.21575,0.10725
0.21575,0.10725
0.21575,0.10725
0.21575,0.10725
0.192,0.10725
0.17425,0.10725
0.1665,0.127
0.15675,0.13675
0.14275,0.14275
0.13325,0.14675
0.12925,0.1525
0.1135,0.1565
0.1135,0.1625
0.1135,0.16625
0.10775,0.16625
0.10775,0.16625
0.10375,0.16625
0.10375,0.1525
0.10375,0.14675
0.1175,0.14275
0.1175,0.14275
0.1175,0.14275
0.10375,0.14275
0.10375,0.14275
0.10375,0.14275
0.10375,0.13675
0.1175,0.13675
0.1175,0.13275
0.1175,0.13275
0.1175,0.127
0.1175,0.127
0.1175,0.121
0.1175,0.121
0.1175,0.121
0.1175,0.121
0.1175,0.121
0.1175,0.121
0.1175,0.121
0.1175,0.121
0.1175,0.121
0.1175,0.121
0.1175,0.14275
0.1175,0.14275
0.1175,0.14675
0.1175,0.1525
0.1175,0.1565
0.1175,0.1565
0.1175,0.1565
0.1175,0.1565
0.1175,0.1565
0.1175,0.1565
0.1175,0.1565
0.1175,0.1565
0.1175,0.14275
0.1175,0.14275
0.1175,0.13675
0.1175,0.13275
0.1175,0.13275
0.1175,0.13275
0.1175,0.13275
0.1175,0.13275
0.1175,0.1525
0.1175,0.1625
0.1175,0.1625
0.1175,0.17225
0.1175,0.17625
0.1175,0.17625
0.1175,0.18225
0.1175,0.18225
0.1175,0.18225
0.1175,0.18225
0.1175,0.16625
0.1175,0.16625
0.1175,0.16625
0.1175,0.1625
0.1175,0.1525
0.1175,0.14675
0.1175,0.13675
0.1175,0.13675
0.1175,0.13275
0.1175,0.13275
0.1175,0.13275
0.1175,0.13275
0.1175,0.127
0.1175,0.127
0.1175,0.121
0.1175,0.117
0.1175,0.117
0.1175,0.117
0.1175,0.117
0.1175,0.117
0.1175,0.117
0.1175,0.11125
0.1175,0.11125
0.1175,0.11125
0.1175,0.11125
0.1175,0.11125
0.1175,0.11125
0.1175,0.10725
0.1175,0.10725
0.1175,0.10725
0.1175,0.10725
0.1175,0.10725
0.1175,0.10725
0.1175,0.127
0.1175,0.127
0.1175,0.127
0.1175,0.127
0.1175,0.127
0.1175,0.127
0.1175,0.127
0.1175,0.127
0.1175,0.127
0.1175,0.127
0.1175,0.127
0.1175,0.127
0.1175,0.13675
0.1175,0.13675
0.1175,0.13675
0.1175,0.14275
0.1175,0.14825
0.1175,0.15225
0.1175,0.166
0.1175,0.166
0.1175,0.172
0.1175,0.174
0.1175,0.168
0.1175,0.168
0.1175,0.15625
0.1175,0.15625
0.1175,0.15625
0.1175,0.15225
0.1175,0.15425
0.1175,0.15425
0.1175,0.15425
0.123,0.15425
0.129,0.15425
0.133,0.15425
0.13675,0.15425
0.14075,0.15425
0.14875,0.15425
0.1565,0.15425
0.1565,0.17
0.1525,0.17
0.1525,0.17
0.1525,0.17
0.1525,0.17
0.1525,0.17
0.1525,0.17
0.1525,0.17
0.1525,0.17
0.1525,0.17
0.1525,0.17
0.1525,0.17
0.1525,0.17
0.1525,0.17
0.1525,0.17
0.15075,0.17
0.15075,0.17
0.14875,0.17
0.14275,0.17
0.13875,0.17
0.13875,0.17
0.13875,0.17
0.13675,0.17
0.13675,0.17
0.129,0.17
0.127,0.17
0.123,0.15425
0.1175,0.15425
0.1175,0.15425
0.1175,0.15425
0.1175,0.15425
0.09575,0.15425
0.08975,0.16025
0.08775,0.166
0.09375,0.172
0.1175,0.176
0.127,0.18975
0.13875,0.19975
0.1525,0.2015
0.17425,0.2075
0.17425,0.21925
0.17825,0.241
0.18425,0.249
0.194,0.255
0.198,0.255
0.20575,0.25675
0.21175,0.25875
0.21175,0.26075
0.21375,0.26075
0.2255,0.26075
0.25525,0.26075
0.25925,0.26475
0.25925,0.26475
0.25925,0.26475
0.25925,0.26475
0.25925,0.26475
0.25925,0.26775
0.25925,0.265
0.25925,0.265
0.25925,0.27075
0.25925,0.27075
0.25925,0.2745
0.25925,0.2745
0.25925,0.2745
0.25925,0.2745
0.24925,0.2745
0.2235,0.276
0.1685,0.2745
0.14275,0.2775
0.133,0.2385
0.123,0.2115
0.1175,0.19125
0.1175,0.17975
0.1175,0.17
0.1175,0.1695
0.1175,0.162
0.1175,0.15825
0.1175,0.15375
0.1175,0.15225
0.1175,0.14825
0.1175,0.14825
0.1175,0.14825
0.1175,0.14525
0.1175,0.14225
0.1175,0.1365
0.1175,0.1365
0.1175,0.15225
0.10775,0.15225
0.10925,0.15225
0.10325,0.15625
0.10325,0.1575
0.10475,0.16025
0.10325,0.16025
0.10325,0.16475
0.10325,0.15675
0.10325,0.156
0.10325,0.14825
0.10325,0.14825
0.10475,0.14625
0.10325,0.1265
0.10325,0.11275
0.10325,0.10675
0.10325,0.10675
0.10325,0.10475
0.10325,0.10475
0.10325,0.10475
0.10325,0.10125
0.09775,0.09825
0.09775,0.09525
0.09775,0.09525
0.09775,0.10875
0.09775,0.09525
0.10225,0.09525
0.10375,0.09525
0.1135,0.09525
0.1155,0.09375
0.1175,0.09375
0.1175,0.09375
0.1175,0.09375
0.1175,0.09375
0.1175,0.09375
0.1175,0.09375
0.1175,0.09375
0.1205,0.09375
0.1175,0.09375
0.1175,0.09375
0.1175,0.09375
0.1175,0.09375
0.1175,0.09375
0.1175,0.09375
0.1175,0.09375
0.1175,0.09375
0.119,0.09525
0.1175,0.09375
0.1175,0.09375
0.1205,0.09375
0.1175,0.10725
0.1175,0.09725
0.1175,0.09725
0.1175,0.09725
0.1175,0.09725
0.1175,0.09725
0.1175,0.09725
0.1175,0.09725
0.1175,0.09725
0.1175,0.09725
0.1175,0.09725
0.1175,0.09725
0.1175,0.09725
0.1175,0.09725
0.1175,0.09725
0.1175,0.09725
0.1175,0.09725
0.1175,0.113
0.1175,0.113
0.1175,0.113
0.1175,0.113
0.1175,0.113
0.1175,0.113
0.1175,0.113
0.1175,0.113
0.1175,0.113
0.1175,0.113
0.1175,0.113
0.1175,0.113
0.1175,0.113
0.1175,0.1145
0.1175,0.109
0.1175,0.109
0.1175,0.109
0.1175,0.112
0.1175,0.109
0.1175,0.109
0.119,0.109
0.1205,0.1105
0.1175,0.109
0.1175,0.109
0.1175,0.109
0.1175,0.109
0.1175,0.109
0.1175,0.109
0.11575,0.109
0.11575,0.109
0.11175,0.109
0.1175,0.109
0.1175,0.109
0.1175,0.109
0.11325,0.109
0.11175,0.109
0.11175,0.109
0.11175,0.109
0.11175,0.109
0.11175,0.109
0.11175,0.112
0.11175,0.109
0.11175,0.109
0.11175,0.109
0.11175,0.109
0.1175,0.109
0.1175,0.109
0.1175,0.109
0.1175,0.109
0.1175,0.1105
0.1175,0.109
0.1175,0.109
0.119,0.109
0.1175,0.109
0.1175,0.109
0.1175,0.109
0.1175,0.109
0.1235,0.109
0.12925,0.109
0.13325,0.109
0.13925,0.109
0.13925,0.109
0.14325,0.1105
0.14325,0.109
0.14325,0.1105
0.14325,0.109
0.14325,0.109
0.14675,0.109
0.14875,0.109
0.14875,0.109
0.14875,0.109
0.13475,0.109
0.129,0.109
0.123,0.109
0.123,0.109
0.123,0.109
0.123,0.109
0.121,0.109
0.15275,0.109
0.15275,0.1255
0.18225,0.144
0.194,0.16975
0.202,0.17775
0.21175,0.17775
0.196,0.17775
0.19,0.17775
0.19225,0.17775
0.17625,0.19175
0.1645,0.2045
0.14475,0.2015
0.11125,0.2015
0.0935,0.2015
0.084,0.2045
0.078,0.2015
0.05425,0.2015
0.04825,0.2015
0.04725,0.2015
0.04475,0.2015
0.03875,0.18775
0.03475,0.18775
0.03475,0.18775
0.03275,0.18175
0.03275,0.18175
0.03275,0.18475
0.03275,0.18175
0.03425,0.18175
0.03275,0.18175
0.03425,0.18175
0.03275,0.17575
0.03275,0.162
0.03275,0.16
0.03275,0.14425
0.03275,0.13825
0.03275,0.13825
0.03275,0.13825
0.03275,0.13825
0.03275,0.13825
0.03275,0.13825
0.03275,0.13825
0.039,0.13825
0.037,0.1555
0.053,0.164
0.05275,0.164
0.05275,0.168
0.05275,0.17725
0.04875,0.1875
0.04875,0.1915
0.04875,0.1915
0.04875,0.1975
0.04875,0.1975
0.04875,0.20625
0.04875,0.20325
0.06875,0.20325
0.06875,0.20325
0.06875,0.20325
0.05275,0.20625
0.05275,0.1875
0.05275,0.1815
0.0445,0.1815
0.03725,0.1815
0.01125,0.17775
0.00925,0.17775
0.00925,0.17775
0.00925,0.172
0.00525,0.17
0.00525,0.168
0.00525,0.168
0.00325,0.164
0.00325,0.164
-0.00675,0.164
-0.01875,0.16
-0.01875,0.15425
-0.01875,0.15425
-0.01875,0.18775
-0.01875,0.18775
-0.01025,0.19175
-0.01325,0.19175
-0.009,0.19175
-0.009,0.19175
-0.009,0.19775
-0.009,0.19775
-0.009,0.19775
-0.009,0.19775
-0.009,0.19775
-0.009,0.19775
-0.009,0.19775
-0.013,0.19775
-0.013,0.17175
-0.013,0.17175
-0.013,0.17175
-0.013,0.1695
-0.013,0.168
-0.013,0.17775
-0.013,0.176
-0.013,0.19875
-0.013,0.208
-0.02125,0.202
-0.017,0.2035
-0.02425,0.20925
-0.023,0.17975
-0.025,0.1915
-0.03325,0.1895
-0.043,0.1995
-0.057,0.20925
-0.06525,0.20925
-0.06375,0.21525
-0.06225,0.21525
-0.047,0.21525
-0.04975,0.21525
-0.047,0.21925
-0.041,0.22925
-0.04375,0.2235
-0.04375,0.19775
-0.04675,0.188
-0.041,0.1785
-0.04675,0.1785
-0.04675,0.1785
-0.04225,0.1775
-0.04675,0.1715
-0.06275,0.1675
-0.05975,0.1615
-0.06275,0.14775
-0.06525,0.1635
-0.06375,0.1635
-0.06375,0.1635
-0.06225,0.14775
-0.06675,0.1635
-0.06225,0.1635
-0.05275,0.1635
-0.04525,0.14775
-0.04375,0.13425
-0.035,0.13425
-0.02875,0.13425
-0.01875,0.13425
-0.007,0.13425
-0.00975,0.13425
-0.01125,0.1535
-0.023,0.1535
-0.027,0.16725
-0.027,0.17325
-0.02975,0.17325
-0.027,0.17325
-0.03875,0.17125
-0.033,0.1595
-0.03725,0.1535
-0.03425,0.1575
-0.033,0.1575
-0.03425,0.1575
-0.017,0.13775
-0.02125,0.13775
-0.017,0.13775
-0.01975,0.13175
-0.01875,0.13175
-0.01575,0.12975
-0.01725,0.1455
-0.007,0.1455
-0.01125,0.12975
-0.00775,0.12575
-0.00225,0.12575
-0.001,0.12575
-0.001,0.12575
-0.00525,0.12575
-0.00475,0.1415
0.007,0.12575
0.011,0.12625
0.00525,0.12625
0.00975,0.12625
0.00525,0.13225
0.011,0.13225
0.011,0.12825
0.011,0.13025
0.011,0.13025
0.011,0.13025
0.011,0.13175
0.015,0.13025
0.015,0.13025
0.015,0.14575
0.015,0.14575
-0.003,0.14575
-0.003,0.14575
-0.003,0.14575
-0.003,0.14575
-0.003,0.13175
-0.003,0.128
-0.003,0.128
-0.003,0.126
-0.003,0.126
-0.007,0.122
-0.009,0.12
-0.013,0.118
-0.013,0.118
-0.013,0.118
-0.029,0.118
-0.029,0.118
-0.029,0.136
-0.031,0.14375
-0.031,0.14575
-0.035,0.1615
-0.035,0.1695
-0.035,0.17125
-0.041,0.17725
-0.047,0.17925
-0.04875,0.18125
-0.04875,0.17925
-0.04475,0.18525
-0.04475,0.18525
-0.04475,0.18725
-0.05675,0.191
-0.05675,0.191
-0.06075,0.191
-0.04675,0.191
-0.06875,0.191
-0.06875,0.17525
-0.06875,0.16925
-0.06875,0.16325
-0.06875,0.16325
-0.06875,0.15925
-0.06875,0.15925
-0.06875,0.15925
-0.06875,0.15925
-0.06875,0.15925
-0.05275,0.1435
-0.05275,0.15925
-0.05275,0.1435
-0.05675,0.1435
-0.04675,0.1435
-0.05275,0.13375
-0.05275,0.12775
-0.05275,0.1125
-0.0585,0.1065
-0.04675,0.12375
-0.07075,0.12775
-0.07075,0.12775
-0.07075,0.12775
-0.05075,0.12775
-0.06675,0.12775
-0.08675,0.12775
-0.09075,0.12775
-0.09475,0.12775
-0.09075,0.12775
-0.08475,0.12775
-0.07475,0.12775
-0.07275,0.12775
-0.06875,0.12775
-0.05675,0.12775
-0.05675,0.1395
-0.05675,0.1415
-0.05075,0.15125
-0.04675,0.15725
-0.04675,0.15725
-0.04675,0.16725
-0.05675,0.169
-0.06875,0.177
-0.08675,0.18675
-0.09075,0.19075
-0.09675,0.19475
-0.09875,0.19475
-0.09875,0.19675
-0.10275,0.19675
-0.09675,0.19675
-0.10275,0.19675
-0.10275,0.19875
-0.10475,0.185
-0.10875,0.183
-0.10875,0.185
-0.10875,0.177
-0.10875,0.175
-0.10875,0.183
-0.10875,0.183
-0.10875,0.177
-0.10875,0.183
-0.10875,0.183
-0.10875,0.19675
-0.10875,0.19675
-0.10875,0.19875
-0.10875,0.19875
-0.10875,0.19875
-0.10875,0.19875
-0.10075,0.19875
-0.07875,0.19875
-0.06675,0.19875
-0.05875,0.185
-0.04875,0.185
-0.04675,0.173
-0.04075,0.173
-0.04075,0.173
-0.04075,0.17125
-0.06075,0.16725
-0.06075,0.16325
-0.05075,0.16325
-0.04075,0.15725
-0.03875,0.16325
-0.03475,0.15525
-0.04075,0.15725
-0.04075,0.15325
-0.04075,0.1455
-0.04075,0.1395
-0.03075,0.1335
-0.03075,0.12575
-0.01475,0.12375
-0.01275,0.108
-0.01275,0.0965
-0.01275,0.0965
-0.00875,0.0965
-0.01475,0.0925
-0.03075,0.09075
-0.0445,0.09075
-0.0445,0.09075
-0.0445,0.08675
-0.0485,0.079
-0.0485,0.075
-0.0365,0.08825
-0.0225,0.09225
-0.01675,0.096
-0.0265,0.09225
-0.01675,0.09025
-0.01675,0.09025
-0.01675,0.09625
-0.01675,0.106
-0.01675,0.106
-0.01275,0.10025
-0.00675,0.10025
-0.00275,0.09825
-0.00275,0.09825
-0.00275,0.11425
-0.00275,0.11425
-0.00275,0.11425
-0.00875,0.11425
-0.05275,0.14175
-0.09675,0.23625
-0.1345,0.35675
-0.2405,0.351
-0.26275,0.36075
-0.27475,0.36475
-0.31675,0.36475
-0.33475,0.36475
-0.33475,0.36475
-0.36075,0.36475
-0.38475,0.36475
-0.39925,0.36475
-0.40475,0.36475
-0.39075,0.37075
-0.38175,0.37175
-0.39275,0.38175
-0.39275,0.45075
-0.38875,0.5015
-0.3985,0.53025
-0.40825,0.55075
-0.436,0.54675
-0.4445,0.51325
-0.42775,0.5015
-0.43775,0.486
-0.44175,0.45625
-0.44175,0.4405
-0.43525,0.4305
-0.42225,0.4305
-0.43825,0.41675
-0.41475,0.3775
-0.4105,0.3555
-0.41275,0.3475
-0.4265,0.334
-0.45875,0.33
-0.4725,0.31425
-0.4565,0.2905
-0.43075,0.28075
-0.42975,0.27875
-0.42075,0.29225
-0.481,0.40075
-0.52025,0.47575
-0.513,0.56275
-0.4905,0.5785
-0.4955,0.56675
-0.4795,0.547
-0.4735,0.52725
-0.4695,0.52225
-0.4535,0.55075
-0.4335,0.531
-0.4245,0.535
-0.4105,0.4955
-0.4045,0.4895
-0.43025,0.4895
-0.468,0.4895
-0.50425,0.4895
-0.54425,0.4895
-0.611,0.5055
-0.643,0.51525
-0.647,0.531
-0.647,0.5805
-0.653,0.5825
-0.653,0.60225
-0.653,0.56475
-0.647,0.55875
-0.647,0.547
-0.647,0.53325
-0.647,0.53125
-0.64,0.53125
-0.63125,0.52325
-0.61725,0.52325
-0.60725,0.52325
-0.59125,0.4975
-0.58125,0.48775
-0.57525,0.47175
-0.563,0.4535
-0.551,0.389
-0.539,0.3595
-0.523,0.34775
-0.49525,0.34325
-0.45725,0.32
-0.44925,0.314
-0.44925,0.3675
-0.44625,0.462
-0.44925,0.55375
-0.48125,0.5625
-0.50725,0.543
-0.5185,0.533
-0.561,0.543
-0.66325,0.55275
-0.66925,0.55075
-0.65925,0.5385
-0.65925,0.533
-0.62325,0.527
-0.61725,0.50325
-0.61725,0.48575
-0.61725,0.476
-0.61725,0.47
-0.63725,0.4305
-0.63725,0.40675
-0.63725,0.39075
-0.63725,0.383
-0.63725,0.3615
-0.63725,0.3515
-0.62325,0.326
-0.62325,0.33575
-0.6175,0.32
-0.6175,0.314
-0.6135,0.314
-0.6015,0.33975
-0.5975,0.36825
-0.5755,0.379
-0.5715,0.462
-0.5715,0.547
-0.5975,0.56075
-0.6075,0.56075
-0.6115,0.56075
-0.6315,0.547
-0.6375,0.5385
-0.6375,0.537
-0.6375,0.53125
-0.6435,0.52525
-0.6215,0.5055
-0.6145,0.4955
-0.6105,0.48175
-0.6075,0.49175
-0.6015,0.5015
-0.5915,0.5015
-0.5915,0.51725
-0.5915,0.52325
-0.5915,0.537
-0.5915,0.584
-0.5915,0.58775
-0.6015,0.58625
-0.6015,0.574
-0.6015,0.56075
-0.6015,0.55075
-0.6015,0.544
-0.6175,0.541
-0.6175,0.537
-0.6175,0.53175
-0.6205,0.52575
-0.6235,0.52325
-0.6235,0.51725
-0.6235,0.5355
-0.6235,0.5455
-0.6235,0.5885
-0.6235,0.59825
-0.6235,0.60525
-0.6275,0.60225
-0.6115,0.60825
-0.6115,0.5855
-0.6115,0.5755
-0.6115,0.5725
-0.6275,0.55725
-0.6275,0.539
-0.6275,0.517
-0.6275,0.51325
-0.6275,0.50325
-0.6275,0.5035
-0.6115,0.5035
-0.6115,0.5035
-0.6075,0.5045
-0.6075,0.5015
-0.6075,0.5015
-0.6075,0.5015
-0.6075,0.5015
-0.6075,0.4975
-0.6075,0.4975
-0.6075,0.4915
-0.6075,0.4915
-0.6075,0.4915
-0.601,0.4915
-0.601,0.4915
-0.589,0.4915
-0.568,0.4915
-0.561,0.4915
-0.545,0.4915
-0.553,0.4915
-0.547,0.46975
-0.537,0.454
-0.525,0.442
-0.517,0.43425
-0.481,0.4285
-0.481,0.4225
-0.459,0.40675
-0.471,0.40475
-0.475,0.40475
-0.459,0.399
-0.457,0.38925
-0.453,0.3795
-0.453,0.3755
-0.453,0.3715
-0.449,0.37925
-0.449,0.37925
-0.449,0.37925
-0.445,0.37925
-0.445,0.385
-0.445,0.387
-0.445,0.37525
-0.445,0.37125
-0.445,0.3675
-0.445,0.37325
-0.445,0.38125
-0.445,0.37925
-0.43925,0.37925
-0.43375,0.37925
-0.41325,0.37925
-0.39925,0.37525
-0.38325,0.37525
-0.38525,0.37525
-0.3795,0.37525
-0.3955,0.37525
-0.4055,0.37675
-0.4175,0.37525
-0.4315,0.37825
-0.4315,0.37675
-0.4315,0.37525
-0.4315,0.37825
-0.4315,0.37525
-0.4315,0.37525
-0.4115,0.37675
-0.4075,0.37525
-0.4075,0.37525
-0.4075,0.37525
-0.4075,0.374
-0.4075,0.3695
-0.4075,0.3695
-0.4075,0.3695
-0.4075,0.3695
-0.4075,0.3695
-0.4075,0.3655
-0.4235,0.35575
-0.42175,0.34875
-0.41575,0.34
-0.40975,0.336
-0.38975,0.336
-0.38975,0.333
-0.37975,0.33
-0.37975,0.32225
-0.37575,0.31425
-0.35275,0.31025
-0.35775,0.3075
-0.38775,0.3005
-0.38,0.31425
-0.38,0.31025
-0.394,0.31025
-0.394,0.31025
-0.4,0.30425
-0.4,0.30425
-0.4,0.30425
-0.4,0.33375
-0.4,0.43425
-0.4,0.547
-0.426,0.596
-0.45,0.61175
-0.486,0.61625
-0.56075,0.608
-0.5935,0.59225
-0.5975,0.596
-0.6035,0.602
-0.6135,0.59325
-0.61925,0.5895
-0.62325,0.598
-0.62925,0.59425
-0.63325,0.5825
-0.63325,0.58225
-0.639,0.5725
-0.639,0.5665
-0.643,0.56675
-0.6475,0.5825
-0.643,0.5725
-0.643,0.5725
-0.647,0.5725
-0.653,0.5625
-0.647,0.58825
-0.647,0.608
-0.647,0.63375
-0.647,0.6475
-0.6485,0.65925
-0.653,0.67725
-0.653,0.6555
-0.653,0.65175
-0.653,0.64575
-0.653,0.6475
-0.633,0.6415
-0.623,0.63175
-0.607,0.62775
-0.587,0.616
-0.567,0.60225
-0.563,0.59625
-0.563,0.59225
-0.54875,0.58625
-0.55675,0.5825
-0.55275,0.56075
-0.55075,0.52325
-0.54475,0.5035
-0.53875,0.47375
-0.52875,0.46975
-0.52275,0.468
-0.50475,0.462
-0.49875,0.452
-0.48675,0.44425
-0.47275,0.44225
-0.45875,0.44225
-0.46875,0.48175
-0.47275,0.59825
-0.48675,0.622
-0.48275,0.63575
-0.48475,0.63575
-0.48475,0.63575
-0.48475,0.63575
-0.46,0.63575
-0.46125,0.61225
-0.46275,0.60625
-0.46275,0.612
-0.46475,0.60625
-0.45875,0.5805
-0.45475,0.56275
-0.44475,0.535
-0.42875,0.49975
-0.44475,0.5095
-0.48075,0.5035
-0.503,0.4995
-0.529,0.4995
-0.519,0.4995
-0.5055,0.4995
-0.4875,0.51925
-0.4815,0.52525
-0.5115,0.5645
-0.5335,0.58425
-0.5735,0.5905
-0.5895,0.63375
-0.5935,0.64175
-0.5935,0.66725
-0.5935,0.6615
-0.6035,0.66725
-0.61925,0.66725
-0.62725,0.67725
-0.62725,0.66725
-0.62725,0.6515
-0.62725,0.66525
-0.61725,0.66125
-0.61725,0.6415
-0.61725,0.63575
-0.61725,0.61
-0.61725,0.61
-0.61725,0.6
-0.61725,0.59625
-0.61725,0.57675
-0.61725,0.538
-0.61725,0.53875
-0.61725,0.531
-0.61725,0.4975
-0.63125,0.49175
-0.63125,0.48575
-0.63125,0.48575
-0.61725,0.48175
-0.61725,0.48175
-0.61725,0.48175
-0.61725,0.48325
-0.61725,0.4875
-0.61725,0.51125
-0.61725,0.527
-0.59325,0.5825
-0.60925,0.61275
-0.59325,0.63775
-0.59325,0.65125
-0.58925,0.66125
-0.58925,0.6475
-0.5955,0.6415
-0.5795,0.64375
-0.5755,0.63375
-0.5415,0.62
-0.5575,0.609
-0.5735,0.532
-0.5535,0.52525
-0.5535,0.5175
-0.5775,0.52125
-0.5815,0.5075
-0.5955,0.52125
-0.5955,0.51725
-0.5955,0.50325
-0.5815,0.4975
-0.5815,0.4875
-0.5815,0.46975
-0.5815,0.464
-0.5815,0.4365
-0.5815,0.4405
-0.5815,0.4275
-0.5815,0.4225
-0.5755,0.4185
-0.5475,0.39475
-0.5315,0.39675
-0.5475,0.395
-0.5515,0.40125
-0.5675,0.375
-0.5435,0.36525
-0.5435,0.36675
-0.5295,0.36525
-0.5215,0.3475
-0.5215,0.3475
-0.5155,0.3415
-0.5055,0.3535
-0.5455,0.379
-0.5295,0.383
-0.5095,0.43025
-0.4795,0.4875
-0.4375,0.49925
-0.4115,0.50275
-0.4055,0.4955
-0.36725,0.50125
-0.34925,0.503
-0.36325,0.515
-0.37725,0.533
-0.40325,0.5585
-0.42125,0.57825
-0.42125,0.57825
-0.42125,0.598
-0.40125,0.59225
-0.39525,0.61975
-0.38525,0.6315
-0.39725,0.64325
-0.42325,0.673
-0.47725,0.677
-0.52125,0.677
-0.53725,0.677
-0.54325,0.677
-0.54525,0.677
-0.55725,0.677
-0.56525,0.677
-0.58125,0.677
-0.5835,0.677
-0.5675,0.6785
-0.5835,0.677
-0.5835,0.68
-0.5675,0.677
-0.5675,0.677
-0.5555,0.677
-0.5515,0.677
-0.5675,0.68
-0.5515,0.677
-0.5435,0.683
-0.5435,0.683
-0.5435,0.683
-0.5435,0.683
-0.5435,0.683
-0.5435,0.683
-0.5435,0.683
-0.5435,0.683
-0.5435,0.683
-0.5495,0.66725
-0.5495,0.66125
-0.5535,0.6575
-0.55925,0.6515
-0.55925,0.6475
-0.55925,0.63775
-0.55,0.62775
-0.5435,0.622
-0.538,0.60225
-0.541,0.58625
-0.535,0.5805
-0.52325,0.57075
-0.53125,0.56475
-0.53125,0.56075
-0.52925,0.55475
-0.51125,0.551
-0.50325,0.545
-0.51325,0.541
-0.51125,0.541
-0.51125,0.53525
-0.49725,0.53525
-0.48125,0.53525
-0.47725,0.53525
-0.47125,0.53525
-0.47125,0.53525
-0.48725,0.53525
-0.50525,0.56075
-0.52125,0.56075
-0.5415,0.5765
-0.5415,0.59025
-0.5415,0.63175
-0.5315,0.6615
-0.5155,0.67125
-0.4855,0.67525
-0.4795,0.67525
-0.4635,0.67525
-0.4595,0.67525
-0.4975,0.6615
-0.4855,0.6615
-0.4915,0.6615
-0.5075,0.6555
-0.5075,0.60625
-0.4915,0.60025
-0.4715,0.5805
-0.4655,0.55475
-0.4655,0.543
-0.4595,0.539
-0.4655,0.53325
-0.4455,0.52725
-0.4255,0.52325
-0.4255,0.52325
-0.4515,0.51725
-0.4785,0.5135
-0.5275,0.5075
-0.5575,0.5035
-0.5475,0.5015
-0.5435,0.5015
-0.5235,0.52125
-0.5175,0.539
-0.5175,0.54475
-0.5075,0.56275
-0.5015,0.606
-0.4915,0.616
-0.4875,0.62175
-0.5015,0.606
-0.5075,0.58225
-0.5075,0.5725
-0.5075,0.56275
-0.4915,0.52725
-0.4675,0.5015
-0.4615,0.5075
-0.4555,0.5095
-0.4555,0.53525
-0.4715,0.53525
-0.4775,0.55275
-0.4815,0.55675
-0.4815,0.547
-0.4875,0.5195
-0.4875,0.5155
-0.4875,0.5095
-0.4915,0.5215
-0.5015,0.5115
-0.5115,0.5115
-0.5115,0.53525
-0.5115,0.50175
-0.4975,0.50175
-0.4975,0.50175
-0.5115,0.5175
-0.5115,0.50175
-0.5115,0.5175
-0.5115,0.5175
-0.5175,0.53725
-0.5175,0.551
-0.5175,0.56675
-0.5175,0.5865
-0.5175,0.628
-0.5175,0.628
-0.5175,0.61225
-0.5175,0.60625
-0.5175,0.5925
-0.5175,0.5825
-0.5235,0.57275
-0.5275,0.56675
-0.5335,0.56275
-0.5375,0.557
-0.5375,0.557
-0.5375,0.551
-0.5375,0.551
-0.5235,0.547
-0.5235,0.541
-0.5235,0.541
-0.5235,0.53725
-0.5235,0.53125
-0.522,0.52725
-0.5145,0.5055
-0.5175,0.5055
-0.5175,0.49
-0.5175,0.49275
-0.5175,0.482
-0.5175,0.486
-0.5175,0.476
-0.5175,0.46625
-0.5075,0.472
-0.5015,0.472
-0.5015,0.45625
-0.5015,0.46025
-0.5015,0.4385
-0.5015,0.4245
-0.5,0.44825
-0.5015,0.4285
-0.5015,0.4285
-0.4975,0.44425
-0.4975,0.43725
-0.4975,0.4305
-0.4975,0.4305
-0.4975,0.44425
-0.4975,0.42725
-0.4975,0.4245
-0.4975,0.4205
-0.4975,0.4205
-0.4975,0.44025
-0.4975,0.45025
-0.4915,0.4305
-0.4875,0.4305
-0.4775,0.4245
-0.4615,0.46
-0.4555,0.466
-0.4555,0.47575
-0.4555,0.4995
-0.4555,0.5095
-0.44325,0.5075
-0.40325,0.50725
-0.40125,0.527
-0.39725,0.54775
-0.39725,0.56075
-0.39725,0.55575
-0.39725,0.54475
-0.39725,0.5665
-0.39725,0.5545
-0.39725,0.529
-0.39725,0.55075
-0.38325,0.5665
-0.37725,0.56575
-0.36525,0.547
-0.36525,0.56275
-0.36525,0.55275
-0.36525,0.5695
-0.36525,0.58225
-0.37125,0.57825
-0.37125,0.543
-0.37125,0.51725
-0.37525,0.51325
-0.381,0.50725
-0.381,0.51325
-0.381,0.5035
-0.381,0.4995
-0.367,0.49375
-0.357,0.48775
-0.341,0.48175
-0.341,0.466
-0.341,0.46
-0.331,0.44425
-0.325,0.43425
-0.325,0.42625
-0.325,0.42625
-0.351,0.42225
-0.35125,0.4025
-0.36125,0.4065
-0.35525,0.4065
-0.36125,0.4065
-0.35125,0.40275
-0.3415,0.397
-0.3395,0.389
-0.3395,0.37725
-0.3395,0.37725
-0.3355,0.3695
-0.3355,0.35375
-0.32975,0.3655
-0.32975,0.35175
-0.32975,0.34775
-0.32975,0.34775
-0.32975,0.3615
-0.31575,0.33775
-0.30875,0.33175
-0.3195,0.34775
-0.3285,0.34775
-0.34325,0.37325
-0.40525,0.38325
-0.4515,0.4085
-0.4615,0.50325
-0.4775,0.531
-0.4975,0.537
-0.51725,0.52325
-0.52725,0.52325
-0.53725,0.55275
-0.53725,0.55675
-0.54125,0.55675
-0.54725,0.58825
-0.55725,0.58925
-0.563,0.62275
-0.563,0.63775
-0.563,0.62775
-0.5615,0.6375
-0.55875,0.6475
-0.563,0.618
-0.55725,0.608
-0.579,0.59225
-0.57325,0.60625
-0.57325,0.5825
-0.56925,0.5765
-0.56525,0.55675
-0.56525,0.54125
-0.57725,0.547
-0.58125,0.531
-0.58125,0.543
-0.57725,0.53725
-0.57425,0.53725
-0.57125,0.53875
-0.57125,0.553
-0.57125,0.53875
-0.56525,0.52725
-0.553,0.52725
-0.535,0.5115
-0.519,0.5075
-0.513,0.50175
-0.497,0.50175
-0.473,0.50175
-0.457,0.50175
-0.4215,0.50175
-0.40725,0.50175
-0.40725,0.50175
-0.40725,0.49575
-0.40725,0.5155
-0.39925,0.52725
-0.37925,0.53725
-0.37125,0.551
-0.37125,0.557
-0.37925,0.56075
-0.40125,0.56075
-0.43725,0.56075
-0.43925,0.545
-0.46925,0.535
-0.48125,0.53125
-0.48725,0.53125
-0.49325,0.52525
-0.49325,0.52125
-0.49725,0.5155
-0.49725,0.5095
-0.49725,0.5055
-0.49725,0.507
-0.50325,0.4995
-0.49975,0.4995
-0.48125,0.49575
-0.48725,0.48
-0.51525,0.476
-0.54125,0.4635
-0.53975,0.44825
-0.53825,0.4345
-0.54125,0.44025
-0.54125,0.44025
-0.54125,0.45225
-0.53525,0.45825
-0.53525,0.45425
-0.48725,0.464
-0.48725,0.474
-0.50725,0.49
-0.48325,0.5235
-0.48725,0.51725
-0.48725,0.51725
-0.48725,0.5075
-0.45325,0.48575
-0.45325,0.48575
-0.43725,0.474
-0.41525,0.468
-0.45125,0.44425
-0.46125,0.4305
-0.48125,0.42475
-0.48525,0.41875
-0.52525,0.41875
-0.57125,0.41475
-0.57125,0.41075
-0.54525,0.4205
-0.55525,0.4285
-0.55125,0.4325
-0.55925,0.42675
-0.55925,0.42875
-0.53725,0.4265
-0.5615,0.43425
-0.5615,0.43625
-0.5815,0.44025
-0.5655,0.44725
-0.5615,0.466
-0.5775,0.47
-0.5855,0.5055
-0.59125,0.53125
-0.59525,0.547
-0.60125,0.547
-0.60125,0.547
-0.60125,0.53125
-0.60125,0.52525
-0.58925,0.51525
-0.60525,0.5055
-0.59325,0.49175
-0.59325,0.48575
-0.58925,0.48175
-0.58525,0.48175
-0.57725,0.479
-0.60125,0.466
-0.59725,0.466
-0.58125,0.47175
-0.58125,0.47575
-0.58125,0.4955
-0.58125,0.50975
-0.58125,0.52725
-0.58125,0.55675
-0.58125,0.5625
-0.58125,0.5685
-0.58125,0.5755
-0.58125,0.58375
-0.58125,0.59225
-0.58125,0.58225
-0.58125,0.58225
-0.58125,0.58225
-0.58125,0.588
-0.58125,0.585
-0.58125,0.588
-0.58125,0.58425
-0.58125,0.58525
-0.58125,0.58825
-0.58125,0.611
-0.59725,0.59825
-0.59725,0.63175
-0.60125,0.6415
-0.60125,0.6475
-0.60125,0.6475
-0.60125,0.6475
-0.58525,0.6475
-0.58525,0.66275
-0.58525,0.67125
-0.58525,0.687
-0.58525,0.687
-0.58525,0.687
-0.58525,0.687
-0.58525,0.687
-0.58525,0.687
-0.58125,0.67275
-0.58125,0.6515
-0.58125,0.63175
-0.58125,0.62575
-0.58125,0.62175
-0.58125,0.616
-0.587,0.606
-0.594,0.606
-0.598,0.606
-0.601,0.606
-0.604,0.606
-0.61275,0.606
-0.61675,0.606
-0.61675,0.62175
-0.61675,0.62175
-0.63275,0.62575
-0.63275,0.63175
-0.63275,0.63175
-0.63275,0.63175
-0.63275,0.63175
-0.63275,0.63325
-0.63275,0.63175
-0.63275,0.63175
-0.63275,0.63175
-0.63275,0.63175
-0.63275,0.6415
-0.63275,0.64425
-0.63275,0.6415
-0.63275,0.6415
-0.63275,0.62575
-0.61675,0.6415
-0.61675,0.6415
-0.61675,0.6475
-0.61675,0.63175
-0.61675,0.63175
-0.61675,0.63175
-0.61675,0.6475
-0.61675,0.6475
-0.61675,0.6475
-0.61675,0.6475
-0.61275,0.6475
-0.60275,0.6475
-0.59675,0.6475
-0.59675,0.6475
-0.59675,0.6475
-0.59675,0.66325
-0.59675,0.66725
-0.59675,0.66725
-0.59675,0.677
-0.59675,0.70675
-0.61675,0.7285
-0.61675,0.74625
-0.61675,0.758
-0.61675,0.78525
-0.61675,0.75225
-0.61675,0.7655
-0.61675,0.75825
-0.61675,0.7285
-0.61675,0.7185
-0.61675,0.7225
-0.61675,0.7225
-0.61675,0.70875
-0.61675,0.70875
-0.61675,0.7225
-0.61675,0.71275
-0.61675,0.71275
-0.61675,0.697
-0.61675,0.70075
-0.61675,0.72325
-0.63275,0.7205
-0.63275,0.7205
-0.63275,0.7205
-0.63275,0.7205
-0.63675,0.7205
-0.64475,0.71675
-0.62475,0.70075
-0.62475,0.697
-0.62875,0.71875
-0.62875,0.7285
-0.62875,0.764
-0.62875,0.77775
-0.62875,0.77775
-0.62875,0.77775
-0.64475,0.764
-0.62875,0.764
-0.63275,0.764
-0.63675,0.75825
-0.63675,0.75225
-0.63675,0.7325
-0.63675,0.71875
-0.63675,0.71275
-0.63675,0.70875
-0.63675,0.703
-0.63675,0.697
-0.63675,0.697
-0.63675,0.6945
-0.63675,0.693
-0.63275,0.693
-0.627,0.693
-0.631,0.693
-0.63825,0.71275
-0.621,0.7285
-0.613,0.75825
-0.587,0.764
-0.583,0.77075
-0.59525,0.76975
-0.58575,0.764
-0.583,0.76
-0.599,0.757
-0.59675,0.751
-0.611,0.74825
-0.609,0.74525
-0.609,0.748
-0.615,0.75825
-0.615,0.74225
-0.631,0.7285
-0.631,0.71275
-0.631,0.7085
-0.631,0.71475
-0.615,0.693
-0.607,0.689
-0.60425,0.683
-0.599,0.663
-0.62025,0.6515
-0.619,0.6415
-0.619,0.66125
-0.60575,0.66125
-0.619,0.6415
-0.623,0.6515
-0.623,0.6675
-0.61125,0.67325
-0.60825,0.67725
-0.60975,0.67725
-0.61275,0.6605
-0.61125,0.66925
-0.607,0.66725
-0.60975,0.683
-0.61125,0.71275
-0.607,0.7225
-0.607,0.70675
-0.607,0.7225
-0.607,0.7165
-0.607,0.697
-0.623,0.67275
-0.623,0.6575
-0.623,0.6615
-0.623,0.622
-0.623,0.61225
-0.61475,0.61225
-0.6095,0.624
-0.60275,0.624
-0.59475,0.624
-0.57275,0.618
-0.52275,0.62175
-0.49875,0.61575
-0.49275,0.59625
-0.47475,0.614
-0.5005,0.60225
-0.49475,0.60825
-0.5055,0.60825
-0.487,0.60825
-0.50675,0.60825
-0.51475,0.60825
-0.56475,0.60825
-0.5855,0.60825
-0.592,0.60825
-0.60825,0.60825
-0.607,0.60825
-0.607,0.60825
-0.607,0.60825
-0.603,0.60825
-0.61325,0.60825
-0.61175,0.60825
-0.605,0.60825
-0.605,0.60825
-0.605,0.60825
-0.605,0.60825
-0.605,0.60825
-0.605,0.60825
-0.605,0.60825
-0.605,0.63375
-0.605,0.67325
-0.605,0.689
-0.61075,0.699
-0.61075,0.699
-0.605,0.699
-0.60775,0.699
-0.605,0.699
-0.605,0.699
-0.605,0.6635
-0.605,0.64775
-0.605,0.64175
-0.605,0.622
-0.60775,0.618
-0.605,0.612
-0.609,0.60825
-0.609,0.60825
-0.6075,0.60225
-0.603,0.60225
-0.593,0.60225
-0.593,0.618
-0.599,0.618
-0.599,0.62175
-0.599,0.63175
-0.599,0.65725
-0.595,0.683
-0.595,0.71275
-0.595,0.7325
-0.595,0.7225
-0.595,0.7225
-0.595,0.7385
-0.595,0.7385
-0.595,0.7385
-0.595,0.7225
-0.595,0.7225
-0.595,0.71875
-0.595,0.71275
-0.595,0.70875
-0.595,0.703
-0.595,0.687
-0.595,0.67725
-0.605,0.66725
-0.607,0.6635
-0.609,0.6635
-0.609,0.6635
-0.609,0.6575
-0.609,0.6575
-0.609,0.6535
-0.609,0.6535
-0.609,0.6535
-0.609,0.6535
-0.609,0.6535
-0.609,0.67725
-0.609,0.70875
-0.609,0.71875
-0.609,0.7225
-0.609,0.7285
-0.609,0.7285
-0.609,0.71275
-0.609,0.70875
-0.609,0.70875
-0.609,0.697
-0.609,0.67725
-0.609,0.67325
-0.609,0.6635
-0.609,0.6635
-0.609,0.6635
-0.609,0.6575
-0.609,0.6575
-0.609,0.6575
-0.609,0.6575
-0.609,0.6535
-0.609,0.6535
-0.609,0.6535
-0.609,0.6535
-0.609,0.6535
-0.609,0.6535
-0.609,0.67325
-0.637,0.693
-0.641,0.7285
-0.637,0.74225
-0.649,0.74225
-0.649,0.74225
-0.653,0.7285
-0.653,0.7225
-0.667,0.71875
-0.671,0.697
-0.687,0.67325
-0.663,0.6635
-0.653,0.6635
-0.629,0.6575
-0.657,0.6575
-0.679,0.6535
-0.661,0.6535
-0.673,0.6535
-0.66725,0.6535
-0.66725,0.6415
-0.63925,0.6415
-0.63925,0.63175
-0.63925,0.62575
-0.63925,0.614
-0.63925,0.60425
-0.63925,0.618
-0.63925,0.608
-0.63925,0.60175
-0.63925,0.586
-0.63925,0.61975
-0.63925,0.6415
-0.63925,0.67725
-0.63925,0.67325
-0.63925,0.68325
-0.63325,0.68325
-0.62925,0.6675
-0.6235,0.6415
-0.6195,0.6435
-0.6175,0.63775
-0.6175,0.614
-0.6355,0.608
-0.6355,0.596
-0.6355,0.59225
-0.6355,0.59225
-0.6355,0.59225
-0.6355,0.59225
-0.6355,0.59225
-0.6355,0.59825
-0.6355,0.618
-0.6355,0.608
-0.6355,0.5795
-0.6355,0.59825
-0.63125,0.612
-0.63525,0.59825
-0.62325,0.612
-0.63725,0.612
-0.62325,0.62575
-0.643,0.63775
-0.643,0.6535
-0.643,0.66325
-0.643,0.687
-0.643,0.687
-0.643,0.687
-0.647,0.674
-0.647,0.66725
-0.647,0.66125
-0.647,0.65725
-0.647,0.6455
-0.647,0.6355
-0.647,0.63175
-0.647,0.59625
-0.647,0.62175
-0.647,0.58625
-0.647,0.58025
-0.647,0.58025
-0.647,0.5725
-0.647,0.59225
-0.64275,0.59825
-0.64125,0.63775
-0.64125,0.65725
-0.63725,0.66325
-0.63725,0.66725
-0.63725,0.66725
-0.63725,0.66875
-0.63725,0.66725
-0.63725,0.66725
-0.63725,0.66725
-0.63725,0.66725
-0.63725,0.66725
-0.63725,0.66725
-0.63125,0.67475
-0.63125,0.693
-0.62725,0.71425
-0.62725,0.7285
-0.62725,0.73225
-0.62725,0.73825
-0.62725,0.73825
-0.62725,0.72225
-0.62725,0.72225
-0.62725,0.72375
-0.62725,0.7065
-0.62725,0.7055
-0.6215,0.69675
-0.6215,0.69675
-0.6215,0.677
-0.6215,0.671
-0.6215,0.671
-0.61325,0.671
-0.60125,0.667
-0.59725,0.661
-0.58525,0.661
-0.57325,0.661
-0.56925,0.661
-0.56925,0.661
-0.56925,0.661
-0.56925,0.661
-0.56925,0.657
-0.55925,0.657
-0.55775,0.65125
-0.54525,0.64725
-0.54125,0.64725
-0.54125,0.6375
-0.54125,0.6375
-0.53525,0.6375
-0.52725,0.6375
-0.52525,0.6375
-0.51525,0.6375
-0.50525,0.6375
-0.49925,0.6375
-0.49925,0.6375
-0.49325,0.63375
-0.49325,0.63375
-0.50525,0.63675
-0.51125,0.63375
-0.52525,0.63375
-0.55525,0.6535
-0.57725,0.65725
-0.57725,0.66725
-0.57725,0.689
-0.57725,0.69875
-0.57725,0.7125
-0.57925,0.73225
-0.57925,0.73225
-0.57925,0.73225
-0.57925,0.73225
-0.58325,0.7165
-0.58925,0.7125
-0.58925,0.70425
-0.58325,0.69275
-0.58325,0.69275
-0.58725,0.687
-0.58725,0.687
-0.59325,0.687
-0.59725,0.687
-0.59725,0.687
-0.59725,0.681
-0.59725,0.681
-0.60325,0.681
-0.60725,0.681
-0.61325,0.681
-0.61325,0.681
-0.61325,0.6435
-0.61325,0.6215
-0.61325,0.6215
-0.60725,0.61575
-0.59725,0.59025
-0.58525,0.58975
-0.57325,0.5785
-0.57325,0.5745
-0.55725,0.5745
-0.53325,0.5745
-0.51725,0.5745
-0.49325,0.576
-0.48125,0.5745
-0.47525,0.5745
-0.46325,0.5745
-0.45925,0.5745
-0.46525,0.5745
-0.46525,0.594
-0.47125,0.604
-0.49325,0.62775
-0.51525,0.6315
-0.55725,0.6355
-0.56925,0.637
-0.57325,0.65525
-0.57925,0.65125
-0.58925,0.66725
-0.58925,0.66725
-0.58925,0.66725
-0.59225,0.66725
-0.59525,0.66725
-0.59525,0.66725
-0.59925,0.66725
-0.60525,0.681
-0.60525,0.681
-0.59925,0.681
-0.58925,0.681
-0.565,0.681
-0.553,0.681
-0.563,0.66725
-0.561,0.66725
-0.56675,0.66725
-0.56675,0.66725
-0.57075,0.66725
-0.58475,0.66725
-0.59075,0.66725
-0.59075,0.66725
-0.59075,0.66125
-0.58875,0.66125
-0.56675,0.65125
-0.56475,0.64925
-0.56475,0.65125
-0.56475,0.6435
-0.56475,0.6395
-0.57675,0.6335
-0.61275,0.62575
-0.63275,0.62375
-0.62275,0.62375
-0.61475,0.62575
-0.62925,0.61575
-0.64325,0.602
-0.651,0.6
-0.657,0.59425
-0.657,0.59425
-0.657,0.59025
-0.661,0.59025
-0.663,0.58825
-0.663,0.58425
-0.663,0.58225
-0.663,0.5725
-0.663,0.5645
-0.663,0.5605
-0.663,0.5605
-0.68725,0.5605
-0.68725,0.5605
-0.68725,0.5605
-0.68725,0.5605
-0.68725,0.5605
-0.68725,0.5735
-0.68725,0.58025
-0.68725,0.59225
-0.68725,0.58575
-0.68725,0.59425
-0.68725,0.59425
-0.68725,0.59425
-0.68725,0.59425
-0.68725,0.59425
-0.68725,0.614
-0.68725,0.6435
-0.68725,0.65475
-0.68725,0.673
-0.68725,0.679
-0.68725,0.6805
-0.68725,0.679
-0.68725,0.679
-0.68725,0.679
-0.68725,0.65325
-0.68725,0.6395
-0.68725,0.63375
-0.663,0.63375
-0.623,0.62375
-0.599,0.62375
-0.587,0.62675
-0.569,0.62375
-0.553,0.61775
-0.541,0.614
-0.545,0.614
-0.529,0.614
-0.519,0.614
-0.525,0.614
-0.517,0.614
-0.517,0.614
-0.517,0.614
-0.517,0.614
-0.517,0.614
-0.517,0.614
-0.517,0.6155
-0.519,0.614
-0.513,0.614
-0.513,0.6155
-0.517,0.608
-0.517,0.608
-0.517,0.608
-0.517,0.62775
-0.517,0.62925
-0.517,0.62775
-0.517,0.63075
-0.513,0.608
-0.511,0.608
-0.507,0.59525
-0.501,0.5885
-0.501,0.5745
-0.499,0.56275
-0.489,0.56275
-0.485,0.55675
-0.483,0.55675
-0.485,0.55675
-0.483,0.55475
-0.479,0.55275
-0.479,0.54875
-0.479,0.54875
-0.479,0.54875
-0.479,0.54875
-0.491,0.54875
-0.511,0.54875
-0.535,0.54875
-0.551,0.54875
-0.553,0.54875
-0.553,0.54875
-0.557,0.54875
-0.557,0.54875
-0.557,0.54875
-0.557,0.54875
-0.557,0.56475
-0.553,0.56475
-0.553,0.56475
-0.553,0.56475
-0.553,0.56875
-0.553,0.56875
-0.553,0.56875
-0.559,0.56875
-0.627,0.56875
-0.649,0.5725
-0.68725,0.59425
-0.68725,0.622
-0.68725,0.63775
-0.68725,0.63775
-0.68725,0.63775
-0.68325,0.63775
-0.68725,0.63775
-0.69125,0.63375
-0.69525,0.63375
-0.69925,0.63775
-0.69925,0.68325
-0.70525,0.71875
-0.73525,0.7225
-0.74525,0.7225
-0.74525,0.73225
-0.72925,0.73225
-0.72325,0.72625
-0.70725,0.71825
-0.78725,0.7025
-0.79125,0.673
-0.78125,0.663
-0.75525,0.64725
-0.74325,0.6435
-0.72525,0.63775
-0.68525,0.63775
-0.68125,0.63175
-0.69325,0.63175
-0.66525,0.63175
-0.70525,0.63175
-0.68125,0.626
-0.67725,0.626
-0.65925,0.622
-0.63925,0.622
-0.61525,0.622
-0.63125,0.622
-0.68925,0.622
-0.70925,0.63575
-0.68725,0.63575
-0.66325,0.63575
-0.69525,0.63575
-0.71925,0.63575
-0.71925,0.6455
-0.71925,0.6455
-0.71925,0.6455
-0.70325,0.6455
-0.71925,0.65725
-0.69525,0.65725
-0.68725,0.66125
-0.72325,0.66125
-0.72725,0.66125
-0.72725,0.66125
-0.72725,0.66725
-0.72725,0.683
-0.72725,0.7185
-0.72725,0.73825
-0.72725,0.7065
-0.72725,0.7005
-0.72725,0.675
-0.72725,0.64525
-0.72725,0.627
-0.72725,0.61575
-0.72725,0.598
-0.72725,0.57225
-0.72725,0.5525
-0.72725,0.5545
-0.72725,0.55075
-0.72725,0.55075
-0.72725,0.54075
-0.72725,0.53875
-0.72725,0.537
-0.72725,0.531
-0.72725,0.525
-0.69925,0.50525
-0.68725,0.51125
-0.68325,0.51125
-0.67925,0.4955
-0.69525,0.4955
-0.69525,0.4955
-0.67925,0.4975
-0.71925,0.51325
-0.70325,0.534
-0.71125,0.54475
-0.68725,0.55075
-0.71125,0.55875
-0.67925,0.5785
-0.68325,0.60975
-0.67525,0.6335
-0.66925,0.6455
-0.66925,0.65725
-0.66925,0.66125
-0.66925,0.6945
-0.66925,0.7085
-0.66925,0.7105
-0.66925,0.7105
-0.66925,0.7105
-0.66925,0.7105
-0.66925,0.7105
-0.66525,0.71625
-0.66525,0.71825
-0.66525,0.71825
-0.69125,0.71825
-0.685,0.71825
-0.641,0.71825
-0.611,0.71825
-0.603,0.71825
-0.591,0.71825
-0.599,0.6985
-0.593,0.68875
-0.585,0.68275
-0.563,0.669
-0.545,0.659
-0.565,0.6335
-0.565,0.6175
-0.565,0.61375
-0.565,0.60375
-0.565,0.598
-0.565,0.598
-0.565,0.592
-0.565,0.592
-0.565,0.598
-0.571,0.595
-0.557,0.57425
-0.545,0.5665
-0.549,0.5645
-0.549,0.566
-0.549,0.5545
-0.549,0.5655
-0.555,0.54475
-0.565,0.53475
-0.571,0.52325
-0.571,0.52025
-0.579,0.527
-0.585,0.51725
-0.575,0.51725
-0.581,0.50725
-0.585,0.513
-0.581,0.50325
-0.581,0.50125
-0.581,0.49525
-0.581,0.4915
-0.581,0.47775
-0.581,0.468
-0.581,0.46425
-0.581,0.4485
-0.581,0.4385
-0.581,0.42275
-0.581,0.41275
-0.581,0.4385
-0.581,0.409
-0.581,0.409
-0.581,0.409
-0.581,0.409
-0.581,0.409
-0.581,0.409
-0.575,0.41275
-0.551,0.403
-0.545,0.403
-0.545,0.41875
-0.537,0.41875
-0.545,0.41875
-0.537,0.42275
-0.537,0.42875
-0.537,0.42875
-0.537,0.409
-0.537,0.425
-0.537,0.4265
-0.519,0.4325
-0.509,0.4325
-0.511,0.4325
-0.499,0.4325
-0.503,0.43825
-0.503,0.43825
-0.503,0.44225
-0.505,0.44225
-0.531,0.44225
-0.563,0.44225
-0.587,0.44225
-0.573,0.44225
-0.601,0.44225
-0.613,0.44225
-0.621,0.44225
-0.625,0.44225
-0.625,0.44825
-0.625,0.4325
-0.625,0.4265
-0.629,0.4305
-0.629,0.43225
-0.629,0.42625
-0.629,0.4225
-0.613,0.43025
-0.613,0.43025
-0.613,0.4265
-0.613,0.43625
-0.613,0.4265
-0.613,0.43225
-0.629,0.43425
-0.629,0.42825
-0.629,0.4185
-0.613,0.40275
-0.613,0.40275
-0.613,0.40275
-0.613,0.40275
-0.629,0.40275
-0.629,0.4185
-0.629,0.42425
-0.629,0.448
-0.631,0.43025
-0.615,0.44425
-0.615,0.454
-0.615,0.46375
-0.615,0.4675
-0.615,0.4775
-0.601,0.4775
-0.601,0.4775
-0.595,0.4935
-0.595,0.4775
-0.595,0.46375
-0.595,0.46375
-0.593,0.47975
-0.593,0.46375
-0.589,0.43425
-0.587,0.4245
-0.587,0.4245
-0.583,0.4185
-0.581,0.4185
-0.569,0.43025
-0.555,0.43025
-0.553,0.43025
-0.553,0.4245
-0.553,0.4125
-0.553,0.4045
-0.553,0.40275
-0.553,0.39275
-0.547,0.39425
-0.543,0.38675
-0.543,0.38275
-0.533,0.377
-0.533,0.375
-0.533,0.381
-0.533,0.375
-0.533,0.373
-0.549,0.373
-0.549,0.39275
-0.543,0.385
-0.541,0.385
-0.541,0.39275
-0.541,0.381
-0.547,0.377
-0.547,0.3845
-0.551,0.371
-0.547,0.35925
-0.547,0.379
-0.547,0.383
-0.551,0.35325
-0.541,0.3315
-0.541,0.32575
-0.533,0.32575
-0.527,0.32175
-0.527,0.32175
-0.517,0.32175
-0.523,0.306
-0.513,0.306
-0.529,0.302
-0.517,0.308
-0.517,0.31975
-0.495,0.32775
-0.495,0.35725
-0.517,0.3495
-0.509,0.3635
-0.509,0.383
-0.509,0.399
-0.509,0.403
-0.509,0.41275
-0.509,0.4265
-0.509,0.44225
-0.509,0.452
-0.51325,0.46375
-0.523,0.46375
-0.525,0.47375
-0.525,0.44825
-0.5275,0.44425
-0.531,0.44625
-0.529,0.46175
-0.535,0.46175
-0.553,0.46975
-0.552,0.45475
-0.555,0.44625
-0.555,0.44025
-0.54925,0.44025
-0.555,0.44025
-0.555,0.44025
-0.555,0.44025
-0.5535,0.44025
-0.552,0.44025
-0.54925,0.44025
-0.54925,0.4365
-0.54925,0.4365
-0.55325,0.4365
-0.55325,0.4365
-0.55925,0.4365
-0.55925,0.44025
-0.56325,0.44025
-0.56325,0.44025
-0.56325,0.44025
-0.56325,0.454
-0.569,0.454
-0.569,0.454
-0.569,0.46
-0.577,0.46
-0.563,0.46
-0.583,0.46
-0.587,0.46
-0.587,0.46
-0.575,0.458
-0.575,0.462
-0.575,0.46775
-0.575,0.46775
-0.575,0.464
-0.575,0.464
-0.575,0.464
-0.575,0.464
-0.575,0.46
-0.575,0.4775
-0.575,0.4795
-0.575,0.4875
-0.575,0.49125
-0.575,0.50525
-0.575,0.50725
-0.575,0.50125
-0.575,0.49925
-0.575,0.50525
-0.575,0.50525
-0.575,0.50525
-0.575,0.50525
-0.575,0.50725
-0.575,0.50725
-0.575,0.50925
-0.575,0.50525
-0.575,0.525
-0.575,0.525
-0.575,0.525
-0.575,0.525
-0.575,0.525
-0.575,0.50925
-0.575,0.4935
-0.575,0.4935
-0.575,0.4925
-0.575,0.48375
-0.575,0.48375
-0.575,0.48525
-0.575,0.48375
-0.575,0.48375
-0.575,0.48375
-0.575,0.47775
-0.575,0.47775
-0.575,0.47775
-0.575,0.47775
-0.575,0.47775
-0.575,0.47775
-0.575,0.47375
-0.575,0.468
-0.569,0.468
-0.569,0.48375
-0.569,0.51125
-0.569,0.52125
-0.569,0.525
-0.569,0.5055
-0.569,0.52125
-0.569,0.537
-0.569,0.52125
-0.569,0.54675
-0.569,0.5505
-0.569,0.53675
-0.569,0.53675
-0.569,0.53675
-0.569,0.53675
-0.569,0.53675
-0.569,0.523
-0.569,0.523
-0.569,0.52025
-0.569,0.51725
-0.569,0.51125
-0.569,0.51125
-0.569,0.51125
-0.569,0.51125
-0.569,0.531
-0.569,0.54475
-0.553,0.55475
-0.553,0.55475
-0.553,0.55475
-0.553,0.535
-0.553,0.55075
-0.553,0.55075
-0.553,0.55475
-0.553,0.55475
-0.553,0.55475
-0.549,0.55475
-0.537,0.55475
-0.531,0.55775
-0.537,0.56075
-0.527,0.55475
-0.525,0.58025
-0.525,0.58025
-0.537,0.58025
-0.565,0.5665
-0.597,0.54475
-0.649,0.5665
-0.69325,0.541
-0.70125,0.535
-0.70125,0.535
-0.68525,0.535
-0.70125,0.541
-0.68125,0.5705
-0.68125,0.5765
-0.68125,0.54475
-0.68125,0.54625
-0.68125,0.541
-0.70525,0.544
-0.67725,0.55275
-0.65925,0.525
-0.68925,0.54225
-0.67725,0.515
-0.69325,0.521
-0.69725,0.521
-0.67725,0.54075
-0.68525,0.521
-0.68525,0.523
-0.68525,0.529
-0.68525,0.50925
-0.68525,0.523
-0.67125,0.50925
-0.67125,0.50925
-0.67125,0.50925
-0.68725,0.50925
-0.68725,0.50925
-0.68725,0.50925
-0.68725,0.51225
-0.68125,0.50925
-0.68125,0.523
-0.68125,0.53875
-0.68125,0.53875
-0.68125,0.53875
-0.68125,0.54775
-0.68125,0.54475
-0.68125,0.52875
-0.68125,0.52875
-0.68125,0.52875
-0.68125,0.53875
-0.68125,0.5645
-0.68125,0.58025
-0.68125,0.5675
-0.68125,0.58025
-0.68125,0.584
-0.68125,0.584
-0.68525,0.57425
-0.68525,0.5585
-0.68525,0.57575
-0.68525,0.5745
-0.66925,0.55875
-0.66925,0.5645
-0.66925,0.5645
-0.66925,0.5645
-0.66925,0.57425
-0.68525,0.604
-0.68925,0.62575
-0.68925,0.6355
-0.68525,0.6355
-0.69725,0.62975
-0.69725,0.604
-0.685,0.596
-0.599,0.5845
-0.547,0.5765
-0.511,0.54675
-0.489,0.527
-0.483,0.51725
-0.483,0.4975
-0.483,0.4855
-0.483,0.51325
-0.483,0.525
-0.483,0.52125
-0.483,0.5505
-0.483,0.5665
-0.483,0.5725
-0.483,0.5725
-0.505,0.5725
-0.527,0.5725
-0.529,0.55675
-0.527,0.55275
-0.535,0.54675
-0.541,0.537
-0.545,0.52725
-0.547,0.52725
-0.547,0.52525
-0.551,0.522
-0.551,0.5075
-0.551,0.4975
-0.551,0.47975
-0.551,0.47
-0.551,0.464
-0.551,0.46
-0.501,0.45425
-0.463,0.44825
-0.457,0.44825
-0.44725,0.44425
-0.36925,0.44425
-0.36925,0.44425
-0.35725,0.44425
-0.35725,0.46
-0.37325,0.47375
-0.37725,0.5035
-0.37725,0.535
-0.37725,0.54875
-0.37725,0.55475
-0.36125,0.55075
-0.36125,0.537
-0.35725,0.537
-0.35725,0.51725
-0.35725,0.43625
-0.35725,0.385
-0.35725,0.3535
-0.37725,0.3335
-0.37725,0.326
-0.38125,0.322
-0.38125,0.308
-0.36725,0.308
-0.34925,0.3045
-0.33325,0.3045
-0.35325,0.3045
-0.35325,0.3045
-0.35725,0.3045
-0.35725,0.3045
-0.34525,0.3005
-0.31525,0.3005
-0.29925,0.3005
-0.28525,0.3005
-0.28525,0.3005
-0.28525,0.32025
-0.29925,0.33425
-0.28525,0.36375
-0.26925,0.385
-0.25525,0.40525
-0.19125,0.40525
-0.17125,0.40525
-0.1535,0.40525
-0.1535,0.3895
-0.1535,0.39325
-0.1535,0.38325
-0.1535,0.3695
-0.1535,0.34775
-0.15775,0.334
-0.17525,0.32425
-0.213,0.31825
-0.26475,0.31825
-0.32075,0.31425
-0.34475,0.31425
-0.40875,0.314
-0.40275,0.314
-0.43075,0.314
-0.43475,0.32975
-0.44275,0.35925
-0.46475,0.34175
-0.46875,0.3595
-0.44875,0.3655
-0.451,0.37125
-0.431,0.3515
-0.431,0.3535
-0.421,0.36725
-0.437,0.36525
-0.411,0.3575
-0.406,0.387
-0.403,0.41275
-0.417,0.43625
-0.423,0.452
-0.447,0.4655
-0.463,0.50925
-0.467,0.51525
-0.479,0.525
-0.463,0.53475
-0.469,0.519
-0.469,0.519
-0.473,0.513
-0.473,0.50725
-0.475,0.49325
-0.475,0.4835
-0.475,0.4855
-0.475,0.47575
-0.491,0.46575
-0.491,0.456
-0.491,0.456
-0.491,0.454
-0.491,0.454
-0.491,0.45775
-0.491,0.45575
-0.491,0.4735
-0.491,0.4855
-0.495,0.50325
-0.495,0.515
-0.495,0.53675
-0.495,0.56625
-0.495,0.57225
-0.492,0.5565
-0.489,0.5565
-0.495,0.5505
-0.495,0.53675
-0.475,0.52675
-0.469,0.517
-0.475,0.5155
-0.473,0.515
-0.5025,0.51625
-0.5265,0.51325
-0.59325,0.50125
-0.59325,0.50525
-0.59325,0.50725
-0.59325,0.50725
-0.59325,0.50725
-0.59325,0.50125
-0.59325,0.52125
-0.59325,0.521
-0.59325,0.51525
-0.59325,0.52925
-0.59325,0.54875
-0.58725,0.56675
-0.58875,0.584
-0.59325,0.58825
-0.59175,0.58825
-0.59175,0.57625
-0.575,0.5625
-0.563,0.55975
-0.551,0.55075
-0.553,0.54675
-0.539,0.54675
-0.537,0.53675
-0.525,0.53825
-0.503,0.527
-0.44525,0.521
-0.43825,0.521
-0.43725,0.52
-0.43525,0.51125
-0.43525,0.51125
-0.43525,0.51125
-0.44125,0.51125
-0.44125,0.51125
-0.44125,0.51125
-0.44125,0.51125
-0.44125,0.50325
-0.43525,0.47575
-0.42525,0.454
-0.42125,0.4225
-0.41925,0.40075
-0.40725,0.39875
-0.41125,0.39675
-0.41125,0.39675
-0.41125,0.39675
-0.41125,0.39675
-0.41125,0.39075
-0.407,0.379
-0.4055,0.36725
-0.4055,0.36125
-0.4055,0.3535
-0.4055,0.3515
-0.4055,0.3475
-0.4055,0.3455
-0.4055,0.3455
-0.4055,0.3455
-0.4055,0.3455
-0.4055,0.3455
-0.4055,0.3455
-0.4055,0.3455
-0.41125,0.3435
-0.43275,0.3575
-0.48725,0.36525
-0.51525,0.36525
-0.5265,0.36525
-0.539,0.36525
-0.541,0.36525
-0.541,0.36525
-0.541,0.36725
-0.543,0.36725
-0.543,0.37125
-0.543,0.37125
-0.543,0.37125
-0.543,0.40675
-0.543,0.3435
-0.543,0.35375
-0.543,0.36925
-0.543,0.32775
-0.543,0.3715
-0.533,0.37125
-0.533,0.399
-0.529,0.43075
-0.529,0.462
-0.521,0.44225
-0.509,0.4285
-0.505,0.4085
-0.4985,0.399
-0.49725,0.396
-0.48925,0.4145
-0.43125,0.4105
-0.42525,0.392
-0.41925,0.41625
-0.42125,0.4105
-0.42125,0.4105
-0.41525,0.4185
-0.41525,0.387
-0.41125,0.37925
-0.40825,0.38525
-0.41125,0.387
-0.41125,0.38125
-0.41125,0.37925
-0.39525,0.37925
-0.39525,0.37925
-0.39525,0.37925
-0.39525,0.389
-0.40125,0.397
-0.40125,0.40875
-0.40125,0.401
-0.40125,0.41475
-0.40125,0.41675
-0.40125,0.41675
-0.40125,0.41875
-0.43925,0.42275
-0.48125,0.4245
-0.51525,0.4265
-0.53325,0.4265
-0.5515,0.4285
-0.5515,0.42275
-0.5515,0.42275
-0.5515,0.42275
-0.5515,0.4245
-0.5515,0.4285
-0.5515,0.4385
-0.5515,0.44225
-0.5515,0.4385
-0.5515,0.4915
-0.5515,0.4975
-0.5515,0.50725
-0.5515,0.51725
-0.5515,0.5425
-0.5515,0.5565
-0.5515,0.5725
-0.5515,0.59225
-0.5515,0.5825
-0.5515,0.59825
-0.5515,0.608
-0.5515,0.61975
-0.5515,0.61375
-0.5675,0.61375
-0.5675,0.61375
-0.5675,0.61275
-0.5675,0.61575
-0.5675,0.61
-0.5675,0.608
-0.5675,0.602
-0.5475,0.604
-0.5435,0.598
-0.5435,0.606
-0.5435,0.6
-0.5435,0.604
-0.5435,0.598
-0.5395,0.598
-0.5775,0.598
-0.5775,0.598
-0.5895,0.61175
-0.5735,0.61775
-0.5695,0.6395
-0.5695,0.659
-0.5695,0.64925
-0.5695,0.65925
-0.5695,0.6515
-0.5855,0.681
-0.5895,0.70675
-0.6015,0.71275
-0.6075,0.71275
-0.6175,0.693
-0.5895,0.687
-0.6055,0.677
-0.6095,0.67325
-0.6095,0.66725
-0.6095,0.66725
-0.5935,0.66325
-0.5815,0.66325
-0.5895,0.66325
-0.5715,0.6575
-0.5875,0.6475
-0.5875,0.6475
-0.5715,0.6415
-0.5875,0.6415
-0.6075,0.6415
-0.6075,0.6415
-0.6045,0.64525
-0.5915,0.64525
-0.6035,0.64525
-0.6035,0.64525
-0.6135,0.6475
-0.6135,0.6575
-0.6135,0.6575
-0.6095,0.6575
-0.6175,0.6575
-0.6175,0.6575
-0.6175,0.66125
-0.6055,0.64175
-0.6055,0.66125
-0.5855,0.63175
-0.6175,0.616
-0.6015,0.616
-0.5975,0.63175
-0.5975,0.616
-0.6175,0.616
-0.6175,0.612
-0.6175,0.612
-0.6175,0.612
-0.6175,0.612
-0.6175,0.606
-0.6175,0.606
-0.6175,0.606
-0.6175,0.606
-0.6175,0.58625
-0.6175,0.58025
-0.6175,0.5665
-0.6175,0.5605
-0.6175,0.5565
-0.6175,0.55075
-0.6175,0.55075
-0.6035,0.55075
-0.6035,0.55075
-0.6035,0.5705
-0.6035,0.57625
-0.5935,0.58625
-0.5875,0.596
-0.5875,0.6
-0.5875,0.606
-0.5815,0.61175
-0.5815,0.61575
-0.5815,0.62175
-0.5815,0.6355
-0.5815,0.6415
-0.5815,0.667
-0.5815,0.677
-0.5815,0.68075
-0.5815,0.69675
-0.5815,0.7005
-0.5815,0.7005
-0.5815,0.7005
-0.5815,0.69675
-0.5815,0.69675
-0.5815,0.69075
-0.5815,0.683
-0.5815,0.65525
-0.5815,0.65525
-0.5815,0.6415
-0.5815,0.6415
-0.5815,0.6355
-0.5815,0.6315
-0.5815,0.62575
-0.5815,0.61975
-0.5815,0.61575
-0.5815,0.61575
-0.5815,0.61575
-0.5815,0.61575
-0.5815,0.61575
-0.5815,0.61575
-0.56925,0.61575
-0.55525,0.61575
-0.54525,0.61575
-0.53725,0.61575
-0.52325,0.61575
-0.51125,0.61575
-0.48325,0.61575
-0.47125,0.61575
-0.44525,0.61575
-0.43525,0.61575
-0.43925,0.61575
-0.43125,0.61575
-0.43125,0.61575
-0.43125,0.61575
-0.43125,0.61575
-0.43525,0.61575
-0.43525,0.61575
-0.43525,0.61575
-0.43525,0.61575
-0.43525,0.61575
-0.43525,0.61575
-0.43525,0.61575
-0.43525,0.6315
-0.44525,0.6315
-0.45525,0.6355
-0.45125,0.6415
-0.46125,0.6195
-0.44125,0.6295
-0.43725,0.6295
-0.43325,0.6295
-0.42525,0.6295
-0.44125,0.6295
-0.44125,0.6295
-0.42925,0.61575
-0.42925,0.61575
-0.42925,0.61575
-0.42925,0.61575
-0.42525,0.61575
-0.42525,0.61575
-0.41525,0.61575
-0.41125,0.6355
-0.40125,0.665
-0.39725,0.68075
-0.38725,0.68875
-0.38725,0.68075
-0.38525,0.68675
-0.37525,0.68675
-0.37125,0.68475
-0.37125,0.68075
-0.38725,0.68075
-0.39125,0.671
-0.39375,0.671
-0.38925,0.667
-0.39725,0.661
-0.38125,0.66325
-0.39725,0.65725
-0.39725,0.66325
-0.41325,0.67325
-0.43125,0.66325
-0.43125,0.6535
-0.41325,0.6475
-0.41325,0.6435
-0.41925,0.6375
-0.41125,0.63375
-0.40725,0.618
-0.40725,0.618
-0.40725,0.618
-0.41925,0.612
-0.42525,0.612
-0.42925,0.612
-0.43725,0.596
-0.43725,0.58225
-0.43725,0.55675
-0.43725,0.58225
-0.45125,0.58225
-0.45525,0.5625
-0.45525,0.5665
-0.45525,0.55075
-0.45525,0.531
-0.45525,0.54275
-0.45525,0.537
-0.45525,0.531
-0.45525,0.527
-0.45525,0.527
-0.44525,0.51125
-0.42725,0.50525
-0.42325,0.50125
-0.42325,0.50125
-0.42325,0.50125
-0.42125,0.515
-0.42125,0.515
-0.42125,0.4855
-0.44325,0.4915
-0.44925,0.47575
-0.44925,0.4915
-0.44625,0.47575
-0.44925,0.47575
-0.44925,0.47575
-0.44625,0.47575
-0.44925,0.47575
-0.44925,0.47575
-0.44925,0.47575
-0.44925,0.47575
-0.44925,0.47575
-0.45325,0.47575
-0.43725,0.47575
-0.45325,0.47575
-0.45725,0.47575
-0.46125,0.47575
-0.44525,0.47575
-0.45725,0.47575
-0.44125,0.47575
-0.43725,0.47575
-0.43725,0.47575
-0.45325,0.50125
-0.43725,0.4815
-0.43725,0.4955
-0.45325,0.4955
-0.45725,0.50125
-0.44125,0.51125
-0.46125,0.51125
-0.44725,0.51125
-0.43725,0.51125
-0.43125,0.52725
-0.43125,0.533
-0.43125,0.537
-0.45125,0.55275
-0.46525,0.56275
-0.47125,0.5725
-0.47125,0.5725
-0.47125,0.5725
-0.47525,0.55675
-0.47525,0.55275
-0.489,0.543
-0.495,0.54675
-0.495,0.54075
-0.495,0.54075
-0.495,0.54275
-0.495,0.537
-0.495,0.537
-0.495,0.537
-0.495,0.537
-0.473,0.537
-0.473,0.537
-0.473,0.537
-0.469,0.537
-0.465,0.53025
-0.465,0.52725
-0.513,0.52725
-0.513,0.52325
-0.50725,0.52325
-0.50725,0.51725
-0.50725,0.51725
-0.50325,0.51725
-0.50325,0.51325
-0.50325,0.5315
-0.50325,0.53675
-0.50325,0.54275
-0.50325,0.54675
-0.48325,0.54675
-0.46325,0.54675
-0.47525,0.54675
-0.45325,0.533
-0.46925,0.533
-0.46925,0.527
-0.45325,0.527
-0.44525,0.527
-0.44525,0.527
-0.44525,0.527
-0.42925,0.521
-0.45325,0.523
-0.43325,0.523
-0.42925,0.513
-0.42925,0.50725
-0.41325,0.513
-0.41925,0.513
-0.43325,0.513
-0.44925,0.513
-0.45925,0.513
-0.45925,0.513
-0.45925,0.513
-0.46325,0.513
-0.46325,0.513
-0.45725,0.513
-0.46125,0.513
-0.46725,0.513
-0.46125,0.513
-0.46125,0.513
-0.44525,0.513
-0.44525,0.52675
-0.44125,0.53275
-0.44125,0.53675
-0.44125,0.53675
-0.44125,0.53675
-0.44125,0.53675
-0.44125,0.523
-0.43525,0.523
-0.43525,0.517
-0.43325,0.517
-0.42325,0.513
-0.4075,0.513
-0.4035,0.50725
-0.41075,0.50125
-0.40825,0.49725
-0.39375,0.49725
-0.38875,0.49125
-0.40975,0.49125
-0.40175,0.49125
-0.38575,0.49125
-0.36375,0.49125
-0.36375,0.49125
-0.36375,0.49125
-0.36375,0.49125
-0.36375,0.49125
-0.36375,0.49125
-0.36375,0.49125
-0.38375,0.49125
-0.39575,0.513
-0.39575,0.513
-0.40775,0.517
-0.4295,0.523
-0.4335,0.523
-0.4335,0.523
-0.4395,0.523
-0.4275,0.50725
-0.4195,0.50725
-0.4355,0.4875
-0.4375,0.46775
-0.4215,0.452
-0.44525,0.46775
-0.44525,0.44225
-0.4435,0.462
-0.44925,0.44625
-0.44925,0.452
-0.45325,0.456
-0.43725,0.456
-0.44325,0.44225
-0.43325,0.452
-0.42725,0.44225
-0.41325,0.452
-0.40325,0.452
-0.42725,0.44625
-0.41325,0.44625
-0.42125,0.44625
-0.43925,0.44225
-0.41525,0.43625
-0.43325,0.43625
-0.41925,0.43625
-0.41725,0.43625
-0.41325,0.43625
-0.42325,0.43625
-0.40325,0.43625
-0.40125,0.43225
-0.40525,0.452
-0.39625,0.452
-0.36725,0.46175
-0.38325,0.43625
-0.40325,0.458
-0.40325,0.43025
-0.40325,0.43225
-0.40725,0.43225
-0.40725,0.43225
-0.40725,0.46375
-0.40725,0.4775
-0.40725,0.4775
-0.37925,0.458
-0.3725,0.43825
-0.36725,0.43825
-0.36725,0.43825
-0.36725,0.43825
-0.36725,0.43825
-0.36725,0.43825
-0.38725,0.43825
-0.39925,0.43825
-0.39925,0.43825
-0.41525,0.46775
-0.41525,0.43825
-0.41525,0.43825
-0.41525,0.46375
-0.42725,0.46775
-0.42725,0.46775
-0.42725,0.46775
-0.42525,0.46775
-0.43725,0.46775
-0.44125,0.46775
-0.4365,0.46775
-0.4285,0.46775
-0.4315,0.46775
-0.4395,0.46775
-0.44175,0.448
-0.43775,0.42825
-0.43175,0.42825
-0.43175,0.42825
-0.42775,0.4225
-0.42775,0.4125
-0.42175,0.43225
-0.42175,0.4125
-0.42175,0.4085
-0.42175,0.40275
-0.42175,0.40275
-0.42175,0.40275
-0.42175,0.39875
-0.41875,0.4045
-0.416,0.383
-0.396,0.373
-0.416,0.379
-0.412,0.39475
-0.416,0.40475
-0.416,0.4025
-0.42,0.4185
-0.42,0.4325
-0.422,0.4185
-0.426,0.4185
-0.42,0.41625
-0.416,0.41625
-0.416,0.4165
-0.416,0.424
-0.416,0.42825
-0.416,0.42825
-0.416,0.42825
-0.416,0.4215
-0.416,0.4185
-0.402,0.4185
-0.402,0.43075
-0.402,0.436
-0.402,0.44
-0.402,0.438
-0.402,0.438
-0.402,0.438
-0.402,0.438
-0.402,0.4165
-0.404,0.414
-0.404,0.40275
-0.404,0.387
-0.404,0.37525
-0.414,0.37125
-0.4195,0.37125
-0.40975,0.383
-0.39775,0.383
-0.38975,0.37725
-0.39575,0.383
-0.39575,0.383
-0.39575,0.383
-0.39275,0.377
-0.39575,0.377
-0.39575,0.373
-0.39575,0.365
-0.39575,0.365
-0.39425,0.365
-0.39575,0.365
-0.39575,0.365
-0.40575,0.381
-0.40975,0.381
-0.41175,0.381
-0.41175,0.381
-0.41175,0.36525
-0.41575,0.371
-0.41575,0.375
-0.41975,0.375
-0.41975,0.381
-0.41975,0.381
-0.41975,0.381
-0.41975,0.381
-0.41975,0.381
-0.42175,0.381
-0.42575,0.381
-0.42775,0.36525
-0.42775,0.36525
-0.42775,0.36525
-0.42575,0.35925
-0.42575,0.35925
-0.42575,0.35525
-0.42275,0.35525
-0.41975,0.35525
-0.414,0.35525
-0.414,0.35525
-0.426,0.35525
-0.426,0.35525
-0.426,0.35525
-0.426,0.35525
-0.416,0.35525
-0.416,0.35525
-0.4205,0.371
-0.416,0.371
-0.408,0.381
-0.408,0.39675
-0.408,0.4005
-0.408,0.4005
-0.408,0.4005
-0.408,0.38475
-0.408,0.38475
-0.408,0.371
-0.408,0.371
-0.408,0.36525
-0.408,0.36525
-0.408,0.381
-0.408,0.381
-0.408,0.375
-0.408,0.371
-0.408,0.371
-0.408,0.371
-0.408,0.371
-0.408,0.371
-0.408,0.371
-0.408,0.371
-0.408,0.371
-0.408,0.371
-0.408,0.371
-0.408,0.371
-0.408,0.371
-0.408,0.38675
-0.408,0.38675
-0.408,0.38675
-0.408,0.38675
-0.408,0.36325
-0.41,0.36125
-0.41,0.35725
-0.41,0.36325
-0.41,0.36325
-0.41,0.36125
-0.41,0.3455
-0.41,0.3455
-0.41,0.3455
-0.41,0.3475
-0.41,0.3535
-0.41,0.3495
-0.42,0.36325
-0.42,0.36525
-0.424,0.36725
-0.42975,0.36725
-0.42975,0.36325
-0.42975,0.36325
-0.42975,0.383
-0.43575,0.38875
-0.43575,0.385
-0.43975,0.385
-0.43975,0.381
-0.44975,0.385
-0.4595,0.383
-0.461,0.39075
-0.471,0.39075
-0.47525,0.38875
-0.47525,0.39075
-0.45525,0.375
-0.45525,0.36925
-0.4445,0.36925
-0.45775,0.36925
-0.43925,0.36325
-0.43925,0.369
-0.45525,0.369
-0.45525,0.369
-0.45525,0.369
-0.45525,0.36525
-0.45525,0.36525
-0.45525,0.36525
-0.44925,0.36525
-0.44925,0.35925
-0.44925,0.35925
-0.44925,0.35925
-0.44925,0.35925
-0.45325,0.35925
-0.45325,0.35925
-0.45325,0.35925
-0.45325,0.35925
-0.45325,0.35925
-0.46125,0.35925
-0.44525,0.379
-0.44525,0.379
-0.44525,0.39475
-0.44525,0.39475
-0.44525,0.39475
-0.44525,0.39475
-0.46125,0.389
-0.44525,0.40275
-0.45725,0.42625
-0.44925,0.43625
-0.44925,0.4285
-0.44925,0.43825
-0.44125,0.4325
-0.43725,0.44225
-0.43725,0.4185
-0.43725,0.4225
-0.44325,0.391
-0.44925,0.41075
-0.45225,0.40275
-0.45325,0.4085
-0.45325,0.4065
-0.45325,0.3965
-0.47325,0.38675
-0.47325,0.383
-0.47325,0.373
-0.47325,0.369
-0.47325,0.365
-0.47325,0.33375
-0.47725,0.328
-0.47725,0.316
-0.483,0.322
-0.483,0.314
-0.483,0.306
-0.487,0.3255
-0.493,0.32575
-0.501,0.32575
-0.497,0.33375
-0.497,0.32775
-0.497,0.32975
-0.501,0.33575
-0.47,0.3555
-0.48125,0.36725
-0.46125,0.36725
-0.46125,0.391
-0.45725,0.40875
-0.47325,0.379
-0.47325,0.4105
-0.49325,0.42625
-0.52775,0.448
-0.55925,0.43425
-0.56525,0.454
-0.56925,0.43625
-0.56925,0.43825
-0.56925,0.446
-0.56925,0.43025
-0.56925,0.446
-0.56925,0.446
-0.56925,0.4265
-0.56925,0.40875
-0.55925,0.4125
-0.547,0.38075
-0.50525,0.36525
-0.49825,0.35325
-0.49725,0.36525
-0.53725,0.35125
-0.5455,0.36125
-0.5455,0.40275
-0.5455,0.43625
-0.5455,0.456
-0.54925,0.472
-0.55725,0.472
-0.54125,0.472
-0.53725,0.472
-0.55725,0.456
-0.55725,0.456
-0.56125,0.456
-0.55525,0.45225
-0.54525,0.45225
-0.54925,0.472
-0.58525,0.462
-0.61125,0.50525
-0.61525,0.51725
-0.61525,0.527
-0.621,0.55675
-0.631,0.5865
-0.641,0.616
-0.641,0.612
-0.641,0.608
-0.625,0.602
-0.625,0.58025
-0.625,0.5765
-0.631,0.59225
-0.647,0.57625
-0.659,0.612
-0.66475,0.618
-0.64875,0.612
-0.65275,0.62375
-0.68875,0.62675
-0.70075,0.6375
-0.73225,0.6295
-0.74875,0.6295
-0.75875,0.62475
-0.78475,0.612
-0.7965,0.63075
-0.8045,0.6505
-0.8085,0.62775
-0.8085,0.622
-0.8085,0.62775
-0.8085,0.63775
-0.8085,0.6415
-0.7925,0.6475
-0.7825,0.67325
-0.7825,0.686
-0.7865,0.70875
-0.7925,0.7225
-0.8005,0.7225
-0.7845,0.7225
-0.7805,0.7225
-0.7805,0.7225
-0.7805,0.70675
-0.7805,0.7225
-0.7805,0.73225
-0.7805,0.7185
-0.7805,0.7185
-0.7765,0.7165
-0.7765,0.752
-0.7765,0.76775
-0.7765,0.77175
-0.7765,0.7935
-0.7705,0.79725
-0.7705,0.80725
-0.7705,0.80725
-0.7705,0.7935
-0.7705,0.7935
-0.7705,0.7935
-0.7705,0.7875
-0.7705,0.7875
-0.7705,0.77775
-0.7705,0.77775
-0.7845,0.77175
-0.7845,0.76775
-0.7845,0.76175
-0.7845,0.76175
-0.7845,0.76575
-0.7845,0.76575
-0.7705,0.76575
-0.7705,0.78175
-0.7705,0.78175
-0.7705,0.78175
-0.7705,0.78175
-0.7705,0.78175
-0.7705,0.78175
-0.7705,0.78175
-0.7705,0.78175
-0.7705,0.78175
-0.7705,0.78175
-0.7705,0.78175
-0.7705,0.78175
-0.7705,0.78175
-0.7705,0.78175
-0.7705,0.78175
-0.7665,0.78175
-0.7665,0.78175
-0.7665,0.77775
-0.7665,0.77775
-0.7665,0.77775
-0.7665,0.77775
-0.7665,0.77775
-0.7605,0.77775
-0.7565,0.77775
-0.7505,0.77775
-0.7505,0.77775
-0.7505,0.77775
-0.7505,0.77775
-0.7505,0.77775
-0.7505,0.77775
-0.7505,0.77775
-0.7505,0.77775
-0.7505,0.77775
-0.7445,0.77775
-0.7445,0.77775
-0.7445,0.77775
-0.7445,0.77775
-0.7445,0.77775
-0.7445,0.77775
-0.7445,0.77775
-0.7445,0.77775
-0.7445,0.77775
-0.7445,0.77775
-0.7445,0.77775
-0.7445,0.77775
-0.7445,0.77775
-0.7445,0.77775
-0.7445,0.77775
-0.7445,0.77775
-0.7445,0.77775
-0.7445,0.77775
-0.7445,0.7835
-0.7445,0.7935
-0.7405,0.79725
-0.7405,0.80725
-0.7405,0.81325
-0.7405,0.817
-0.7405,0.817
-0.7405,0.817
-0.7405,0.833
-0.7405,0.84875
-0.7405,0.84875
-0.7405,0.84875
-0.7405,0.84875
-0.7405,0.84875
-0.72225,0.84875
-0.72025,0.84875
-0.72025,0.833
-0.72025,0.817
-0.71625,0.80325
-0.71625,0.7875
-0.71625,0.7835
-0.71625,0.77775
-0.7135,0.77175
-0.7105,0.76775
-0.7105,0.76775
-0.7065,0.76775
-0.7125,0.76775
-0.7125,0.76775
-0.7125,0.7835
-0.7125,0.7935
-0.7125,0.80325
-0.711,0.827
-0.7065,0.84875
-0.7025,0.84875
-0.70075,0.84875
-0.715,0.84875
-0.715,0.84875
-0.715,0.84875
-0.715,0.839
-0.715,0.829
-0.715,0.81325
-0.715,0.7995
-0.715,0.7995
-0.715,0.7935
-0.715,0.7935
-0.715,0.7895
-0.715,0.78375
-0.715,0.77775
-0.715,0.77775
-0.715,0.77775
-0.715,0.77375
-0.715,0.7835
-0.715,0.76775
-0.715,0.76775
-0.715,0.76775
-0.715,0.76775
-0.715,0.76775
-0.715,0.76775
-0.715,0.762
-0.715,0.762
-0.715,0.762
-0.715,0.762
-0.715,0.758
-0.715,0.76775
-0.715,0.76175
-0.715,0.76175
-0.715,0.75775
-0.715,0.73725
-0.715,0.73825
-0.715,0.72825
-0.715,0.72225
-0.715,0.72225
-0.715,0.73225
-0.715,0.73625
-0.715,0.768
-0.715,0.7815
-0.715,0.80925
-0.715,0.84475
-0.715,0.8545
-0.715,0.83275
-0.715,0.829
-0.715,0.829
-0.715,0.823
-0.715,0.819
-0.715,0.819
-0.715,0.80325
-0.715,0.7875
-0.715,0.768
-0.715,0.768
-0.715,0.768
-0.715,0.77375
-0.715,0.77375
-0.715,0.77375
-0.715,0.77375
-0.715,0.77375
-0.715,0.77375
-0.715,0.77375
-0.715,0.77775
-0.715,0.78375
-0.715,0.77975
-0.715,0.77975
-0.715,0.7835
-0.715,0.7895
-0.715,0.7895
-0.715,0.7895
-0.715,0.7895
-0.715,0.7895
-0.715,0.7895
-0.715,0.7895
-0.715,0.7895
-0.712,0.7895
-0.709,0.7935
-0.705,0.7935
-0.68925,0.7935
-0.68925,0.7935
-0.68525,0.7935
-0.68525,0.7935
-0.68525,0.7935
-0.70925,0.78775
-0.70925,0.78175
-0.71325,0.77775
-0.71325,0.77175
-0.71325,0.77175
-0.71325,0.78775
-0.71325,0.78775
-0.71325,0.7935
-0.71325,0.7975
-0.69725,0.813
-0.69325,0.823
-0.70925,0.8585
-0.70925,0.8645
-0.70925,0.87825
-0.70925,0.882
-0.70925,0.878
-0.70925,0.884
-0.70925,0.884
-0.70925,0.884
-0.71675,0.884
-0.717,0.884
-0.709,0.86825
-0.717,0.86825
-0.717,0.85825
-0.717,0.85825
-0.717,0.85825
