valence,arousal
0.0,0.0
0.0,0.0
0.0,0.0
0.0,0.0
0.0,0.0
0.0,0.0
0.0,0.0
0.0,0.0
0.0,0.0
0.0,0.0
0.0,0.0
0.0,0.0
0.0,0.0
0.0,0.0
0.0,0.0
0.0,0.0
0.0,0.0
0.0,0.0
0.0,0.0
0.0,0.0
0.0,0.0
0.0,0.0
0.0,0.0
0.0,0.0
0.0,0.0
0.0,0.0
0.0,0.0
0.0,0.0
0.0,0.0
0.0,0.0
0.0,0.0
0.0,0.0
0.0,0.0
0.0,0.0
0.0,0.0
0.0,0.0
0.0,0.0
0.0,0.0
0.0,0.0
0.0,0.0
0.0,0.0
0.0,0.0
0.0,0.0
0.0,0.0
0.0,0.0
0.0,0.0
0.0,0.0
0.0,0.0
0.0,0.0
0.0,-0.002
0.0,-0.014
0.0,-0.014
0.0,-0.022
0.0,-0.022
0.0,-0.022
0.0,-0.034
0.002,-0.028
0.0,-0.0555
0.0,-0.0615
0.0,-0.0735
0.0,-0.0735
0.0,-0.0775
0.0,-0.0815
0.0,-0.0815
0.0,-0.093
0.0,-0.105
0.0,-0.113
0.0,-0.113
0.0,-0.113
0.0,-0.113
0.0,-0.113
0.0,-0.113
0.005,-0.113
0.0,-0.113
0.0,-0.113
0.0,-0.122
0.0,-0.119
0.0,-0.125
0.0,-0.119
0.0,-0.125
0.0,-0.125
0.005,-0.125
0.0,-0.125
0.0,-0.125
0.0,-0.125
0.0,-0.125
0.0,-0.125
0.0,-0.125
0.0,-0.125
0.0,-0.125
0.0,-0.125
0.0,-0.125
0.0,-0.125
0.0,-0.125
0.0,-0.125
0.0,-0.125
0.0,-0.125
0.005,-0.125
0.002,-0.125
0.0,-0.125
0.0,-0.125
0.0,-0.125
0.0,-0.125
0.0,-0.125
0.0,-0.125
0.0,-0.125
0.0,-0.125
0.0,-0.125
0.0,-0.119
0.0,-0.125
0.0,-0.122
0.0,-0.113
0.0,-0.113
0.0,-0.102
0.0,-0.09
0.0,-0.09
0.0,-0.102
0.0,-0.09
0.0,-0.102
0.0,-0.09
0.0,-0.09
0.0,-0.09
0.0,-0.102
0.0,-0.09
0.0,-0.09
0.0,-0.09
0.0,-0.09
0.005,-0.09
0.0,-0.09
0.0,-0.09
0.0,-0.09
0.0,-0.09
0.0,-0.09
0.0,-0.09
0.0,-0.102
0.0,-0.11
0.0,-0.11
0.0,-0.113
0.0,-0.113
0.0,-0.113
0.0,-0.113
0.0,-0.113
0.0,-0.113
0.0,-0.113
0.0,-0.113
0.0,-0.113
0.0,-0.113
0.005,-0.113
0.005,-0.113
0.002,-0.113
0.0,-0.113
0.0,-0.113
0.0,-0.113
0.002,-0.113
0.0,-0.113
0.0,-0.113
0.0,-0.113
0.0,-0.113
0.0,-0.113
0.0,-0.113
0.0,-0.113
0.0,-0.113
0.0,-0.113
0.0,-0.113
0.005,-0.113
0.002,-0.113
0.0,-0.113
0.0,-0.113
0.0,-0.113
0.002,-0.113
0.0,-0.113
0.0,-0.113
0.0,-0.113
0.0,-0.113
0.0,-0.113
0.0,-0.113
0.0,-0.113
0.0,-0.113
0.0,-0.113
0.0,-0.113
0.031,-0.113
0.031,-0.113
0.0385,-0.113
0.0385,-0.113
0.0385,-0.113
0.0385,-0.113
0.0385,-0.113
0.0385,-0.113
0.0505,-0.113
0.0505,-0.113
0.0585,-0.113
0.0585,-0.113
0.0585,-0.113
0.0585,-0.113
0.0585,-0.113
0.0585,-0.113
0.0585,-0.113
0.0585,-0.113
0.0585,-0.093
0.0585,-0.0815
0.0585,-0.0735
0.0585,-0.0735
0.0585,-0.0675
0.0585,-0.0645
0.0585,-0.0645
0.0585,-0.0615
0.0585,-0.0615
0.0585,-0.0705
0.0585,-0.0615
0.0585,-0.0615
0.0585,-0.0615
0.0585,-0.0615
0.0585,-0.0615
0.0585,-0.0615
0.0585,-0.0615
0.0585,-0.0615
0.0585,-0.0615
0.0585,-0.0615
0.0585,-0.0615
0.0585,-0.0615
0.0585,-0.0615
0.0585,-0.0615
0.0585,-0.0615
0.0585,-0.0615
0.0585,-0.0615
0.0585,-0.0415
0.0585,-0.0415
0.0585,-0.034
0.0585,-0.022
0.0585,-0.002
0.0585,0.0
0.0585,0.011
0.0585,0.0345
0.0585,0.0505
0.0585,0.07
0.0585,0.07
0.0585,0.07
0.0585,0.082
0.0585,0.09
0.0585,0.09
0.0585,0.102
0.0585,0.102
0.0585,0.1095
0.0585,0.1095
0.0585,0.1095
0.0585,0.1095
0.0585,0.1095
0.0585,0.1095
0.0585,0.1095
0.0585,0.1095
0.0585,0.1095
0.0585,0.1095
0.0585,0.1095
0.0585,0.1095
0.0585,0.1095
0.0585,0.1095
0.0585,0.1095
0.0585,0.1095
0.0585,0.1095
0.0585,0.1095
0.0585,0.1095
0.0585,0.1095
0.0585,0.1095
0.0585,0.1095
0.0585,0.1095
0.0585,0.1095
0.0585,0.1095
0.0585,0.1095
0.0585,0.1095
0.0585,0.1095
0.0585,0.1095
0.0585,0.1095
0.0585,0.1095
0.0585,0.1095
0.0585,0.1095
0.0585,0.1095
0.0585,0.1095
0.0585,0.1095
0.0585,0.1095
0.0585,0.1095
0.0585,0.1095
0.0585,0.1095
0.0585,0.1095
0.0585,0.1095
0.0585,0.1095
0.0585,0.1095
0.0585,0.1095
0.0585,0.09
0.0585,0.082
0.0585,0.082
0.0585,0.082
0.0585,0.082
0.0585,0.082
0.0585,0.07
0.0585,0.07
0.0585,0.073
0.0585,0.07
0.0585,0.073
0.0585,0.07
0.0585,0.076
0.0585,0.082
0.0585,0.076
0.0585,0.082
0.0585,0.082
0.0585,0.082
0.0585,0.082
0.0585,0.082
0.0585,0.082
0.0585,0.082
0.0585,0.082
0.0585,0.082
0.0585,0.082
0.0585,0.082
0.0585,0.082
0.0585,0.082
0.0585,0.082
0.0585,0.073
0.0585,0.07
0.0585,0.07
0.0585,0.07
0.0585,0.07
0.0585,0.0585
0.0585,0.0585
0.0585,0.0585
0.0585,0.0585
0.0585,0.0585
0.0585,0.0585
0.0585,0.0585
0.0585,0.0645
0.0585,0.0585
0.0585,0.0615
0.0585,0.0585
0.0585,0.0585
0.0585,0.0585
0.0585,0.0675
0.0585,0.0615
0.0585,0.07
0.0585,0.07
0.0585,0.07
0.0585,0.07
0.0585,0.07
0.0585,0.07
0.0585,0.07
0.0585,0.07
0.0585,0.07
0.0585,0.07
0.0585,0.073
0.0585,0.07
0.0585,0.07
0.0585,0.07
0.0585,0.07
0.0585,0.07
0.0585,0.07
0.0585,0.07
0.0585,0.07
0.0585,0.07
0.0585,0.07
0.0585,0.07
0.0585,0.07
0.0585,0.07
0.0585,0.07
0.0585,0.07
0.0585,0.07
0.0585,0.07
0.0585,0.07
0.0585,0.07
0.0585,0.07
0.0585,0.07
0.0585,0.07
0.0585,0.07
0.0585,0.07
0.0585,0.07
0.0585,0.07
0.0585,0.07
0.0585,0.07
0.0585,0.07
0.0585,0.07
0.0585,0.07
0.0585,0.07
0.0585,0.07
0.0585,0.07
0.0585,0.07
0.0585,0.07
0.0585,0.07
0.0585,0.0675
0.0585,0.0585
0.0585,0.0585
0.0585,0.0645
0.0585,0.0615
0.0585,0.0585
0.0585,0.0585
0.0585,0.0585
0.0585,0.0585
0.0585,0.0585
0.0585,0.0585
0.0585,0.0585
0.0585,0.0585
0.0585,0.0585
0.0585,0.0585
0.0585,0.07
0.0585,0.07
0.0585,0.07
0.0585,0.07
0.0585,0.07
0.0585,0.07
0.0585,0.07
0.0585,0.076
0.0585,0.07
0.0585,0.07
0.0585,0.07
0.0585,0.07
0.0585,0.07
0.0585,0.07
0.0585,0.07
0.0585,0.07
0.0585,0.073
0.0585,0.07
0.0585,0.07
0.0585,0.07
0.0585,0.07
0.0585,0.073
0.0585,0.07
0.0585,0.07
0.0585,0.07
0.0585,0.07
0.0585,0.07
0.0585,0.07
0.0585,0.07
0.0585,0.07
0.0585,0.07
0.0585,0.07
0.0585,0.07
0.0585,0.07
0.0585,0.07
0.0585,0.07
0.0585,0.07
0.0585,0.07
0.0585,0.07
0.0585,0.07
0.0585,0.076
0.0585,0.07
0.0585,0.07
0.0585,0.07
0.0585,0.07
0.0585,0.076
0.0585,0.07
0.0585,0.07
0.0585,0.07
0.0585,0.07
0.0585,0.07
0.0585,0.07
0.0585,0.076
0.0585,0.07
0.0585,0.07
0.0585,0.07
0.0585,0.07
0.0585,0.07
0.0585,0.07
0.0585,0.076
0.0585,0.07
0.0585,0.07
0.0585,0.07
0.0585,0.07
0.0585,0.07
0.0585,0.07
0.0585,0.076
0.0585,0.07
0.0585,0.07
0.0585,0.07
0.0585,0.07
0.0585,0.07
0.0585,0.07
0.0585,0.07
0.0585,0.07
0.0585,0.07
0.0585,0.07
0.0585,0.07
0.0585,0.07
0.0585,0.07
0.0585,0.07
0.0585,0.07
0.0585,0.07
0.0585,0.07
0.0585,0.07
0.0585,0.07
0.0585,0.07
0.0585,0.07
0.0585,0.07
0.0585,0.073
0.027,0.09
-0.001,0.102
-0.021,0.1095
-0.025,0.1295
-0.025,0.166
-0.033,0.196
-0.033,0.2
-0.045,0.219
-0.065,0.2155
-0.057,0.2195
-0.057,0.2505
-0.069,0.245
-0.069,0.2585
-0.069,0.242
-0.069,0.2505
-0.069,0.2665
-0.069,0.2625
-0.069,0.2625
-0.077,0.2625
-0.074,0.2585
-0.077,0.2585
-0.077,0.2585
-0.077,0.2585
-0.077,0.2585
-0.071,0.2585
-0.077,0.2625
-0.077,0.2745
-0.077,0.2825
-0.077,0.286
-0.074,0.2745
-0.077,0.286
-0.077,0.294
-0.077,0.294
-0.077,0.2825
-0.077,0.294
-0.077,0.2825
-0.077,0.2825
-0.077,0.2825
-0.077,0.2825
-0.077,0.2825
-0.074,0.271
-0.074,0.251
-0.077,0.254
-0.077,0.251
-0.077,0.243
-0.077,0.243
-0.077,0.239
-0.077,0.239
-0.077,0.2585
-0.077,0.2745
-0.077,0.2785
-0.077,0.2785
-0.077,0.2785
-0.085,0.2785
-0.085,0.2785
-0.0925,0.2785
-0.0955,0.2785
-0.0765,0.2785
-0.0845,0.2785
-0.0845,0.267
-0.0955,0.267
-0.0915,0.267
-0.0915,0.259
-0.0855,0.247
-0.0975,0.247
-0.1175,0.247
-0.137,0.247
-0.137,0.247
-0.137,0.247
-0.137,0.247
-0.145,0.231
-0.145,0.223
-0.153,0.2115
-0.155,0.2035
-0.161,0.1955
-0.1645,0.1915
-0.1805,0.1915
-0.1805,0.176
-0.1725,0.172
-0.1685,0.172
-0.1605,0.172
-0.1485,0.16
-0.1445,0.176
-0.1565,0.176
-0.1565,0.176
-0.1565,0.176
-0.1445,0.182
-0.1445,0.16
-0.1685,0.16
-0.1805,0.156
-0.1925,0.152
-0.1925,0.148
-0.1925,0.148
-0.1925,0.16
-0.1925,0.16
-0.1925,0.16
-0.1925,0.16
-0.1925,0.16
-0.1925,0.16
-0.1925,0.16
-0.1925,0.16
-0.1925,0.16
-0.1925,0.16
-0.1605,0.16
-0.1325,0.16
-0.1085,0.16
-0.105,0.148
-0.105,0.148
-0.105,0.148
-0.105,0.1365
-0.105,0.1325
-0.105,0.1325
-0.105,0.1325
-0.105,0.1325
-0.105,0.1325
-0.105,0.1325
-0.105,0.1325
-0.105,0.1325
-0.105,0.1325
-0.105,0.1405
-0.102,0.1285
-0.093,0.1205
-0.102,0.1205
-0.105,0.1165
-0.105,0.1165
-0.102,0.1125
-0.105,0.1095
-0.105,0.1095
-0.105,0.1095
-0.105,0.1095
-0.105,0.1095
-0.093,0.1095
-0.093,0.1095
-0.093,0.1095
-0.093,0.1095
-0.093,0.1095
-0.093,0.1095
-0.093,0.1095
-0.105,0.1095
-0.105,0.1095
-0.105,0.1095
-0.105,0.1125
-0.105,0.1095
-0.105,0.1095
-0.105,0.1095
-0.105,0.1095
-0.105,0.1095
-0.113,0.1095
-0.113,0.1095
-0.113,0.1095
-0.113,0.1095
-0.113,0.1095
-0.113,0.1095
-0.113,0.1095
-0.113,0.1095
-0.113,0.1095
-0.113,0.1095
-0.113,0.1095
-0.113,0.1095
-0.113,0.1095
-0.125,0.1095
-0.125,0.1095
-0.122,0.1125
-0.125,0.1095
-0.125,0.1095
-0.122,0.1095
-0.125,0.1095
-0.125,0.1095
-0.125,0.1095
-0.125,0.1095
-0.125,0.1095
-0.125,0.1095
-0.125,0.1095
-0.125,0.1095
-0.125,0.1095
-0.125,0.1095
-0.125,0.1095
-0.125,0.1095
-0.125,0.1095
-0.125,0.1095
-0.125,0.1095
-0.125,0.1095
-0.125,0.1155
-0.125,0.1095
-0.125,0.1095
-0.125,0.1095
-0.125,0.102
-0.125,0.102
-0.125,0.09
-0.119,0.082
-0.125,0.082
-0.119,0.082
-0.125,0.082
-0.125,0.082
-0.125,0.07
-0.125,0.07
-0.125,0.07
-0.119,0.07
-0.125,0.07
-0.122,0.07
-0.125,0.07
-0.125,0.07
-0.119,0.07
-0.125,0.07
-0.125,0.07
-0.125,0.07
-0.125,0.07
-0.125,0.07
-0.125,0.07
-0.113,0.07
-0.113,0.07
-0.113,0.0675
-0.113,0.0585
-0.113,0.0585
-0.113,0.0585
-0.113,0.0585
-0.113,0.0585
-0.113,0.0585
-0.113,0.0585
-0.113,0.0585
-0.113,0.0585
-0.113,0.0585
-0.113,0.0585
-0.105,0.0585
-0.105,0.0585
-0.105,0.0585
-0.105,0.0585
-0.105,0.0585
-0.105,0.0585
-0.105,0.0505
-0.105,0.0505
-0.096,0.0505
-0.105,0.0505
-0.102,0.0505
-0.0845,0.0505
-0.0815,0.0505
-0.0735,0.0505
-0.0735,0.0505
-0.0735,0.0505
-0.0735,0.0505
-0.0735,0.0505
-0.0735,0.0505
-0.0735,0.0505
-0.0735,0.0505
-0.0735,0.0505
-0.0735,0.0505
-0.0735,0.0505
-0.0735,0.0505
-0.0735,0.0505
-0.0735,0.0505
-0.0735,0.0505
-0.0735,0.0505
-0.0735,0.0505
-0.0735,0.0505
-0.0735,0.0505
-0.0735,0.0505
-0.0735,0.0505
-0.0735,0.0505
-0.0735,0.0505
-0.0735,0.0505
-0.0735,0.0505
-0.0735,0.0505
-0.0735,0.0505
-0.0735,0.0505
-0.0735,0.0505
-0.0735,0.0505
-0.0735,0.0505
-0.0735,0.0505
-0.0735,0.0505
-0.0735,0.0505
-0.0735,0.0505
-0.0735,0.0505
-0.0735,0.0505
-0.0735,0.0505
-0.0735,0.0505
-0.0735,0.0505
-0.0735,0.0505
-0.0735,0.0505
-0.0735,0.0505
-0.0735,0.0505
-0.0735,0.0505
-0.0735,0.0505
-0.0735,0.0505
-0.0735,0.0505
-0.0735,0.0505
-0.0735,0.0505
-0.0735,0.0505
-0.0735,0.0505
-0.0735,0.0505
-0.0735,0.0505
-0.0735,0.0505
-0.0735,0.0505
-0.0735,0.0505
-0.0735,0.0505
-0.0735,0.0505
-0.0735,0.0505
-0.0735,0.0505
-0.0735,0.0505
-0.0735,0.0505
-0.0735,0.0505
-0.0735,0.0505
-0.0735,0.0505
-0.0735,0.0505
-0.0735,0.0505
-0.0735,0.0505
-0.0735,0.0505
-0.0735,0.0505
-0.0735,0.0505
-0.0735,0.0505
-0.0735,0.0505
-0.0735,0.0505
-0.0735,0.0505
-0.0735,0.0505
-0.0735,0.0505
-0.0735,0.0505
-0.0735,0.0505
-0.0735,0.0505
-0.0735,0.0505
-0.0735,0.0505
-0.0735,0.0505
-0.0735,0.0505
-0.0735,0.0505
-0.0735,0.0505
-0.0735,0.0505
-0.0735,0.0505
-0.0735,0.0505
-0.0735,0.0505
-0.0735,0.0505
-0.0735,0.0505
-0.0735,0.0505
-0.0735,0.0505
-0.0735,0.0505
-0.0735,0.0505
-0.0735,0.0505
-0.0735,0.0505
-0.0735,0.0505
-0.0735,0.0505
-0.0735,0.0505
-0.0735,0.0505
-0.0735,0.0505
-0.0735,0.0505
-0.0735,0.0505
-0.0735,0.0505
-0.0735,0.0505
-0.0735,0.0505
-0.0735,0.0505
-0.0735,0.0505
-0.0735,0.0505
-0.0735,0.0555
-0.0735,0.0585
-0.0735,0.07
-0.0735,0.07
-0.0735,0.07
-0.0735,0.07
-0.0735,0.07
-0.0735,0.07
-0.0735,0.07
-0.0735,0.07
-0.0735,0.07
-0.0735,0.07
-0.0735,0.07
-0.0735,0.07
-0.0735,0.07
-0.0735,0.07
-0.0735,0.07
-0.0735,0.07
-0.0735,0.07
-0.0735,0.07
-0.0735,0.07
-0.0735,0.07
-0.0735,0.07
-0.0735,0.07
-0.0735,0.07
-0.0735,0.07
-0.0735,0.07
-0.0735,0.07
-0.0735,0.07
-0.0735,0.07
-0.0735,0.07
-0.0735,0.07
-0.0735,0.07
-0.0735,0.07
-0.0735,0.07
-0.0735,0.07
-0.0735,0.07
-0.0735,0.07
-0.0735,0.07
-0.0735,0.07
-0.0735,0.07
-0.0735,0.07
-0.0735,0.07
-0.0735,0.07
-0.0735,0.07
-0.0735,0.07
-0.0735,0.07
-0.0735,0.07
-0.0735,0.07
-0.0735,0.07
-0.0735,0.07
-0.0735,0.07
-0.0735,0.07
-0.0735,0.07
-0.0735,0.07
-0.0735,0.07
-0.0735,0.07
-0.0735,0.07
-0.0735,0.07
-0.0735,0.07
-0.0735,0.07
-0.0735,0.07
-0.0735,0.07
-0.0735,0.07
-0.0735,0.07
-0.0735,0.07
-0.0735,0.07
-0.0735,0.07
-0.0735,0.07
-0.0735,0.07
-0.0735,0.07
-0.0735,0.07
-0.0735,0.07
-0.0735,0.07
-0.0735,0.07
-0.0735,0.07
-0.0735,0.07
-0.0735,0.07
-0.0735,0.07
-0.0735,0.07
-0.0735,0.07
-0.0735,0.07
-0.0735,0.07
-0.0735,0.07
-0.0735,0.07
-0.0735,0.07
-0.0735,0.07
-0.0735,0.07
-0.0735,0.07
-0.0735,0.07
-0.0735,0.07
-0.0735,0.07
-0.0735,0.07
-0.0735,0.07
-0.0735,0.07
-0.0735,0.07
-0.0735,0.07
-0.0735,0.07
-0.0735,0.07
-0.0735,0.076
-0.0735,0.07
-0.0735,0.07
-0.0735,0.07
-0.0735,0.07
-0.0735,0.07
-0.0735,0.07
-0.087,0.07
-0.093,0.07
-0.093,0.07
-0.093,0.07
-0.093,0.07
-0.1045,0.07
-0.0985,0.07
-0.0965,0.07
-0.1165,0.07
-0.1245,0.07
-0.1285,0.07
-0.1285,0.07
-0.1365,0.07
-0.1365,0.07
-0.1365,0.07
-0.1365,0.07
-0.1365,0.07
-0.1335,0.07
-0.1365,0.07
-0.1365,0.07
-0.1365,0.07
-0.1365,0.07
-0.1365,0.07
-0.1365,0.07
-0.1305,0.07
-0.1365,0.07
-0.1365,0.07
-0.1365,0.07
-0.1305,0.07
-0.1365,0.07
-0.1365,0.07
-0.1365,0.07
-0.1365,0.07
-0.1365,0.07
-0.1485,0.07
-0.1485,0.07
-0.1485,0.07
-0.1565,0.07
-0.1565,0.07
-0.1565,0.07
-0.1565,0.07
-0.1565,0.07
-0.1565,0.07
-0.1565,0.0585
-0.1565,0.0585
-0.1565,0.0525
-0.1565,0.0505
-0.1565,0.0385
-0.1565,0.0385
-0.1565,0.0385
-0.1565,0.031
-0.1565,0.031
-0.1565,0.031
-0.1565,0.031
-0.1565,0.031
-0.1565,0.031
-0.1565,0.031
-0.1565,0.019
-0.1565,0.019
-0.1565,0.025
-0.1565,0.019
-0.1565,0.019
-0.1565,0.022
-0.1565,0.019
-0.1565,0.019
-0.1565,0.019
-0.1565,0.025
-0.1565,0.019
-0.1565,0.019
-0.1565,0.019
-0.1565,0.019
-0.1565,0.019
-0.1565,0.019
-0.1565,0.019
-0.1565,0.019
-0.1565,0.019
-0.1565,0.019
-0.1565,0.022
-0.1565,0.019
-0.1565,0.019
-0.1565,0.019
-0.1565,0.019
-0.1565,0.019
-0.1565,0.022
-0.1565,0.019
-0.1565,0.019
-0.1565,0.019
-0.1565,0.019
-0.1565,0.038
-0.1565,0.042
-0.1565,0.046
-0.1565,0.038
-0.1565,0.038
-0.1565,0.05
-0.1565,0.042
-0.1565,0.0495
-0.1565,0.0385
-0.1565,0.0385
-0.1565,0.0385
-0.1565,0.0385
-0.1565,0.027
-0.1565,0.027
-0.1565,0.027
-0.1565,0.027
-0.1565,0.027
-0.1565,0.027
-0.1565,0.025
-0.1565,0.025
-0.1565,0.025
-0.1565,0.025
-0.1565,0.025
-0.1565,0.025
-0.1565,0.013
-0.1565,0.0245
-0.1565,0.0275
-0.1565,0.0245
-0.1565,0.013
-0.1365,0.0245
-0.1365,0.0245
-0.125,0.0245
-0.125,0.0165
-0.125,0.0165
-0.125,0.0205
-0.125,0.0085
-0.125,0.0085
-0.125,0.0085
-0.125,0.0085
-0.125,0.001
-0.125,0.001
-0.125,-0.005
-0.125,-0.007
-0.125,-0.007
-0.125,-0.007
-0.125,-0.007
-0.125,-0.011
-0.125,-0.011
-0.125,-0.011
-0.125,-0.011
-0.137,-0.011
-0.149,-0.011
-0.161,-0.015
-0.165,-0.003
-0.165,-0.003
-0.165,-0.003
-0.173,-0.003
-0.177,0.005
-0.189,0.0165
-0.209,0.0245
-0.221,0.0455
-0.233,0.0795
-0.257,0.1075
-0.269,0.1255
-0.277,0.145
-0.297,0.2085
-0.301,0.243
-0.309,0.255
-0.321,0.2785
-0.3365,0.326
-0.3765,0.3335
-0.3685,0.3375
-0.3805,0.3575
-0.4085,0.3655
-0.4085,0.3655
-0.414,0.3655
-0.42,0.3715
-0.432,0.3655
-0.432,0.3655
-0.438,0.3655
-0.444,0.3655
-0.452,0.3655
-0.452,0.3655
-0.452,0.3655
-0.46,0.3655
-0.46,0.3655
-0.464,0.3655
-0.4875,0.3655
-0.5035,0.3655
-0.5195,0.3655
-0.5195,0.3685
-0.5195,0.3655
-0.5195,0.3655
-0.5195,0.3655
-0.5195,0.3655
-0.5195,0.3655
-0.5275,0.3655
-0.5355,0.3655
-0.5355,0.3655
-0.5355,0.3715
-0.5355,0.3655
-0.5475,0.3655
-0.5515,0.3655
-0.5595,0.3685
-0.5595,0.3655
-0.5595,0.3655
-0.5595,0.3655
-0.5575,0.3655
-0.5635,0.3685
-0.5605,0.3655
-0.5515,0.3655
-0.5515,0.3655
-0.5515,0.3655
-0.5515,0.3655
-0.5515,0.3655
-0.5515,0.3655
-0.5595,0.3655
-0.5595,0.3655
-0.5595,0.3655
-0.5595,0.3655
-0.5595,0.3655
-0.5635,0.3655
-0.5635,0.3655
-0.5635,0.3655
-0.5635,0.3655
-0.5635,0.3685
-0.5755,0.3655
-0.5755,0.3655
-0.5735,0.3655
-0.5755,0.3655
-0.5755,0.3655
-0.5755,0.3775
-0.5755,0.3775
-0.5755,0.3775
-0.5755,0.385
-0.5755,0.385
-0.5755,0.385
-0.5755,0.385
-0.5755,0.385
-0.5755,0.385
-0.5755,0.385
-0.5755,0.385
-0.5755,0.385
-0.5755,0.385
-0.5755,0.385
-0.5755,0.385
-0.5755,0.385
-0.5755,0.385
-0.5755,0.385
-0.5755,0.385
-0.5755,0.385
-0.5755,0.385
-0.5755,0.385
-0.5755,0.385
-0.5755,0.385
-0.5755,0.385
-0.5755,0.385
-0.5755,0.385
-0.5755,0.385
-0.5755,0.385
-0.5755,0.385
-0.5755,0.385
-0.5755,0.385
-0.5755,0.385
-0.5755,0.373
-0.5755,0.373
-0.5755,0.361
-0.5755,0.3535
-0.5755,0.3455
-0.5635,0.3415
-0.5635,0.3375
-0.5635,0.3215
-0.5635,0.318
-0.5635,0.318
-0.5635,0.318
-0.5635,0.318
-0.5555,0.3215
-0.5555,0.3215
-0.5555,0.3215
-0.5555,0.306
-0.5555,0.3215
-0.5555,0.31
-0.5555,0.3215
-0.5555,0.3215
-0.5555,0.31
-0.5555,0.3215
-0.5555,0.31
-0.5555,0.31
-0.5555,0.31
-0.5515,0.3215
-0.5515,0.3215
-0.5515,0.3255
-0.5395,0.3255
-0.5395,0.3255
-0.5195,0.3255
-0.5195,0.3255
-0.5195,0.3255
-0.5195,0.3255
-0.5195,0.3255
-0.5195,0.3255
-0.5195,0.3255
-0.5195,0.3255
-0.5195,0.3255
-0.5195,0.3255
-0.5195,0.3255
-0.5195,0.3255
-0.5195,0.3255
-0.5195,0.3255
-0.5195,0.3255
-0.5195,0.3255
-0.5195,0.3255
-0.5195,0.3255
-0.5195,0.3255
-0.5195,0.3255
-0.5195,0.3255
-0.5195,0.3325
-0.5195,0.3495
-0.5195,0.3885
-0.5195,0.3965
-0.5195,0.4045
-0.5195,0.4125
-0.5555,0.4165
-0.6355,0.428
-0.684,0.428
-0.684,0.4165
-0.704,0.4165
-0.704,0.4165
-0.704,0.4165
-0.698,0.4165
-0.704,0.4165
-0.704,0.4245
-0.704,0.4245
-0.704,0.4245
-0.704,0.4245
-0.704,0.436
-0.704,0.436
-0.704,0.436
-0.704,0.44
-0.704,0.44
-0.704,0.44
-0.704,0.44
-0.704,0.444
-0.704,0.444
-0.704,0.452
-0.704,0.44
-0.704,0.436
-0.704,0.452
-0.704,0.452
-0.704,0.452
-0.704,0.452
-0.704,0.452
-0.704,0.456
-0.704,0.456
-0.704,0.456
-0.704,0.456
-0.704,0.456
-0.704,0.468
-0.704,0.476
-0.704,0.4875
-0.704,0.4875
-0.704,0.4875
-0.704,0.4905
-0.6875,0.4875
-0.6795,0.4905
-0.6515,0.4995
-0.6435,0.4905
-0.6395,0.4995
-0.6155,0.4995
-0.5875,0.4995
-0.5835,0.4995
-0.5715,0.4995
-0.5635,0.4995
-0.5595,0.4995
-0.5275,0.4995
-0.5275,0.4995
-0.5235,0.4995
-0.5075,0.4995
-0.5035,0.4995
-0.4895,0.4995
-0.4955,0.4995
-0.4955,0.4995
-0.4955,0.4965
-0.4955,0.4875
-0.4955,0.476
-0.4955,0.456
-0.4955,0.448
-0.4955,0.448
-0.4955,0.448
-0.4955,0.4365
-0.4955,0.431
-0.4955,0.444
-0.4955,0.444
-0.5395,0.448
-0.6155,0.4795
-0.6675,0.4955
-0.704,0.5035
-0.704,0.519
-0.704,0.539
-0.704,0.543
-0.704,0.543
-0.704,0.543
-0.704,0.543
-0.704,0.539
-0.704,0.5585
-0.704,0.5625
-0.704,0.5785
-0.704,0.598
-0.698,0.618
-0.704,0.6255
-0.704,0.6255
-0.704,0.6255
-0.704,0.6255
-0.704,0.6255
-0.704,0.6255
-0.704,0.6255
-0.704,0.6255
-0.704,0.6255
-0.713,0.6255
-0.6675,0.6255
-0.6675,0.6255
-0.6675,0.6255
-0.6675,0.6255
-0.6635,0.6255
-0.6635,0.6255
-0.6435,0.6255
-0.6395,0.6255
-0.6315,0.6255
-0.6315,0.6255
-0.6315,0.6255
-0.6315,0.6255
-0.6315,0.6255
-0.6315,0.6255
-0.6395,0.6255
-0.6395,0.6255
-0.6395,0.6255
-0.6395,0.6255
-0.6395,0.6255
-0.6395,0.6255
-0.6395,0.6255
-0.6395,0.6255
-0.6395,0.6255
-0.6355,0.6425
-0.6355,0.645
-0.6355,0.645
-0.6355,0.645
-0.6475,0.645
-0.6275,0.645
-0.6155,0.653
-0.6035,0.665
-0.6035,0.673
-0.6035,0.6925
-0.6035,0.6925
-0.6035,0.6925
-0.6035,0.6925
-0.6035,0.6925
-0.6035,0.6925
-0.5955,0.6925
-0.5715,0.6925
-0.5435,0.6925
-0.5115,0.6925
-0.5115,0.6925
-0.5115,0.6925
-0.5115,0.6925
-0.5115,0.6925
-0.5115,0.6925
-0.5115,0.6925
-0.5115,0.6925
-0.5115,0.6925
-0.5115,0.6925
-0.5115,0.6925
-0.5115,0.6925
-0.5115,0.681
-0.5115,0.665
-0.5115,0.661
-0.5115,0.657
-0.5115,0.657
-0.5235,0.657
-0.5235,0.6455
-0.5235,0.6415
-0.5275,0.6415
-0.5275,0.6415
-0.5275,0.6415
-0.5275,0.6375
-0.5275,0.6375
-0.5275,0.6375
-0.5275,0.6375
-0.5275,0.6375
-0.5275,0.6375
-0.5275,0.6495
-0.5355,0.6495
-0.5355,0.6495
-0.5355,0.6495
-0.5355,0.6495
-0.5355,0.6495
-0.5355,0.6495
-0.5355,0.6515
-0.5355,0.6575
-0.5355,0.6575
-0.5355,0.6575
-0.5355,0.6575
-0.5355,0.6575
-0.5355,0.6575
-0.5355,0.6575
-0.5355,0.6575
-0.5355,0.6575
-0.5355,0.6575
-0.5355,0.6575
-0.5355,0.6575
-0.5355,0.6575
-0.5355,0.6575
-0.5435,0.6575
-0.5435,0.6575
-0.5435,0.6575
-0.5435,0.6575
-0.5435,0.6575
-0.5435,0.6575
-0.5435,0.6575
-0.5435,0.6575
-0.5435,0.6575
-0.5435,0.6575
-0.5475,0.6575
-0.5475,0.6575
-0.5475,0.6575
-0.5475,0.6575
-0.5475,0.6575
-0.5475,0.6495
-0.5475,0.6615
-0.5475,0.6615
-0.5475,0.6495
-0.5475,0.6455
-0.5475,0.6455
-0.5475,0.6415
-0.5475,0.6415
-0.5475,0.6375
-0.5475,0.626
-0.5475,0.626
-0.5475,0.626
-0.5475,0.626
-0.5475,0.626
-0.5475,0.626
-0.5555,0.626
-0.5715,0.6375
-0.6075,0.6375
-0.6195,0.6375
-0.6195,0.6495
-0.6275,0.6495
-0.6275,0.661
-0.6275,0.685
-0.6355,0.693
-0.6355,0.7085
-0.6355,0.7205
-0.6355,0.74
-0.6395,0.764
-0.6395,0.768
-0.6395,0.768
-0.6395,0.772
-0.6395,0.772
-0.6395,0.7755
-0.6395,0.7755
-0.6395,0.7755
-0.6395,0.7755
-0.6395,0.7755
-0.6395,0.7755
-0.6395,0.7755
-0.6395,0.7755
-0.6395,0.7835
-0.6395,0.7915
-0.6395,0.8035
-0.6395,0.8075
-0.6395,0.8075
-0.6395,0.8075
-0.651,0.8075
-0.6395,0.8075
-0.6395,0.8075
-0.6395,0.8075
-0.6395,0.8075
-0.6395,0.8075
-0.6395,0.8075
-0.6255,0.8075
-0.6195,0.8075
-0.6195,0.8075
-0.6195,0.8075
-0.6115,0.8075
-0.631,0.8075
-0.642,0.8075
-0.651,0.8075
-0.659,0.8075
-0.659,0.8075
-0.659,0.8075
-0.659,0.776
-0.659,0.768
-0.659,0.762
-0.659,0.756
-0.659,0.756
-0.659,0.748
-0.659,0.7365
-0.659,0.7395
-0.659,0.7365
-0.659,0.7365
-0.659,0.7365
-0.659,0.7365
-0.659,0.7425
-0.659,0.7365
-0.659,0.7365
-0.659,0.7365
-0.659,0.7365
-0.659,0.7365
-0.659,0.7285
-0.659,0.7285
-0.659,0.7255
-0.659,0.7165
-0.659,0.7165
-0.659,0.7165
-0.659,0.7165
-0.659,0.7165
-0.659,0.7165
-0.659,0.7165
-0.659,0.7165
-0.659,0.7165
-0.659,0.7165
-0.659,0.7165
-0.659,0.7165
-0.659,0.7165
-0.659,0.7165
-0.659,0.7085
-0.659,0.6255
-0.659,0.6095
-0.659,0.59
-0.659,0.59
-0.659,0.594
-0.659,0.594
-0.659,0.594
-0.659,0.594
-0.659,0.594
-0.659,0.594
-0.659,0.594
-0.659,0.582
-0.659,0.574
-0.659,0.5685
-0.659,0.57
-0.659,0.5585
-0.659,0.542
-0.659,0.539
-0.659,0.523
-0.659,0.515
-0.659,0.515
-0.659,0.5115
-0.659,0.5115
-0.659,0.5115
-0.659,0.5115
-0.659,0.5115
-0.659,0.5115
-0.659,0.5115
-0.659,0.5115
-0.651,0.5115
-0.651,0.5115
-0.651,0.523
-0.651,0.523
-0.651,0.523
-0.651,0.523
-0.651,0.523
-0.651,0.523
-0.645,0.523
-0.639,0.523
-0.639,0.523
-0.639,0.523
-0.639,0.523
-0.639,0.523
-0.639,0.523
-0.639,0.539
-0.639,0.5765
-0.639,0.6255
-0.655,0.665
-0.7435,0.7085
-0.7355,0.7085
-0.724,0.7165
-0.724,0.7165
-0.724,0.7165
-0.716,0.7165
-0.716,0.7165
-0.716,0.7165
-0.684,0.7255
-0.684,0.7285
-0.6725,0.7285
-0.6785,0.7285
-0.6785,0.7285
-0.684,0.7285
-0.6725,0.7285
-0.684,0.7285
-0.6755,0.7285
-0.6725,0.7285
-0.6725,0.7285
-0.6725,0.7285
-0.6725,0.7365
-0.6725,0.7365
-0.6725,0.7365
-0.6725,0.7365
-0.6725,0.7365
-0.6445,0.7285
-0.628,0.7285
-0.5565,0.7285
-0.5365,0.7285
-0.5365,0.7195
-0.5345,0.7195
-0.5285,0.7165
-0.5285,0.7165
-0.5285,0.7165
-0.5285,0.681
-0.5285,0.6415
-0.5285,0.6215
-0.5165,0.613
-0.5165,0.606
-0.5165,0.602
-0.5165,0.59
-0.5165,0.582
-0.5165,0.581
-0.5165,0.5705
-0.5165,0.5695
-0.5165,0.5665
-0.5165,0.5665
-0.5165,0.5625
-0.5165,0.5425
-0.5165,0.5425
-0.5165,0.539
-0.5165,0.539
-0.5165,0.5465
-0.5085,0.5505
-0.5085,0.539
-0.5045,0.539
-0.5045,0.539
-0.5045,0.539
-0.5045,0.539
-0.5045,0.539
-0.5045,0.539
-0.5045,0.539
-0.5045,0.539
-0.5045,0.539
-0.4965,0.539
-0.4965,0.539
-0.4925,0.539
-0.4845,0.539
-0.4845,0.539
-0.4845,0.539
-0.4845,0.539
-0.4845,0.542
-0.4845,0.539
-0.4845,0.539
-0.4845,0.539
-0.4845,0.545
-0.4725,0.539
-0.4565,0.539
-0.4485,0.539
-0.4485,0.539
-0.47,0.539
-0.488,0.539
-0.5275,0.539
-0.5475,0.539
-0.559,0.542
-0.567,0.539
-0.576,0.539
-0.587,0.5705
-0.5985,0.574
-0.587,0.6255
-0.587,0.6535
-0.587,0.665
-0.587,0.673
-0.585,0.673
-0.579,0.673
-0.6065,0.673
-0.6065,0.673
-0.6065,0.673
-0.6185,0.673
-0.6155,0.673
-0.6155,0.673
-0.6065,0.673
-0.6065,0.673
-0.6065,0.673
-0.6065,0.673
-0.6065,0.673
-0.5985,0.673
-0.5985,0.673
-0.579,0.676
-0.579,0.673
-0.5475,0.673
-0.5475,0.673
-0.5475,0.665
-0.5395,0.665
-0.5245,0.665
-0.5155,0.665
-0.496,0.665
-0.488,0.665
-0.468,0.665
-0.468,0.665
-0.468,0.6295
-0.468,0.606
-0.468,0.5705
-0.468,0.5545
-0.468,0.5505
-0.468,0.531
-0.468,0.4955
-0.468,0.4955
-0.468,0.4995
-0.468,0.4995
-0.468,0.4995
-0.4565,0.4995
-0.4565,0.4995
-0.4565,0.4995
-0.4565,0.4995
-0.4565,0.4995
-0.4565,0.4995
-0.4565,0.4995
-0.4485,0.4995
-0.4485,0.4995
-0.4485,0.4995
-0.4485,0.4995
-0.4485,0.4995
-0.4485,0.4995
-0.4445,0.4995
-0.4365,0.4995
-0.4245,0.4995
-0.4165,0.4995
-0.4045,0.4995
-0.4045,0.4995
-0.4045,0.4995
-0.3885,0.4995
-0.3885,0.4995
-0.3765,0.4995
-0.3645,0.4995
-0.3405,0.4995
-0.3205,0.4995
-0.3125,0.4995
-0.3085,0.4995
-0.3205,0.4995
-0.3205,0.4995
-0.3205,0.4995
-0.3205,0.4995
-0.3205,0.4995
-0.3125,0.4995
-0.3125,0.4995
-0.3125,0.4995
-0.3205,0.4995
-0.3205,0.4995
-0.3205,0.4995
-0.3205,0.4995
-0.3205,0.4995
-0.3205,0.4995
-0.3205,0.5115
-0.3205,0.5115
-0.3205,0.5115
-0.3205,0.5115
-0.3205,0.5115
-0.3205,0.5115
-0.3205,0.5115
-0.3205,0.5115
-0.3205,0.5115
-0.3145,0.5115
-0.3205,0.5115
-0.3205,0.5115
-0.3205,0.5115
-0.3205,0.5115
-0.3205,0.5115
-0.3205,0.5115
-0.3205,0.5115
-0.3325,0.5115
-0.3325,0.5115
-0.3325,0.5115
-0.3325,0.5115
-0.3325,0.5115
-0.3325,0.5115
-0.3325,0.5115
-0.3365,0.5115
-0.3365,0.5115
-0.3365,0.5115
-0.3365,0.5115
-0.3445,0.5115
-0.3445,0.5115
-0.3325,0.515
-0.3445,0.515
-0.3445,0.515
-0.3445,0.515
-0.3445,0.515
-0.3445,0.515
-0.3445,0.515
-0.3445,0.515
-0.3445,0.515
-0.3445,0.515
-0.3445,0.515
-0.3445,0.515
-0.3445,0.515
-0.3445,0.515
-0.3445,0.515
-0.3445,0.515
-0.3445,0.515
-0.3445,0.515
-0.3445,0.515
-0.3445,0.515
-0.3445,0.515
-0.3445,0.515
-0.3445,0.515
-0.3445,0.515
-0.3445,0.515
-0.3445,0.515
-0.3445,0.515
-0.3445,0.515
-0.3485,0.515
-0.3485,0.515
-0.3485,0.519
-0.3485,0.531
-0.3485,0.535
-0.3485,0.523
-0.3485,0.519
-0.3485,0.535
-0.3485,0.523
-0.3535,0.535
-0.3565,0.539
-0.3565,0.543
-0.3565,0.543
-0.3565,0.543
-0.3565,0.543
-0.3565,0.539
-0.3565,0.543
-0.3565,0.5585
-0.3565,0.543
-0.3565,0.5545
-0.3565,0.5585
-0.3565,0.5585
-0.3565,0.5585
-0.3565,0.5585
-0.3565,0.5585
-0.3565,0.5585
-0.3565,0.5585
-0.3565,0.5585
-0.3565,0.5585
-0.3565,0.5585
-0.3565,0.5585
-0.3565,0.5585
-0.3565,0.5585
-0.3565,0.5545
-0.3565,0.543
-0.3565,0.5625
-0.3565,0.5505
-0.3565,0.5505
-0.3565,0.5545
-0.3565,0.5545
-0.3565,0.5545
-0.3565,0.5545
-0.3565,0.5545
-0.3565,0.5585
-0.3565,0.5585
-0.3565,0.5585
-0.3565,0.5585
-0.3565,0.5585
-0.3565,0.5585
-0.3565,0.5585
-0.3565,0.5585
-0.3565,0.5585
-0.3565,0.5585
-0.3565,0.5585
-0.3565,0.5585
-0.3565,0.5585
-0.3565,0.5585
-0.3565,0.5585
-0.3565,0.5585
-0.3565,0.5585
-0.3565,0.5585
-0.3565,0.5585
-0.3565,0.5585
-0.3565,0.5585
-0.3565,0.5585
-0.3565,0.5585
-0.3565,0.5585
-0.3565,0.5585
-0.3565,0.5585
-0.3565,0.5585
-0.3565,0.5585
-0.3565,0.5585
-0.3565,0.5585
-0.3565,0.5585
-0.3505,0.5585
-0.3565,0.5585
-0.3565,0.5585
-0.3565,0.5585
-0.3565,0.5585
-0.3565,0.5585
-0.3565,0.5585
-0.3565,0.5585
-0.3565,0.5585
-0.3565,0.5585
-0.3565,0.5585
-0.3565,0.5585
-0.3565,0.5585
-0.3565,0.5585
-0.3565,0.5585
-0.3565,0.5585
-0.3565,0.5585
-0.3565,0.5585
-0.3565,0.5585
-0.3565,0.5585
-0.3565,0.5585
-0.3565,0.5585
-0.3565,0.5585
-0.3565,0.5585
-0.3565,0.5585
-0.3565,0.5585
-0.3565,0.5585
-0.3565,0.5585
-0.3565,0.5585
-0.3565,0.5585
-0.3565,0.5585
-0.3565,0.5585
-0.3565,0.5585
-0.3565,0.5585
-0.3565,0.5585
-0.3565,0.5585
-0.3565,0.5585
-0.3565,0.5585
-0.3565,0.5585
-0.3565,0.5585
-0.3565,0.5585
-0.3565,0.5585
-0.3565,0.5585
-0.3565,0.5585
-0.3565,0.5585
-0.3565,0.5585
-0.333,0.5585
-0.333,0.5585
-0.333,0.5585
-0.333,0.5585
-0.333,0.5585
-0.333,0.5585
-0.333,0.5585
-0.333,0.5585
-0.333,0.5585
-0.333,0.5585
-0.333,0.5585
-0.333,0.5585
-0.337,0.5585
-0.34,0.5585
-0.3455,0.5585
-0.3485,0.5585
-0.3485,0.5585
-0.3485,0.5585
-0.3485,0.5585
-0.3485,0.5585
-0.3485,0.5585
-0.3485,0.5585
-0.3485,0.5585
-0.3485,0.5585
-0.3485,0.5585
-0.337,0.5585
-0.34,0.5585
-0.3485,0.5585
-0.3425,0.5585
-0.337,0.5585
-0.3425,0.5585
-0.325,0.5585
-0.3365,0.5585
-0.3525,0.5585
-0.3565,0.5585
-0.3565,0.5585
-0.3565,0.5585
-0.3565,0.5585
-0.3565,0.5585
-0.3565,0.5585
-0.3565,0.5585
-0.3565,0.5585
-0.3565,0.5585
-0.3565,0.5585
-0.3565,0.5585
-0.3565,0.5585
-0.3565,0.5585
-0.3565,0.5585
-0.3565,0.5585
-0.3565,0.5585
-0.3565,0.5585
-0.3565,0.5585
-0.3565,0.5465
-0.3685,0.5495
-0.3685,0.5465
-0.3685,0.5495
-0.3685,0.5465
-0.3685,0.5465
-0.3685,0.5465
-0.3685,0.5465
-0.3645,0.523
-0.3445,0.519
-0.3405,0.519
-0.3325,0.5075
-0.3245,0.519
-0.3245,0.5075
-0.3245,0.4995
-0.3245,0.4915
-0.3125,0.4835
-0.3125,0.48
-0.3125,0.477
-0.3125,0.466
-0.3125,0.456
-0.3125,0.456
-0.3125,0.456
-0.3325,0.456
-0.3445,0.459
-0.4045,0.452
-0.4165,0.456
-0.4245,0.444
-0.4245,0.452
-0.4245,0.44
-0.4325,0.44
-0.4365,0.436
-0.4345,0.4245
-0.4365,0.4165
-0.4405,0.4165
-0.4405,0.405
-0.4405,0.405
-0.4485,0.4165
-0.4485,0.4085
-0.4485,0.388
-0.4485,0.397
-0.4485,0.393
-0.4485,0.405
-0.4485,0.402
-0.4485,0.389
-0.4485,0.389
-0.4485,0.389
-0.4485,0.38
-0.4485,0.389
-0.4485,0.385
-0.4485,0.405
-0.4485,0.389
-0.4485,0.389
-0.4485,0.405
-0.4485,0.389
-0.4485,0.389
-0.4485,0.397
-0.4365,0.385
-0.4245,0.373
-0.4245,0.365
-0.4165,0.373
-0.4165,0.377
-0.4085,0.377
-0.4085,0.377
-0.4085,0.377
-0.4085,0.377
-0.4085,0.38
-0.4085,0.377
-0.4245,0.377
-0.4245,0.377
-0.4245,0.377
-0.4245,0.377
-0.4245,0.377
-0.4245,0.377
-0.4245,0.377
-0.4085,0.377
-0.4085,0.377
-0.4085,0.377
-0.4085,0.377
-0.4085,0.377
-0.4085,0.377
-0.4085,0.377
-0.4085,0.377
-0.4085,0.377
-0.4085,0.377
-0.4045,0.377
-0.3925,0.377
-0.3845,0.377
-0.3805,0.377
-0.3805,0.377
-0.3805,0.377
-0.3805,0.365
-0.3805,0.365
-0.3805,0.365
-0.3805,0.3965
-0.3805,0.4125
-0.3805,0.4125
-0.3805,0.4205
-0.3805,0.4285
-0.3805,0.432
-0.3805,0.432
-0.3925,0.432
-0.3965,0.432
-0.4045,0.432
-0.4245,0.432
-0.4245,0.432
-0.4285,0.432
-0.4405,0.432
-0.4405,0.432
-0.4485,0.438
-0.4485,0.436
-0.4485,0.436
-0.4485,0.442
-0.4485,0.436
-0.4485,0.436
-0.4525,0.436
-0.4525,0.439
-0.4525,0.436
-0.4525,0.436
-0.4605,0.436
-0.4605,0.436
-0.4605,0.439
-0.4605,0.436
-0.4605,0.436
-0.4605,0.436
-0.4645,0.436
-0.4725,0.442
-0.4725,0.436
-0.4725,0.442
-0.4725,0.436
-0.4725,0.436
-0.4725,0.436
-0.4725,0.436
-0.4725,0.436
-0.4725,0.436
-0.4725,0.436
-0.4725,0.436
-0.4725,0.436
-0.4725,0.448
-0.4725,0.448
-0.4725,0.448
-0.4725,0.448
-0.4725,0.448
-0.4725,0.448
-0.4725,0.448
-0.4725,0.448
-0.4725,0.448
-0.4725,0.456
-0.4725,0.456
-0.4725,0.456
-0.4725,0.456
-0.4725,0.456
-0.4725,0.456
-0.4725,0.456
-0.4725,0.4675
-0.4725,0.4675
-0.4725,0.4675
-0.4725,0.4675
-0.4725,0.4675
-0.4725,0.4675
-0.4725,0.4675
-0.4725,0.4675
-0.4725,0.4675
-0.4725,0.4675
-0.4725,0.4675
-0.4725,0.4675
-0.4725,0.4675
-0.4725,0.4675
-0.4725,0.4675
-0.4725,0.4675
-0.4525,0.4675
-0.4245,0.4675
-0.4085,0.4675
-0.3925,0.4675
-0.3925,0.4675
-0.3925,0.4675
-0.3925,0.4675
-0.3925,0.4675
-0.3925,0.4675
-0.3925,0.4675
-0.3925,0.4675
-0.3925,0.4675
-0.3925,0.4675
-0.3925,0.4675
-0.3925,0.4675
-0.3925,0.4675
-0.3925,0.4675
-0.3925,0.4675
-0.3925,0.4675
-0.3925,0.4675
-0.3925,0.4675
-0.3925,0.456
-0.3925,0.456
-0.3925,0.448
-0.3925,0.448
-0.3925,0.448
-0.3925,0.448
-0.3925,0.448
-0.4165,0.448
-0.4245,0.448
-0.4245,0.448
-0.4245,0.448
-0.4445,0.448
-0.4485,0.448
-0.4485,0.448
-0.4565,0.448
-0.4565,0.448
-0.4565,0.448
-0.4565,0.448
-0.4565,0.448
-0.4565,0.448
-0.4565,0.448
-0.459,0.448
-0.468,0.448
-0.468,0.448
-0.476,0.448
-0.476,0.448
-0.476,0.448
-0.476,0.448
-0.476,0.448
-0.476,0.448
-0.485,0.448
-0.488,0.448
-0.488,0.448
-0.488,0.448
-0.488,0.448
-0.488,0.448
-0.488,0.448
-0.488,0.448
-0.488,0.448
-0.488,0.448
-0.482,0.448
-0.488,0.448
-0.488,0.448
-0.488,0.448
-0.488,0.448
-0.488,0.448
-0.488,0.448
-0.488,0.448
-0.488,0.448
-0.488,0.448
-0.488,0.448
-0.488,0.448
-0.488,0.448
-0.488,0.448
-0.488,0.448
-0.488,0.448
-0.482,0.448
-0.5,0.448
-0.508,0.448
-0.508,0.448
-0.512,0.448
-0.512,0.448
-0.52,0.448
-0.524,0.448
-0.524,0.448
-0.532,0.448
-0.532,0.448
-0.532,0.448
-0.532,0.448
-0.532,0.448
-0.532,0.448
-0.532,0.448
-0.532,0.448
-0.529,0.448
-0.532,0.448
-0.532,0.448
-0.532,0.448
-0.532,0.448
-0.532,0.448
-0.536,0.448
-0.536,0.448
-0.536,0.448
-0.536,0.448
-0.536,0.448
-0.536,0.448
-0.536,0.448
-0.536,0.448
-0.536,0.448
-0.536,0.448
-0.536,0.448
-0.536,0.448
-0.536,0.448
-0.533,0.448
-0.536,0.448
-0.536,0.448
-0.536,0.448
-0.536,0.448
-0.536,0.448
-0.536,0.448
-0.536,0.448
-0.536,0.448
-0.536,0.448
-0.536,0.448
-0.536,0.448
-0.536,0.448
-0.536,0.448
-0.536,0.448
-0.536,0.448
-0.544,0.448
-0.544,0.448
-0.544,0.448
-0.544,0.448
-0.544,0.448
-0.544,0.448
-0.544,0.448
-0.544,0.448
-0.544,0.448
-0.544,0.448
-0.544,0.448
-0.544,0.448
-0.544,0.448
-0.544,0.448
-0.544,0.448
-0.544,0.448
-0.544,0.448
-0.5555,0.448
-0.5555,0.448
-0.5595,0.448
-0.5635,0.448
-0.5635,0.448
-0.5635,0.448
-0.5635,0.448
-0.5665,0.448
-0.5635,0.448
-0.5695,0.448
-0.5755,0.448
-0.5755,0.448
-0.5755,0.448
-0.5755,0.448
-0.5755,0.448
-0.5755,0.448
-0.5755,0.448
-0.5725,0.448
-0.5755,0.448
-0.5835,0.448
-0.5835,0.448
-0.5835,0.448
-0.5835,0.448
-0.5835,0.448
-0.5835,0.448
-0.5835,0.448
-0.5835,0.448
-0.5835,0.448
-0.5835,0.448
-0.5835,0.448
-0.5835,0.448
-0.5835,0.448
-0.5835,0.448
-0.5835,0.448
-0.5835,0.448
-0.5835,0.448
-0.5835,0.448
-0.5775,0.448
-0.5835,0.448
-0.5835,0.448
-0.5835,0.448
-0.5835,0.448
-0.5835,0.448
-0.5835,0.448
-0.5835,0.448
-0.5835,0.448
-0.5715,0.448
-0.5715,0.448
-0.5675,0.458
-0.5675,0.4675
-0.5675,0.4675
-0.5675,0.4675
-0.5675,0.4675
-0.5675,0.4675
-0.5675,0.4675
-0.5675,0.4675
-0.5675,0.4675
-0.5675,0.4675
-0.5675,0.4675
-0.5675,0.4675
-0.5675,0.4675
-0.5675,0.4675
-0.5675,0.4675
-0.5675,0.4675
-0.5675,0.4675
-0.5675,0.4675
-0.5675,0.4675
-0.5675,0.4675
-0.5675,0.4675
-0.5675,0.4675
-0.5675,0.4675
-0.5675,0.4675
-0.5675,0.4675
-0.5675,0.4675
-0.5675,0.4675
-0.5675,0.4675
-0.5675,0.4675
-0.5875,0.4675
-0.5755,0.4675
-0.5845,0.4675
-0.5815,0.4675
-0.5755,0.4675
-0.5755,0.4675
-0.5725,0.4675
-0.5635,0.4675
-0.5725,0.4675
-0.5635,0.4675
-0.5635,0.4675
-0.5635,0.4675
-0.5635,0.4675
-0.5635,0.4675
-0.5635,0.4675
-0.5635,0.4695
-0.5555,0.4755
-0.5555,0.4755
-0.5555,0.4755
-0.5555,0.4755
-0.5555,0.4755
-0.5555,0.4755
-0.5555,0.4755
-0.5555,0.4755
-0.5555,0.4755
-0.5555,0.4755
-0.5555,0.4755
-0.5555,0.4755
-0.5555,0.4755
-0.5555,0.4755
-0.5555,0.4755
-0.5555,0.4755
-0.5555,0.4755
-0.5555,0.4755
-0.5555,0.4755
-0.5555,0.4755
-0.5555,0.4755
-0.5555,0.4755
-0.5555,0.4755
-0.5555,0.4755
-0.5555,0.4755
-0.5755,0.4755
-0.5755,0.4755
-0.5755,0.4755
-0.5755,0.4755
-0.5795,0.4755
-0.5875,0.4755
-0.5955,0.4755
-0.5955,0.4755
-0.6075,0.4755
-0.6075,0.4755
-0.6075,0.4755
-0.5955,0.4755
-0.5955,0.4755
-0.5955,0.4755
-0.5955,0.4755
-0.5955,0.4755
-0.5955,0.4755
-0.5955,0.4755
-0.5955,0.4755
-0.5955,0.4755
-0.5955,0.4755
-0.5955,0.4755
-0.5955,0.4755
-0.5955,0.4785
-0.5955,0.4875
-0.5955,0.4875
-0.5955,0.4875
-0.5955,0.4875
-0.5955,0.4875
-0.5955,0.4875
-0.5955,0.4875
-0.5955,0.4875
-0.5955,0.4875
-0.5955,0.4875
-0.5955,0.4875
-0.5955,0.4755
-0.5955,0.4755
-0.5955,0.4785
-0.5955,0.4755
-0.5955,0.4815
-0.5955,0.4755
-0.5955,0.4755
-0.5955,0.4755
-0.5955,0.4755
-0.5955,0.4715
-0.5955,0.4675
-0.5955,0.456
-0.5955,0.456
-0.5955,0.439
-0.5955,0.442
-0.5955,0.436
-0.5795,0.436
-0.5755,0.436
-0.5755,0.436
-0.5755,0.436
-0.5755,0.436
-0.5755,0.442
-0.5755,0.436
-0.5755,0.436
-0.5755,0.442
-0.5755,0.436
-0.5755,0.436
-0.5755,0.436
-0.5755,0.436
-0.5755,0.436
-0.5755,0.436
-0.5755,0.436
-0.5755,0.436
-0.5755,0.436
-0.5755,0.436
-0.5755,0.436
-0.5755,0.436
-0.5755,0.4285
-0.5755,0.4285
-0.5755,0.4285
-0.5755,0.4285
-0.5755,0.4285
-0.5755,0.4285
-0.5755,0.4285
-0.5755,0.4285
-0.5755,0.4285
-0.5755,0.4285
-0.5755,0.4285
-0.5755,0.4285
-0.5755,0.4285
-0.5755,0.4285
-0.5755,0.4285
-0.5755,0.4285
-0.5755,0.4285
-0.5755,0.4285
-0.5755,0.4285
-0.5755,0.4285
-0.5755,0.4285
-0.5755,0.4285
-0.5755,0.4285
-0.5755,0.4285
-0.5755,0.4285
-0.5755,0.4285
-0.5755,0.4285
-0.5755,0.4285
-0.5755,0.4285
-0.5755,0.4285
-0.5755,0.4285
-0.5755,0.4285
-0.5755,0.4285
-0.5755,0.4285
-0.5755,0.4285
-0.5755,0.4285
-0.5755,0.4285
-0.5755,0.4285
-0.5755,0.4285
-0.5755,0.4285
-0.5755,0.4285
-0.5755,0.4285
-0.5755,0.4285
-0.5755,0.4285
-0.5755,0.4285
-0.5755,0.4285
-0.5755,0.4285
-0.5755,0.4285
-0.5755,0.4285
-0.5755,0.4285
-0.5755,0.4285
-0.5755,0.4285
-0.5755,0.4285
-0.5755,0.4285
-0.5755,0.4285
-0.5755,0.4285
-0.5755,0.4285
-0.5755,0.4285
-0.5755,0.4285
-0.5755,0.4285
-0.5755,0.4285
-0.5755,0.4285
-0.5755,0.4285
-0.5755,0.4285
-0.5755,0.4285
-0.5755,0.4285
-0.5755,0.4285
-0.5755,0.4285
-0.5755,0.4285
-0.5755,0.4285
-0.5755,0.4285
-0.5755,0.4285
-0.5755,0.4285
-0.5755,0.4285
-0.5755,0.4285
-0.5755,0.4285
-0.5755,0.4285
-0.5755,0.4285
-0.5755,0.4285
-0.5755,0.4285
-0.5755,0.4285
-0.5755,0.4285
-0.5755,0.4285
-0.5755,0.4285
-0.5755,0.4285
-0.5755,0.4285
-0.5755,0.4285
-0.5755,0.4285
-0.5755,0.4285
-0.5755,0.4285
-0.5755,0.4285
-0.5755,0.4285
-0.5755,0.4285
-0.5755,0.4285
-0.5755,0.4285
-0.5755,0.4285
-0.5755,0.4285
-0.5755,0.4285
-0.5675,0.4285
-0.5635,0.4285
-0.5635,0.4285
-0.5555,0.4285
-0.5555,0.4285
-0.5515,0.4285
-0.5515,0.4285
-0.5515,0.4285
-0.5515,0.4285
-0.5515,0.4285
-0.5515,0.4285
-0.5515,0.4285
-0.5515,0.4285
-0.5515,0.4285
-0.5515,0.4285
-0.5515,0.4285
-0.5515,0.4285
-0.5515,0.4285
-0.5515,0.4285
-0.5515,0.4285
-0.5515,0.4285
-0.5515,0.4285
-0.5515,0.4285
-0.5515,0.4285
-0.5515,0.4285
-0.5435,0.4285
-0.5435,0.4285
-0.5435,0.4285
-0.5395,0.4285
-0.5315,0.4285
-0.5275,0.4285
-0.5275,0.4285
-0.5275,0.4285
-0.5275,0.4285
-0.5275,0.4285
-0.5275,0.4285
-0.5195,0.4285
-0.5195,0.4285
-0.5155,0.4285
-0.5155,0.436
-0.5075,0.436
-0.5035,0.439
-0.4955,0.436
-0.4875,0.448
-0.4875,0.452
-0.4875,0.456
-0.4875,0.4675
-0.4875,0.4675
-0.4875,0.4675
-0.4875,0.4675
-0.4875,0.4675
-0.4875,0.4675
-0.4875,0.4675
-0.4875,0.4755
-0.4875,0.4755
-0.4875,0.4755
-0.4875,0.4755
-0.4835,0.4875
-0.4835,0.4875
-0.4835,0.4875
-0.4755,0.4875
-0.4715,0.4875
-0.4715,0.4875
-0.4715,0.4875
-0.4635,0.4875
-0.4635,0.4875
-0.4635,0.4875
-0.4635,0.4875
-0.4635,0.4875
-0.4635,0.4875
-0.4635,0.4875
-0.4635,0.4875
-0.4635,0.4875
-0.4635,0.4875
-0.4635,0.4875
-0.4635,0.4875
-0.4635,0.4875
-0.4595,0.4875
-0.4595,0.4875
-0.4595,0.4875
-0.4595,0.4875
-0.4595,0.4875
-0.4595,0.4875
-0.4595,0.4875
-0.4595,0.5035
-0.4595,0.5035
-0.4595,0.5075
-0.4595,0.519
-0.4595,0.5035
-0.4595,0.5035
-0.4595,0.519
-0.4595,0.519
-0.4595,0.519
-0.4595,0.5075
-0.4595,0.5075
-0.4595,0.5035
-0.4595,0.523
-0.4595,0.523
-0.4595,0.519
-0.4595,0.5115
-0.4595,0.523
-0.4595,0.527
-0.4715,0.5115
-0.4715,0.519
-0.4715,0.539
-0.4715,0.539
-0.4715,0.543
-0.4715,0.5745
-0.4715,0.5785
-0.4715,0.5825
-0.4715,0.5825
-0.4715,0.5825
-0.4715,0.5825
-0.4715,0.5825
-0.4715,0.5825
-0.4755,0.5825
-0.4755,0.5825
-0.4835,0.5825
-0.4875,0.5825
-0.4875,0.5825
-0.4955,0.5825
-0.4955,0.5825
-0.4955,0.5825
-0.4955,0.5825
-0.4955,0.5825
-0.4955,0.5825
-0.4955,0.5825
-0.4955,0.5795
-0.4955,0.5665
-0.4955,0.534
-0.4955,0.527
-0.4955,0.527
-0.4955,0.54
-0.4955,0.519
-0.5035,0.527
-0.5035,0.511
-0.5035,0.511
-0.5035,0.503
-0.5035,0.503
-0.5035,0.503
-0.5035,0.503
-0.5035,0.503
-0.5035,0.503
-0.5035,0.503
-0.5035,0.503
-0.5035,0.4915
-0.5035,0.4915
-0.5035,0.4915
-0.5035,0.4915
-0.5035,0.4835
-0.5035,0.4835
-0.5035,0.4835
-0.5035,0.4835
-0.5035,0.4835
-0.5035,0.4835
-0.5035,0.4835
-0.5035,0.4795
-0.5035,0.4795
-0.5035,0.4795
-0.5035,0.4795
-0.5035,0.4795
-0.5035,0.4795
-0.5035,0.4795
-0.5035,0.4795
-0.5035,0.4795
-0.5035,0.4795
-0.5035,0.4795
-0.5035,0.4795
-0.5035,0.4795
-0.5035,0.4795
-0.5035,0.4675
-0.5035,0.4675
-0.5035,0.4675
-0.5035,0.4675
-0.5035,0.4675
-0.5035,0.4675
-0.5035,0.4675
-0.5035,0.4705
-0.5035,0.4675
-0.5035,0.4675
-0.5035,0.4675
-0.5035,0.4675
-0.5035,0.4675
-0.5035,0.4675
-0.5035,0.4675
-0.5035,0.4675
-0.5035,0.4675
-0.5035,0.4675
-0.5035,0.4675
-0.5035,0.4675
-0.5035,0.4675
-0.5035,0.4675
-0.5035,0.4675
-0.5035,0.4675
-0.5035,0.4675
-0.5035,0.4675
-0.5035,0.4675
-0.5035,0.4675
-0.5035,0.4675
-0.5035,0.4675
-0.5035,0.4675
-0.5035,0.4705
-0.5035,0.4675
-0.5035,0.4675
-0.5035,0.4675
-0.5035,0.4675
-0.5035,0.4705
-0.5035,0.4675
-0.5035,0.4675
-0.5035,0.4675
-0.5035,0.4675
-0.5035,0.4675
-0.5035,0.4675
-0.5035,0.4675
-0.5035,0.4675
-0.5035,0.4675
-0.5205,0.4675
-0.5235,0.4675
-0.5235,0.4735
-0.5235,0.4675
-0.5235,0.4675
-0.5235,0.4675
-0.5235,0.4675
-0.5235,0.4675
-0.5235,0.4675
-0.5355,0.4675
-0.5355,0.4675
-0.5355,0.4675
-0.5355,0.4675
-0.5355,0.4675
-0.5355,0.4675
-0.5355,0.4675
-0.5355,0.4675
-0.5355,0.4675
-0.5355,0.4675
-0.5355,0.4675
-0.5355,0.4675
-0.5355,0.4675
-0.5355,0.4675
-0.5355,0.4675
-0.5355,0.4675
-0.5355,0.4675
-0.5355,0.4675
-0.5355,0.4675
-0.5325,0.4735
-0.5355,0.4675
-0.5355,0.4675
-0.5355,0.4675
-0.5355,0.4675
-0.5355,0.4675
-0.5355,0.4675
-0.5355,0.4675
-0.5325,0.4675
-0.5355,0.4735
-0.5355,0.4675
-0.5355,0.4675
-0.5355,0.4675
-0.5355,0.4675
-0.5355,0.4705
-0.5355,0.4675
-0.5355,0.4735
-0.5355,0.4675
-0.5355,0.4675
-0.5355,0.4675
-0.5355,0.4675
-0.5355,0.4735
-0.5355,0.4675
-0.5355,0.4675
-0.5355,0.4675
-0.5355,0.4675
-0.5355,0.4675
-0.5355,0.4675
-0.5355,0.4675
-0.5355,0.4675
-0.5355,0.4705
-0.5355,0.4675
-0.5355,0.4675
-0.5355,0.4675
-0.5355,0.4675
-0.5195,0.4675
-0.5195,0.4675
-0.5195,0.4675
-0.5195,0.4675
-0.5195,0.4675
-0.5195,0.4675
-0.5195,0.4675
-0.5195,0.4675
-0.5155,0.4675
-0.5155,0.4675
-0.5155,0.4675
-0.5155,0.4675
-0.5155,0.4735
-0.5155,0.4675
-0.5155,0.4675
-0.5155,0.4675
-0.5155,0.4675
-0.5155,0.4675
-0.5155,0.4675
-0.5075,0.4675
-0.5075,0.4675
-0.5075,0.4675
-0.5075,0.4675
-0.5035,0.4675
-0.5035,0.4675
-0.5035,0.4675
-0.5035,0.4735
-0.5035,0.4675
-0.4955,0.4675
-0.4955,0.4675
-0.4955,0.4675
-0.4955,0.4675
-0.4955,0.4675
-0.4855,0.4735
-0.4915,0.4675
-0.4915,0.4675
-0.4915,0.4675
-0.4915,0.4675
-0.4915,0.4705
-0.4915,0.4675
-0.4915,0.4675
-0.4855,0.4675
-0.4915,0.4675
-0.4855,0.4675
-0.4915,0.46
-0.4955,0.46
-0.4955,0.46
-0.4955,0.46
-0.4955,0.46
-0.4955,0.451
-0.4955,0.448
-0.4955,0.46
-0.4925,0.448
-0.4955,0.46
-0.4955,0.451
-0.4955,0.448
-0.4955,0.448
-0.4835,0.448
-0.4915,0.448
-0.4835,0.448
-0.4955,0.448
-0.4835,0.448
-0.4835,0.448
-0.4835,0.44
-0.4955,0.44
-0.4835,0.44
-0.4835,0.44
-0.4835,0.44
-0.4835,0.44
-0.4835,0.44
-0.4835,0.44
-0.4835,0.44
-0.4835,0.4325
-0.4835,0.4325
-0.4835,0.4325
-0.4835,0.4285
-0.4835,0.4285
-0.4795,0.4285
-0.4795,0.44
-0.4915,0.444
-0.4915,0.4325
-0.4915,0.4325
-0.4915,0.444
-0.4915,0.4285
-0.4835,0.448
-0.4835,0.448
-0.4715,0.448
-0.4715,0.4325
-0.4715,0.4325
-0.4675,0.4365
-0.4675,0.4325
-0.4675,0.4325
-0.4675,0.4325
-0.4675,0.4325
-0.4675,0.4325
-0.4675,0.4325
-0.4675,0.4325
-0.4675,0.4325
-0.4615,0.448
-0.4595,0.448
-0.4565,0.448
-0.4595,0.4365
-0.4595,0.4325
-0.4595,0.448
-0.4595,0.4405
-0.4595,0.4325
-0.4595,0.4325
-0.4595,0.4325
-0.4555,0.4325
-0.4555,0.4325
-0.4555,0.4325
-0.4475,0.4325
-0.4595,0.4325
-0.4475,0.448
-0.4435,0.448
-0.4475,0.448
-0.4475,0.448
-0.4555,0.4365
-0.4435,0.4365
-0.4435,0.4365
-0.4435,0.4365
-0.4555,0.4325
-0.4435,0.4325
-0.4555,0.4325
-0.455,0.4325
-0.455,0.4325
-0.455,0.4325
-0.451,0.4325
-0.463,0.4325
-0.463,0.4325
-0.463,0.4325
-0.463,0.4325
-0.463,0.4325
-0.463,0.4325
-0.463,0.4325
-0.463,0.4325
-0.463,0.4325
-0.463,0.4325
-0.463,0.4325
-0.463,0.4325
-0.463,0.4325
-0.463,0.4325
-0.463,0.4325
-0.463,0.4325
-0.463,0.4325
-0.463,0.4325
-0.463,0.4325
-0.463,0.4325
-0.463,0.4325
-0.467,0.4325
-0.455,0.4325
-0.455,0.4325
-0.455,0.4325
-0.451,0.4325
-0.451,0.4385
-0.451,0.4325
-0.463,0.4325
-0.451,0.4325
-0.443,0.4325
-0.443,0.4325
-0.443,0.4325
-0.435,0.4325
-0.435,0.4325
-0.435,0.4325
-0.435,0.4325
-0.435,0.4325
-0.435,0.4325
-0.435,0.4325
-0.435,0.4325
-0.435,0.4325
-0.435,0.4325
-0.451,0.4325
-0.451,0.4325
-0.451,0.4325
-0.451,0.4325
-0.451,0.4325
-0.451,0.4325
-0.451,0.4325
-0.451,0.4325
-0.451,0.4325
-0.451,0.448
-0.451,0.448
-0.451,0.4365
-0.451,0.4365
-0.451,0.4325
-0.451,0.4325
-0.451,0.4285
-0.451,0.4285
-0.451,0.4285
-0.455,0.4285
-0.455,0.4365
-0.455,0.4405
-0.455,0.4405
-0.455,0.4405
-0.455,0.4405
-0.455,0.4405
-0.443,0.4405
-0.443,0.4405
-0.443,0.4405
-0.443,0.4405
-0.443,0.4405
-0.443,0.4405
-0.443,0.4325
-0.443,0.4285
-0.443,0.4285
-0.443,0.448
-0.443,0.4285
-0.443,0.4285
-0.443,0.4205
-0.4315,0.4165
-0.4315,0.4195
-0.4315,0.4165
-0.4315,0.4125
-0.4315,0.409
-0.4315,0.409
-0.4315,0.4325
-0.4235,0.4325
-0.4155,0.4325
-0.4155,0.4325
-0.4155,0.4285
-0.4315,0.4285
-0.4315,0.4245
-0.4315,0.432
-0.4155,0.4285
-0.4155,0.4285
-0.4155,0.4285
-0.4155,0.4285
-0.4315,0.4285
-0.4315,0.432
-0.4315,0.435
-0.4315,0.441
-0.4315,0.444
-0.4255,0.444
-0.4315,0.4325
-0.4315,0.4295
-0.4315,0.444
-0.4315,0.456
-0.4315,0.456
-0.4315,0.456
-0.4315,0.456
-0.4315,0.456
-0.4315,0.456
-0.4315,0.456
-0.4315,0.456
-0.4285,0.456
-0.4315,0.456
-0.4315,0.456
-0.4195,0.456
-0.4195,0.456
-0.4195,0.456
-0.4195,0.456
-0.4195,0.456
-0.4195,0.456
-0.4195,0.456
-0.4195,0.456
-0.4075,0.456
-0.4075,0.456
-0.3995,0.456
-0.3995,0.456
-0.3995,0.456
-0.3995,0.456
-0.3995,0.456
-0.3995,0.456
-0.3995,0.456
-0.3995,0.456
-0.3995,0.456
-0.3995,0.456
-0.3995,0.456
-0.3995,0.456
-0.3995,0.456
-0.3995,0.456
-0.3995,0.456
-0.3995,0.456
-0.3995,0.456
-0.3995,0.456
-0.3995,0.456
-0.3995,0.456
-0.3995,0.456
-0.3995,0.456
-0.3995,0.456
-0.3995,0.456
-0.3995,0.456
-0.3995,0.456
-0.3995,0.456
-0.3995,0.456
-0.3995,0.456
-0.3995,0.456
-0.3995,0.456
-0.3995,0.456
-0.3995,0.456
-0.3995,0.456
-0.3995,0.456
-0.3995,0.4675
-0.3995,0.4675
-0.3995,0.4675
-0.3995,0.4675
-0.3995,0.4675
-0.3995,0.4675
-0.3995,0.4675
-0.3995,0.4675
-0.3995,0.4675
-0.3995,0.4675
-0.3995,0.4675
-0.3995,0.4675
-0.3995,0.4675
-0.3995,0.4695
-0.3995,0.4755
-0.3995,0.4755
-0.3995,0.4755
-0.3995,0.4755
-0.3995,0.4755
-0.3995,0.4755
-0.3995,0.4755
-0.3995,0.4755
-0.3995,0.4755
-0.3995,0.4755
-0.3995,0.4755
-0.3995,0.4755
-0.3995,0.4755
-0.3995,0.4755
-0.3995,0.4755
-0.3995,0.4755
-0.3995,0.4755
-0.3995,0.4755
-0.3995,0.4755
-0.3995,0.4755
-0.3995,0.4755
-0.3995,0.4755
-0.3995,0.4755
-0.3995,0.4755
-0.3995,0.4755
-0.3995,0.4755
-0.3995,0.4755
-0.3995,0.4755
-0.3995,0.4795
-0.3995,0.4915
-0.3995,0.515
-0.3995,0.539
-0.3995,0.578
-0.3995,0.6215
-0.4,0.661
-0.464,0.677
-0.524,0.677
-0.524,0.677
-0.532,0.677
-0.536,0.677
-0.56,0.677
-0.604,0.677
-0.612,0.677
-0.616,0.677
-0.636,0.677
-0.648,0.677
-0.652,0.677
-0.6645,0.677
-0.6645,0.677
-0.6645,0.677
-0.6645,0.677
-0.6645,0.677
-0.701,0.677
-0.713,0.677
-0.724,0.677
-0.7395,0.677
-0.7635,0.677
-0.783,0.677
-0.783,0.677
-0.795,0.677
-0.795,0.677
-0.795,0.677
-0.795,0.677
-0.792,0.677
-0.795,0.677
-0.795,0.677
-0.795,0.677
-0.795,0.677
-0.786,0.677
-0.795,0.677
-0.792,0.677
-0.795,0.6655
-0.795,0.6575
-0.795,0.6575
-0.795,0.6455
-0.795,0.6455
-0.795,0.6455
-0.795,0.6455
-0.795,0.6485
-0.795,0.6455
-0.795,0.6455
-0.795,0.6455
-0.795,0.6455
-0.795,0.6455
-0.795,0.6455
-0.795,0.6455
-0.783,0.6455
-0.789,0.6455
-0.789,0.6455
-0.789,0.6455
-0.783,0.6455
-0.783,0.6375
-0.783,0.6375
-0.7705,0.6375
-0.7665,0.6375
-0.7665,0.6175
-0.735,0.582
-0.719,0.582
-0.707,0.594
-0.707,0.594
-0.703,0.594
-0.695,0.594
-0.695,0.594
-0.695,0.594
-0.691,0.594
-0.683,0.578
-0.683,0.5665
-0.671,0.574
-0.671,0.5665
-0.659,0.5665
-0.674,0.5625
-0.6865,0.5665
-0.6865,0.5425
-0.6785,0.527
-0.6785,0.511
-0.6785,0.527
-0.6785,0.511
-0.6745,0.519
-0.6785,0.511
-0.6745,0.511
-0.6665,0.507
-0.6665,0.507
-0.6665,0.499
-0.6665,0.4875
-0.6665,0.4835
-0.6665,0.499
-0.6745,0.4675
-0.6745,0.4675
-0.6745,0.4675
-0.6745,0.4675
-0.6825,0.4675
-0.7005,0.4675
-0.7065,0.4675
-0.7065,0.4675
-0.7065,0.4675
-0.7065,0.4675
-0.7065,0.4675
-0.7065,0.4675
-0.7065,0.4675
-0.7065,0.4675
-0.7065,0.4675
-0.709,0.4675
-0.6945,0.4675
-0.706,0.4635
-0.706,0.4635
-0.698,0.4635
-0.698,0.4635
-0.682,0.4635
-0.682,0.4635
-0.67,0.4795
-0.662,0.499
-0.662,0.511
-0.662,0.5625
-0.67,0.6175
-0.67,0.6375
-0.67,0.6375
-0.666,0.6375
-0.654,0.6375
-0.657,0.6375
-0.658,0.6375
-0.65,0.6375
-0.65,0.6375
-0.65,0.6375
-0.65,0.6375
-0.646,0.6375
-0.638,0.6375
-0.634,0.6375
-0.626,0.6375
-0.616,0.6375
-0.622,0.6375
-0.61,0.6375
-0.59,0.6375
-0.598,0.6375
-0.598,0.6375
-0.598,0.6375
-0.598,0.6375
-0.598,0.6375
-0.598,0.6375
-0.586,0.6375
-0.59,0.6375
-0.59,0.6515
-0.59,0.6455
-0.59,0.6455
-0.59,0.6455
-0.59,0.6455
-0.59,0.6455
-0.59,0.6455
-0.59,0.6515
-0.59,0.6455
-0.59,0.6455
-0.59,0.6455
-0.59,0.6455
-0.59,0.6455
-0.59,0.6455
-0.59,0.6455
-0.588,0.6455
-0.582,0.6455
-0.582,0.6455
-0.558,0.6455
-0.554,0.6455
-0.546,0.6455
-0.554,0.6455
-0.546,0.6455
-0.542,0.6255
-0.534,0.6135
-0.546,0.5745
-0.534,0.5665
-0.534,0.539
-0.534,0.5465
-0.534,0.535
-0.534,0.535
-0.534,0.531
-0.534,0.525
-0.534,0.519
-0.534,0.522
-0.531,0.519
-0.534,0.519
-0.534,0.519
-0.534,0.519
-0.546,0.519
-0.546,0.519
-0.554,0.519
-0.558,0.515
-0.546,0.511
-0.606,0.511
-0.618,0.511
-0.618,0.511
-0.615,0.523
-0.63,0.531
-0.638,0.5385
-0.638,0.5465
-0.646,0.574
-0.662,0.6135
-0.67,0.6335
-0.694,0.6375
-0.698,0.6375
-0.698,0.6375
-0.692,0.6375
-0.698,0.6375
-0.698,0.6375
-0.698,0.6375
-0.698,0.6375
-0.698,0.6375
-0.698,0.6375
-0.698,0.6375
-0.698,0.6375
-0.698,0.6375
-0.698,0.6375
-0.698,0.6375
-0.698,0.6375
-0.698,0.6375
-0.698,0.6375
-0.698,0.6375
-0.698,0.6375
-0.698,0.6375
-0.698,0.6375
-0.698,0.6375
-0.6865,0.6375
-0.6865,0.6375
-0.6865,0.6375
-0.6865,0.6375
-0.6865,0.6375
-0.6865,0.6375
-0.6865,0.6375
-0.6865,0.6375
-0.6865,0.6215
-0.6865,0.6135
-0.6865,0.6055
-0.6865,0.594
-0.6865,0.594
-0.6865,0.594
-0.6865,0.594
-0.6865,0.594
-0.6865,0.586
-0.6865,0.582
-0.6865,0.578
-0.6865,0.578
-0.6865,0.578
-0.6865,0.578
-0.6745,0.574
-0.6745,0.574
-0.6705,0.574
-0.6585,0.574
-0.6385,0.574
-0.6345,0.5665
-0.6265,0.5625
-0.6265,0.5585
-0.6265,0.5585
-0.6265,0.5465
-0.6265,0.5425
-0.6185,0.5385
-0.6185,0.531
-0.6185,0.523
-0.6185,0.523
-0.6185,0.523
-0.6145,0.523
-0.6145,0.523
-0.6065,0.519
-0.6025,0.519
-0.6025,0.519
-0.5905,0.519
-0.5905,0.519
-0.5905,0.523
-0.5905,0.511
-0.5905,0.527
-0.5905,0.507
-0.5875,0.519
-0.5785,0.523
-0.5785,0.507
-0.5785,0.503
-0.5705,0.503
-0.5705,0.503
-0.5705,0.507
-0.5705,0.507
-0.5705,0.511
-0.5705,0.507
-0.5705,0.507
-0.5705,0.519
-0.5705,0.507
-0.5705,0.507
-0.5705,0.503
-0.5745,0.499
-0.5745,0.499
-0.5665,0.499
-0.5665,0.511
-0.5665,0.499
-0.5665,0.499
-0.5665,0.519
-0.5665,0.503
-0.5665,0.499
-0.5665,0.519
-0.5665,0.507
-0.5665,0.499
-0.5665,0.507
-0.5665,0.507
-0.5665,0.499
-0.5785,0.503
-0.5785,0.499
-0.5785,0.503
-0.5945,0.4915
-0.6065,0.4835
-0.6185,0.4875
-0.6185,0.4835
-0.6185,0.4795
-0.6185,0.4915
-0.6185,0.4795
-0.6185,0.4795
-0.6185,0.4795
-0.6185,0.4715
-0.6185,0.4715
-0.6185,0.4715
-0.6185,0.4715
-0.6185,0.4675
-0.6185,0.4675
-0.6185,0.4675
-0.6185,0.4675
-0.6185,0.4635
-0.6065,0.46
-0.5785,0.46
-0.5545,0.46
-0.531,0.46
-0.491,0.46
-0.483,0.46
-0.483,0.46
-0.483,0.46
-0.483,0.46
-0.483,0.46
-0.483,0.46
-0.463,0.46
-0.439,0.46
-0.443,0.46
-0.431,0.46
-0.419,0.46
-0.419,0.46
-0.419,0.46
-0.407,0.46
-0.407,0.46
-0.419,0.46
-0.419,0.46
-0.419,0.46
-0.419,0.46
-0.398,0.46
-0.3875,0.46
-0.3835,0.46
-0.3875,0.46
-0.3875,0.46
-0.3875,0.46
-0.3755,0.46
-0.3755,0.46
-0.3835,0.46
-0.3715,0.46
-0.3715,0.46
-0.3715,0.46
-0.3715,0.46
-0.3715,0.46
-0.3715,0.46
-0.3715,0.46
-0.3715,0.46
-0.3715,0.46
-0.3715,0.46
-0.3715,0.46
-0.3715,0.46
-0.3715,0.46
-0.3715,0.46
-0.3715,0.46
-0.3715,0.46
-0.3715,0.452
-0.3715,0.4675
-0.3715,0.4675
-0.3715,0.46
-0.3735,0.448
-0.3675,0.452
-0.3555,0.452
-0.3555,0.448
-0.3555,0.448
-0.3555,0.46
-0.3555,0.46
-0.3555,0.46
-0.3555,0.46
-0.3555,0.46
-0.3555,0.4485
-0.3555,0.4485
-0.3555,0.4405
-0.3555,0.4285
-0.3555,0.4285
-0.3555,0.4285
-0.3555,0.4285
-0.3555,0.4285
-0.3555,0.4285
-0.3525,0.4205
-0.3435,0.4205
-0.3435,0.4205
-0.3435,0.4045
-0.3315,0.4165
-0.3315,0.4125
-0.3295,0.385
-0.3235,0.381
-0.3235,0.387
-0.3235,0.385
-0.3235,0.377
-0.3235,0.365
-0.3235,0.3415
-0.3235,0.3255
-0.3235,0.29
-0.3235,0.2825
-0.3235,0.275
-0.3235,0.275
-0.3235,0.271
-0.3235,0.263
-0.3235,0.259
-0.3205,0.271
-0.3205,0.255
-0.3205,0.255
-0.3235,0.247
-0.3235,0.243
-0.3235,0.243
-0.312,0.2395
-0.312,0.2395
-0.312,0.2395
-0.31,0.2395
-0.304,0.2395
-0.292,0.2395
-0.292,0.2395
-0.292,0.2395
-0.292,0.2395
-0.292,0.2395
-0.292,0.2395
-0.292,0.2395
-0.292,0.2355
-0.292,0.24
-0.292,0.243
-0.292,0.243
-0.292,0.243
-0.292,0.243
-0.292,0.252
-0.292,0.255
-0.292,0.255
-0.292,0.255
-0.292,0.255
-0.292,0.263
-0.292,0.263
-0.292,0.263
-0.292,0.263
-0.292,0.263
-0.292,0.263
-0.292,0.263
-0.292,0.263
-0.292,0.263
-0.292,0.263
-0.292,0.263
-0.292,0.263
-0.292,0.263
-0.292,0.263
-0.292,0.263
-0.292,0.263
-0.292,0.263
-0.292,0.263
-0.292,0.263
-0.292,0.263
-0.292,0.263
-0.292,0.263
-0.292,0.263
-0.292,0.266
-0.292,0.263
-0.292,0.263
-0.292,0.263
-0.292,0.263
-0.292,0.2745
-0.292,0.2825
-0.292,0.2865
-0.292,0.2905
-0.292,0.2905
-0.292,0.2985
-0.292,0.306
-0.292,0.306
-0.292,0.31
-0.292,0.318
-0.292,0.306
-0.292,0.306
-0.292,0.318
-0.292,0.33
-0.292,0.3415
-0.292,0.3415
-0.292,0.3455
-0.292,0.3455
-0.292,0.3495
-0.292,0.3495
-0.292,0.3495
-0.292,0.3495
-0.292,0.3495
-0.292,0.3495
-0.292,0.3495
-0.292,0.3495
-0.292,0.3495
-0.292,0.3495
-0.292,0.3495
-0.292,0.3495
-0.292,0.3495
-0.292,0.3495
-0.292,0.3495
-0.292,0.3495
-0.292,0.3495
-0.292,0.3495
-0.292,0.3495
-0.292,0.3495
-0.292,0.3495
-0.292,0.3495
-0.292,0.3495
-0.292,0.3495
-0.292,0.3495
-0.292,0.3495
-0.292,0.3495
-0.292,0.3495
-0.292,0.3495
-0.292,0.3495
-0.292,0.3555
-0.292,0.3495
-0.292,0.3495
-0.292,0.3495
-0.292,0.3495
-0.292,0.3495
-0.292,0.3495
-0.292,0.3495
-0.292,0.3495
-0.292,0.3495
-0.292,0.3495
-0.292,0.3495
-0.292,0.3495
-0.292,0.3495
-0.292,0.3495
-0.292,0.3495
-0.292,0.3495
-0.292,0.3495
-0.292,0.3495
-0.292,0.3525
-0.292,0.3495
-0.292,0.3525
-0.292,0.3495
-0.292,0.3495
-0.292,0.3525
-0.292,0.322
-0.292,0.31
-0.292,0.306
-0.292,0.324
-0.292,0.3025
-0.292,0.2985
-0.284,0.2905
-0.284,0.2865
-0.284,0.2705
-0.284,0.267
-0.284,0.263
-0.284,0.263
-0.284,0.263
-0.284,0.255
-0.284,0.267
-0.284,0.27
-0.284,0.255
-0.284,0.255
-0.284,0.255
-0.284,0.255
-0.284,0.255
-0.284,0.255
-0.284,0.255
-0.284,0.255
-0.284,0.255
-0.284,0.255
-0.284,0.255
-0.284,0.255
-0.284,0.251
-0.296,0.251
-0.316,0.251
-0.328,0.247
-0.316,0.253
-0.328,0.243
-0.328,0.243
-0.34,0.243
-0.34,0.243
-0.352,0.243
-0.352,0.243
-0.352,0.243
-0.352,0.235
-0.352,0.2275
-0.352,0.2275
-0.352,0.2275
-0.352,0.2335
-0.352,0.2275
-0.352,0.2305
-0.352,0.2275
-0.352,0.2275
-0.352,0.2275
-0.352,0.2275
-0.352,0.2275
-0.352,0.2275
-0.352,0.2275
-0.36,0.2275
-0.341,0.2275
-0.344,0.2275
-0.36,0.2275
-0.36,0.2275
-0.36,0.2195
-0.36,0.2195
-0.36,0.2195
-0.36,0.2195
-0.36,0.2195
-0.36,0.2075
-0.364,0.2105
-0.364,0.2075
-0.364,0.2075
-0.364,0.2075
-0.364,0.2075
-0.364,0.2075
-0.364,0.2075
-0.364,0.2075
-0.364,0.2075
-0.364,0.2075
-0.361,0.2135
-0.364,0.2075
-0.364,0.2075
-0.364,0.2075
-0.364,0.2075
-0.364,0.2075
-0.364,0.2075
-0.364,0.2075
-0.364,0.2075
-0.364,0.2075
-0.364,0.2075
-0.364,0.2075
-0.364,0.2075
-0.364,0.2075
-0.364,0.2075
-0.364,0.2075
-0.364,0.2075
-0.364,0.2075
-0.364,0.2075
-0.364,0.2075
-0.364,0.2075
-0.364,0.2105
-0.364,0.2075
-0.364,0.2075
-0.364,0.2075
-0.364,0.2075
-0.364,0.2075
-0.364,0.2075
-0.364,0.2075
-0.364,0.2075
-0.364,0.2075
-0.364,0.2075
-0.364,0.2075
-0.364,0.2135
-0.364,0.2075
-0.364,0.2075
-0.364,0.2075
-0.364,0.2075
-0.364,0.2075
-0.364,0.2075
-0.364,0.2105
-0.364,0.2075
-0.364,0.2075
-0.364,0.2075
-0.364,0.2075
-0.358,0.2075
-0.364,0.2075
-0.364,0.2075
-0.364,0.2075
-0.364,0.2075
-0.364,0.2075
-0.364,0.2075
-0.364,0.2075
-0.364,0.2075
-0.364,0.2075
-0.364,0.2075
-0.364,0.2075
-0.364,0.2075
-0.364,0.2075
-0.364,0.2075
-0.364,0.2075
-0.364,0.2075
-0.364,0.2075
-0.364,0.2075
-0.364,0.2075
-0.364,0.2075
-0.364,0.223
-0.364,0.223
-0.364,0.223
-0.364,0.229
-0.364,0.223
-0.364,0.223
-0.364,0.223
-0.364,0.227
-0.364,0.227
-0.364,0.227
-0.364,0.227
-0.364,0.227
-0.364,0.23
-0.364,0.227
-0.364,0.227
-0.364,0.227
-0.364,0.227
-0.364,0.227
-0.364,0.2195
-0.364,0.2195
-0.364,0.2195
-0.358,0.2195
-0.364,0.2195
-0.364,0.2195
-0.364,0.2195
-0.364,0.2235
-0.364,0.2235
-0.364,0.2235
-0.364,0.2275
-0.364,0.2275
-0.364,0.2275
-0.364,0.2275
-0.364,0.2275
-0.364,0.2355
-0.372,0.2235
-0.372,0.2235
-0.372,0.2235
-0.372,0.2235
-0.372,0.2235
-0.372,0.2235
-0.384,0.2235
-0.378,0.2235
-0.384,0.2235
-0.381,0.2235
-0.384,0.2235
-0.384,0.2235
-0.384,0.2235
-0.384,0.228
-0.384,0.231
-0.384,0.231
-0.378,0.243
-0.381,0.243
-0.384,0.243
-0.384,0.243
-0.384,0.243
-0.384,0.243
-0.384,0.243
-0.384,0.243
-0.381,0.243
-0.372,0.243
-0.372,0.243
-0.372,0.243
-0.38,0.243
-0.38,0.243
-0.38,0.249
-0.38,0.243
-0.38,0.243
-0.386,0.243
-0.38,0.239
-0.386,0.2295
-0.38,0.2355
-0.38,0.2235
-0.38,0.2235
-0.389,0.2235
-0.368,0.2235
-0.368,0.2215
-0.368,0.2155
-0.368,0.2155
-0.368,0.2155
-0.368,0.2155
-0.368,0.2155
-0.368,0.2155
-0.368,0.2155
-0.368,0.2155
-0.368,0.2155
-0.368,0.2155
-0.368,0.2155
-0.371,0.2155
-0.368,0.2155
-0.368,0.2155
-0.368,0.2155
-0.368,0.2155
-0.368,0.2155
-0.368,0.227
-0.368,0.251
-0.368,0.255
-0.368,0.255
-0.368,0.255
-0.368,0.255
-0.371,0.255
-0.368,0.255
-0.368,0.255
-0.368,0.255
-0.368,0.255
-0.368,0.255
-0.368,0.255
-0.368,0.255
-0.368,0.255
-0.368,0.255
-0.368,0.255
-0.368,0.255
-0.368,0.255
-0.368,0.255
-0.368,0.255
-0.368,0.255
-0.368,0.243
-0.368,0.243
-0.368,0.235
-0.368,0.227
-0.368,0.227
-0.368,0.223
-0.368,0.2195
-0.368,0.2195
-0.368,0.2155
-0.368,0.2155
-0.368,0.2155
-0.368,0.2075
-0.368,0.2075
-0.368,0.2075
-0.368,0.2075
-0.368,0.2075
-0.368,0.2075
-0.368,0.2075
-0.368,0.2075
-0.368,0.2075
-0.368,0.2075
-0.368,0.2075
-0.368,0.2075
-0.368,0.2075
-0.368,0.2075
-0.368,0.2075
-0.368,0.2075
-0.368,0.2075
-0.368,0.2075
-0.368,0.2075
-0.368,0.2075
-0.368,0.2075
-0.368,0.2075
-0.368,0.2075
-0.368,0.2045
-0.368,0.2075
-0.368,0.2075
-0.368,0.2075
-0.368,0.2075
-0.368,0.2075
-0.368,0.2075
-0.368,0.2075
-0.368,0.2075
-0.368,0.2015
-0.368,0.2075
-0.368,0.1955
-0.368,0.2015
-0.368,0.2015
-0.368,0.1955
-0.368,0.2045
-0.368,0.1955
-0.368,0.2045
-0.371,0.2015
-0.368,0.2075
-0.368,0.2075
-0.368,0.1985
-0.368,0.2075
-0.368,0.2075
-0.368,0.2075
-0.368,0.2075
-0.368,0.2075
-0.368,0.2075
-0.368,0.2075
-0.368,0.2075
-0.368,0.2075
-0.368,0.1955
-0.368,0.1955
-0.368,0.2075
-0.368,0.1955
-0.368,0.2075
-0.368,0.1955
-0.368,0.2015
-0.368,0.1955
-0.368,0.1955
-0.368,0.1955
-0.368,0.2015
-0.368,0.1955
-0.368,0.1955
-0.368,0.1955
-0.368,0.1955
-0.368,0.1955
-0.368,0.1955
-0.368,0.1955
-0.368,0.1955
-0.368,0.2045
-0.368,0.1955
-0.368,0.1955
-0.368,0.1955
-0.368,0.1955
-0.368,0.1955
-0.368,0.1985
-0.368,0.1955
-0.368,0.1955
-0.368,0.1955
-0.368,0.1955
-0.368,0.1955
-0.368,0.1955
-0.368,0.1955
-0.368,0.1955
-0.368,0.1955
-0.368,0.1955
-0.368,0.1955
-0.368,0.1955
-0.368,0.1955
-0.371,0.1955
-0.368,0.1955
-0.368,0.184
-0.368,0.184
-0.368,0.184
-0.368,0.184
-0.368,0.184
-0.368,0.176
-0.368,0.176
-0.36,0.176
-0.36,0.176
-0.36,0.176
-0.36,0.176
-0.36,0.176
-0.36,0.176
-0.36,0.176
-0.36,0.176
-0.363,0.184
-0.369,0.184
-0.372,0.1955
-0.372,0.1955
-0.366,0.1955
-0.36,0.1955
-0.352,0.1955
-0.348,0.2015
-0.352,0.1955
-0.352,0.1985
-0.352,0.1955
-0.352,0.1955
-0.372,0.1955
-0.364,0.1955
-0.352,0.2015
-0.352,0.2075
-0.352,0.2095
-0.364,0.2155
-0.352,0.2155
-0.352,0.2155
-0.348,0.2155
-0.342,0.2155
-0.36,0.2155
-0.352,0.2155
-0.357,0.2155
-0.352,0.2155
-0.352,0.2155
-0.34,0.2155
-0.348,0.2155
-0.348,0.2155
-0.348,0.2155
-0.34,0.2155
-0.336,0.2155
-0.348,0.2155
-0.348,0.2155
-0.348,0.2155
-0.336,0.2155
-0.328,0.2155
-0.34,0.2155
-0.34,0.2155
-0.328,0.2155
-0.328,0.2155
-0.328,0.2155
-0.334,0.2155
-0.344,0.2155
-0.344,0.2155
-0.344,0.2275
-0.344,0.231
-0.344,0.231
-0.344,0.235
-0.336,0.243
-0.336,0.249
-0.336,0.243
-0.336,0.243
-0.336,0.263
-0.336,0.263
-0.336,0.263
-0.336,0.263
-0.336,0.263
-0.336,0.2705
-0.336,0.2705
-0.336,0.2705
-0.336,0.2765
-0.336,0.2905
-0.336,0.2945
-0.336,0.2945
-0.348,0.3025
-0.348,0.3235
-0.348,0.3295
-0.348,0.3295
-0.348,0.3295
-0.348,0.3295
-0.348,0.3375
-0.348,0.3375
-0.348,0.3375
-0.348,0.3375
-0.348,0.3375
-0.348,0.3375
-0.348,0.3375
-0.348,0.3375
-0.348,0.3375
-0.348,0.3535
-0.348,0.3535
-0.348,0.3535
-0.36,0.3415
-0.36,0.3415
-0.372,0.3415
-0.38,0.3415
-0.368,0.3475
-0.38,0.3415
-0.38,0.3535
-0.38,0.357
-0.388,0.357
-0.392,0.357
-0.392,0.3455
-0.4,0.3535
-0.4,0.3535
-0.4,0.3535
-0.4,0.373
-0.4,0.377
-0.4,0.377
-0.4,0.381
-0.4,0.381
-0.4,0.381
-0.4,0.381
-0.4,0.393
-0.4,0.3965
-0.4,0.3965
-0.4,0.4005
-0.404,0.3965
-0.404,0.4005
-0.404,0.4005
-0.404,0.399
-0.404,0.3965
-0.392,0.4005
-0.404,0.4005
-0.384,0.4005
-0.384,0.4005
-0.396,0.4045
-0.416,0.4045
-0.428,0.4045
-0.444,0.4045
-0.444,0.393
-0.444,0.393
-0.444,0.385
-0.444,0.4005
-0.444,0.4045
-0.444,0.4035
-0.444,0.4125
-0.444,0.4125
-0.444,0.4125
-0.444,0.4125
-0.444,0.4045
-0.444,0.4165
-0.444,0.4125
-0.452,0.4205
-0.452,0.4205
-0.452,0.4285
-0.452,0.4285
-0.452,0.452
-0.452,0.4675
-0.452,0.452
-0.452,0.46
-0.452,0.46
-0.452,0.46
-0.452,0.46
-0.452,0.46
-0.452,0.46
-0.452,0.4675
-0.452,0.4735
-0.452,0.4675
-0.452,0.4735
-0.464,0.4675
-0.472,0.4675
-0.504,0.4675
-0.52,0.4675
-0.528,0.4705
-0.528,0.4675
-0.528,0.4735
-0.528,0.4675
-0.528,0.456
-0.528,0.432
-0.532,0.4205
-0.532,0.4045
-0.532,0.4005
-0.532,0.385
-0.532,0.385
-0.532,0.3965
-0.532,0.385
-0.532,0.3965
-0.532,0.385
-0.532,0.381
-0.532,0.377
-0.532,0.377
-0.532,0.377
-0.52,0.38
-0.476,0.377
-0.46,0.393
-0.452,0.383
-0.44,0.385
-0.416,0.381
-0.4,0.381
-0.392,0.381
-0.404,0.393
-0.392,0.377
-0.388,0.399
-0.38,0.393
-0.388,0.381
-0.388,0.381
-0.38,0.381
-0.38,0.393
-0.38,0.381
-0.364,0.381
-0.372,0.381
-0.364,0.381
-0.36,0.381
-0.372,0.381
-0.36,0.387
-0.364,0.381
-0.361,0.381
-0.352,0.381
-0.352,0.381
-0.364,0.381
-0.364,0.381
-0.352,0.387
-0.352,0.381
-0.352,0.381
-0.348,0.381
-0.348,0.381
-0.348,0.384
-0.348,0.381
-0.348,0.381
-0.345,0.381
-0.352,0.381
-0.34,0.381
-0.34,0.381
-0.34,0.381
-0.34,0.381
-0.34,0.381
-0.34,0.381
-0.34,0.381
-0.34,0.377
-0.348,0.393
-0.336,0.38
-0.348,0.373
-0.348,0.373
-0.336,0.377
-0.352,0.381
-0.34,0.373
-0.336,0.365
-0.348,0.377
-0.348,0.381
-0.348,0.381
-0.348,0.381
-0.348,0.365
-0.348,0.365
-0.348,0.377
-0.348,0.377
-0.348,0.3695
-0.348,0.3575
-0.342,0.3605
-0.336,0.3575
-0.348,0.3575
-0.348,0.3575
-0.348,0.3575
-0.348,0.3575
-0.348,0.3615
-0.348,0.3615
-0.348,0.3615
-0.348,0.3615
-0.348,0.3615
-0.345,0.3615
-0.348,0.3615
-0.348,0.3615
-0.348,0.3615
-0.348,0.3615
-0.348,0.3615
-0.348,0.3615
-0.352,0.3645
-0.364,0.3615
-0.372,0.3615
-0.372,0.3615
-0.372,0.3615
-0.372,0.3615
-0.372,0.3615
-0.36,0.3615
-0.38,0.3615
-0.384,0.3615
-0.372,0.3645
-0.392,0.3615
-0.38,0.3615
-0.392,0.3555
-0.396,0.3575
-0.404,0.3535
-0.408,0.3535
-0.42,0.3535
-0.428,0.3535
-0.416,0.3535
-0.416,0.3535
-0.428,0.3535
-0.428,0.3535
-0.428,0.3615
-0.428,0.3735
-0.428,0.3735
-0.428,0.3735
-0.428,0.3735
-0.428,0.3735
-0.428,0.3735
-0.428,0.3735
-0.428,0.3735
-0.428,0.3735
-0.428,0.3735
-0.428,0.3735
-0.416,0.3735
-0.392,0.3735
-0.38,0.3735
-0.372,0.3735
-0.372,0.3735
-0.364,0.3735
-0.36,0.3735
-0.36,0.3735
-0.352,0.3735
-0.346,0.3735
-0.352,0.3735
-0.36,0.3735
-0.364,0.3735
-0.36,0.3735
-0.36,0.3735
-0.36,0.3735
-0.352,0.3735
-0.348,0.3735
-0.334,0.3735
-0.33,0.3735
-0.328,0.3735
-0.328,0.3735
-0.34,0.3735
-0.328,0.3735
-0.322,0.3535
-0.325,0.3575
-0.328,0.3695
-0.328,0.3575
-0.328,0.3535
-0.328,0.3535
-0.34,0.3735
-0.34,0.3735
-0.334,0.3735
-0.34,0.3695
-0.328,0.3575
-0.328,0.3535
-0.34,0.3495
-0.34,0.3495
-0.34,0.3495
-0.34,0.3495
-0.34,0.3575
-0.34,0.3655
-0.328,0.3495
-0.328,0.3495
-0.328,0.3575
-0.328,0.3535
-0.328,0.3535
-0.328,0.346
-0.328,0.346
-0.328,0.346
-0.328,0.338
-0.328,0.3535
-0.34,0.3535
-0.34,0.346
-0.34,0.346
-0.34,0.346
-0.34,0.334
-0.34,0.338
-0.34,0.334
-0.34,0.334
-0.34,0.322
-0.34,0.322
-0.34,0.334
-0.328,0.322
-0.322,0.318
-0.328,0.318
-0.328,0.33
-0.34,0.33
-0.34,0.314
-0.328,0.314
-0.324,0.314
-0.324,0.314
-0.316,0.314
-0.316,0.314
-0.316,0.314
-0.324,0.314
-0.332,0.314
-0.332,0.314
-0.332,0.314
-0.332,0.3105
-0.332,0.3105
-0.332,0.3105
-0.332,0.3105
-0.332,0.3105
-0.332,0.3105
-0.332,0.3105
-0.332,0.3105
-0.332,0.3105
-0.332,0.3105
-0.332,0.3105
-0.332,0.3105
-0.332,0.3105
-0.332,0.3105
-0.332,0.3105
-0.332,0.3105
-0.332,0.3025
-0.332,0.314
-0.344,0.314
-0.356,0.314
-0.336,0.314
-0.34,0.3105
-0.328,0.3025
-0.348,0.3025
-0.348,0.2935
-0.344,0.2905
-0.344,0.2905
-0.344,0.2845
-0.344,0.2905
-0.36,0.2785
-0.36,0.2785
-0.36,0.2745
-0.36,0.2745
-0.36,0.2745
-0.36,0.2745
-0.36,0.2705
-0.36,0.2705
-0.36,0.2705
-0.36,0.2705
-0.36,0.2825
-0.36,0.2705
-0.36,0.2825
-0.36,0.2705
-0.36,0.2705
-0.36,0.2705
-0.36,0.2705
-0.36,0.2625
-0.36,0.2745
-0.36,0.2625
-0.36,0.2745
-0.36,0.2625
-0.36,0.2625
-0.36,0.2585
-0.36,0.2585
-0.36,0.255
-0.36,0.255
-0.36,0.255
-0.36,0.255
-0.36,0.255
-0.36,0.255
-0.36,0.255
-0.36,0.255
-0.36,0.255
-0.36,0.255
-0.36,0.255
-0.36,0.255
-0.36,0.255
-0.36,0.255
-0.36,0.255
-0.36,0.255
-0.36,0.255
-0.36,0.255
-0.36,0.255
-0.36,0.255
-0.36,0.255
-0.36,0.255
-0.36,0.255
-0.36,0.255
-0.36,0.255
-0.36,0.255
-0.36,0.255
-0.36,0.255
-0.36,0.255
-0.3485,0.255
-0.3485,0.255
-0.3405,0.255
-0.3405,0.255
-0.3405,0.255
-0.3405,0.255
-0.3405,0.255
-0.3405,0.255
-0.3405,0.255
-0.3405,0.255
-0.3405,0.255
-0.3405,0.255
-0.3405,0.255
-0.3405,0.255
-0.3405,0.255
-0.3405,0.255
-0.3405,0.255
-0.3405,0.255
-0.3405,0.255
-0.3405,0.255
-0.3405,0.255
-0.3375,0.255
-0.3405,0.255
-0.3405,0.255
-0.3285,0.255
-0.3285,0.255
-0.3205,0.255
-0.3205,0.255
-0.3205,0.255
-0.3085,0.255
-0.3085,0.255
-0.3085,0.255
-0.3085,0.255
-0.3085,0.255
-0.3085,0.255
-0.3085,0.255
-0.3085,0.255
-0.3085,0.255
-0.3085,0.255
-0.3085,0.255
-0.3085,0.255
-0.3085,0.251
-0.3085,0.251
-0.3085,0.251
-0.3085,0.251
-0.3085,0.251
-0.3085,0.251
-0.3175,0.251
-0.3205,0.251
-0.3145,0.243
-0.3085,0.251
-0.3085,0.239
-0.3085,0.235
-0.3085,0.235
-0.3085,0.235
-0.3085,0.235
-0.3085,0.235
-0.3085,0.227
-0.3085,0.243
-0.3085,0.243
-0.3085,0.243
-0.3085,0.227
-0.3085,0.235
-0.3145,0.239
-0.3085,0.243
-0.3085,0.243
-0.3175,0.243
-0.3085,0.243
-0.3085,0.243
-0.3085,0.243
-0.3085,0.243
-0.3085,0.243
-0.3085,0.243
-0.3085,0.243
-0.3085,0.243
-0.3085,0.243
-0.3085,0.243
-0.3085,0.243
-0.3085,0.243
-0.3085,0.227
-0.3085,0.239
-0.3085,0.227
-0.3085,0.227
-0.3085,0.227
-0.3085,0.227
-0.3085,0.227
-0.3085,0.227
-0.3085,0.227
-0.3085,0.227
-0.3085,0.224
-0.3085,0.227
-0.3085,0.215
-0.3085,0.2095
-0.3085,0.2035
-0.3085,0.2035
-0.3085,0.2035
-0.3085,0.2035
-0.3085,0.1995
-0.3085,0.1995
-0.3085,0.1995
-0.3085,0.1995
-0.3085,0.1995
-0.3085,0.196
-0.3085,0.196
-0.3085,0.196
-0.3085,0.196
-0.3085,0.196
-0.3085,0.196
-0.3085,0.196
-0.3085,0.196
-0.3085,0.196
-0.297,0.196
-0.297,0.196
-0.297,0.196
-0.297,0.199
-0.297,0.2075
-0.297,0.2135
-0.297,0.2075
-0.297,0.2075
-0.297,0.2075
-0.297,0.2075
-0.297,0.2075
-0.297,0.2075
-0.297,0.2075
-0.297,0.2075
-0.297,0.2075
-0.297,0.2135
-0.297,0.2075
-0.297,0.2075
-0.297,0.2075
-0.3205,0.2075
-0.3205,0.2075
-0.3285,0.2075
-0.3285,0.2135
-0.3285,0.2075
-0.3285,0.2075
-0.3285,0.2075
-0.3285,0.2075
-0.3285,0.2075
-0.3285,0.2075
-0.3285,0.2075
-0.3285,0.2075
-0.3285,0.2075
-0.3285,0.2075
-0.3285,0.2105
-0.3285,0.2075
-0.3285,0.2075
-0.3285,0.2075
-0.3285,0.2075
-0.3285,0.2075
-0.3285,0.2075
-0.3285,0.2075
-0.3285,0.2075
-0.3285,0.2075
-0.3285,0.2075
-0.3285,0.2075
-0.3285,0.2075
-0.3285,0.2075
-0.3285,0.2075
-0.3285,0.2075
-0.3285,0.2075
-0.3285,0.2075
-0.3285,0.2105
-0.3285,0.2075
-0.3285,0.2075
-0.3285,0.2075
-0.3285,0.2105
-0.3285,0.2135
-0.3285,0.2075
-0.3285,0.2065
-0.3285,0.2035
-0.3285,0.2035
-0.3285,0.2095
-0.3285,0.2035
-0.3285,0.1955
-0.3285,0.1955
-0.3285,0.1955
-0.3285,0.1955
-0.3285,0.1915
-0.3285,0.1915
-0.3285,0.1875
-0.3285,0.1875
-0.3285,0.1875
-0.3285,0.1875
-0.3285,0.1875
-0.3285,0.1875
-0.3285,0.1875
-0.3285,0.1875
-0.3285,0.1875
-0.3345,0.1875
-0.3285,0.1875
-0.3285,0.1935
-0.3285,0.1875
-0.3285,0.1875
-0.3285,0.1875
-0.3285,0.1875
-0.3285,0.1865
-0.3285,0.1835
-0.3285,0.1835
-0.3285,0.1835
-0.3285,0.1835
-0.3205,0.1835
-0.3205,0.1835
-0.3205,0.1835
-0.3205,0.1835
-0.3205,0.1835
-0.3205,0.1835
-0.3205,0.1835
-0.3205,0.1835
-0.3205,0.1835
-0.3205,0.1835
-0.3205,0.1835
-0.3205,0.1835
-0.3205,0.1835
-0.3205,0.1835
-0.3205,0.1835
-0.3205,0.1835
-0.3205,0.1755
-0.3205,0.1755
-0.3205,0.1755
-0.3205,0.1755
-0.3205,0.1755
-0.3205,0.1755
-0.3205,0.172
-0.3205,0.172
-0.3205,0.172
-0.3205,0.172
-0.3205,0.172
-0.3205,0.172
-0.3205,0.172
-0.3045,0.172
-0.3005,0.172
-0.3005,0.168
-0.3045,0.168
-0.2925,0.168
-0.3045,0.168
-0.2925,0.168
-0.2885,0.168
-0.3005,0.168
-0.3005,0.171
-0.3005,0.168
-0.3205,0.168
-0.3205,0.174
-0.3205,0.168
-0.3115,0.168
-0.3205,0.164
-0.3205,0.164
-0.3145,0.164
-0.3145,0.164
-0.3115,0.164
-0.3205,0.164
-0.3115,0.164
-0.3205,0.164
-0.3205,0.164
-0.3085,0.164
-0.3205,0.164
-0.3145,0.164
-0.3205,0.164
-0.3115,0.164
-0.3085,0.164
-0.3085,0.164
-0.3115,0.167
-0.3085,0.164
-0.3085,0.164
-0.3175,0.164
-0.3085,0.164
-0.3085,0.164
-0.3085,0.164
-0.3085,0.164
-0.3115,0.164
-0.3085,0.164
-0.3115,0.164
-0.3085,0.164
-0.3085,0.17
-0.3115,0.164
-0.3115,0.164
-0.3145,0.164
-0.3205,0.164
-0.3205,0.164
-0.3205,0.164
-0.3205,0.164
-0.3205,0.164
-0.3205,0.164
-0.3205,0.1555
-0.3085,0.1525
-0.3205,0.1525
-0.3085,0.1525
-0.3085,0.1525
-0.3205,0.1525
-0.2965,0.1525
-0.2965,0.1525
-0.3085,0.1525
-0.3085,0.1525
-0.2905,0.1525
-0.2965,0.1525
-0.3085,0.1525
-0.2875,0.1525
-0.3005,0.1525
-0.3005,0.1525
-0.3005,0.1525
-0.2915,0.1525
-0.3005,0.1525
-0.3005,0.1525
-0.3005,0.1525
-0.2945,0.1525
-0.3005,0.1525
-0.2965,0.1525
-0.2965,0.1525
-0.2965,0.1525
-0.2845,0.1525
-0.2735,0.1525
-0.2765,0.1525
-0.2765,0.1525
-0.2645,0.1525
-0.2765,0.1525
-0.2765,0.1525
-0.2695,0.1525
-0.2725,0.1525
-0.2725,0.1525
-0.2645,0.1525
-0.2645,0.1525
-0.2605,0.1525
-0.2605,0.1525
-0.2605,0.1525
-0.2605,0.1525
-0.2605,0.1445
-0.2605,0.1445
-0.2725,0.1325
-0.2605,0.1325
-0.2605,0.1325
-0.2725,0.1325
-0.2665,0.1325
-0.2725,0.1325
-0.2725,0.1325
-0.2725,0.1325
-0.2725,0.1325
-0.2765,0.1325
-0.2645,0.1325
-0.2645,0.1325
-0.2645,0.1245
-0.2695,0.1245
-0.2725,0.1245
-0.2605,0.1245
-0.2605,0.1245
-0.2725,0.1365
-0.2575,0.1445
-0.2605,0.1475
-0.2605,0.152
-0.2605,0.152
-0.2605,0.154
-0.2575,0.148
-0.2645,0.14
-0.2645,0.1365
-0.2525,0.1485
-0.2525,0.1485
-0.2525,0.1485
-0.2645,0.1485
-0.2645,0.1485
-0.2645,0.1485
-0.2585,0.1505
-0.2645,0.1565
-0.2645,0.1565
-0.2645,0.1565
-0.2645,0.1565
-0.2645,0.1565
-0.2645,0.1565
-0.2645,0.1565
-0.2495,0.1565
-0.2525,0.1685
-0.2525,0.1685
-0.2525,0.1685
-0.2525,0.1685
-0.2525,0.1685
-0.2405,0.1685
-0.2405,0.1685
-0.2495,0.1685
-0.2525,0.1685
-0.2525,0.1685
-0.2605,0.1685
-0.2605,0.1685
-0.2605,0.1685
-0.2605,0.1685
-0.2605,0.1685
-0.2605,0.1685
-0.2605,0.1685
-0.2605,0.1685
-0.2605,0.1685
-0.2605,0.1685
-0.2605,0.1685
-0.2605,0.1685
-0.2605,0.1685
-0.2605,0.176
-0.2605,0.176
-0.2605,0.176
-0.2605,0.176
-0.2605,0.176
-0.2605,0.176
-0.2605,0.176
-0.2605,0.176
-0.2605,0.176
-0.2605,0.1875
-0.2725,0.1875
-0.2725,0.1875
-0.2605,0.1875
-0.2605,0.1875
-0.2725,0.1875
-0.2725,0.1875
-0.2725,0.1875
-0.2605,0.1915
-0.2725,0.1915
-0.2725,0.1915
-0.2725,0.1955
-0.2725,0.1955
-0.2605,0.1955
-0.2685,0.1955
-0.2725,0.1955
-0.2605,0.1955
-0.2605,0.1955
-0.2605,0.1955
-0.2605,0.1955
-0.2725,0.1955
-0.2605,0.1955
-0.2605,0.1955
-0.2565,0.1955
-0.2565,0.1955
-0.2565,0.1955
-0.2565,0.1955
-0.2685,0.1955
-0.2685,0.176
-0.2685,0.168
-0.2685,0.168
-0.2565,0.168
-0.2565,0.168
-0.2565,0.168
-0.2565,0.168
-0.2565,0.168
-0.2565,0.168
-0.2565,0.168
-0.2565,0.168
-0.2565,0.168
-0.2565,0.168
-0.2565,0.149
-0.2565,0.1445
-0.2685,0.1405
-0.2605,0.1325
-0.2605,0.1205
-0.2565,0.1325
-0.2685,0.1325
-0.2685,0.1325
-0.2565,0.1325
-0.2565,0.1205
-0.2565,0.1205
-0.2565,0.1205
-0.2565,0.1205
-0.2565,0.1205
-0.2565,0.1205
-0.2565,0.1205
-0.2565,0.1205
-0.2605,0.1205
-0.2605,0.1205
-0.2485,0.1205
-0.2485,0.1205
-0.2485,0.1205
-0.2485,0.1205
-0.2485,0.1205
-0.2485,0.1205
-0.2485,0.1205
-0.2485,0.1205
-0.2485,0.1205
-0.2485,0.1205
-0.2485,0.1205
-0.2485,0.1205
-0.2485,0.1205
-0.2485,0.1205
-0.2485,0.1205
-0.2485,0.1205
-0.2485,0.1205
-0.2485,0.1205
-0.2485,0.1205
-0.2485,0.1205
-0.2485,0.1205
-0.2485,0.1205
-0.26,0.1205
-0.26,0.109
-0.268,0.109
-0.268,0.109
-0.28,0.1205
-0.277,0.1205
-0.28,0.105
-0.268,0.105
-0.28,0.108
-0.28,0.111
-0.28,0.105
-0.28,0.105
-0.282,0.105
-0.269,0.105
-0.266,0.111
-0.272,0.105
-0.266,0.105
-0.266,0.105
-0.263,0.105
-0.266,0.105
-0.26,0.105
-0.272,0.111
-0.26,0.105
-0.269,0.105
-0.263,0.105
-0.272,0.105
-0.26,0.105
-0.272,0.105
-0.272,0.105
-0.263,0.105
-0.266,0.105
-0.272,0.105
-0.272,0.105
-0.272,0.108
-0.272,0.105
-0.272,0.105
-0.272,0.108
-0.272,0.105
-0.272,0.105
-0.272,0.105
-0.272,0.105
-0.272,0.105
-0.272,0.1165
-0.272,0.105
-0.272,0.105
-0.272,0.111
-0.272,0.105
-0.272,0.105
-0.266,0.105
-0.269,0.105
-0.266,0.105
-0.272,0.105
-0.272,0.105
-0.272,0.105
-0.272,0.105
-0.272,0.111
-0.272,0.105
-0.272,0.105
-0.288,0.105
-0.288,0.105
-0.272,0.105
-0.272,0.105
-0.272,0.105
-0.272,0.105
-0.272,0.105
-0.272,0.105
-0.272,0.105
-0.272,0.1165
-0.272,0.105
-0.269,0.1165
-0.288,0.105
-0.288,0.105
-0.288,0.105
-0.288,0.105
-0.288,0.105
-0.272,0.105
-0.272,0.108
-0.272,0.105
-0.272,0.108
-0.272,0.105
-0.272,0.105
-0.272,0.108
-0.272,0.105
-0.272,0.1165
-0.272,0.105
-0.272,0.105
-0.272,0.111
-0.272,0.105
-0.272,0.108
-0.272,0.105
-0.272,0.105
-0.272,0.105
-0.272,0.105
-0.272,0.105
-0.272,0.105
-0.272,0.105
-0.272,0.105
-0.272,0.105
-0.272,0.105
-0.272,0.105
-0.272,0.105
-0.272,0.105
-0.272,0.105
-0.272,0.105
-0.272,0.105
-0.272,0.105
-0.272,0.105
-0.272,0.105
-0.272,0.105
-0.272,0.105
-0.272,0.105
-0.3,0.105
-0.304,0.105
-0.312,0.105
-0.316,0.105
-0.316,0.105
-0.324,0.105
-0.328,0.105
-0.328,0.105
-0.328,0.105
-0.324,0.105
-0.336,0.105
-0.324,0.105
-0.336,0.105
-0.336,0.105
-0.34,0.105
-0.328,0.105
-0.316,0.105
-0.328,0.105
-0.34,0.105
-0.328,0.105
-0.328,0.105
-0.328,0.105
-0.328,0.105
-0.328,0.105
-0.328,0.105
-0.328,0.105
-0.328,0.105
-0.328,0.105
-0.328,0.105
-0.328,0.105
-0.328,0.108
-0.328,0.105
-0.328,0.105
-0.328,0.105
-0.328,0.105
-0.328,0.105
-0.328,0.105
-0.328,0.105
-0.328,0.105
-0.328,0.105
-0.328,0.105
-0.328,0.105
-0.328,0.105
-0.328,0.105
-0.34,0.105
-0.34,0.105
-0.34,0.105
-0.34,0.105
-0.34,0.105
-0.34,0.105
-0.34,0.105
-0.34,0.105
-0.34,0.105
-0.34,0.105
-0.34,0.105
-0.34,0.105
-0.34,0.105
-0.34,0.105
-0.34,0.105
-0.34,0.105
-0.34,0.105
-0.34,0.105
-0.34,0.105
-0.34,0.105
-0.34,0.105
-0.34,0.105
-0.34,0.105
-0.34,0.108
-0.34,0.105
-0.34,0.105
-0.34,0.105
-0.34,0.105
-0.34,0.105
-0.34,0.105
-0.34,0.105
-0.34,0.105
-0.34,0.105
-0.34,0.105
-0.34,0.105
-0.34,0.105
-0.34,0.105
-0.34,0.105
-0.34,0.105
-0.34,0.105
-0.34,0.103
-0.34,0.097
-0.34,0.097
-0.34,0.097
-0.34,0.091
-0.34,0.097
-0.34,0.085
-0.34,0.085
-0.34,0.085
-0.34,0.079
-0.34,0.0775
-0.34,0.0775
-0.34,0.0685
-0.34,0.0655
-0.34,0.0655
-0.34,0.0655
-0.34,0.0655
-0.34,0.0575
-0.34,0.0575
-0.34,0.0575
-0.34,0.0575
-0.34,0.0575
-0.34,0.0575
-0.34,0.0465
-0.34,0.0465
-0.34,0.0465
-0.34,0.0465
-0.34,0.0465
-0.34,0.0485
-0.34,0.0465
-0.34,0.0465
-0.34,0.0465
-0.34,0.0465
-0.34,0.0465
-0.34,0.0465
-0.34,0.0465
-0.34,0.0585
-0.34,0.0585
-0.34,0.0585
-0.34,0.0625
-0.34,0.0665
-0.34,0.0665
-0.34,0.0665
-0.34,0.0665
-0.34,0.0665
-0.34,0.07
-0.34,0.07
-0.34,0.07
-0.34,0.07
-0.34,0.07
-0.34,0.07
-0.34,0.07
-0.34,0.07
-0.34,0.07
-0.34,0.07
-0.34,0.07
-0.34,0.07
-0.34,0.075
-0.337,0.078
-0.34,0.07
-0.34,0.07
-0.34,0.078
-0.34,0.081
-0.34,0.07
-0.34,0.072
-0.34,0.07
-0.34,0.081
-0.34,0.081
-0.34,0.081
-0.34,0.081
-0.34,0.081
-0.34,0.081
-0.34,0.081
-0.34,0.081
-0.34,0.1085
-0.34,0.1085
-0.337,0.1085
-0.34,0.1205
-0.34,0.1205
-0.34,0.1205
-0.34,0.1205
-0.34,0.1205
-0.34,0.1205
-0.34,0.1205
-0.34,0.1205
-0.34,0.1205
-0.34,0.1205
-0.34,0.1205
-0.34,0.1205
-0.34,0.1205
-0.34,0.1205
-0.334,0.1285
-0.34,0.1285
-0.34,0.1285
-0.34,0.1285
-0.34,0.1285
-0.352,0.1205
-0.364,0.1205
-0.38,0.1205
-0.386,0.1325
-0.384,0.1445
-0.408,0.1485
-0.452,0.1525
-0.452,0.172
-0.452,0.1955
-0.464,0.227
-0.484,0.247
-0.5,0.2945
-0.542,0.373
-0.58,0.4165
-0.592,0.444
-0.592,0.4675
-0.592,0.4815
-0.6,0.5385
-0.6,0.5505
-0.6,0.5505
-0.6,0.57
-0.604,0.598
-0.604,0.626
-0.604,0.6375
-0.604,0.669
-0.604,0.6375
-0.604,0.6535
-0.604,0.6655
-0.604,0.6655
-0.608,0.6455
-0.612,0.6415
-0.612,0.656
-0.612,0.662
-0.612,0.665
-0.6435,0.673
-0.6515,0.673
-0.699,0.6845
-0.743,0.6845
-0.783,0.6925
-0.783,0.6925
-0.795,0.6925
-0.801,0.6925
-0.815,0.6925
-0.815,0.6925
-0.803,0.6955
-0.803,0.6925
-0.803,0.687
-0.815,0.669
-0.815,0.6475
-0.815,0.6285
-0.815,0.61
-0.815,0.626
-0.815,0.6235
-0.815,0.6295
-0.815,0.6335
-0.815,0.608
-0.815,0.614
-0.815,0.61
-0.815,0.61
-0.815,0.61
-0.815,0.618
-0.8265,0.618
-0.8265,0.618
-0.8265,0.6295
-0.8345,0.6315
-0.8345,0.6375
-0.8345,0.6375
-0.8345,0.6375
-0.8345,0.6375
-0.8345,0.6375
-0.8345,0.6375
-0.8345,0.6375
-0.806,0.6375
-0.794,0.6375
-0.794,0.6375
-0.794,0.6375
-0.794,0.6535
-0.794,0.661
-0.794,0.673
-0.794,0.685
-0.77,0.685
-0.73,0.673
-0.678,0.685
-0.658,0.685
-0.654,0.689
-0.654,0.689
-0.654,0.689
-0.654,0.689
-0.654,0.689
-0.654,0.697
-0.654,0.697
-0.654,0.697
-0.654,0.697
-0.654,0.697
-0.654,0.685
-0.654,0.6735
-0.654,0.6455
-0.654,0.618
-0.654,0.5825
-0.654,0.5705
-0.654,0.5705
-0.654,0.5785
-0.654,0.5785
-0.654,0.5785
-0.654,0.5785
-0.654,0.5785
-0.654,0.5785
-0.654,0.5785
-0.654,0.5785
-0.654,0.5785
-0.654,0.563
-0.654,0.563
-0.654,0.559
-0.654,0.559
-0.654,0.559
-0.654,0.559
-0.654,0.559
-0.654,0.559
-0.654,0.559
-0.654,0.559
-0.654,0.559
-0.654,0.559
-0.654,0.559
-0.654,0.559
