valence,arousal
0.0,0.0
0.0,0.0
0.0,0.0
0.0,0.0
0.0,0.0
0.0,0.0
0.0,0.0
0.0,0.0
0.0,0.0
0.0,0.0
0.0,0.0
0.0,0.0
0.0,0.0
0.0,0.0
-0.0315,0.0
-0.0435,0.0
-0.0515,0.0
-0.0515,0.0
-0.0755,-0.002
-0.0755,-0.014
-0.0755,-0.014
-0.0755,-0.002
-0.0755,-0.002
-0.0755,0.0
-0.0835,0.0
-0.0835,0.0
-0.0835,0.0
-0.0835,0.0
-0.0835,0.0
-0.0835,0.0
-0.0835,0.0
-0.0835,0.0
-0.0835,0.0
-0.0835,0.0
-0.0835,0.0
-0.0835,0.0
-0.0835,0.0
-0.0835,0.0
-0.0835,0.0
-0.0835,0.0
-0.0835,0.0
-0.0955,0.0
-0.0955,0.0
-0.0955,0.0
-0.0955,0.0
-0.0955,0.0
-0.0955,0.0
-0.0955,0.0
-0.0955,0.0
-0.0955,0.0
-0.0955,0.0
-0.0955,0.0
-0.0955,-0.002
-0.0955,-0.014
-0.0975,-0.036
-0.0975,-0.036
-0.1175,-0.0495
-0.137,-0.0615
-0.149,-0.0875
-0.149,-0.0955
-0.149,-0.0955
-0.149,-0.0955
-0.149,-0.0955
-0.149,-0.0755
-0.149,-0.0675
-0.149,-0.0555
-0.157,-0.016
-0.157,-0.014
-0.157,-0.014
-0.157,-0.014
-0.157,-0.014
-0.157,-0.014
-0.157,-0.014
-0.157,-0.014
-0.157,-0.014
-0.157,-0.014
-0.157,-0.014
-0.157,-0.014
-0.157,-0.014
-0.157,-0.014
-0.157,-0.014
-0.125,-0.014
-0.125,-0.014
-0.125,-0.014
-0.125,-0.036
-0.125,-0.048
-0.125,-0.0555
-0.125,-0.0615
-0.125,-0.0555
-0.125,-0.0635
-0.125,-0.0635
-0.125,-0.0635
-0.125,-0.0635
-0.125,-0.0635
-0.125,-0.0435
-0.125,-0.0435
-0.125,-0.0435
-0.125,-0.034
-0.125,-0.034
-0.125,-0.034
-0.125,-0.034
-0.125,-0.034
-0.125,-0.034
-0.125,-0.034
-0.125,-0.034
-0.125,-0.034
-0.125,-0.034
-0.125,-0.034
-0.125,-0.034
-0.125,-0.034
-0.125,-0.034
-0.125,-0.034
-0.157,-0.034
-0.157,-0.034
-0.157,-0.034
-0.157,-0.034
-0.157,-0.034
-0.157,-0.034
-0.157,-0.034
-0.157,-0.052
-0.157,-0.0755
-0.157,-0.0755
-0.157,-0.0835
-0.157,-0.0955
-0.157,-0.0955
-0.157,-0.0875
-0.157,-0.0875
-0.157,-0.0755
-0.157,-0.0755
-0.157,-0.0735
-0.157,-0.0735
-0.157,-0.0735
-0.157,-0.0685
-0.157,-0.0545
-0.157,-0.0485
-0.125,-0.0545
-0.125,-0.0515
-0.125,-0.0545
-0.125,-0.0425
-0.125,-0.0425
-0.125,-0.035
-0.125,-0.023
-0.125,-0.023
-0.125,-0.023
-0.125,-0.023
-0.125,-0.023
-0.125,-0.023
-0.125,-0.023
-0.125,-0.015
-0.125,-0.015
-0.125,-0.003
-0.125,0.0045
-0.125,0.0045
-0.157,0.0045
-0.157,0.0045
-0.157,0.0045
-0.157,0.0045
-0.157,0.0045
-0.157,0.0045
-0.157,0.0045
-0.157,0.0045
-0.157,0.0045
-0.157,0.0045
-0.157,0.0045
-0.157,0.0075
-0.157,0.0045
-0.157,0.0105
-0.157,0.0165
-0.157,0.0305
-0.157,0.0505
-0.157,0.0505
-0.157,0.0505
-0.157,0.0505
-0.157,0.0615
-0.157,0.0815
-0.157,0.105
-0.157,0.1235
-0.157,0.1325
-0.157,0.1325
-0.157,0.1405
-0.157,0.1405
-0.157,0.1525
-0.157,0.16
-0.157,0.16
-0.157,0.16
-0.157,0.16
-0.157,0.172
-0.157,0.172
-0.157,0.172
-0.157,0.172
-0.157,0.172
-0.157,0.172
-0.157,0.172
-0.157,0.172
-0.157,0.172
-0.157,0.172
-0.157,0.172
-0.157,0.172
-0.157,0.172
-0.157,0.172
-0.157,0.172
-0.157,0.18
-0.157,0.18
-0.157,0.18
-0.157,0.18
-0.157,0.18
-0.157,0.18
-0.166,0.18
-0.169,0.18
-0.173,0.18
-0.177,0.18
-0.177,0.18
-0.177,0.18
-0.177,0.18
-0.177,0.18
-0.177,0.18
-0.177,0.18
-0.177,0.18
-0.177,0.18
-0.177,0.18
-0.177,0.18
-0.177,0.18
-0.177,0.18
-0.177,0.18
-0.177,0.18
-0.177,0.16
-0.177,0.16
-0.177,0.16
-0.177,0.16
-0.177,0.16
-0.177,0.16
-0.177,0.1525
-0.177,0.1525
-0.177,0.1525
-0.177,0.1525
-0.177,0.1525
-0.177,0.1525
-0.177,0.1525
-0.177,0.1525
-0.177,0.1465
-0.177,0.1405
-0.177,0.1405
-0.185,0.1405
-0.185,0.1405
-0.185,0.1405
-0.185,0.1405
-0.185,0.1325
-0.185,0.1325
-0.185,0.1205
-0.185,0.1205
-0.185,0.1205
-0.185,0.1205
-0.185,0.1205
-0.197,0.112
-0.205,0.112
-0.205,0.109
-0.205,0.109
-0.217,0.109
-0.225,0.109
-0.225,0.109
-0.225,0.109
-0.185,0.109
-0.185,0.109
-0.185,0.115
-0.185,0.112
-0.177,0.1205
-0.165,0.1205
-0.165,0.1205
-0.165,0.1205
-0.165,0.1205
-0.165,0.1205
-0.165,0.1205
-0.165,0.1205
-0.165,0.1205
-0.165,0.1205
-0.197,0.1205
-0.205,0.1205
-0.205,0.1205
-0.205,0.1205
-0.205,0.1205
-0.205,0.1205
-0.205,0.1325
-0.205,0.1325
-0.217,0.1345
-0.217,0.1405
-0.217,0.16
-0.217,0.16
-0.197,0.16
-0.189,0.172
-0.1495,0.172
-0.1355,0.172
-0.1355,0.172
-0.1355,0.1915
-0.1035,0.1915
-0.0955,0.1995
-0.0955,0.2025
-0.0955,0.231
-0.0955,0.237
-0.0835,0.243
-0.0835,0.243
-0.0835,0.2625
-0.0835,0.2625
-0.0835,0.2625
-0.0835,0.2625
-0.0835,0.2625
-0.0835,0.2705
-0.0835,0.2705
-0.0835,0.2705
-0.1155,0.2705
-0.1235,0.2705
-0.1235,0.2705
-0.1235,0.2705
-0.1235,0.2705
-0.1235,0.2705
-0.1235,0.2705
-0.1235,0.2705
-0.1235,0.2705
-0.1235,0.2705
-0.1255,0.2705
-0.1375,0.2705
-0.1455,0.2705
-0.1575,0.2705
-0.177,0.2705
-0.185,0.2705
-0.185,0.2705
-0.185,0.2705
-0.191,0.2705
-0.157,0.2705
-0.157,0.2705
-0.145,0.2705
-0.145,0.2705
-0.154,0.2735
-0.163,0.2705
-0.165,0.2705
-0.165,0.2705
-0.165,0.2705
-0.197,0.2705
-0.197,0.2705
-0.2115,0.2705
-0.2285,0.2705
-0.2285,0.2705
-0.2285,0.2705
-0.2285,0.2705
-0.2315,0.2705
-0.2485,0.2705
-0.2565,0.2705
-0.2565,0.251
-0.2565,0.243
-0.2565,0.243
-0.2565,0.231
-0.2565,0.228
-0.2565,0.2195
-0.2565,0.2115
-0.2565,0.2115
-0.2565,0.2115
-0.2565,0.1995
-0.2565,0.1995
-0.2565,0.1995
-0.2565,0.1995
-0.2565,0.1935
-0.2565,0.1915
-0.2565,0.1915
-0.2565,0.1915
-0.2565,0.18
-0.2565,0.18
-0.2565,0.18
-0.2565,0.18
-0.2565,0.18
-0.2425,0.172
-0.2485,0.177
-0.2205,0.18
-0.2205,0.18
-0.2085,0.168
-0.2085,0.174
-0.2085,0.168
-0.2085,0.174
-0.2085,0.168
-0.2085,0.168
-0.2085,0.168
-0.2085,0.174
-0.2345,0.168
-0.2405,0.164
-0.2405,0.1605
-0.2485,0.1605
-0.2485,0.1605
-0.2485,0.1605
-0.2485,0.1605
-0.2485,0.1605
-0.2485,0.1605
-0.2405,0.1605
-0.2405,0.1605
-0.2405,0.1605
-0.2405,0.1605
-0.2405,0.1605
-0.2405,0.1605
-0.2405,0.1605
-0.2055,0.1605
-0.2085,0.1605
-0.2005,0.1605
-0.2005,0.1605
-0.2005,0.1605
-0.2005,0.1605
-0.2005,0.1605
-0.2005,0.1605
-0.2005,0.1605
-0.2005,0.1605
-0.2005,0.1605
-0.2005,0.1605
-0.2005,0.1605
-0.2005,0.1605
-0.2005,0.1605
-0.2005,0.1605
-0.2005,0.1605
-0.2005,0.1605
-0.2005,0.1605
-0.1915,0.1605
-0.1945,0.1605
-0.2005,0.1605
-0.1975,0.1605
-0.2005,0.1605
-0.2005,0.1605
-0.2005,0.1605
-0.2285,0.1605
-0.2255,0.1605
-0.2225,0.1605
-0.2285,0.1605
-0.2165,0.1605
-0.2165,0.1605
-0.2165,0.1605
-0.2165,0.1605
-0.2165,0.1605
-0.2165,0.1605
-0.2285,0.168
-0.2285,0.168
-0.2165,0.168
-0.2285,0.168
-0.2285,0.168
-0.2165,0.1605
-0.2165,0.1485
-0.2165,0.1405
-0.2165,0.1285
-0.2165,0.1285
-0.2165,0.1285
-0.2285,0.1285
-0.2285,0.1285
-0.2285,0.1285
-0.2285,0.1285
-0.2285,0.1285
-0.2285,0.1285
-0.2285,0.1285
-0.2285,0.1285
-0.2285,0.1285
-0.2285,0.1315
-0.2285,0.1405
-0.2285,0.1405
-0.2405,0.1405
-0.2655,0.1435
-0.2685,0.1405
-0.2685,0.1485
-0.2685,0.1485
-0.2805,0.168
-0.2925,0.168
-0.3125,0.182
-0.3175,0.188
-0.3695,0.188
-0.3805,0.18
-0.3805,0.18
-0.3805,0.18
-0.3805,0.18
-0.3525,0.18
-0.3525,0.1915
-0.3405,0.1915
-0.3405,0.1995
-0.3295,0.1995
-0.3325,0.1995
-0.3325,0.225
-0.3325,0.231
-0.3325,0.239
-0.3205,0.251
-0.3125,0.257
-0.3095,0.259
-0.3005,0.2705
-0.2895,0.2825
-0.2605,0.29
-0.2285,0.29
-0.2205,0.29
-0.2575,0.29
-0.2805,0.29
-0.2925,0.29
-0.3005,0.29
-0.3005,0.29
-0.3005,0.29
-0.3005,0.29
-0.2945,0.29
-0.2975,0.29
-0.3005,0.29
-0.3005,0.302
-0.3005,0.29
-0.3005,0.29
-0.3005,0.29
-0.2685,0.29
-0.2605,0.29
-0.2605,0.29
-0.2605,0.2705
-0.2925,0.2585
-0.2925,0.2585
-0.2925,0.2585
-0.3005,0.2585
-0.3005,0.2585
-0.3125,0.2585
-0.3125,0.2585
-0.3125,0.2585
-0.3125,0.2585
-0.3125,0.2585
-0.3205,0.2585
-0.3205,0.2585
-0.3205,0.2585
-0.3205,0.2585
-0.3205,0.2585
-0.3205,0.2585
-0.3205,0.2585
-0.3205,0.2585
-0.3205,0.2585
-0.3205,0.2545
-0.3205,0.2505
-0.3205,0.239
-0.3205,0.239
-0.3205,0.231
-0.3205,0.231
-0.3235,0.231
-0.3325,0.231
-0.3405,0.231
-0.3405,0.231
-0.3405,0.231
-0.3405,0.219
-0.3085,0.219
-0.3085,0.219
-0.3085,0.219
-0.3085,0.219
-0.3085,0.219
-0.3085,0.219
-0.3085,0.2115
-0.3085,0.2115
-0.3085,0.2115
-0.3085,0.2115
-0.3085,0.2115
-0.3085,0.2145
-0.3085,0.2115
-0.3085,0.2115
-0.3085,0.2115
-0.3085,0.2115
-0.3085,0.2115
-0.3085,0.2115
-0.3085,0.2115
-0.3085,0.2115
-0.3085,0.2115
-0.3085,0.2115
-0.3085,0.2115
-0.3085,0.2115
-0.3085,0.2115
-0.3085,0.2115
-0.3085,0.2115
-0.3085,0.2115
-0.3085,0.2025
-0.3085,0.1995
-0.3085,0.1995
-0.3085,0.1915
-0.3085,0.1915
-0.3085,0.1795
-0.3085,0.168
-0.3085,0.168
-0.3085,0.174
-0.3085,0.168
-0.3085,0.168
-0.3085,0.168
-0.3085,0.168
-0.3085,0.168
-0.3085,0.168
-0.3085,0.168
-0.2965,0.168
-0.2965,0.168
-0.2965,0.168
-0.2965,0.168
-0.2765,0.18
-0.2765,0.1795
-0.2685,0.1795
-0.3125,0.1915
-0.3205,0.1915
-0.3205,0.1795
-0.3205,0.1795
-0.3205,0.1795
-0.3205,0.1795
-0.3205,0.1795
-0.3205,0.1915
-0.3205,0.1915
-0.3205,0.1915
-0.3205,0.1995
-0.3205,0.2055
-0.3205,0.1995
-0.3205,0.1995
-0.3205,0.1995
-0.3205,0.1995
-0.2925,0.1995
-0.2925,0.1995
-0.2925,0.1995
-0.2925,0.1995
-0.2925,0.1995
-0.2925,0.1995
-0.2925,0.1995
-0.2925,0.1995
-0.2925,0.1995
-0.2805,0.1995
-0.2805,0.1995
-0.2685,0.1995
-0.2685,0.1995
-0.2685,0.1995
-0.2685,0.1995
-0.2685,0.2055
-0.2685,0.1995
-0.2685,0.1995
-0.2685,0.1795
-0.2685,0.1795
-0.2685,0.168
-0.2685,0.168
-0.2685,0.16
-0.2685,0.16
-0.2685,0.16
-0.3005,0.16
-0.3005,0.16
-0.3005,0.16
-0.3005,0.16
-0.3005,0.166
-0.3005,0.16
-0.3005,0.16
-0.3005,0.16
-0.3005,0.16
-0.3005,0.16
-0.3005,0.163
-0.3005,0.16
-0.3005,0.163
-0.3005,0.16
-0.3005,0.16
-0.3005,0.16
-0.3005,0.16
-0.3005,0.16
-0.3005,0.163
-0.3005,0.16
-0.3125,0.16
-0.3125,0.16
-0.3125,0.16
-0.3125,0.165
-0.3125,0.1795
-0.3125,0.1915
-0.3125,0.1915
-0.3125,0.1915
-0.3125,0.1915
-0.3125,0.1995
-0.3125,0.2115
-0.3125,0.219
-0.3125,0.233
-0.2805,0.26
-0.2805,0.282
-0.2685,0.31
-0.2655,0.318
-0.2685,0.318
-0.2685,0.318
-0.2685,0.332
-0.2625,0.338
-0.2655,0.3495
-0.2565,0.3695
-0.2565,0.383
-0.245,0.389
-0.245,0.389
-0.245,0.389
-0.245,0.401
-0.277,0.401
-0.277,0.401
-0.277,0.401
-0.277,0.403
-0.277,0.409
-0.277,0.409
-0.277,0.409
-0.289,0.409
-0.289,0.409
-0.289,0.409
-0.289,0.409
-0.289,0.409
-0.289,0.409
-0.289,0.409
-0.289,0.409
-0.289,0.409
-0.297,0.409
-0.289,0.409
-0.281,0.409
-0.2275,0.412
-0.2355,0.409
-0.2285,0.415
-0.209,0.409
-0.165,0.409
-0.149,0.409
-0.149,0.415
-0.1175,0.409
-0.1175,0.409
-0.1175,0.409
-0.1055,0.409
-0.098,0.409
-0.086,0.409
-0.074,0.409
-0.066,0.409
-0.066,0.409
-0.066,0.415
-0.098,0.409
-0.098,0.409
-0.098,0.409
-0.106,0.409
-0.078,0.409
-0.078,0.415
-0.066,0.389
-0.066,0.389
-0.066,0.3655
-0.066,0.3615
-0.066,0.3615
-0.066,0.3525
-0.066,0.3495
-0.066,0.338
-0.066,0.3495
-0.066,0.3465
-0.066,0.3495
-0.066,0.3495
-0.066,0.3495
-0.066,0.3465
-0.066,0.3465
-0.066,0.3415
-0.058,0.3415
-0.046,0.33
-0.026,0.33
0.026,0.322
0.052,0.322
0.098,0.322
0.1295,0.31
0.1295,0.31
0.1295,0.31
0.1325,0.31
0.1295,0.31
0.1295,0.306
0.1295,0.306
0.1295,0.31
0.1295,0.31
0.1295,0.31
0.1295,0.31
0.1295,0.302
0.1295,0.302
0.1295,0.302
0.1295,0.302
0.1295,0.302
0.1295,0.302
0.1295,0.2965
0.1295,0.302
0.1295,0.2905
0.1295,0.2905
0.1295,0.2905
0.1295,0.2905
0.1295,0.2905
0.1325,0.2905
0.1295,0.2905
0.1295,0.2905
0.1295,0.2905
0.1365,0.2905
0.1365,0.2905
0.1365,0.2905
0.1365,0.2905
0.1485,0.2905
0.1485,0.2905
0.1565,0.2905
0.168,0.2905
0.168,0.2905
0.168,0.2905
0.168,0.2905
0.168,0.2825
0.168,0.2825
0.168,0.2905
0.168,0.2905
0.168,0.2825
0.174,0.2825
0.1795,0.2825
0.1795,0.2825
0.1795,0.2825
0.1795,0.2825
0.1795,0.2825
0.1955,0.2825
0.2075,0.2825
0.2075,0.2825
0.2075,0.2905
0.2075,0.2905
0.2075,0.2905
0.176,0.2905
0.168,0.2735
0.156,0.2705
0.156,0.2795
0.156,0.2825
0.156,0.2825
0.156,0.2825
0.156,0.2825
0.156,0.2825
0.1875,0.2735
0.1955,0.2825
0.1955,0.2825
0.2075,0.2825
0.2075,0.2825
0.168,0.2825
0.168,0.2825
0.168,0.2735
0.168,0.2705
0.168,0.2705
0.156,0.2585
0.156,0.251
0.156,0.247
0.1875,0.243
0.1955,0.243
0.1955,0.243
0.2075,0.243
0.2155,0.243
0.2155,0.243
0.2155,0.243
0.227,0.243
0.227,0.243
0.235,0.231
0.235,0.231
0.235,0.231
0.235,0.231
0.235,0.231
0.235,0.223
0.2075,0.223
0.2075,0.223
0.2075,0.223
0.2075,0.223
0.2075,0.223
0.2075,0.223
0.1955,0.223
0.1875,0.223
0.1875,0.223
0.176,0.214
0.176,0.223
0.2155,0.223
0.227,0.223
0.235,0.211
0.235,0.211
0.235,0.211
0.235,0.211
0.235,0.223
0.235,0.223
0.235,0.223
0.235,0.223
0.235,0.223
0.247,0.223
0.2585,0.237
0.2585,0.243
0.2665,0.2505
0.2665,0.2505
0.2665,0.2505
0.2665,0.2505
0.2665,0.2535
0.2665,0.2505
0.235,0.2505
0.227,0.2565
0.2155,0.2505
0.2155,0.2505
0.247,0.2505
0.2585,0.2565
0.2665,0.2505
0.2665,0.2505
0.2665,0.243
0.2665,0.243
0.227,0.243
0.227,0.243
0.227,0.231
0.227,0.223
0.2155,0.211
0.2155,0.211
0.2075,0.211
0.2075,0.1995
0.2075,0.1995
0.235,0.1995
0.235,0.1995
0.2585,0.1995
0.2585,0.1995
0.2585,0.1995
0.2585,0.1995
0.2665,0.1995
0.2665,0.1995
0.2665,0.1995
0.2665,0.1995
0.235,0.1995
0.227,0.191
0.227,0.188
0.227,0.188
0.2155,0.188
0.2155,0.184
0.2155,0.188
0.2155,0.18
0.2155,0.18
0.2155,0.18
0.2585,0.168
0.2665,0.168
0.2665,0.168
0.267,0.168
0.273,0.1605
0.2875,0.1485
0.31,0.1485
0.3075,0.1485
0.3015,0.1485
0.315,0.1485
0.3295,0.1515
0.327,0.1485
0.3495,0.1545
0.3495,0.1485
0.361,0.1485
0.369,0.1485
0.369,0.1485
0.369,0.1485
0.369,0.1485
0.369,0.1485
0.3375,0.1485
0.3495,0.1485
0.3495,0.16
0.3495,0.172
0.381,0.18
0.4085,0.1995
0.4485,0.1995
0.476,0.2115
0.511,0.2115
0.523,0.2195
0.4875,0.239
0.46,0.239
0.4405,0.251
0.4285,0.2705
0.4285,0.2905
0.4285,0.31
0.4205,0.316
0.4205,0.31
0.4205,0.322
0.409,0.322
0.409,0.322
0.397,0.322
0.397,0.328
0.377,0.322
0.3575,0.328
0.3575,0.322
0.3575,0.316
0.3575,0.322
0.3575,0.316
0.3575,0.31
0.3495,0.328
0.3525,0.31
0.3495,0.316
0.3495,0.31
0.347,0.31
0.3495,0.31
0.3495,0.313
0.3575,0.316
0.3965,0.316
0.4285,0.31
0.4365,0.31
0.4795,0.31
0.4875,0.316
0.5075,0.31
0.519,0.31
0.531,0.31
0.531,0.31
0.531,0.2935
0.531,0.2965
0.4995,0.2905
0.4995,0.2855
0.4875,0.2825
0.4795,0.2825
0.4675,0.2825
0.46,0.2885
0.448,0.2825
0.448,0.2885
0.448,0.2825
0.44,0.2825
0.4285,0.2825
0.4205,0.2705
0.412,0.2825
0.389,0.284
0.383,0.29
0.369,0.29
0.369,0.29
0.369,0.29
0.3495,0.29
0.341,0.29
0.338,0.2785
0.318,0.2785
0.318,0.2785
0.298,0.2785
0.2785,0.2785
0.2675,0.2785
0.2585,0.2705
0.247,0.2705
0.247,0.2705
0.247,0.2705
0.253,0.2675
0.247,0.2585
0.247,0.2585
0.247,0.2585
0.247,0.2585
0.247,0.2505
0.247,0.2505
0.25,0.2505
0.247,0.2505
0.247,0.2505
0.247,0.2505
0.2355,0.2505
0.2355,0.2505
0.2355,0.239
0.2415,0.239
0.2305,0.239
0.2155,0.239
0.2075,0.239
0.2075,0.239
0.2075,0.239
0.2105,0.239
0.2075,0.239
0.2075,0.239
0.2355,0.239
0.247,0.239
0.247,0.239
0.255,0.239
0.261,0.239
0.255,0.239
0.255,0.231
0.255,0.231
0.255,0.231
0.255,0.231
0.2305,0.231
0.2275,0.231
0.2275,0.231
0.2335,0.231
0.2275,0.219
0.2275,0.219
0.2275,0.219
0.2275,0.219
0.2335,0.219
0.2275,0.219
0.2275,0.222
0.2155,0.219
0.2155,0.219
0.2075,0.219
0.2075,0.2115
0.2075,0.2115
0.2075,0.2115
0.2075,0.2115
0.2075,0.2115
0.2075,0.2115
0.2075,0.2115
0.2135,0.2115
0.2075,0.2115
0.2075,0.2115
0.2075,0.2115
0.2075,0.2115
0.2075,0.2115
0.2075,0.1995
0.2075,0.1995
0.2075,0.1995
0.2075,0.1955
0.2075,0.1915
0.2075,0.1915
0.2075,0.1915
0.2075,0.1915
0.2075,0.1915
0.2075,0.1915
0.2075,0.1915
0.2075,0.1915
0.2105,0.1915
0.2075,0.1915
0.2075,0.1915
0.2075,0.1915
0.2075,0.1915
0.2075,0.1915
0.2075,0.1915
0.2075,0.1795
0.2075,0.1915
0.2075,0.1795
0.2075,0.1795
0.196,0.177
0.196,0.168
0.199,0.168
0.196,0.174
0.196,0.168
0.196,0.168
0.196,0.168
0.199,0.168
0.196,0.168
0.2275,0.168
0.2255,0.168
0.2195,0.168
0.2075,0.168
0.2075,0.168
0.1995,0.168
0.1995,0.171
0.1995,0.171
0.1995,0.168
0.168,0.168
0.168,0.168
0.168,0.168
0.168,0.168
0.168,0.174
0.168,0.168
0.168,0.168
0.1565,0.168
0.1565,0.168
0.1565,0.171
0.1565,0.168
0.1565,0.168
0.1565,0.174
0.1565,0.168
0.1565,0.168
0.1565,0.168
0.1565,0.168
0.1565,0.168
0.1595,0.168
0.1565,0.164
0.1565,0.148
0.1565,0.148
0.1565,0.148
0.1565,0.148
0.1565,0.148
0.1565,0.16
0.1565,0.16
0.1565,0.16
0.1565,0.16
0.1565,0.16
0.1625,0.16
0.1565,0.16
0.1565,0.16
0.1565,0.16
0.1565,0.16
0.1565,0.16
0.1565,0.16
0.1565,0.16
0.1565,0.16
0.1565,0.16
0.1565,0.16
0.1565,0.16
0.1565,0.16
0.1565,0.16
0.1565,0.16
0.1565,0.16
0.1565,0.16
0.1565,0.16
0.1565,0.16
0.1565,0.16
0.1625,0.16
0.1565,0.16
0.1565,0.16
0.1565,0.16
0.1565,0.16
0.1565,0.16
0.1565,0.16
0.1565,0.16
0.1565,0.16
0.1565,0.16
0.1485,0.16
0.1485,0.16
0.1485,0.16
0.18,0.16
0.188,0.16
0.188,0.16
0.1995,0.16
0.2075,0.16
0.2075,0.16
0.2075,0.16
0.2075,0.16
0.18,0.16
0.168,0.16
0.168,0.16
0.16,0.16
0.16,0.16
0.16,0.16
0.16,0.16
0.16,0.16
0.16,0.16
0.16,0.16
0.16,0.16
0.16,0.16
0.16,0.16
0.16,0.16
0.16,0.16
0.16,0.16
0.1485,0.16
0.1405,0.16
0.1095,0.16
0.1095,0.16
0.1095,0.16
0.086,0.16
0.066,0.16
0.072,0.16
0.078,0.16
0.078,0.16
0.078,0.16
0.078,0.16
0.064,0.16
0.064,0.16
0.058,0.16
0.058,0.16
0.058,0.16
0.098,0.16
0.106,0.16
0.118,0.16
0.118,0.16
0.118,0.16
0.1295,0.16
0.127,0.16
0.086,0.16
0.066,0.16
0.066,0.16
0.0775,0.16
0.0775,0.16
0.0775,0.16
0.1175,0.16
0.1175,0.16
0.1175,0.16
0.1175,0.16
0.1175,0.16
0.1375,0.16
0.1375,0.16
0.1375,0.16
0.126,0.16
0.084,0.16
0.072,0.16
0.066,0.16
0.066,0.16
0.064,0.16
0.046,0.16
0.046,0.16
0.046,0.16
0.046,0.16
0.043,0.16
0.043,0.16
0.046,0.16
0.037,0.16
0.032,0.16
0.038,0.16
0.026,0.16
0.0065,0.16
0.0065,0.16
0.0065,0.154
0.0065,0.151
-0.0055,0.148
-0.0135,0.148
-0.0165,0.16
-0.034,0.16
-0.045,0.1795
-0.057,0.1995
-0.0765,0.219
-0.0955,0.248
-0.0955,0.2505
-0.1175,0.2585
-0.149,0.2705
-0.169,0.2785
-0.1885,0.29
-0.2085,0.29
-0.2165,0.293
-0.2165,0.302
-0.2485,0.3215
-0.26,0.3215
-0.277,0.3215
-0.28,0.3215
-0.256,0.3215
-0.256,0.3215
-0.256,0.3295
-0.256,0.3295
-0.256,0.3295
-0.256,0.3295
-0.288,0.3295
-0.288,0.3295
-0.288,0.3295
-0.288,0.3295
-0.268,0.3295
-0.264,0.3295
-0.26,0.3295
-0.26,0.3295
-0.26,0.3295
-0.26,0.3295
-0.26,0.3295
-0.26,0.3295
-0.26,0.3295
-0.26,0.3295
-0.26,0.3295
-0.26,0.3295
-0.26,0.3295
-0.26,0.3295
-0.26,0.3295
-0.26,0.3295
-0.26,0.3295
-0.268,0.3295
-0.268,0.3295
-0.28,0.3295
-0.28,0.3295
-0.28,0.3295
-0.28,0.31
-0.28,0.322
-0.28,0.322
-0.28,0.3415
-0.248,0.3415
-0.248,0.3415
-0.248,0.3415
-0.248,0.3415
-0.248,0.3415
-0.248,0.3415
-0.248,0.3415
-0.248,0.3415
-0.24,0.3295
-0.24,0.3295
-0.24,0.3295
-0.24,0.3295
-0.24,0.3295
-0.24,0.3295
-0.24,0.3295
-0.24,0.3295
-0.24,0.3295
-0.24,0.3295
-0.24,0.3325
-0.237,0.3295
-0.24,0.3325
-0.24,0.3295
-0.24,0.3325
-0.24,0.3295
-0.24,0.3295
-0.24,0.3295
-0.24,0.3295
-0.24,0.3295
-0.24,0.3295
-0.24,0.3385
-0.24,0.3295
-0.24,0.3295
-0.24,0.3295
-0.24,0.321
-0.24,0.318
-0.24,0.31
-0.24,0.31
-0.228,0.298
-0.22,0.298
-0.22,0.298
-0.22,0.298
-0.22,0.298
-0.22,0.298
-0.22,0.298
-0.22,0.298
-0.2085,0.298
-0.2085,0.298
-0.2005,0.298
-0.2005,0.298
-0.2005,0.298
-0.2285,0.298
-0.2485,0.298
-0.2485,0.298
-0.2485,0.298
-0.2485,0.298
-0.2485,0.298
-0.2485,0.298
-0.2485,0.298
-0.2485,0.298
-0.2205,0.298
-0.2205,0.298
-0.2205,0.298
-0.2205,0.298
-0.2205,0.298
-0.2205,0.298
-0.2205,0.298
-0.2205,0.298
-0.2205,0.298
-0.2205,0.298
-0.2205,0.298
-0.2205,0.298
-0.2205,0.29
-0.2205,0.29
-0.2145,0.29
-0.2205,0.293
-0.2205,0.29
-0.2205,0.29
-0.2205,0.29
-0.2205,0.29
-0.2205,0.29
-0.2205,0.29
-0.2205,0.29
-0.2205,0.29
-0.2205,0.29
-0.2205,0.29
-0.2205,0.29
-0.2205,0.29
-0.2605,0.296
-0.2605,0.29
-0.2605,0.296
-0.2285,0.29
-0.2285,0.296
-0.2605,0.29
-0.2685,0.302
-0.2805,0.31
-0.2885,0.31
-0.2885,0.31
-0.3005,0.31
-0.3005,0.31
-0.3005,0.31
-0.3005,0.31
-0.3005,0.31
-0.2975,0.31
-0.3005,0.31
-0.3005,0.31
-0.3005,0.3215
-0.2975,0.3215
-0.3005,0.3335
-0.3005,0.3415
-0.3005,0.3415
-0.3005,0.3415
-0.3005,0.3445
-0.3005,0.3415
-0.3005,0.3415
-0.3005,0.3415
-0.3125,0.3415
-0.3125,0.3415
-0.3125,0.3415
-0.3145,0.3645
-0.3325,0.3615
-0.3405,0.3615
-0.3405,0.3615
-0.3405,0.3615
-0.3405,0.3615
-0.3405,0.3615
-0.3405,0.3615
-0.3405,0.3665
-0.3405,0.3695
-0.3405,0.381
-0.3405,0.381
-0.3405,0.381
-0.3405,0.381
-0.3405,0.381
-0.3405,0.381
-0.3125,0.387
-0.3125,0.381
-0.3065,0.381
-0.3125,0.389
-0.3005,0.389
-0.3005,0.389
-0.3005,0.389
-0.2885,0.395
-0.2805,0.389
-0.2685,0.389
-0.2605,0.389
-0.2605,0.389
-0.2605,0.389
-0.2605,0.389
-0.2485,0.389
-0.2485,0.381
-0.2485,0.381
-0.2485,0.381
-0.2405,0.381
-0.2405,0.381
-0.2405,0.381
-0.2405,0.381
-0.2405,0.381
-0.2405,0.386
-0.2405,0.389
-0.2405,0.389
-0.2405,0.395
-0.2405,0.389
-0.3005,0.389
-0.3005,0.392
-0.3125,0.4005
-0.3125,0.4005
-0.3125,0.4005
-0.3125,0.4005
-0.3125,0.4005
-0.3125,0.4005
-0.3125,0.4005
-0.3125,0.4005
-0.3125,0.4005
-0.3125,0.4005
-0.3125,0.4005
-0.3125,0.4005
-0.3125,0.4005
-0.3125,0.4005
-0.2805,0.4005
-0.2685,0.4005
-0.2685,0.4005
-0.2265,0.4005
-0.2005,0.4005
-0.1885,0.4005
-0.1795,0.4005
-0.1685,0.4005
-0.1685,0.4005
-0.1775,0.4035
-0.1805,0.4085
-0.1805,0.4205
-0.1805,0.4205
-0.1745,0.4285
-0.1805,0.4285
-0.1805,0.4345
-0.1775,0.4285
-0.1805,0.4285
-0.1805,0.44
-0.1775,0.44
-0.1805,0.44
-0.1805,0.434
-0.1805,0.44
-0.1805,0.44
-0.1805,0.4285
-0.157,0.44
-0.137,0.434
-0.093,0.44
-0.065,0.4285
-0.057,0.44
-0.057,0.4285
-0.0535,0.4285
-0.0535,0.4145
-0.0535,0.4005
-0.0535,0.4005
-0.0535,0.389
-0.0535,0.381
-0.0535,0.381
-0.0535,0.381
-0.0535,0.387
-0.0535,0.381
-0.0535,0.381
-0.0535,0.381
-0.0535,0.381
-0.0535,0.381
-0.0705,0.381
-0.0735,0.381
-0.0735,0.379
-0.0735,0.373
-0.0735,0.373
-0.0735,0.373
-0.0735,0.373
-0.0815,0.373
-0.0815,0.3615
-0.0815,0.3535
-0.0815,0.3505
-0.0815,0.3505
-0.0815,0.3415
-0.0815,0.3325
-0.0815,0.3295
-0.0815,0.3295
-0.0615,0.3295
-0.0615,0.3295
-0.0615,0.3295
-0.0615,0.3295
-0.0615,0.3295
-0.0615,0.322
-0.0615,0.322
-0.0615,0.322
-0.0615,0.322
-0.0615,0.322
-0.0615,0.322
-0.0615,0.322
-0.0615,0.322
-0.085,0.322
-0.077,0.322
-0.077,0.322
-0.097,0.316
-0.097,0.302
-0.097,0.302
-0.097,0.302
-0.097,0.302
-0.097,0.302
-0.097,0.302
-0.065,0.302
-0.057,0.302
-0.0535,0.302
-0.0535,0.302
-0.0535,0.29
-0.0535,0.2785
-0.0535,0.2785
-0.0535,0.2705
-0.0535,0.2705
-0.0535,0.2705
-0.085,0.2705
-0.085,0.2705
-0.097,0.2705
-0.117,0.2705
-0.117,0.2705
-0.117,0.2705
-0.125,0.2705
-0.125,0.2705
-0.125,0.2705
-0.125,0.2705
-0.125,0.2705
-0.125,0.2705
-0.125,0.2705
-0.119,0.2705
-0.125,0.2705
-0.125,0.2705
-0.125,0.2705
-0.125,0.2705
-0.125,0.2705
-0.125,0.2705
-0.125,0.2705
-0.125,0.2705
-0.125,0.2705
-0.125,0.2705
-0.125,0.2705
-0.125,0.2705
-0.116,0.2705
-0.116,0.2705
-0.119,0.2705
-0.085,0.2705
-0.085,0.2705
-0.085,0.2705
-0.085,0.2705
-0.085,0.2705
-0.085,0.2705
-0.085,0.2705
-0.085,0.2705
-0.085,0.2705
-0.085,0.2705
-0.085,0.2705
-0.085,0.2705
-0.085,0.2705
-0.113,0.2705
-0.113,0.2705
-0.113,0.2705
-0.113,0.2785
-0.125,0.2785
-0.125,0.29
-0.125,0.302
-0.125,0.302
-0.125,0.302
-0.125,0.302
-0.093,0.304
-0.093,0.31
-0.085,0.31
-0.085,0.3295
-0.085,0.3295
-0.085,0.3415
-0.085,0.3495
-0.085,0.361
-0.085,0.367
-0.085,0.369
-0.085,0.369
-0.085,0.369
-0.085,0.369
-0.085,0.369
-0.085,0.369
-0.085,0.381
-0.085,0.389
-0.113,0.389
-0.113,0.4005
-0.113,0.4005
-0.113,0.4065
-0.113,0.4005
-0.113,0.4005
-0.113,0.4005
-0.113,0.4035
-0.125,0.4005
-0.125,0.4005
-0.125,0.4005
-0.125,0.4005
-0.125,0.4005
-0.125,0.4125
-0.125,0.4125
-0.097,0.4125
-0.097,0.4125
-0.097,0.4125
-0.097,0.4125
-0.105,0.4205
-0.105,0.4235
-0.133,0.4205
-0.133,0.4125
-0.133,0.401
-0.133,0.401
-0.133,0.393
-0.133,0.393
-0.133,0.393
-0.133,0.39
-0.133,0.381
-0.133,0.381
-0.133,0.381
-0.133,0.381
-0.133,0.3925
-0.105,0.3925
-0.105,0.3925
-0.105,0.3925
-0.105,0.387
-0.105,0.3925
-0.105,0.3975
-0.105,0.4005
-0.105,0.4005
-0.105,0.4005
-0.105,0.4005
-0.105,0.4005
-0.105,0.4005
-0.105,0.391
-0.105,0.381
-0.105,0.381
-0.105,0.381
-0.105,0.381
-0.105,0.381
-0.105,0.381
-0.105,0.387
-0.105,0.381
-0.105,0.381
-0.105,0.373
-0.105,0.373
-0.105,0.361
-0.105,0.3495
-0.105,0.3455
-0.105,0.3295
-0.105,0.3325
-0.105,0.3295
-0.105,0.3295
-0.105,0.3295
-0.133,0.3295
-0.133,0.3215
-0.133,0.3215
-0.1415,0.3215
-0.1535,0.3215
-0.1645,0.3215
-0.1645,0.316
-0.1645,0.31
-0.1645,0.31
-0.1645,0.302
-0.1645,0.302
-0.1645,0.302
-0.1645,0.302
-0.1645,0.302
-0.1765,0.302
-0.1765,0.302
-0.1765,0.302
-0.1765,0.302
-0.1765,0.302
-0.1855,0.29
-0.1885,0.29
-0.1965,0.29
-0.1965,0.29
-0.1965,0.29
-0.1965,0.29
-0.1965,0.2825
-0.1965,0.2825
-0.1965,0.2825
-0.1965,0.2825
-0.1965,0.2825
-0.1965,0.2825
-0.1965,0.2825
-0.1965,0.2825
-0.1965,0.2825
-0.1965,0.2825
-0.1965,0.2825
-0.1965,0.2705
-0.1965,0.2705
-0.1885,0.2705
-0.1885,0.2705
-0.1765,0.2705
-0.1765,0.2705
-0.1765,0.2685
-0.1765,0.2625
-0.1765,0.2625
-0.1765,0.2625
-0.1765,0.2625
-0.1765,0.2715
-0.1765,0.2745
-0.1765,0.2745
-0.1765,0.2825
-0.1765,0.294
-0.1765,0.294
-0.1765,0.294
-0.1765,0.294
-0.1765,0.294
-0.1765,0.294
-0.1765,0.302
-0.1765,0.302
-0.1625,0.302
-0.1685,0.302
-0.1685,0.302
-0.1685,0.302
-0.1565,0.302
-0.1595,0.302
-0.1565,0.302
-0.1625,0.302
-0.1685,0.302
-0.1625,0.302
-0.1565,0.302
-0.1565,0.302
-0.1565,0.302
-0.1565,0.302
-0.1565,0.302
-0.1565,0.302
-0.1565,0.302
-0.1565,0.302
-0.1565,0.2745
-0.1565,0.2745
-0.1565,0.2625
-0.145,0.2625
-0.145,0.2625
-0.145,0.2625
-0.145,0.2625
-0.137,0.2625
-0.137,0.2685
-0.137,0.2625
-0.137,0.2685
-0.137,0.2625
-0.137,0.2655
-0.137,0.2625
-0.137,0.2625
-0.137,0.2625
-0.137,0.2625
-0.137,0.2625
-0.137,0.2625
-0.137,0.2825
-0.137,0.29
-0.137,0.29
-0.137,0.29
-0.137,0.29
-0.149,0.29
-0.149,0.29
-0.149,0.29
-0.149,0.29
-0.149,0.29
-0.149,0.29
-0.149,0.29
-0.149,0.29
-0.149,0.29
-0.149,0.29
-0.149,0.29
-0.149,0.29
-0.149,0.29
-0.149,0.296
-0.149,0.29
-0.149,0.29
-0.149,0.29
-0.149,0.296
-0.149,0.29
-0.149,0.29
-0.149,0.296
-0.149,0.304
-0.149,0.31
-0.149,0.31
-0.149,0.31
-0.149,0.31
-0.149,0.31
-0.149,0.31
-0.149,0.31
-0.149,0.31
-0.149,0.313
-0.149,0.31
-0.149,0.31
-0.149,0.31
-0.149,0.313
-0.149,0.31
-0.149,0.31
-0.149,0.31
-0.149,0.31
-0.149,0.31
-0.149,0.31
-0.149,0.31
-0.149,0.31
-0.149,0.31
-0.149,0.31
-0.149,0.29
-0.149,0.2825
-0.149,0.2825
-0.149,0.2825
-0.149,0.2705
-0.149,0.2645
-0.157,0.2625
-0.157,0.2625
-0.169,0.2625
-0.169,0.2625
-0.169,0.2625
-0.169,0.2625
-0.169,0.2625
-0.169,0.2625
-0.169,0.2625
-0.169,0.2505
-0.169,0.2505
-0.169,0.2505
-0.169,0.2505
-0.169,0.2505
-0.169,0.2505
-0.169,0.239
-0.169,0.245
-0.169,0.239
-0.169,0.239
-0.169,0.239
-0.177,0.239
-0.177,0.239
-0.177,0.239
-0.177,0.239
-0.177,0.239
-0.177,0.239
-0.177,0.239
-0.177,0.239
-0.177,0.239
-0.177,0.239
-0.177,0.239
-0.177,0.245
-0.177,0.239
-0.177,0.239
-0.177,0.239
-0.177,0.239
-0.177,0.239
-0.177,0.239
-0.177,0.245
-0.177,0.248
-0.177,0.248
-0.177,0.2505
-0.177,0.2505
-0.177,0.2505
-0.177,0.2505
-0.177,0.2505
-0.177,0.2625
-0.177,0.2625
-0.177,0.2625
-0.177,0.2625
-0.177,0.2625
-0.177,0.2625
-0.177,0.2625
-0.177,0.2625
-0.177,0.2625
-0.177,0.2625
-0.177,0.2625
-0.177,0.2625
-0.177,0.2625
-0.177,0.2625
-0.177,0.2625
-0.177,0.2625
-0.177,0.2625
-0.177,0.2625
-0.177,0.2625
-0.177,0.2625
-0.177,0.2625
-0.177,0.2655
-0.177,0.2625
-0.177,0.2625
-0.177,0.2625
-0.177,0.2625
-0.177,0.2625
-0.177,0.2625
-0.177,0.2625
-0.177,0.2625
-0.177,0.2625
-0.177,0.2625
-0.177,0.2625
-0.177,0.2625
-0.177,0.2625
-0.177,0.2625
-0.177,0.2625
-0.177,0.2765
-0.177,0.2705
-0.177,0.2625
-0.177,0.2625
-0.177,0.2625
-0.177,0.2625
-0.177,0.2625
-0.177,0.2625
-0.177,0.2625
-0.177,0.2625
-0.177,0.2625
-0.177,0.2625
-0.177,0.2625
-0.177,0.2625
-0.177,0.2625
-0.177,0.2625
-0.177,0.2625
-0.177,0.2625
-0.149,0.2655
-0.149,0.2625
-0.149,0.2625
-0.149,0.2625
-0.149,0.2625
-0.149,0.2625
-0.149,0.2625
-0.149,0.2625
-0.149,0.2625
-0.149,0.2625
-0.149,0.2625
-0.149,0.2625
-0.149,0.2625
-0.149,0.2625
-0.149,0.2625
-0.149,0.2505
-0.149,0.2505
-0.149,0.2565
-0.149,0.2625
-0.149,0.2625
-0.149,0.2625
-0.149,0.2705
-0.149,0.2705
-0.149,0.2735
-0.149,0.2705
-0.149,0.2735
-0.149,0.2555
-0.149,0.2505
-0.149,0.242
-0.117,0.239
-0.117,0.2505
-0.117,0.2625
-0.117,0.2625
-0.117,0.2625
-0.117,0.2625
-0.105,0.2625
-0.097,0.2625
-0.085,0.2625
-0.077,0.2625
-0.077,0.2625
-0.077,0.2625
-0.077,0.2625
-0.077,0.2625
-0.077,0.2625
-0.077,0.2625
-0.077,0.251
-0.077,0.251
-0.105,0.227
-0.105,0.2095
-0.117,0.2035
-0.125,0.2035
-0.125,0.2035
-0.097,0.1915
-0.097,0.2035
-0.097,0.1945
-0.097,0.1915
-0.097,0.2035
-0.097,0.1915
-0.097,0.1915
-0.097,0.2005
-0.097,0.1915
-0.097,0.1915
-0.097,0.2005
-0.097,0.1915
-0.097,0.1945
-0.125,0.1915
-0.137,0.1915
-0.149,0.1975
-0.149,0.1915
-0.157,0.1915
-0.157,0.1915
-0.157,0.2005
-0.157,0.1915
-0.157,0.1915
-0.157,0.2055
-0.157,0.1995
-0.125,0.1995
-0.097,0.1995
-0.117,0.1995
-0.125,0.1995
-0.125,0.1995
-0.125,0.2055
-0.125,0.1995
-0.125,0.2055
-0.125,0.2025
-0.125,0.2025
-0.125,0.2055
-0.149,0.1995
-0.149,0.2055
-0.149,0.1995
-0.149,0.1995
-0.149,0.2055
-0.149,0.1995
-0.149,0.1995
-0.149,0.1995
-0.149,0.2115
-0.149,0.2025
-0.149,0.1995
-0.149,0.1995
-0.149,0.1995
-0.149,0.1995
-0.149,0.1995
-0.149,0.1995
-0.149,0.2055
-0.117,0.1995
-0.117,0.1995
-0.117,0.2025
-0.117,0.1995
-0.117,0.1995
-0.117,0.1995
-0.117,0.1995
-0.117,0.1995
-0.117,0.1995
-0.117,0.2055
-0.117,0.2085
-0.117,0.1995
-0.117,0.2085
-0.117,0.2115
-0.117,0.213
-0.117,0.219
-0.117,0.219
-0.117,0.219
-0.117,0.231
-0.117,0.225
-0.117,0.231
-0.117,0.231
-0.117,0.231
-0.117,0.2505
-0.117,0.2505
-0.117,0.2505
-0.117,0.2585
-0.117,0.2585
-0.117,0.2585
-0.117,0.2585
-0.117,0.2705
-0.117,0.2785
-0.117,0.2785
-0.117,0.2785
-0.117,0.2785
-0.117,0.2785
-0.117,0.2785
-0.117,0.29
-0.117,0.29
-0.117,0.29
-0.117,0.29
-0.117,0.29
-0.117,0.29
-0.117,0.29
-0.117,0.29
-0.117,0.29
-0.117,0.29
-0.117,0.29
-0.117,0.29
-0.117,0.29
-0.149,0.29
-0.149,0.29
-0.149,0.29
-0.149,0.29
-0.149,0.2785
-0.149,0.2815
-0.149,0.2785
-0.149,0.2785
-0.149,0.2705
-0.149,0.2585
-0.149,0.2585
-0.149,0.2585
-0.149,0.251
-0.149,0.251
-0.149,0.251
-0.117,0.251
-0.117,0.251
-0.117,0.251
-0.117,0.251
-0.117,0.251
-0.117,0.251
-0.117,0.251
-0.117,0.251
-0.117,0.251
-0.117,0.251
-0.117,0.251
-0.117,0.251
-0.117,0.251
-0.117,0.251
-0.117,0.251
-0.117,0.251
-0.117,0.251
-0.117,0.251
-0.117,0.251
-0.117,0.251
-0.117,0.251
-0.117,0.251
-0.117,0.251
-0.117,0.251
-0.117,0.251
-0.117,0.251
-0.117,0.251
-0.117,0.251
-0.117,0.251
-0.117,0.251
-0.117,0.251
-0.117,0.251
-0.117,0.251
-0.117,0.251
-0.117,0.251
-0.117,0.251
-0.117,0.251
-0.117,0.251
-0.117,0.251
-0.117,0.251
-0.117,0.251
-0.117,0.251
-0.117,0.251
-0.117,0.251
-0.117,0.251
-0.117,0.251
-0.117,0.251
-0.149,0.251
-0.149,0.251
-0.157,0.251
-0.157,0.251
-0.157,0.251
-0.157,0.251
-0.157,0.251
-0.157,0.251
-0.157,0.263
-0.157,0.271
-0.157,0.271
-0.157,0.271
-0.157,0.277
-0.157,0.271
-0.157,0.274
-0.157,0.271
-0.157,0.271
-0.157,0.271
-0.157,0.271
-0.157,0.271
-0.157,0.271
-0.157,0.271
-0.157,0.271
-0.157,0.271
-0.157,0.271
-0.157,0.271
-0.157,0.271
-0.157,0.271
-0.157,0.271
-0.125,0.271
-0.125,0.271
-0.125,0.271
-0.125,0.271
-0.125,0.271
-0.125,0.271
-0.125,0.271
-0.125,0.271
-0.125,0.262
-0.125,0.262
-0.125,0.271
-0.125,0.271
-0.125,0.271
-0.157,0.271
-0.157,0.271
-0.157,0.271
-0.157,0.271
-0.157,0.271
-0.157,0.271
-0.157,0.271
-0.157,0.257
-0.157,0.251
-0.157,0.239
-0.157,0.239
-0.157,0.239
-0.157,0.239
-0.157,0.239
-0.157,0.245
-0.157,0.251
-0.157,0.251
-0.157,0.251
-0.157,0.251
-0.157,0.251
-0.157,0.251
-0.157,0.251
-0.157,0.262
-0.157,0.259
-0.157,0.262
-0.157,0.259
-0.157,0.259
-0.157,0.259
-0.157,0.259
-0.157,0.259
-0.157,0.259
-0.157,0.259
-0.157,0.259
-0.157,0.265
-0.157,0.259
-0.157,0.259
-0.157,0.265
-0.157,0.2725
-0.157,0.2785
-0.157,0.2785
-0.157,0.2785
-0.105,0.2785
-0.097,0.2785
-0.085,0.2785
-0.077,0.2785
-0.077,0.2785
-0.0735,0.2785
-0.0735,0.2785
-0.0535,0.2785
-0.014,0.2905
0.01,0.3015
0.1135,0.2985
0.1385,0.2985
0.2015,0.2985
0.219,0.2985
0.2705,0.2985
0.2905,0.2985
0.2985,0.2985
0.2865,0.31
0.2865,0.31
0.298,0.318
0.301,0.318
0.31,0.338
0.31,0.3495
0.318,0.3495
0.318,0.3495
0.318,0.3695
0.318,0.389
0.318,0.389
0.346,0.401
0.3655,0.403
0.389,0.409
0.397,0.409
0.397,0.409
0.397,0.4205
0.397,0.4205
0.397,0.4205
0.397,0.4205
0.3405,0.4205
0.326,0.4285
0.326,0.4285
0.326,0.4285
0.326,0.4285
0.369,0.4345
0.369,0.4345
0.377,0.4285
0.377,0.4405
0.377,0.4405
0.377,0.4405
0.377,0.4405
0.377,0.4405
0.383,0.4485
0.377,0.4485
0.377,0.4485
0.3575,0.4485
0.3435,0.4515
0.3375,0.4485
0.3375,0.4545
0.3375,0.457
0.3375,0.4485
0.3375,0.4485
0.3375,0.4485
0.3375,0.4515
0.3375,0.46
0.3375,0.463
0.3375,0.46
0.3375,0.466
0.3375,0.46
0.3495,0.46
0.3495,0.46
0.3495,0.46
0.3495,0.46
0.3495,0.466
0.3415,0.46
0.3415,0.463
0.3415,0.457
0.3415,0.4435
0.3415,0.44
0.3415,0.445
0.3415,0.4405
0.3415,0.448
0.3415,0.452
0.3415,0.452
0.3415,0.44
0.31,0.44
0.33,0.44
0.33,0.44
0.338,0.44
0.3375,0.44
0.3375,0.432
0.3375,0.432
0.3375,0.4295
0.3375,0.4205
0.3375,0.4205
0.3375,0.4205
0.3375,0.4205
0.3375,0.4205
0.3375,0.4205
0.329,0.4205
0.3575,0.4205
0.3575,0.4205
0.3575,0.4205
0.3695,0.4205
0.3695,0.4205
0.381,0.4205
0.381,0.4125
0.3755,0.393
0.3695,0.385
0.3615,0.361
0.3475,0.3495
0.3415,0.3495
0.3415,0.3465
0.3415,0.3495
0.3415,0.338
0.3415,0.338
0.3415,0.338
0.3415,0.33
0.3415,0.33
0.3415,0.318
0.3415,0.318
0.3415,0.318
0.3415,0.316
0.3495,0.318
0.3495,0.318
0.3495,0.31
0.3545,0.31
0.3575,0.31
0.3575,0.31
0.3695,0.31
0.3575,0.31
0.3605,0.31
0.3575,0.31
0.3575,0.31
0.3575,0.322
0.3575,0.322
0.3575,0.322
0.3605,0.333
0.3695,0.3415
0.4085,0.3435
0.4165,0.3635
0.446,0.381
0.44,0.384
0.44,0.3925
0.44,0.3925
0.44,0.4045
0.44,0.424
0.44,0.424
0.4085,0.424
0.4085,0.452
0.4005,0.452
0.4005,0.452
0.398,0.452
0.389,0.458
0.381,0.452
0.381,0.452
0.381,0.452
0.381,0.455
0.381,0.452
0.381,0.452
0.381,0.452
0.381,0.455
0.381,0.452
0.369,0.452
0.369,0.452
0.369,0.452
0.369,0.452
0.369,0.46
0.3615,0.46
0.3615,0.452
0.3615,0.452
0.3615,0.452
0.3615,0.452
0.3495,0.452
0.3415,0.452
0.322,0.452
0.31,0.452
0.31,0.452
0.31,0.452
0.31,0.452
0.31,0.452
0.31,0.452
0.31,0.4755
0.31,0.4915
0.31,0.4935
0.31,0.4995
0.31,0.505
0.31,0.5445
0.31,0.5795
0.315,0.574
0.318,0.58
0.318,0.5705
0.318,0.5665
0.324,0.5625
0.318,0.5625
0.318,0.5625
0.318,0.5625
0.324,0.5625
0.316,0.5625
0.31,0.543
0.31,0.543
0.29,0.543
0.2705,0.535
0.247,0.535
0.247,0.526
0.247,0.523
0.247,0.523
0.256,0.515
0.259,0.5035
0.2785,0.5035
0.2845,0.4955
0.2785,0.4835
0.267,0.4835
0.2785,0.4835
0.2785,0.4835
0.2785,0.48
0.2815,0.48
0.2905,0.497
0.2905,0.4915
0.2905,0.4915
0.2945,0.4915
0.2985,0.478
0.2985,0.478
0.2985,0.46
0.2985,0.46
0.3045,0.452
0.2905,0.452
0.2905,0.452
0.2905,0.452
0.2905,0.444
0.2905,0.444
0.2905,0.444
0.2905,0.4265
0.2905,0.409
0.2985,0.409
0.33,0.401
0.322,0.389
0.322,0.389
0.322,0.389
0.322,0.389
0.322,0.389
0.322,0.389
0.322,0.389
0.322,0.395
0.322,0.389
0.322,0.395
0.2925,0.389
0.2785,0.389
0.2785,0.4005
0.2905,0.3975
0.2905,0.4005
0.2985,0.3975
0.3045,0.3975
0.2985,0.4005
0.2985,0.3975
0.31,0.4005
0.31,0.4005
0.313,0.4005
0.319,0.3925
0.319,0.384
0.316,0.384
0.322,0.3925
0.2785,0.384
0.259,0.3925
0.251,0.3925
0.239,0.3925
0.2195,0.3925
0.2195,0.387
0.2195,0.384
0.2195,0.3895
0.2195,0.384
0.2195,0.3925
0.2195,0.3895
0.2195,0.3925
0.251,0.3925
0.251,0.3925
0.259,0.3895
0.259,0.381
0.259,0.381
0.259,0.373
0.259,0.373
0.2705,0.373
0.2705,0.373
0.2705,0.3645
0.2705,0.3755
0.2705,0.381
0.2705,0.381
0.2705,0.381
0.2705,0.3815
0.2705,0.381
0.2705,0.381
0.2705,0.384
0.2705,0.381
0.2705,0.3755
0.2705,0.381
0.2705,0.3925
0.2705,0.387
0.2705,0.3925
0.2705,0.3925
0.2705,0.3925
0.2705,0.3925
0.2705,0.3925
0.2705,0.3895
0.2705,0.3975
0.2705,0.4005
0.2705,0.4005
0.2705,0.4005
0.2705,0.4005
0.2705,0.395
0.2705,0.4005
0.2705,0.4005
0.2705,0.392
0.2705,0.3975
0.2705,0.392
0.2705,0.3975
0.2705,0.4005
0.2705,0.4005
0.2705,0.4005
0.2705,0.4005
0.2705,0.4005
0.2705,0.4005
0.2705,0.4005
0.2705,0.395
0.2705,0.3975
0.2705,0.4005
0.2705,0.4005
0.2705,0.4005
0.2705,0.4005
0.239,0.389
0.2195,0.389
0.2195,0.389
0.2115,0.381
0.2115,0.381
0.2115,0.361
0.239,0.3585
0.239,0.3495
0.251,0.3415
0.251,0.3415
0.251,0.3415
0.259,0.3415
0.259,0.3415
0.259,0.3415
0.259,0.3415
0.2115,0.3415
0.1925,0.3415
0.1925,0.3415
0.1925,0.3415
0.1925,0.3415
0.1925,0.3415
0.1925,0.3415
0.1925,0.3415
0.1925,0.3415
0.1925,0.322
0.1925,0.322
0.1925,0.322
0.189,0.3335
0.169,0.3335
0.161,0.3335
0.149,0.325
0.149,0.3335
0.141,0.3335
0.141,0.3335
0.141,0.3335
0.129,0.3215
0.129,0.3075
0.129,0.3075
0.129,0.2995
0.129,0.2965
0.129,0.302
0.169,0.2965
0.169,0.302
0.169,0.302
0.169,0.2935
0.169,0.302
0.141,0.302
0.141,0.302
0.141,0.302
0.141,0.302
0.129,0.302
0.129,0.302
0.129,0.326
0.117,0.3415
0.109,0.3415
0.097,0.3415
0.097,0.3415
0.097,0.3415
0.097,0.3415
0.097,0.3475
0.097,0.3535
0.097,0.3535
0.097,0.3415
0.097,0.3415
0.097,0.3415
0.129,0.3415
0.129,0.3415
0.129,0.3415
0.129,0.3415
0.129,0.3415
0.129,0.3415
0.129,0.3415
0.129,0.3415
0.129,0.3415
0.129,0.3415
0.129,0.3415
0.129,0.3415
0.129,0.33
0.129,0.33
0.129,0.322
0.129,0.322
0.129,0.322
0.129,0.31
0.129,0.31
0.129,0.322
0.129,0.33
0.129,0.33
0.129,0.333
0.129,0.33
0.129,0.33
0.129,0.33
0.129,0.33
0.129,0.33
0.129,0.33
0.129,0.33
0.129,0.33
0.129,0.33
0.129,0.33
0.129,0.33
0.129,0.33
0.129,0.33
0.129,0.3495
0.129,0.3495
0.129,0.3415
0.169,0.3415
0.1925,0.3415
0.1925,0.3415
0.1925,0.3415
0.1805,0.3415
0.176,0.3415
0.188,0.3475
0.196,0.3415
0.2075,0.3415
0.2355,0.3415
0.2355,0.3415
0.2355,0.3495
0.247,0.3495
0.247,0.3495
0.267,0.3555
0.267,0.3495
0.239,0.3495
0.239,0.3495
0.2525,0.3495
0.2585,0.3495
0.2585,0.3495
0.2585,0.3495
0.2585,0.3495
0.2585,0.3555
0.2585,0.3495
0.2585,0.3495
0.2585,0.3495
0.2585,0.3495
0.2585,0.3495
0.2585,0.3495
0.2585,0.3495
0.2585,0.3495
0.2865,0.3495
0.2865,0.3495
0.2865,0.3495
0.2865,0.3495
0.2865,0.3495
0.2865,0.3495
0.2845,0.3525
0.2785,0.3495
0.2785,0.3495
0.2785,0.3495
0.2865,0.3495
0.2985,0.3495
0.31,0.3495
0.3295,0.3495
0.318,0.3495
0.318,0.3495
0.324,0.3495
0.321,0.3495
0.318,0.3495
0.318,0.3495
0.318,0.3555
0.318,0.3525
0.318,0.3495
0.318,0.3555
0.318,0.3495
0.318,0.3555
0.318,0.3495
0.318,0.3495
0.318,0.3495
0.318,0.3495
0.318,0.3495
0.318,0.3495
0.3295,0.3495
0.321,0.3495
0.321,0.3495
0.318,0.3495
0.318,0.3495
0.318,0.3495
0.327,0.3495
0.3295,0.3495
0.3295,0.3495
0.298,0.3555
0.298,0.3495
0.298,0.3495
0.298,0.3555
0.298,0.3495
0.298,0.3495
0.298,0.3495
0.298,0.3495
0.298,0.3415
0.298,0.3415
0.298,0.3295
0.298,0.3295
0.298,0.3295
0.298,0.3295
0.298,0.3295
0.29,0.3295
0.29,0.3295
0.2785,0.3295
0.2785,0.3295
0.2705,0.3355
0.2705,0.3295
0.2705,0.3295
0.2585,0.3295
0.2585,0.3295
0.2585,0.3295
0.2585,0.3295
0.2585,0.3295
0.2585,0.3325
0.2585,0.3295
0.2585,0.3295
0.29,0.3295
0.29,0.3295
0.29,0.3295
0.298,0.3295
0.298,0.3325
0.298,0.3295
0.31,0.3295
0.31,0.3295
0.31,0.3295
0.31,0.3295
0.31,0.3295
0.31,0.3295
0.31,0.3295
0.3075,0.3295
0.31,0.3295
0.31,0.3295
0.318,0.3295
0.318,0.3295
0.318,0.3325
0.318,0.3295
0.318,0.3295
0.318,0.3295
0.318,0.3295
0.318,0.3355
0.318,0.3295
0.318,0.3295
0.318,0.3295
0.318,0.3355
0.318,0.3295
0.318,0.3295
0.318,0.3295
0.318,0.3295
0.318,0.3295
0.3295,0.3295
0.3295,0.3295
0.3295,0.3295
0.3295,0.3295
0.3295,0.3295
0.3295,0.3295
0.3295,0.3295
0.3295,0.3295
0.3295,0.3295
0.3295,0.3295
0.3295,0.3295
0.3295,0.3295
0.3295,0.3325
0.3295,0.3295
0.3295,0.3295
0.3295,0.3295
0.3295,0.3275
0.3295,0.3215
0.3295,0.3215
0.3295,0.31
0.3295,0.302
0.3295,0.302
0.3295,0.302
0.3295,0.302
0.3295,0.302
0.3295,0.2905
0.3295,0.2625
0.3295,0.243
0.3295,0.2115
0.3295,0.2035
0.3295,0.1915
0.3295,0.1915
0.3295,0.2035
0.3295,0.2035
0.3295,0.2035
0.3295,0.2035
0.3295,0.2035
0.3295,0.2035
0.3295,0.2035
0.3375,0.2035
0.3375,0.2035
0.3495,0.2235
0.3495,0.2235
0.3495,0.2235
0.3495,0.2235
0.3495,0.2235
0.3495,0.2235
0.3495,0.2235
0.3495,0.2235
0.3495,0.2115
0.3495,0.2145
0.3495,0.1955
0.3495,0.1795
0.3495,0.168
0.318,0.16
0.318,0.16
0.318,0.163
0.318,0.154
0.318,0.163
0.318,0.16
0.306,0.16
0.298,0.16
0.298,0.16
0.2865,0.16
0.2865,0.16
0.2865,0.16
0.2865,0.148
0.2865,0.154
0.2865,0.148
0.2865,0.148
0.2785,0.148
0.259,0.157
0.259,0.148
0.251,0.16
0.239,0.148
0.2255,0.148
0.2075,0.174
0.1995,0.1915
0.188,0.2115
0.188,0.219
0.188,0.219
0.188,0.219
0.188,0.231
0.188,0.231
0.188,0.231
0.191,0.231
0.188,0.231
0.188,0.239
0.188,0.2505
0.191,0.2585
0.188,0.2645
0.188,0.2735
0.188,0.2785
0.188,0.2785
0.188,0.2785
0.188,0.2785
0.188,0.2845
0.188,0.2785
0.188,0.2785
0.188,0.2785
0.188,0.2985
0.188,0.2985
0.188,0.2985
0.188,0.2985
0.188,0.2985
0.188,0.2985
0.188,0.2985
0.2155,0.2985
0.2155,0.2985
0.2275,0.2985
0.245,0.2985
0.239,0.2985
0.239,0.2985
0.239,0.2985
0.239,0.2985
0.239,0.2985
0.239,0.2985
0.231,0.2985
0.231,0.2985
0.231,0.2985
0.231,0.2985
0.231,0.2985
0.231,0.2985
0.231,0.2985
0.231,0.2985
0.231,0.2985
0.231,0.2985
0.239,0.2985
0.239,0.2985
0.239,0.2985
0.239,0.2985
0.239,0.2985
0.239,0.2985
0.239,0.2985
0.239,0.2985
0.239,0.2985
0.239,0.2985
0.242,0.2985
0.239,0.2985
0.239,0.2985
0.239,0.2985
0.239,0.2985
0.239,0.2985
0.239,0.2985
0.239,0.2985
0.239,0.2985
0.239,0.2985
0.239,0.2985
0.239,0.2985
0.239,0.2985
0.239,0.2985
0.239,0.2985
0.239,0.2985
0.2075,0.2985
0.2075,0.2985
0.2075,0.2935
0.2075,0.259
0.2075,0.251
0.196,0.239
0.196,0.239
0.196,0.239
0.196,0.239
0.196,0.2315
0.196,0.2315
0.196,0.2195
0.196,0.2195
0.196,0.2195
0.196,0.2195
0.196,0.2115
0.196,0.2115
0.196,0.1995
0.196,0.1995
0.196,0.18
0.196,0.18
0.196,0.18
0.196,0.18
0.196,0.18
0.199,0.18
0.196,0.18
0.196,0.18
0.196,0.18
0.196,0.18
0.196,0.18
0.196,0.18
0.196,0.18
0.196,0.18
0.196,0.18
0.196,0.18
0.196,0.18
0.196,0.18
0.196,0.18
0.196,0.18
0.202,0.18
0.196,0.18
0.196,0.18
0.196,0.18
0.196,0.18
0.202,0.18
0.196,0.18
0.196,0.18
0.188,0.18
0.176,0.18
0.176,0.18
0.176,0.18
0.176,0.18
0.176,0.18
0.168,0.18
0.168,0.18
0.168,0.18
0.1295,0.18
0.1295,0.18
0.1295,0.18
0.1295,0.18
0.1295,0.18
0.1295,0.18
0.1295,0.18
0.1295,0.18
0.1295,0.18
0.1295,0.18
0.1295,0.18
0.1295,0.18
0.1295,0.18
0.1295,0.18
0.1295,0.18
0.1295,0.18
0.1295,0.18
0.1295,0.18
0.1295,0.18
0.1295,0.18
0.1295,0.18
0.1295,0.18
0.1565,0.18
0.1565,0.18
0.1625,0.18
0.1565,0.18
0.168,0.18
0.168,0.18
0.168,0.18
0.171,0.18
0.176,0.18
0.188,0.18
0.188,0.18
0.188,0.18
0.188,0.18
0.188,0.18
0.2155,0.18
0.2275,0.18
0.247,0.18
0.259,0.18
0.259,0.18
0.259,0.18
0.259,0.18
0.259,0.18
0.259,0.18
0.265,0.169
0.265,0.156
0.259,0.1525
0.259,0.1525
0.259,0.1525
0.259,0.1525
0.2275,0.1525
0.2155,0.1525
0.2075,0.1525
0.2075,0.1525
0.196,0.1525
0.196,0.1525
0.196,0.1525
0.245,0.1525
0.239,0.1525
0.239,0.1525
0.247,0.1525
0.247,0.1525
0.247,0.1525
0.247,0.1525
0.247,0.1525
0.247,0.1525
0.2105,0.1525
0.2075,0.1525
0.2075,0.1525
0.2075,0.1525
0.2075,0.1465
0.2075,0.1525
0.2075,0.1525
0.196,0.1525
0.188,0.1525
0.188,0.1525
0.188,0.1525
0.2155,0.1525
0.2275,0.1525
0.245,0.1525
0.239,0.1525
0.247,0.1525
0.247,0.1525
0.247,0.1525
0.2155,0.1525
0.188,0.1525
0.176,0.1525
0.168,0.1525
0.168,0.1525
0.196,0.1525
0.196,0.1525
0.196,0.1525
0.2075,0.1525
0.2155,0.1525
0.2155,0.1525
0.2185,0.1525
0.2155,0.1525
0.2155,0.1525
0.2155,0.1525
0.2155,0.1525
0.2155,0.1525
0.2155,0.1525
0.2155,0.1525
0.2155,0.1525
0.2185,0.1525
0.2155,0.172
0.2155,0.172
0.2155,0.172
0.2155,0.184
0.2155,0.184
0.2155,0.184
0.2155,0.184
0.188,0.184
0.188,0.184
0.194,0.184
0.191,0.184
0.188,0.184
0.188,0.192
0.188,0.192
0.188,0.192
0.191,0.192
0.188,0.192
0.188,0.192
0.188,0.192
0.188,0.192
0.188,0.204
0.188,0.2115
0.188,0.2115
0.188,0.2115
0.2155,0.2115
0.2155,0.2115
0.2185,0.2115
0.2155,0.2115
0.2155,0.2115
0.2155,0.2115
0.2155,0.2115
0.2215,0.2115
0.2185,0.2115
0.2155,0.2115
0.2155,0.2115
0.2155,0.2115
0.2155,0.2115
0.2155,0.2115
0.2155,0.2115
0.2155,0.2115
0.2155,0.2115
0.2275,0.2115
0.2335,0.2115
0.2275,0.2115
0.2275,0.2115
0.2275,0.2115
0.2275,0.2115
0.2275,0.2115
0.2305,0.2115
0.2275,0.2115
0.2275,0.2115
0.2275,0.2115
0.239,0.2115
0.242,0.2115
0.239,0.2115
0.239,0.2115
0.239,0.2115
0.239,0.2115
0.239,0.2115
0.239,0.2115
0.245,0.2115
0.239,0.2115
0.239,0.2115
0.239,0.2115
0.239,0.2115
0.239,0.2115
0.239,0.2115
0.239,0.2115
0.239,0.2115
0.239,0.2115
0.239,0.2115
0.239,0.2115
0.239,0.2115
0.239,0.2115
0.239,0.2115
0.239,0.2115
0.239,0.2115
0.239,0.2115
0.239,0.2115
0.239,0.2115
0.239,0.2115
0.242,0.2115
0.242,0.2115
0.2075,0.2115
0.2075,0.2115
0.2075,0.2115
0.2075,0.2115
0.2075,0.2115
0.2075,0.2175
0.2075,0.2115
0.2075,0.2115
0.2075,0.2115
0.2075,0.2115
0.2075,0.2115
0.2075,0.2115
0.2075,0.2115
0.2075,0.2115
0.196,0.2115
0.202,0.2115
0.196,0.2115
0.196,0.2115
0.196,0.2115
0.196,0.2115
0.202,0.2115
0.199,0.2115
0.196,0.2115
0.196,0.2115
0.196,0.2115
0.196,0.2115
0.239,0.2115
0.245,0.2115
0.239,0.2115
0.239,0.2115
0.239,0.2115
0.239,0.2115
0.239,0.2115
0.239,0.2115
0.239,0.2115
0.239,0.2115
0.239,0.2115
0.239,0.2115
0.239,0.2115
0.239,0.2115
0.239,0.2115
0.239,0.2115
0.239,0.2115
0.239,0.2115
0.239,0.2115
0.239,0.1995
0.239,0.1975
0.239,0.1915
0.239,0.1915
0.239,0.1915
0.231,0.1795
0.219,0.177
0.2115,0.168
0.2115,0.168
0.2115,0.168
0.2115,0.168
0.2115,0.168
0.2115,0.168
0.2115,0.168
0.2115,0.174
0.2025,0.168
0.1995,0.168
0.1995,0.168
0.1995,0.171
0.1995,0.168
0.1915,0.168
0.1915,0.1795
0.1915,0.1795
0.1915,0.1795
0.1915,0.1795
0.1915,0.1795
0.1915,0.168
0.1915,0.168
0.1915,0.174
0.1915,0.168
0.1915,0.171
0.1915,0.1795
0.1915,0.1915
0.1915,0.1995
0.1915,0.1995
0.1915,0.1995
0.1915,0.2025
0.1915,0.1995
0.1915,0.1995
0.1915,0.1995
0.1915,0.1995
0.1915,0.1995
0.1915,0.1995
0.1915,0.1995
0.1915,0.1995
0.1915,0.1995
0.1915,0.2025
0.1915,0.1995
0.1915,0.1995
0.1915,0.1995
0.1915,0.1995
0.1915,0.1995
0.1915,0.1995
0.1915,0.1995
0.1915,0.1995
0.1915,0.2025
0.1915,0.1995
0.1915,0.1995
0.1915,0.1915
0.1915,0.168
0.1915,0.163
0.1915,0.148
0.1915,0.1405
0.1915,0.1285
0.1915,0.1285
0.1915,0.1205
0.1915,0.1095
0.1915,0.1095
0.1915,0.1095
0.1915,0.1095
0.1915,0.1095
0.1915,0.1095
0.1915,0.1105
0.1915,0.0875
0.16,0.0845
0.1485,0.068
0.1485,0.068
0.1485,0.036
0.1485,0.028
0.1485,0.0255
0.1485,-0.0035
0.1485,-0.0035
0.1485,-0.0155
0.1485,-0.0235
0.1485,-0.0235
0.1485,-0.0235
0.1405,-0.035
0.1405,-0.035
0.1205,-0.043
0.1205,-0.055
0.1205,-0.063
0.089,-0.063
0.082,-0.063
0.082,-0.063
0.082,-0.063
0.082,-0.063
0.082,-0.0745
0.082,-0.0745
0.082,-0.0745
0.082,-0.0745
0.082,-0.0745
0.082,-0.0745
0.082,-0.0745
0.082,-0.0825
0.082,-0.0825
0.082,-0.0825
0.082,-0.0825
0.082,-0.0825
0.082,-0.0825
0.082,-0.0825
0.082,-0.0825
0.082,-0.0825
0.082,-0.0825
0.082,-0.0825
0.082,-0.0825
0.082,-0.0825
0.082,-0.0825
0.082,-0.0825
0.082,-0.0825
0.082,-0.0825
0.082,-0.0825
0.082,-0.0945
0.0785,-0.0945
0.0785,-0.0945
0.0785,-0.0945
0.0705,-0.0945
0.0705,-0.0945
0.0585,-0.0945
0.0585,-0.0945
0.0505,-0.0945
0.0505,-0.0945
0.0385,-0.1065
0.0385,-0.1065
0.0385,-0.1145
0.0385,-0.1145
0.0385,-0.12
0.0385,-0.117
0.0385,-0.126
0.0385,-0.126
0.0785,-0.126
0.082,-0.126
0.082,-0.126
0.082,-0.126
0.096,-0.126
0.09,-0.126
0.09,-0.126
0.09,-0.126
0.09,-0.126
0.09,-0.126
0.09,-0.126
0.09,-0.126
0.09,-0.126
0.09,-0.126
0.09,-0.126
0.09,-0.126
0.09,-0.126
0.09,-0.126
0.09,-0.126
0.09,-0.126
0.09,-0.126
0.09,-0.13
0.09,-0.134
0.09,-0.134
0.09,-0.134
0.09,-0.134
0.09,-0.134
0.09,-0.134
0.09,-0.134
0.09,-0.134
0.09,-0.134
0.09,-0.134
0.09,-0.134
0.093,-0.134
0.0665,-0.134
0.0665,-0.134
0.0465,-0.134
0.0465,-0.134
0.0385,-0.134
0.0385,-0.134
0.0385,-0.134
0.0265,-0.134
0.0265,-0.134
0.0265,-0.134
0.0265,-0.134
0.0265,-0.134
0.0265,-0.134
0.0265,-0.134
0.0325,-0.134
0.0265,-0.134
0.0585,-0.134
0.0665,-0.134
0.0785,-0.134
0.0785,-0.134
0.0785,-0.134
0.0785,-0.134
0.0785,-0.134
0.0465,-0.134
0.0465,-0.119
0.0465,-0.1145
0.0465,-0.1145
0.0465,-0.1145
0.0465,-0.1145
0.0465,-0.1145
0.09,-0.1145
0.09,-0.1145
0.09,-0.1145
0.09,-0.1145
0.09,-0.1125
0.096,-0.1065
0.09,-0.1065
0.09,-0.0945
0.09,-0.0945
0.09,-0.0945
0.09,-0.0825
0.09,-0.0825
0.09,-0.0825
0.09,-0.0825
0.09,-0.0825
0.09,-0.0825
0.09,-0.0825
0.09,-0.0825
0.09,-0.0825
0.09,-0.0825
0.0665,-0.0825
0.0465,-0.0825
0.0465,-0.0825
0.0385,-0.0825
0.0385,-0.0825
0.0385,-0.0825
0.0265,-0.0825
0.0265,-0.0825
0.0265,-0.0825
0.0145,-0.0825
-0.0055,-0.0825
-0.0055,-0.0825
-0.0055,-0.0825
-0.0055,-0.0825
-0.0055,-0.0825
-0.0055,-0.0825
-0.0055,-0.0825
-0.0055,-0.0825
-0.0055,-0.0825
-0.0055,-0.0825
-0.0055,-0.0825
-0.0055,-0.0825
-0.0055,-0.0825
-0.0135,-0.0825
-0.0135,-0.0825
-0.0135,-0.0825
-0.0135,-0.0825
-0.0255,-0.0825
-0.0335,-0.0825
-0.0335,-0.0825
-0.0335,-0.0825
-0.0455,-0.0825
-0.0455,-0.0825
-0.0455,-0.0825
-0.0455,-0.0825
-0.0455,-0.0825
-0.0135,-0.0825
-0.0135,-0.0825
-0.0135,-0.0825
-0.0135,-0.0825
-0.0135,-0.0825
-0.0055,-0.0825
-0.0055,-0.0825
-0.0055,-0.0825
-0.0055,-0.0825
-0.0055,-0.0825
-0.0055,-0.0825
-0.0055,-0.0825
-0.0055,-0.0825
-0.0055,-0.0825
-0.0055,-0.0825
-0.0055,-0.0825
-0.0055,-0.0825
-0.0055,-0.0825
-0.0055,-0.0825
-0.0055,-0.0825
-0.0055,-0.0765
-0.0055,-0.0825
-0.0055,-0.0825
-0.0055,-0.0825
0.0065,-0.0705
0.0065,-0.0705
0.0065,-0.0705
0.0065,-0.0625
0.0065,-0.0625
0.0145,-0.0625
0.0145,-0.0625
0.0145,-0.0625
0.0145,-0.0625
0.0265,-0.0625
0.0845,-0.0625
0.0865,-0.0625
0.09,-0.0625
0.09,-0.0745
0.09,-0.0745
0.09,-0.0745
0.09,-0.0745
0.09,-0.0745
0.09,-0.0745
0.09,-0.0745
0.09,-0.0745
0.09,-0.0745
0.09,-0.0745
0.09,-0.0745
0.09,-0.0745
0.093,-0.0745
0.09,-0.0865
0.09,-0.0865
0.09,-0.0945
0.093,-0.0945
0.09,-0.0945
0.0665,-0.0945
0.0465,-0.0945
0.0585,-0.0945
0.0505,-0.0945
0.054,-0.0945
0.058,-0.0945
0.058,-0.0945
0.098,-0.0945
0.1095,-0.0945
0.1095,-0.0945
0.086,-0.1
0.072,-0.106
0.058,-0.106
0.058,-0.106
0.058,-0.106
0.106,-0.106
0.1095,-0.106
0.1095,-0.116
0.1095,-0.1395
0.1165,-0.1475
0.1165,-0.1675
0.1165,-0.176
0.1165,-0.185
0.1165,-0.185
0.1165,-0.185
0.1225,-0.185
0.078,-0.185
0.014,-0.188
-0.086,-0.197
-0.12,-0.191
-0.23,-0.197
-0.25,-0.202
-0.258,-0.205
-0.252,-0.205
-0.258,-0.2135
-0.21,-0.2165
-0.198,-0.2165
-0.198,-0.205
-0.198,-0.205
-0.19,-0.193
-0.19,-0.185
-0.178,-0.173
-0.166,-0.1655
-0.146,-0.1695
-0.118,-0.1735
-0.066,-0.1735
0.006,-0.1735
0.0265,-0.1735
0.0505,-0.1735
0.0905,-0.1735
0.0985,-0.1825
0.0985,-0.1855
0.0985,-0.1855
0.0585,-0.1855
0.0505,-0.1935
0.0385,-0.1935
0.0265,-0.1935
0.0265,-0.1935
0.0185,-0.1935
0.0065,-0.1935
-0.0535,-0.1875
-0.0855,-0.1935
-0.0855,-0.1905
-0.0935,-0.1905
-0.0935,-0.1935
-0.0935,-0.1935
-0.1135,-0.1935
-0.1335,-0.1935
-0.1855,-0.1935
-0.2255,-0.1735
-0.2375,-0.16
-0.2375,-0.134
-0.2375,-0.1115
-0.2055,-0.0805
-0.2055,-0.055
-0.2055,-0.029
-0.2055,-0.0115
-0.1975,0.008
-0.1975,0.028
-0.1855,0.036
-0.1735,0.036
-0.1535,0.036
-0.1535,0.06
-0.1535,0.0965
-0.1535,0.1275
-0.1535,0.144
-0.1535,0.169
-0.1535,0.169
-0.1535,0.169
-0.1535,0.172
-0.1535,0.169
-0.1535,0.18
-0.1535,0.18
-0.1535,0.2
-0.1535,0.2075
-0.1535,0.2195
-0.1535,0.2075
-0.1535,0.2075
-0.1535,0.2105
-0.1535,0.2195
-0.1535,0.2195
-0.1535,0.2195
-0.1535,0.2195
-0.1535,0.2195
-0.1535,0.2195
-0.1535,0.2225
-0.1535,0.2195
-0.1535,0.2275
-0.1535,0.2275
-0.1535,0.2275
-0.1535,0.2275
-0.1535,0.2275
-0.1535,0.2275
-0.1535,0.2275
-0.1535,0.2275
-0.1535,0.2275
-0.175,0.2275
-0.184,0.2275
-0.19,0.2275
-0.218,0.2275
-0.25,0.2275
-0.25,0.2275
-0.2575,0.2275
-0.2575,0.239
-0.2575,0.239
-0.2575,0.239
-0.2255,0.239
-0.2255,0.239
-0.2175,0.2505
-0.2175,0.2505
-0.2055,0.2565
-0.2055,0.2505
-0.1975,0.2505
-0.1975,0.2505
-0.1975,0.2505
-0.1855,0.2505
-0.1855,0.2505
-0.1735,0.2505
-0.1655,0.2505
-0.1655,0.2565
-0.1535,0.2505
-0.1535,0.2505
-0.1535,0.2625
-0.1535,0.2765
-0.1535,0.2825
-0.1535,0.2905
-0.1535,0.2905
-0.1535,0.308
-0.1535,0.3215
-0.1535,0.3215
-0.1655,0.3415
-0.1795,0.3535
-0.201,0.381
-0.2245,0.389
-0.2445,0.389
-0.2555,0.4205
-0.2555,0.4205
-0.2555,0.4325
-0.2555,0.4325
-0.2555,0.452
-0.2575,0.46
-0.2775,0.46
-0.317,0.46
-0.337,0.472
-0.3685,0.478
-0.3805,0.48
-0.3885,0.48
-0.3885,0.4915
-0.4,0.4915
-0.404,0.4915
-0.452,0.4915
-0.452,0.4915
-0.452,0.4915
-0.452,0.4915
-0.44,0.4995
-0.438,0.4995
-0.432,0.4995
-0.432,0.4995
-0.432,0.4995
-0.432,0.4995
-0.432,0.4995
-0.432,0.4995
-0.432,0.4995
-0.432,0.4995
-0.432,0.4995
-0.432,0.4995
-0.432,0.4995
-0.432,0.4995
-0.432,0.4995
-0.432,0.4995
-0.432,0.4995
-0.432,0.4995
-0.432,0.4995
-0.432,0.4995
-0.432,0.4995
-0.432,0.4995
-0.432,0.4995
-0.432,0.4995
-0.432,0.4995
-0.432,0.4995
-0.432,0.4995
-0.432,0.4995
-0.432,0.4995
-0.432,0.4995
-0.432,0.4995
-0.432,0.4995
-0.432,0.4995
-0.432,0.4915
-0.452,0.4915
-0.452,0.4915
-0.452,0.503
-0.46,0.503
-0.46,0.4915
-0.46,0.4975
-0.46,0.4975
-0.46,0.503
-0.46,0.4915
-0.46,0.4995
-0.46,0.4915
-0.46,0.4915
-0.46,0.4975
-0.4775,0.5035
-0.4915,0.5035
-0.4885,0.5115
-0.5035,0.5115
-0.5035,0.4995
-0.4975,0.4995
-0.4915,0.4995
-0.4915,0.4995
-0.4915,0.4995
-0.4915,0.5055
-0.4915,0.4995
-0.4915,0.4995
-0.4915,0.4995
-0.4915,0.511
-0.4915,0.511
-0.4915,0.511
-0.4915,0.523
-0.4915,0.5115
-0.4855,0.5035
-0.4915,0.5035
-0.5035,0.5035
-0.5115,0.5035
-0.5115,0.5035
-0.5115,0.5005
-0.5115,0.5035
-0.5115,0.5035
-0.5085,0.5035
-0.5115,0.5035
-0.4995,0.5035
-0.4995,0.5035
-0.4915,0.5035
-0.48,0.5035
-0.48,0.5035
-0.48,0.4915
-0.472,0.4915
-0.472,0.486
-0.472,0.48
-0.472,0.48
-0.472,0.48
-0.46,0.48
-0.46,0.48
-0.46,0.48
-0.46,0.48
-0.46,0.48
-0.46,0.48
-0.46,0.48
-0.46,0.472
-0.46,0.472
-0.46,0.472
-0.46,0.472
-0.46,0.472
-0.452,0.46
-0.452,0.46
-0.452,0.452
-0.452,0.452
-0.452,0.452
-0.452,0.452
-0.452,0.452
-0.452,0.452
-0.452,0.452
-0.452,0.452
-0.452,0.452
-0.452,0.452
-0.452,0.452
-0.452,0.452
-0.452,0.452
-0.452,0.452
-0.452,0.452
-0.452,0.452
-0.452,0.452
-0.452,0.452
-0.452,0.452
-0.452,0.452
-0.452,0.452
-0.472,0.452
-0.484,0.452
-0.484,0.452
-0.492,0.452
-0.504,0.452
-0.519,0.452
-0.53,0.452
-0.54,0.452
-0.6235,0.452
-0.6955,0.452
-0.704,0.452
-0.716,0.4935
-0.724,0.523
-0.707,0.5365
-0.727,0.5645
-0.715,0.6135
-0.703,0.6335
-0.683,0.661
-0.675,0.6805
-0.675,0.6805
-0.698,0.6805
-0.695,0.6805
-0.703,0.6805
-0.703,0.6805
-0.703,0.6805
-0.703,0.6805
-0.703,0.6805
-0.703,0.6805
-0.703,0.6865
-0.695,0.6805
-0.695,0.6925
-0.695,0.7005
-0.686,0.712
-0.6835,0.712
-0.6835,0.72
-0.6435,0.72
-0.6355,0.72
-0.6115,0.72
-0.5915,0.72
-0.5915,0.732
-0.5915,0.734
-0.5835,0.74
-0.5835,0.74
-0.5835,0.74
-0.5835,0.74
-0.5835,0.74
-0.5835,0.74
-0.5835,0.74
-0.5835,0.74
-0.5835,0.74
-0.5835,0.74
-0.5835,0.74
-0.5835,0.74
-0.5835,0.74
-0.5835,0.74
-0.5835,0.732
-0.5835,0.732
-0.5835,0.732
-0.595,0.732
-0.5835,0.732
-0.595,0.732
-0.595,0.732
-0.5835,0.732
-0.5835,0.732
-0.5835,0.732
-0.5835,0.732
-0.5835,0.732
-0.595,0.732
-0.603,0.732
-0.603,0.732
-0.603,0.732
-0.643,0.732
-0.643,0.732
-0.663,0.732
-0.663,0.732
-0.663,0.732
-0.611,0.732
-0.603,0.732
-0.603,0.732
-0.603,0.732
-0.603,0.732
-0.603,0.732
-0.603,0.732
-0.603,0.732
-0.603,0.74
-0.603,0.74
-0.603,0.74
-0.603,0.74
-0.603,0.74
-0.603,0.743
-0.603,0.74
-0.603,0.74
-0.603,0.74
-0.603,0.74
-0.603,0.74
-0.603,0.74
-0.603,0.74
-0.603,0.74
-0.603,0.74
-0.603,0.74
-0.631,0.74
-0.663,0.74
-0.675,0.74
-0.67,0.74
-0.675,0.74
-0.675,0.74
-0.675,0.74
-0.675,0.74
-0.675,0.74
-0.675,0.74
-0.675,0.74
-0.683,0.74
-0.683,0.732
-0.683,0.732
-0.683,0.723
-0.695,0.712
-0.695,0.7005
-0.695,0.6925
-0.703,0.6925
-0.7145,0.6925
-0.6945,0.6925
-0.6625,0.6925
-0.6625,0.6925
-0.6505,0.6925
-0.6505,0.6925
-0.6505,0.6925
-0.6505,0.6925
-0.6505,0.6925
-0.6505,0.6925
-0.6505,0.6925
-0.6505,0.6925
-0.6505,0.6925
-0.6505,0.6925
-0.6425,0.6925
-0.6425,0.6925
-0.6425,0.6925
-0.6425,0.6805
-0.6425,0.6805
-0.6425,0.6805
-0.6425,0.672
-0.6425,0.669
-0.6425,0.669
-0.6425,0.669
-0.6425,0.669
-0.6425,0.669
-0.6425,0.669
-0.6425,0.675
-0.6425,0.669
-0.6425,0.6775
-0.6425,0.6805
-0.6425,0.6805
-0.6425,0.6805
-0.6425,0.6805
-0.6425,0.6805
-0.6425,0.6805
-0.6425,0.6805
-0.6425,0.6805
-0.6425,0.6805
-0.6425,0.6805
-0.6425,0.669
-0.6425,0.6775
-0.6945,0.672
-0.6945,0.6805
-0.6945,0.6805
-0.6945,0.6805
-0.7025,0.669
-0.7145,0.669
-0.7225,0.669
-0.7605,0.669
-0.7745,0.669
-0.7885,0.669
-0.7945,0.669
-0.7945,0.669
-0.7945,0.669
-0.7665,0.6435
-0.7665,0.6415
-0.757,0.6415
-0.766,0.6415
-0.746,0.6415
-0.714,0.6445
-0.706,0.6415
-0.706,0.63
-0.706,0.63
-0.706,0.63
-0.694,0.63
-0.694,0.633
-0.694,0.6385
-0.694,0.6335
-0.694,0.6305
-0.694,0.622
-0.694,0.6305
-0.694,0.6335
-0.694,0.625
-0.694,0.6275
-0.686,0.6335
-0.686,0.6335
-0.686,0.6335
-0.686,0.6335
-0.686,0.6335
-0.686,0.6335
-0.686,0.6335
-0.686,0.6535
-0.686,0.661
-0.686,0.661
-0.686,0.649
-0.686,0.649
-0.726,0.647
-0.758,0.641
-0.778,0.641
-0.798,0.641
-0.818,0.641
-0.8265,0.641
-0.8265,0.641
-0.8265,0.641
-0.8265,0.641
-0.8265,0.641
-0.8265,0.641
-0.8265,0.641
-0.8265,0.641
-0.8265,0.641
-0.8265,0.641
-0.8265,0.641
-0.8265,0.641
-0.8265,0.641
-0.8265,0.641
-0.8265,0.641
-0.8265,0.641
-0.8265,0.641
-0.8265,0.641
-0.8265,0.641
-0.8265,0.641
-0.798,0.641
-0.798,0.641
-0.798,0.641
-0.798,0.641
-0.786,0.641
-0.786,0.641
-0.786,0.641
-0.778,0.641
-0.778,0.641
-0.766,0.641
-0.746,0.641
-0.746,0.641
-0.7265,0.6295
-0.6945,0.6295
-0.6825,0.6295
-0.6745,0.641
-0.6745,0.641
-0.6625,0.641
-0.6625,0.641
-0.6625,0.643
-0.6625,0.649
-0.6625,0.649
-0.6625,0.649
-0.6625,0.649
-0.6625,0.649
-0.6625,0.649
-0.6625,0.649
-0.6625,0.649
-0.6625,0.649
-0.6625,0.649
-0.6625,0.649
-0.6625,0.649
-0.6625,0.649
-0.6625,0.649
-0.6625,0.649
-0.7025,0.649
-0.7145,0.649
-0.7225,0.649
-0.7225,0.649
-0.7345,0.649
-0.7345,0.649
-0.7325,0.649
-0.7265,0.649
-0.7345,0.649
-0.7545,0.649
-0.7745,0.649
-0.795,0.649
-0.795,0.649
-0.795,0.649
-0.795,0.649
-0.795,0.649
-0.795,0.649
-0.795,0.649
-0.7665,0.649
-0.7665,0.649
-0.7545,0.649
-0.7545,0.649
-0.7465,0.649
-0.7465,0.649
-0.7345,0.649
-0.7345,0.649
-0.7345,0.649
-0.7345,0.649
-0.7345,0.649
-0.7345,0.649
-0.7065,0.649
-0.7065,0.649
-0.6625,0.649
-0.6545,0.649
-0.6545,0.649
-0.6545,0.649
-0.6545,0.649
-0.6545,0.649
-0.6545,0.649
-0.6545,0.649
-0.6545,0.649
-0.6545,0.649
-0.6545,0.649
-0.6545,0.649
-0.6545,0.649
-0.6545,0.649
-0.6545,0.649
-0.6545,0.649
-0.6545,0.649
-0.6545,0.649
-0.6545,0.649
-0.6545,0.649
-0.6545,0.649
-0.6545,0.649
-0.6545,0.649
-0.6545,0.649
-0.6545,0.649
-0.6545,0.649
-0.6825,0.649
-0.6825,0.649
-0.6825,0.649
-0.6825,0.649
-0.6825,0.649
-0.6825,0.6215
-0.6825,0.6215
-0.6825,0.6215
-0.6825,0.6215
-0.6825,0.6215
-0.6825,0.6215
-0.6825,0.6215
-0.6825,0.6215
-0.6825,0.6215
-0.6825,0.6215
-0.6825,0.6215
-0.6825,0.6215
-0.6825,0.6215
-0.6825,0.6215
-0.7145,0.6215
-0.7345,0.6215
-0.7665,0.6215
-0.795,0.6215
-0.795,0.6215
-0.795,0.6215
-0.795,0.6215
-0.795,0.6295
-0.795,0.6295
-0.795,0.6295
-0.795,0.6295
-0.795,0.6295
-0.795,0.6295
-0.795,0.6295
-0.795,0.6295
-0.795,0.6295
-0.7665,0.6295
-0.7665,0.6295
-0.7665,0.6295
-0.7265,0.6295
-0.7065,0.6295
-0.6625,0.6295
-0.6625,0.6295
-0.6545,0.6295
-0.6545,0.6295
-0.6545,0.6325
-0.6545,0.6295
-0.6545,0.6295
-0.6545,0.6295
-0.6545,0.6295
-0.6545,0.6295
-0.6545,0.6295
-0.6545,0.6295
-0.6545,0.6295
-0.6545,0.6295
-0.6545,0.6295
-0.6545,0.6295
-0.6545,0.5845
-0.6545,0.5595
-0.6545,0.5175
-0.6945,0.48
-0.6945,0.48
-0.6945,0.48
-0.6945,0.478
-0.6945,0.472
-0.6945,0.472
-0.7145,0.4775
-0.7145,0.4855
-0.7145,0.5055
-0.7265,0.535
-0.7265,0.546
-0.7145,0.5625
-0.7145,0.5745
-0.7145,0.5805
-0.7145,0.596
-0.7145,0.602
-0.7145,0.602
-0.7145,0.624
-0.7265,0.6295
-0.7265,0.6295
-0.7345,0.6295
-0.7345,0.6295
-0.7345,0.6295
-0.7345,0.6295
-0.7345,0.6295
-0.7345,0.6295
-0.7345,0.6295
-0.7345,0.6295
-0.7345,0.6295
-0.7345,0.6295
-0.7345,0.6295
-0.7345,0.6295
-0.7345,0.6295
-0.7345,0.6295
-0.7065,0.6295
-0.6945,0.6295
-0.6865,0.6295
-0.6865,0.6295
-0.6865,0.6215
-0.6865,0.6215
-0.6865,0.6215
-0.6865,0.6215
-0.6865,0.6215
-0.6625,0.6215
-0.6425,0.6215
-0.6425,0.6215
-0.6425,0.6215
-0.6425,0.6215
-0.6425,0.6185
-0.6425,0.6095
-0.6425,0.602
-0.6425,0.602
-0.6425,0.602
-0.6425,0.602
-0.6345,0.602
-0.6345,0.602
-0.6345,0.602
-0.6345,0.602
-0.6345,0.6095
-0.6345,0.6095
-0.6345,0.6095
-0.6225,0.6095
-0.6225,0.6095
-0.6225,0.6095
-0.6225,0.6095
-0.6225,0.6095
-0.6225,0.6095
-0.6225,0.6125
-0.6225,0.6215
-0.6225,0.6215
-0.6225,0.6215
-0.6225,0.6215
-0.6225,0.6215
-0.6225,0.6215
-0.6225,0.602
-0.6225,0.602
-0.6225,0.594
-0.6225,0.594
-0.6225,0.594
-0.6945,0.594
-0.7345,0.594
-0.7545,0.599
-0.775,0.602
-0.775,0.614
-0.775,0.6215
-0.775,0.6215
-0.775,0.6215
-0.775,0.6215
-0.775,0.6215
-0.775,0.6215
-0.775,0.6215
-0.775,0.6215
-0.775,0.6215
-0.775,0.6215
-0.775,0.6215
-0.775,0.6215
-0.775,0.6215
-0.775,0.6215
-0.775,0.6215
-0.775,0.6215
-0.775,0.6215
-0.7465,0.6215
-0.7345,0.6215
-0.7345,0.6215
-0.7265,0.6215
-0.7145,0.6215
-0.7145,0.6215
-0.7145,0.6215
-0.7145,0.6215
-0.7145,0.6215
-0.7145,0.6265
-0.7065,0.6295
-0.6865,0.6295
-0.6865,0.6295
-0.6545,0.6295
-0.6425,0.6295
-0.6345,0.6215
-0.6345,0.6215
-0.6345,0.6215
-0.6345,0.6215
-0.6345,0.6215
-0.6345,0.6215
-0.6345,0.6355
-0.6345,0.6295
-0.6345,0.6295
-0.6345,0.6295
-0.6345,0.6295
-0.6345,0.6295
-0.6345,0.6295
-0.6345,0.6295
-0.6345,0.6295
-0.6345,0.6295
-0.6345,0.6295
-0.6345,0.6295
-0.6345,0.6295
-0.6345,0.6295
-0.6345,0.6295
-0.6345,0.6295
-0.6345,0.6295
-0.6345,0.6295
-0.6345,0.6295
-0.6345,0.6295
-0.6345,0.6295
-0.6345,0.6295
-0.6345,0.6295
-0.6345,0.6295
-0.7065,0.6295
-0.7345,0.6295
-0.7545,0.6295
-0.775,0.6295
-0.775,0.6295
-0.775,0.6295
-0.775,0.6295
-0.775,0.6295
-0.775,0.6295
-0.775,0.6295
-0.775,0.6295
-0.775,0.645
-0.775,0.641
-0.775,0.641
-0.775,0.641
-0.775,0.641
-0.775,0.641
-0.775,0.641
-0.775,0.641
-0.775,0.641
-0.7695,0.641
-0.7555,0.641
-0.727,0.641
-0.703,0.641
-0.695,0.641
-0.675,0.641
-0.647,0.641
-0.603,0.641
-0.5915,0.641
-0.5835,0.641
-0.5835,0.641
-0.5835,0.649
-0.5835,0.649
-0.5835,0.649
-0.5835,0.649
-0.5835,0.649
-0.5835,0.649
-0.5835,0.649
-0.5755,0.649
-0.5755,0.649
-0.5755,0.649
-0.5755,0.649
-0.5755,0.649
-0.5755,0.649
-0.5695,0.649
-0.5755,0.649
-0.5635,0.649
-0.5635,0.649
-0.5635,0.649
-0.5635,0.649
-0.5635,0.6445
-0.5635,0.6215
-0.5635,0.6215
-0.5635,0.6155
-0.5635,0.6185
-0.5635,0.61
-0.5635,0.6215
-0.5635,0.6185
-0.5555,0.6185
-0.5435,0.6185
-0.5435,0.61
-0.5115,0.61
-0.5115,0.6185
-0.5115,0.61
-0.5115,0.6155
-0.4995,0.6155
-0.4995,0.6215
-0.5315,0.61
-0.5315,0.6155
-0.5315,0.61
-0.5315,0.6155
-0.5315,0.6215
-0.5395,0.6185
-0.5395,0.6185
-0.5515,0.6215
-0.5515,0.6215
-0.5515,0.6215
-0.5515,0.613
-0.5595,0.6155
-0.5715,0.6215
-0.6115,0.6185
-0.6115,0.6155
-0.6115,0.61
-0.6115,0.6215
-0.6115,0.6215
-0.5715,0.61
-0.5595,0.6185
-0.5595,0.6215
-0.5595,0.6275
-0.5595,0.6215
-0.5595,0.6215
-0.5595,0.6215
-0.5595,0.6215
-0.5595,0.6155
-0.5595,0.6155
-0.5595,0.6215
-0.5595,0.61
-0.5595,0.6215
-0.5595,0.6215
-0.5595,0.6215
-0.5595,0.6155
-0.5515,0.6215
-0.5515,0.6245
-0.5515,0.6215
-0.5515,0.6155
-0.5515,0.6155
-0.5515,0.6215
-0.5515,0.6215
-0.5515,0.6215
-0.5515,0.6185
-0.5475,0.6215
-0.5435,0.6155
-0.5435,0.6215
-0.5435,0.6215
-0.5435,0.6215
-0.5435,0.613
-0.5435,0.6185
-0.5435,0.6215
-0.5435,0.6215
-0.5435,0.6215
-0.5435,0.6155
-0.5435,0.6185
-0.5435,0.6215
-0.5435,0.6215
-0.5435,0.6215
-0.5435,0.6215
-0.5435,0.6215
-0.5435,0.6155
-0.5435,0.6185
-0.5435,0.6215
-0.5435,0.6215
-0.5435,0.6185
-0.5435,0.6215
-0.5435,0.6215
-0.5435,0.6215
-0.5435,0.6215
-0.5435,0.6155
-0.5435,0.6185
-0.5435,0.6215
-0.5435,0.6185
-0.5435,0.6185
-0.5435,0.6215
-0.5435,0.6215
-0.5435,0.6185
-0.5435,0.6215
-0.5435,0.6155
-0.5435,0.6155
-0.5435,0.6135
-0.5435,0.6135
-0.5435,0.602
-0.5435,0.5855
-0.5435,0.594
-0.5435,0.591
-0.5435,0.594
-0.5435,0.594
-0.5435,0.602
-0.5435,0.6135
-0.5435,0.6135
-0.5435,0.6135
-0.5435,0.6135
-0.5435,0.6155
-0.5435,0.6215
-0.5435,0.6215
-0.5435,0.6215
-0.5435,0.6215
-0.5435,0.6215
-0.5435,0.6215
-0.5435,0.6215
-0.5435,0.6215
-0.5435,0.6215
-0.5435,0.6215
-0.5435,0.6215
-0.5435,0.6185
-0.5435,0.6155
-0.5435,0.6215
-0.5435,0.6215
-0.5435,0.6215
-0.5435,0.6215
-0.5435,0.6185
-0.5435,0.6215
-0.5435,0.6215
-0.5435,0.619
-0.5435,0.6215
-0.5435,0.6215
-0.5435,0.6245
-0.5435,0.6215
-0.5435,0.6215
-0.5435,0.6215
-0.5405,0.6215
-0.5435,0.6215
-0.5435,0.6155
-0.5435,0.6215
-0.5435,0.6215
-0.5435,0.6215
-0.5435,0.6215
-0.5435,0.6215
-0.5435,0.6215
-0.5435,0.6215
-0.5435,0.6215
-0.5435,0.6215
-0.5435,0.6215
-0.5435,0.6215
-0.5435,0.6215
-0.5435,0.6215
-0.5435,0.6215
-0.5435,0.6215
-0.5435,0.6215
-0.5435,0.6215
-0.5435,0.6215
-0.5435,0.6215
-0.5435,0.6215
-0.5435,0.6215
-0.5435,0.6215
-0.5435,0.6215
-0.5435,0.6215
-0.5435,0.6215
-0.5435,0.6215
-0.5435,0.6215
-0.5435,0.6215
-0.5435,0.6215
-0.5435,0.6215
-0.5435,0.61
-0.5435,0.602
-0.5435,0.5825
-0.5435,0.5785
-0.5315,0.5625
-0.5315,0.5425
-0.5235,0.531
-0.5035,0.527
-0.5005,0.529
-0.5035,0.5235
-0.5035,0.5235
-0.5035,0.5295
-0.5035,0.5235
-0.5035,0.5235
-0.5035,0.5235
-0.5035,0.5235
-0.5035,0.5235
-0.5035,0.5295
-0.5035,0.5235
-0.5035,0.5235
-0.5035,0.5235
-0.5035,0.5235
-0.5035,0.5235
-0.5035,0.5235
-0.5035,0.5235
-0.5035,0.5235
-0.5035,0.5235
-0.5035,0.5115
-0.5035,0.5175
-0.5035,0.5115
-0.5035,0.5115
-0.5035,0.5115
-0.5315,0.5115
-0.5315,0.5145
-0.5435,0.5115
-0.5435,0.5175
-0.5435,0.5115
-0.5435,0.5115
-0.5435,0.5115
-0.5435,0.5115
-0.5435,0.5175
-0.5435,0.5145
-0.5435,0.5235
-0.5435,0.5115
-0.5435,0.5115
-0.5435,0.5115
-0.5435,0.5115
-0.5435,0.5145
-0.5435,0.5145
-0.5435,0.5175
-0.5435,0.5115
-0.5435,0.5175
-0.5435,0.5205
-0.5435,0.5235
-0.5435,0.5235
-0.5435,0.5235
-0.5435,0.5235
-0.5435,0.5235
-0.5435,0.5235
-0.5435,0.5235
-0.5435,0.5235
-0.5435,0.5235
-0.5435,0.5235
-0.5435,0.5235
-0.5435,0.5235
-0.5435,0.5235
-0.5435,0.5235
-0.5435,0.5235
-0.5435,0.5235
-0.5435,0.5235
-0.5435,0.5235
-0.5435,0.5235
-0.538,0.5235
-0.5435,0.5235
-0.5435,0.5235
-0.5435,0.5235
-0.5435,0.5235
-0.5435,0.5295
-0.5405,0.5235
-0.5435,0.5265
-0.5435,0.535
-0.5435,0.5425
-0.5435,0.5425
-0.5435,0.5425
-0.5435,0.5505
-0.5435,0.5505
-0.5435,0.5505
-0.5435,0.5625
-0.5435,0.5625
-0.5635,0.5665
-0.5635,0.582
-0.5755,0.582
-0.5755,0.584
-0.5835,0.59
-0.5835,0.596
-0.5835,0.602
-0.5835,0.602
-0.5835,0.602
-0.5835,0.602
-0.5835,0.602
-0.592,0.602
-0.592,0.608
-0.5515,0.602
-0.557,0.602
-0.563,0.602
-0.554,0.602
-0.554,0.602
-0.5515,0.602
-0.5435,0.602
-0.546,0.602
-0.555,0.602
-0.555,0.602
-0.5435,0.602
-0.555,0.608
-0.549,0.602
-0.5435,0.602
-0.549,0.602
-0.5435,0.602
-0.5435,0.602
-0.5435,0.602
-0.5435,0.602
-0.5435,0.602
-0.5435,0.602
-0.5435,0.602
-0.5435,0.602
-0.5435,0.602
-0.5435,0.602
-0.5435,0.602
-0.5315,0.602
-0.5315,0.602
-0.5315,0.602
-0.5315,0.602
-0.5315,0.602
-0.5315,0.602
-0.5315,0.602
-0.5315,0.602
-0.5315,0.602
-0.5315,0.602
-0.5315,0.602
-0.5315,0.602
-0.5315,0.602
-0.5315,0.608
-0.5315,0.602
-0.5315,0.605
-0.5235,0.602
-0.5235,0.602
-0.5235,0.602
-0.5235,0.602
-0.5235,0.602
-0.5235,0.602
-0.5235,0.602
-0.5115,0.605
-0.5115,0.602
-0.5115,0.608
-0.5115,0.602
-0.5115,0.602
-0.5115,0.602
-0.5115,0.602
-0.5115,0.602
-0.5115,0.602
-0.5115,0.596
-0.5115,0.582
-0.5115,0.5705
-0.5115,0.5625
-0.5115,0.5625
-0.5115,0.5625
-0.5035,0.5505
-0.5035,0.5505
-0.5035,0.5505
-0.5355,0.5505
-0.5435,0.5505
-0.5435,0.5565
-0.5555,0.5425
-0.5555,0.5425
-0.5555,0.531
-0.5555,0.531
-0.5555,0.511
-0.5555,0.517
-0.5555,0.4995
-0.5555,0.4995
-0.5635,0.5035
-0.5635,0.5035
-0.5635,0.4915
-0.5635,0.4915
-0.5635,0.4975
-0.5635,0.4995
-0.5755,0.4975
-0.5755,0.4915
-0.5755,0.4915
-0.5755,0.4915
-0.5755,0.4915
-0.5755,0.4915
-0.5755,0.4915
-0.5755,0.4915
-0.5755,0.48
-0.5755,0.48
-0.5755,0.48
-0.5755,0.48
-0.5755,0.48
-0.5755,0.48
-0.5835,0.4855
-0.5835,0.48
-0.5835,0.48
-0.5835,0.48
-0.5835,0.48
-0.5835,0.4915
-0.5835,0.4915
-0.5835,0.5195
-0.5835,0.534
-0.5835,0.531
-0.5835,0.543
-0.5835,0.551
-0.5835,0.551
-0.5835,0.551
-0.5835,0.551
-0.5835,0.551
-0.5835,0.554
-0.5355,0.551
-0.5235,0.5645
-0.5155,0.5705
-0.4915,0.5705
-0.4915,0.5705
-0.4915,0.5705
-0.4915,0.5705
-0.4915,0.5735
-0.4915,0.5705
-0.4915,0.5825
-0.4915,0.5825
-0.4915,0.5825
-0.4915,0.5825
-0.4915,0.5825
-0.4915,0.5825
-0.5235,0.5825
-0.5235,0.5905
-0.5355,0.5905
-0.5435,0.5905
-0.5435,0.5905
-0.5435,0.5905
-0.5435,0.5905
-0.5435,0.5905
-0.5555,0.5905
-0.5555,0.5905
-0.5555,0.5905
-0.5555,0.5905
-0.5555,0.5905
-0.5555,0.5905
-0.5555,0.5905
-0.5555,0.5905
-0.5555,0.5905
-0.5635,0.5905
-0.5635,0.5905
-0.5635,0.5905
-0.5355,0.5905
-0.5355,0.5905
-0.5235,0.5905
-0.5235,0.5905
-0.5235,0.5905
-0.5235,0.5905
-0.5235,0.5905
-0.5235,0.5905
-0.5235,0.5905
-0.5235,0.5735
-0.5235,0.5705
-0.5235,0.557
-0.5235,0.551
-0.5235,0.531
-0.5235,0.531
-0.5235,0.5195
-0.5155,0.5195
-0.5155,0.5115
-0.5155,0.5115
-0.5155,0.5115
-0.5155,0.5115
-0.5035,0.5115
-0.5035,0.5115
-0.5035,0.5115
-0.5035,0.4915
-0.5035,0.484
-0.5035,0.484
-0.5035,0.484
-0.5035,0.484
-0.5035,0.484
-0.5035,0.478
-0.5035,0.472
-0.5035,0.472
-0.5035,0.464
-0.5035,0.464
-0.5035,0.452
-0.5035,0.452
-0.5035,0.452
-0.5355,0.464
-0.5355,0.472
-0.5355,0.4915
-0.5355,0.4915
-0.5355,0.5115
-0.5435,0.523
-0.5435,0.5535
-0.5435,0.582
-0.5435,0.594
-0.5435,0.614
-0.5435,0.614
-0.5435,0.614
-0.5435,0.614
-0.5435,0.6335
-0.5435,0.6415
-0.5555,0.6415
-0.5555,0.6415
-0.5555,0.6415
-0.5555,0.6415
-0.5555,0.665
-0.5555,0.685
-0.5555,0.693
-0.5555,0.724
-0.5555,0.726
-0.5555,0.732
-0.5555,0.76
-0.5555,0.7715
-0.5555,0.7715
-0.5555,0.7715
-0.5555,0.7715
-0.5235,0.7715
-0.5155,0.7715
-0.5155,0.7715
-0.5155,0.7715
-0.5035,0.7715
-0.5035,0.7715
-0.5035,0.7715
-0.5035,0.7715
-0.5035,0.7715
-0.5035,0.7715
-0.5035,0.7715
-0.5035,0.7715
-0.5035,0.76
-0.5035,0.76
-0.5035,0.756
-0.5035,0.732
-0.5355,0.7185
-0.5355,0.7125
-0.5355,0.7005
-0.5355,0.7005
-0.5355,0.7005
-0.5355,0.6925
-0.5355,0.69
-0.5355,0.681
-0.5355,0.684
-0.5355,0.673
-0.5355,0.673
-0.5355,0.673
-0.5355,0.673
-0.5355,0.673
-0.5355,0.673
-0.5355,0.673
-0.5355,0.661
-0.5355,0.661
-0.5435,0.6525
-0.5435,0.6495
-0.5435,0.6495
-0.5435,0.6495
-0.5435,0.6495
-0.5435,0.6495
-0.5435,0.6495
-0.5435,0.6495
-0.5435,0.6555
-0.5435,0.6495
-0.5435,0.6415
-0.5435,0.6415
-0.5435,0.6295
-0.5435,0.6295
-0.5435,0.6295
-0.5435,0.6295
-0.5435,0.6295
-0.5435,0.6295
-0.5435,0.6295
-0.5435,0.6295
-0.5435,0.6295
-0.5435,0.6295
-0.5435,0.6295
-0.5315,0.6295
-0.5315,0.6295
-0.5195,0.6295
-0.5195,0.6295
-0.5095,0.6295
-0.492,0.6275
-0.492,0.6295
-0.492,0.6295
-0.492,0.6295
-0.492,0.6295
-0.492,0.6295
-0.492,0.6295
-0.492,0.6325
-0.492,0.6295
-0.492,0.6295
-0.492,0.6295
-0.492,0.6295
-0.492,0.6295
-0.492,0.6295
-0.492,0.6295
-0.492,0.6295
-0.492,0.6295
-0.504,0.6295
-0.504,0.6295
-0.504,0.6295
-0.504,0.6295
-0.504,0.6325
-0.504,0.6295
-0.504,0.6295
-0.504,0.6295
-0.504,0.6295
-0.504,0.6295
-0.504,0.6295
-0.504,0.6295
-0.504,0.6295
-0.495,0.6295
-0.492,0.6325
-0.492,0.6295
-0.492,0.6295
-0.492,0.6295
-0.492,0.6295
-0.492,0.6325
-0.492,0.6295
-0.492,0.6295
-0.492,0.6295
-0.484,0.6295
-0.484,0.6295
-0.484,0.6295
-0.452,0.6255
-0.452,0.6215
-0.452,0.61
-0.472,0.61
-0.48,0.613
-0.48,0.61
-0.472,0.61
-0.472,0.61
-0.472,0.61
-0.472,0.602
-0.472,0.602
-0.472,0.602
-0.46,0.602
-0.46,0.602
-0.46,0.602
-0.46,0.602
-0.46,0.602
-0.448,0.602
-0.448,0.602
-0.448,0.602
-0.448,0.59
-0.448,0.59
-0.448,0.59
-0.448,0.59
-0.448,0.59
-0.448,0.59
-0.448,0.59
-0.448,0.59
-0.448,0.59
-0.448,0.59
-0.448,0.59
-0.448,0.59
-0.448,0.59
-0.448,0.59
-0.448,0.59
-0.448,0.59
-0.448,0.59
-0.448,0.59
-0.448,0.59
-0.448,0.59
-0.448,0.59
-0.448,0.59
-0.448,0.59
-0.448,0.59
-0.48,0.59
-0.48,0.59
-0.48,0.59
-0.48,0.59
-0.492,0.59
-0.492,0.59
-0.492,0.59
-0.492,0.59
-0.492,0.596
-0.492,0.59
-0.492,0.596
-0.492,0.59
-0.492,0.59
-0.5,0.59
-0.5,0.59
-0.5,0.59
-0.5,0.59
-0.5,0.596
-0.5,0.596
-0.5,0.593
-0.5,0.59
-0.5,0.59
-0.5,0.59
-0.5,0.59
-0.5,0.59
-0.5,0.59
-0.5,0.59
-0.5,0.59
-0.5,0.59
-0.5,0.59
-0.5,0.59
-0.5,0.59
-0.5,0.59
-0.5,0.596
-0.48,0.593
-0.472,0.59
-0.46,0.59
-0.46,0.59
-0.46,0.59
-0.46,0.59
-0.46,0.59
-0.46,0.59
-0.46,0.59
-0.46,0.59
-0.46,0.59
-0.46,0.59
-0.46,0.596
-0.46,0.59
-0.46,0.59
-0.46,0.593
-0.46,0.582
-0.46,0.5705
-0.46,0.5625
-0.46,0.5625
-0.46,0.5505
-0.46,0.5425
-0.46,0.531
-0.46,0.523
-0.46,0.523
-0.46,0.523
-0.46,0.523
-0.46,0.523
-0.46,0.523
-0.448,0.523
-0.448,0.523
-0.44,0.511
-0.44,0.511
-0.428,0.511
-0.428,0.514
-0.428,0.511
-0.428,0.511
-0.428,0.511
-0.428,0.511
-0.428,0.511
-0.428,0.511
-0.428,0.514
-0.428,0.511
-0.428,0.52
-0.428,0.511
-0.428,0.511
-0.428,0.514
-0.428,0.514
-0.428,0.511
-0.428,0.511
-0.428,0.523
-0.428,0.514
-0.428,0.511
-0.428,0.511
-0.428,0.511
-0.428,0.511
-0.428,0.517
-0.428,0.511
-0.428,0.511
-0.428,0.511
-0.428,0.517
-0.428,0.511
-0.428,0.511
-0.428,0.523
-0.428,0.523
-0.428,0.529
-0.428,0.529
-0.428,0.523
-0.428,0.529
-0.428,0.523
-0.428,0.523
-0.428,0.529
-0.428,0.523
-0.428,0.532
-0.428,0.526
-0.428,0.523
-0.428,0.532
-0.428,0.535
-0.428,0.535
-0.428,0.535
-0.428,0.535
-0.428,0.529
-0.428,0.535
-0.428,0.535
-0.428,0.535
-0.428,0.535
-0.46,0.535
-0.46,0.535
-0.46,0.535
-0.46,0.535
-0.46,0.535
-0.46,0.535
-0.46,0.535
-0.46,0.535
-0.46,0.535
-0.46,0.535
-0.472,0.523
-0.472,0.5115
-0.472,0.5035
-0.472,0.4835
-0.472,0.475
-0.472,0.472
-0.472,0.472
-0.472,0.472
-0.472,0.464
-0.472,0.464
-0.472,0.464
-0.472,0.464
-0.472,0.464
-0.472,0.464
-0.472,0.464
-0.472,0.464
-0.472,0.464
-0.472,0.455
-0.472,0.452
-0.472,0.452
-0.472,0.452
-0.472,0.452
-0.472,0.461
-0.472,0.464
-0.458,0.455
-0.452,0.464
-0.452,0.458
-0.452,0.464
-0.452,0.464
-0.452,0.464
-0.452,0.464
-0.452,0.464
-0.452,0.4915
-0.452,0.4915
-0.452,0.4915
-0.452,0.5035
-0.452,0.5115
-0.444,0.5115
-0.444,0.526
-0.444,0.523
-0.444,0.543
-0.444,0.543
-0.444,0.543
-0.444,0.543
-0.444,0.543
-0.444,0.543
-0.444,0.543
-0.444,0.543
-0.444,0.543
-0.444,0.543
-0.444,0.543
-0.444,0.543
-0.444,0.543
-0.444,0.543
-0.444,0.543
-0.444,0.543
-0.444,0.543
-0.444,0.543
-0.444,0.543
-0.444,0.543
-0.444,0.543
-0.444,0.543
-0.444,0.543
-0.444,0.543
-0.444,0.543
-0.444,0.543
-0.444,0.543
-0.444,0.543
-0.444,0.543
-0.4325,0.543
-0.4325,0.543
-0.4325,0.543
-0.4325,0.543
-0.4305,0.543
-0.4245,0.543
-0.4245,0.543
-0.4245,0.557
-0.4245,0.551
-0.4245,0.551
-0.4245,0.554
-0.4245,0.551
-0.4245,0.551
-0.4245,0.551
-0.4245,0.554
-0.4245,0.551
-0.4245,0.551
-0.4245,0.56
-0.4245,0.551
-0.4245,0.551
-0.4245,0.551
-0.4185,0.551
-0.4185,0.551
-0.4245,0.551
-0.4245,0.551
-0.4245,0.551
-0.4245,0.5625
-0.4325,0.5625
-0.4325,0.5765
-0.4445,0.5855
-0.4445,0.5825
-0.4445,0.5825
-0.4445,0.5905
-0.4445,0.602
-0.4445,0.602
-0.4385,0.61
-0.4445,0.622
-0.4415,0.6295
-0.4445,0.6295
-0.4445,0.6295
-0.4445,0.6295
-0.4445,0.6295
-0.4325,0.6295
-0.4245,0.6295
-0.4125,0.6295
-0.4125,0.6295
-0.4185,0.6295
-0.4245,0.6295
-0.4125,0.6295
-0.4125,0.6295
-0.4125,0.6295
-0.4125,0.6295
-0.4125,0.6295
-0.4125,0.6295
-0.4205,0.6295
-0.4205,0.641
-0.4205,0.641
-0.4265,0.641
-0.4205,0.641
-0.4205,0.641
-0.4205,0.641
-0.4205,0.641
-0.4205,0.641
-0.4585,0.641
-0.4555,0.641
-0.4605,0.641
-0.4725,0.641
-0.5045,0.641
-0.4605,0.641
-0.4525,0.641
-0.4495,0.641
-0.4525,0.641
-0.441,0.6385
-0.429,0.6235
-0.412,0.6215
-0.409,0.6215
-0.401,0.6095
-0.401,0.6095
-0.401,0.6095
-0.401,0.6095
-0.401,0.6095
-0.401,0.6095
-0.401,0.6095
-0.401,0.6095
-0.401,0.6095
-0.401,0.6095
-0.393,0.6095
-0.393,0.6095
-0.381,0.6095
-0.381,0.6095
-0.381,0.6095
-0.381,0.602
-0.381,0.602
-0.381,0.5825
-0.373,0.563
-0.361,0.549
-0.361,0.5125
-0.361,0.492
-0.381,0.464
-0.381,0.4525
-0.381,0.4525
-0.381,0.4525
-0.381,0.4525
-0.381,0.4525
-0.381,0.4525
-0.381,0.4525
-0.381,0.4525
-0.381,0.4525
-0.381,0.4525
-0.381,0.4525
-0.381,0.4525
-0.381,0.4525
-0.421,0.4525
-0.421,0.4525
-0.421,0.4525
-0.421,0.4525
-0.421,0.4525
-0.429,0.4555
-0.429,0.4525
-0.429,0.46
-0.429,0.4525
-0.429,0.4525
-0.429,0.4525
-0.429,0.4525
-0.429,0.4525
-0.429,0.4525
-0.429,0.4525
-0.429,0.4525
-0.429,0.4525
-0.429,0.4555
-0.429,0.4525
-0.429,0.4525
-0.389,0.4525
-0.389,0.4525
-0.389,0.4525
-0.389,0.4525
-0.389,0.4525
-0.389,0.4525
-0.389,0.4525
-0.389,0.4525
-0.389,0.4525
-0.389,0.46
-0.389,0.4715
-0.389,0.4835
-0.389,0.4835
-0.389,0.4855
-0.389,0.4915
-0.389,0.4945
-0.389,0.5035
-0.389,0.5115
-0.389,0.5115
-0.389,0.523
-0.389,0.523
-0.389,0.523
-0.389,0.523
-0.389,0.514
-0.389,0.523
-0.389,0.523
-0.389,0.523
-0.389,0.531
-0.389,0.534
-0.389,0.531
-0.389,0.531
-0.389,0.531
-0.389,0.531
-0.389,0.531
-0.389,0.531
-0.389,0.531
-0.389,0.531
-0.389,0.531
-0.389,0.531
-0.389,0.531
-0.389,0.531
-0.389,0.531
-0.389,0.531
-0.389,0.531
-0.389,0.5195
-0.389,0.5115
-0.421,0.4995
-0.421,0.48
-0.421,0.48
-0.421,0.48
-0.421,0.48
-0.421,0.48
-0.421,0.48
-0.421,0.48
-0.421,0.48
-0.421,0.472
-0.421,0.472
-0.421,0.472
-0.421,0.472
-0.421,0.472
-0.421,0.472
-0.421,0.472
-0.421,0.472
-0.421,0.472
-0.421,0.472
-0.421,0.472
-0.421,0.472
-0.421,0.472
-0.421,0.472
-0.421,0.46
-0.421,0.463
-0.421,0.46
-0.421,0.466
-0.413,0.46
-0.413,0.46
-0.413,0.46
-0.413,0.466
-0.413,0.46
-0.413,0.46
-0.413,0.472
-0.413,0.463
-0.413,0.472
-0.413,0.472
-0.413,0.469
-0.413,0.469
-0.413,0.472
-0.413,0.466
-0.413,0.46
-0.413,0.463
-0.413,0.472
-0.413,0.464
-0.413,0.455
-0.413,0.449
-0.413,0.446
-0.413,0.4415
-0.413,0.4415
-0.413,0.4415
-0.413,0.4325
-0.413,0.4445
-0.413,0.4355
-0.413,0.4445
-0.413,0.4385
-0.413,0.4445
-0.413,0.4445
-0.413,0.4445
-0.413,0.4445
-0.413,0.4445
-0.413,0.4385
-0.413,0.4445
-0.413,0.4445
-0.413,0.4445
-0.413,0.4445
-0.413,0.4445
-0.413,0.4385
-0.413,0.4385
-0.413,0.4445
-0.381,0.4325
-0.381,0.452
-0.381,0.452
-0.373,0.452
-0.373,0.458
-0.373,0.464
-0.373,0.466
-0.373,0.472
-0.373,0.464
-0.373,0.464
-0.373,0.464
-0.373,0.464
-0.373,0.464
-0.373,0.464
-0.361,0.464
-0.349,0.461
-0.341,0.46
-0.341,0.472
-0.341,0.463
-0.341,0.46
-0.341,0.46
-0.341,0.46
-0.341,0.46
-0.341,0.46
-0.341,0.46
-0.341,0.46
-0.341,0.46
-0.341,0.46
-0.381,0.46
-0.381,0.46
-0.381,0.46
-0.381,0.46
-0.381,0.46
-0.381,0.46
-0.381,0.46
-0.381,0.46
-0.381,0.46
-0.381,0.46
-0.381,0.46
-0.381,0.46
-0.381,0.46
-0.381,0.46
-0.381,0.46
-0.381,0.46
-0.381,0.466
-0.381,0.46
-0.381,0.46
-0.381,0.46
-0.381,0.46
-0.381,0.46
-0.381,0.46
-0.381,0.466
-0.381,0.463
-0.381,0.46
-0.381,0.46
-0.381,0.46
-0.381,0.466
-0.381,0.46
-0.381,0.46
-0.381,0.46
-0.381,0.46
-0.381,0.46
-0.381,0.46
-0.381,0.46
-0.381,0.46
-0.381,0.46
-0.381,0.46
-0.381,0.46
-0.381,0.46
-0.381,0.46
-0.381,0.46
-0.381,0.46
-0.381,0.466
-0.381,0.46
-0.381,0.46
-0.381,0.46
-0.381,0.46
-0.381,0.46
-0.381,0.46
-0.381,0.46
-0.381,0.46
-0.381,0.46
-0.381,0.46
-0.381,0.463
-0.381,0.46
-0.381,0.46
-0.381,0.46
-0.381,0.46
-0.381,0.46
-0.381,0.46
-0.381,0.463
-0.381,0.46
-0.381,0.46
-0.381,0.46
-0.381,0.46
-0.381,0.46
-0.381,0.456
-0.381,0.4525
-0.378,0.4525
-0.381,0.4525
-0.381,0.4525
-0.381,0.4525
-0.381,0.4525
-0.381,0.4525
-0.381,0.4525
-0.381,0.4525
-0.381,0.4525
-0.381,0.457
-0.381,0.456
-0.381,0.4525
-0.381,0.4525
-0.381,0.4525
-0.381,0.4525
-0.381,0.4525
-0.381,0.4555
-0.381,0.4525
-0.381,0.458
-0.381,0.4525
-0.349,0.4525
-0.349,0.4325
-0.349,0.4245
-0.349,0.4245
-0.349,0.4245
-0.349,0.4245
-0.349,0.4245
-0.349,0.4245
-0.349,0.4245
-0.349,0.4245
-0.349,0.419
-0.349,0.3755
-0.349,0.3535
-0.349,0.334
-0.349,0.334
-0.349,0.334
-0.349,0.322
-0.346,0.322
-0.349,0.325
-0.349,0.322
-0.349,0.334
-0.349,0.334
-0.349,0.334
-0.353,0.334
-0.357,0.334
-0.357,0.334
-0.357,0.334
-0.357,0.334
-0.357,0.334
-0.3655,0.334
-0.3685,0.3535
-0.3685,0.3575
-0.3685,0.3615
-0.3685,0.3615
-0.3805,0.3615
-0.3805,0.3615
-0.3885,0.3615
-0.3885,0.3615
-0.3885,0.3645
-0.3885,0.3615
-0.3885,0.3615
-0.3885,0.3615
-0.3885,0.3615
-0.3885,0.3645
-0.3885,0.3615
-0.3885,0.3615
-0.3885,0.3615
-0.3885,0.3615
-0.3885,0.3615
-0.3885,0.3615
-0.3885,0.3675
-0.3885,0.3615
-0.3885,0.3615
-0.3885,0.3615
-0.3885,0.3615
-0.3885,0.3615
-0.3885,0.3615
-0.3885,0.3615
-0.3885,0.3615
-0.3885,0.3615
-0.3885,0.3615
-0.3885,0.3615
-0.3885,0.3615
-0.3885,0.3615
-0.3885,0.3615
-0.3885,0.3615
-0.3885,0.3615
-0.3885,0.3615
-0.3885,0.3615
-0.3885,0.3615
-0.3885,0.3615
-0.3885,0.3615
-0.3885,0.3645
-0.3885,0.3615
-0.3885,0.3615
-0.3885,0.3615
-0.3885,0.3615
-0.3885,0.3615
-0.3885,0.3615
-0.3885,0.3675
-0.3885,0.3615
-0.3885,0.3735
-0.3885,0.3815
-0.3885,0.4095
-0.3885,0.4235
-0.3885,0.434
-0.3885,0.44
-0.3885,0.44
-0.3885,0.44
-0.3885,0.44
-0.4325,0.44
-0.4405,0.44
-0.4405,0.44
-0.4525,0.44
-0.4525,0.446
-0.4525,0.44
-0.4525,0.44
-0.4205,0.44
-0.4205,0.432
-0.4125,0.4125
-0.4125,0.4005
-0.4125,0.389
-0.4005,0.387
-0.4005,0.381
-0.4005,0.369
-0.4005,0.365
-0.4005,0.361
-0.3885,0.3495
-0.3885,0.3435
-0.3885,0.3415
-0.3885,0.3415
-0.3885,0.3415
-0.3885,0.3415
-0.3885,0.3415
-0.3885,0.3375
-0.3885,0.3415
-0.3885,0.3415
-0.4205,0.334
-0.4325,0.334
-0.4325,0.334
-0.4325,0.334
-0.4325,0.334
-0.4325,0.334
-0.4325,0.334
-0.4405,0.334
-0.4405,0.334
-0.4405,0.334
-0.4405,0.334
-0.4405,0.334
-0.4405,0.334
-0.4525,0.334
-0.4525,0.334
-0.4525,0.322
-0.4525,0.322
-0.4525,0.3265
-0.4525,0.3215
-0.4525,0.3275
-0.4605,0.3335
-0.4605,0.3445
-0.4325,0.353
-0.4325,0.353
-0.4325,0.361
-0.4325,0.373
-0.4325,0.381
-0.4325,0.3925
-0.4325,0.3925
-0.4325,0.3955
-0.4325,0.3955
-0.4325,0.3925
-0.4325,0.3925
-0.4325,0.3985
-0.4325,0.3955
-0.4325,0.3925
-0.4325,0.3925
-0.4325,0.4065
-0.4325,0.4005
-0.4605,0.4005
-0.4605,0.4005
-0.4605,0.4005
-0.4605,0.4005
-0.4605,0.4005
-0.4605,0.4005
-0.4605,0.4005
-0.4725,0.4125
-0.4405,0.4125
-0.4405,0.4125
-0.4325,0.4125
-0.4325,0.4125
-0.4325,0.4125
-0.4325,0.4125
-0.4325,0.4125
-0.4325,0.4205
-0.4325,0.4205
-0.4185,0.4205
-0.4215,0.4205
-0.4245,0.4205
-0.4245,0.4205
-0.4245,0.4205
-0.4245,0.4205
-0.4245,0.4235
-0.4245,0.395
-0.4245,0.392
-0.4245,0.369
-0.4245,0.369
-0.4245,0.369
-0.4245,0.369
-0.4245,0.375
-0.4245,0.369
-0.4245,0.369
-0.4245,0.369
-0.4525,0.372
-0.4525,0.369
-0.4525,0.369
-0.4525,0.369
-0.4525,0.369
-0.4525,0.369
-0.4465,0.369
-0.4525,0.369
-0.4525,0.369
-0.4525,0.369
-0.4525,0.369
-0.4525,0.369
-0.4525,0.378
-0.4525,0.381
-0.4525,0.381
-0.4525,0.381
-0.4525,0.381
-0.4525,0.389
-0.4525,0.389
-0.4525,0.389
-0.4525,0.389
-0.4525,0.389
-0.4525,0.389
-0.4525,0.389
-0.4185,0.389
-0.4215,0.395
-0.4245,0.389
-0.4245,0.389
-0.4245,0.389
-0.4245,0.389
-0.4245,0.389
-0.4245,0.389
-0.4245,0.389
-0.4245,0.389
-0.4245,0.389
-0.4245,0.392
-0.4245,0.389
-0.4245,0.389
-0.4245,0.389
-0.4245,0.389
-0.4245,0.395
-0.4245,0.389
-0.4245,0.389
-0.4245,0.389
-0.4245,0.389
-0.4245,0.389
-0.4525,0.389
-0.4525,0.395
-0.4525,0.389
-0.4525,0.389
-0.4525,0.389
-0.4525,0.389
-0.4525,0.389
-0.4525,0.389
-0.4525,0.389
-0.4525,0.389
-0.4525,0.389
-0.4525,0.389
-0.4525,0.389
-0.4525,0.389
-0.4525,0.389
-0.4525,0.389
-0.4525,0.389
-0.4525,0.389
-0.4525,0.389
-0.4525,0.389
-0.4645,0.395
-0.4645,0.389
-0.4645,0.392
-0.4645,0.389
-0.4615,0.389
-0.4615,0.389
-0.4645,0.389
-0.4645,0.389
-0.4645,0.389
-0.4645,0.389
-0.4645,0.389
-0.4645,0.389
-0.4645,0.389
-0.4325,0.389
-0.4325,0.389
-0.4325,0.389
-0.4325,0.389
-0.4245,0.389
-0.4245,0.389
-0.4245,0.389
-0.4245,0.389
-0.4245,0.389
-0.4065,0.389
-0.4125,0.392
-0.4125,0.389
-0.4125,0.389
-0.4125,0.389
-0.4125,0.389
-0.4125,0.389
-0.4125,0.389
-0.4125,0.389
-0.4125,0.389
-0.4125,0.401
-0.4125,0.401
-0.4125,0.409
-0.4125,0.409
-0.4125,0.409
-0.4125,0.409
-0.4125,0.412
-0.4445,0.409
-0.4445,0.409
-0.4445,0.409
-0.4445,0.415
-0.4445,0.409
-0.4445,0.409
-0.4385,0.409
-0.4445,0.409
-0.4525,0.409
-0.4525,0.409
-0.4525,0.409
-0.4525,0.409
-0.4525,0.409
-0.4525,0.409
-0.4465,0.409
-0.4525,0.409
-0.4525,0.409
-0.4525,0.409
-0.4525,0.409
-0.4525,0.409
-0.4525,0.409
-0.4525,0.409
-0.4525,0.409
-0.4525,0.409
-0.4525,0.409
-0.4525,0.409
-0.4525,0.409
-0.4525,0.409
-0.4525,0.409
-0.4525,0.409
-0.4525,0.409
-0.4525,0.409
-0.4525,0.409
-0.4245,0.409
-0.4245,0.409
-0.4245,0.409
-0.4245,0.409
-0.4245,0.409
-0.4245,0.409
-0.4245,0.409
-0.4245,0.409
-0.4065,0.409
-0.4125,0.409
-0.4125,0.409
-0.4125,0.409
-0.4125,0.409
-0.4125,0.409
-0.4125,0.409
-0.4125,0.409
-0.4125,0.409
-0.4125,0.409
-0.4125,0.409
-0.4125,0.409
-0.4125,0.409
-0.4125,0.409
-0.4125,0.409
-0.4125,0.409
-0.4125,0.409
-0.4125,0.409
-0.4125,0.409
-0.4125,0.409
-0.4125,0.409
-0.4125,0.409
-0.4125,0.409
-0.4125,0.409
-0.4125,0.409
-0.4125,0.409
-0.4125,0.409
-0.4125,0.409
-0.4125,0.389
-0.4125,0.3695
-0.4125,0.3495
-0.4125,0.338
-0.4125,0.338
-0.4125,0.338
-0.4125,0.33
-0.4125,0.33
-0.4125,0.33
-0.4445,0.33
-0.4525,0.33
-0.4645,0.33
-0.4845,0.33
-0.5125,0.33
-0.5965,0.33
-0.625,0.33
-0.625,0.3495
-0.625,0.3555
-0.5845,0.3615
-0.5845,0.3615
-0.5925,0.3615
-0.5925,0.3695
-0.5925,0.3695
-0.601,0.3695
-0.606,0.3755
-0.612,0.381
-0.624,0.381
-0.616,0.381
-0.624,0.381
-0.612,0.381
-0.604,0.381
-0.604,0.389
-0.604,0.389
-0.604,0.389
-0.604,0.389
-0.604,0.389
-0.604,0.389
-0.604,0.389
-0.604,0.389
-0.604,0.389
-0.604,0.389
-0.604,0.369
-0.604,0.369
-0.604,0.369
-0.592,0.369
-0.5955,0.369
-0.6035,0.367
-0.6125,0.361
-0.6035,0.361
-0.5805,0.361
-0.5715,0.361
-0.5715,0.361
-0.5715,0.361
-0.5715,0.367
-0.5715,0.361
-0.5715,0.361
-0.5715,0.367
-0.5715,0.361
-0.5715,0.37
-0.5715,0.361
-0.5715,0.361
-0.5715,0.361
-0.5715,0.361
-0.5715,0.361
-0.5715,0.361
-0.5625,0.364
-0.5625,0.361
-0.5595,0.361
-0.5595,0.364
-0.5595,0.361
-0.5595,0.364
-0.5915,0.361
-0.6235,0.357
-0.6235,0.353
-0.6235,0.353
-0.6235,0.353
-0.6235,0.353
-0.6235,0.353
-0.6235,0.353
-0.6235,0.353
-0.6235,0.353
-0.6235,0.353
-0.6235,0.3415
-0.6235,0.3335
-0.6235,0.3215
-0.6235,0.3245
-0.6235,0.3185
-0.6235,0.31
-0.604,0.31
-0.604,0.31
-0.604,0.31
-0.604,0.31
-0.604,0.31
-0.604,0.31
-0.604,0.31
-0.604,0.31
-0.572,0.31
-0.56,0.31
-0.54,0.31
-0.54,0.31
-0.54,0.31
-0.532,0.31
-0.524,0.31
-0.524,0.31
-0.524,0.31
-0.524,0.31
-0.524,0.31
-0.524,0.31
-0.524,0.316
-0.524,0.31
-0.524,0.31
-0.524,0.31
-0.524,0.31
-0.524,0.3215
-0.524,0.31
-0.524,0.31
-0.524,0.31
-0.524,0.31
-0.524,0.31
-0.524,0.31
-0.512,0.31
-0.512,0.31
-0.512,0.31
-0.512,0.31
-0.512,0.316
-0.512,0.31
-0.512,0.3185
-0.512,0.31
-0.512,0.3215
-0.512,0.31
-0.512,0.31
-0.512,0.31
-0.512,0.31
-0.512,0.31
-0.512,0.31
-0.512,0.31
-0.512,0.313
-0.512,0.313
-0.512,0.31
-0.512,0.313
-0.512,0.31
-0.512,0.31
-0.512,0.31
-0.512,0.31
-0.512,0.31
-0.512,0.31
-0.512,0.31
-0.512,0.31
-0.512,0.31
-0.512,0.31
-0.512,0.31
-0.512,0.31
-0.512,0.31
-0.512,0.31
-0.512,0.31
-0.512,0.31
-0.512,0.316
-0.512,0.31
-0.512,0.31
-0.512,0.313
-0.512,0.31
-0.512,0.31
-0.512,0.31
-0.512,0.31
-0.512,0.3215
-0.512,0.31
-0.512,0.316
-0.512,0.31
-0.504,0.31
-0.504,0.31
-0.504,0.31
-0.504,0.31
-0.492,0.31
-0.492,0.33
-0.492,0.338
-0.484,0.3495
-0.484,0.3555
-0.484,0.3615
-0.484,0.3755
-0.484,0.3725
-0.484,0.381
-0.484,0.3955
-0.512,0.3925
-0.512,0.381
-0.524,0.381
-0.524,0.381
-0.524,0.381
-0.524,0.381
-0.524,0.381
-0.532,0.39
-0.532,0.381
-0.532,0.381
-0.532,0.393
-0.532,0.401
-0.532,0.401
-0.532,0.4205
-0.532,0.4405
-0.532,0.452
-0.532,0.48
-0.532,0.5035
-0.532,0.531
-0.532,0.551
-0.532,0.5705
-0.532,0.5845
-0.532,0.5905
-0.532,0.614
-0.532,0.622
-0.532,0.628
-0.532,0.6335
-0.532,0.6415
-0.532,0.6415
-0.532,0.6415
-0.532,0.6415
-0.532,0.6415
-0.532,0.6415
-0.532,0.6335
-0.532,0.6335
-0.532,0.6335
-0.532,0.6335
-0.532,0.6335
-0.532,0.6335
-0.532,0.6335
-0.532,0.6335
-0.532,0.6335
-0.532,0.6335
-0.532,0.6425
-0.532,0.6455
-0.532,0.6455
-0.532,0.6455
-0.532,0.6455
-0.532,0.6455
-0.532,0.6455
-0.532,0.6455
-0.532,0.6455
-0.532,0.6455
-0.532,0.6455
-0.532,0.6455
-0.532,0.6335
-0.532,0.6335
-0.532,0.6335
-0.532,0.622
-0.532,0.622
-0.532,0.622
-0.532,0.622
-0.532,0.622
-0.532,0.622
-0.532,0.622
-0.532,0.622
-0.532,0.622
-0.532,0.622
-0.532,0.622
-0.532,0.622
-0.52,0.628
-0.512,0.622
-0.512,0.622
-0.512,0.622
-0.512,0.622
-0.512,0.622
-0.512,0.622
-0.512,0.622
-0.512,0.61
-0.512,0.5905
-0.512,0.5705
-0.512,0.553
-0.512,0.551
-0.512,0.551
-0.512,0.551
-0.512,0.551
-0.512,0.554
-0.512,0.551
-0.512,0.551
-0.512,0.551
-0.512,0.551
-0.512,0.551
-0.512,0.551
-0.512,0.551
-0.512,0.551
-0.512,0.551
-0.5005,0.551
-0.5005,0.551
-0.5005,0.551
-0.5005,0.551
-0.5005,0.551
-0.5005,0.551
-0.5005,0.551
-0.5005,0.551
-0.5005,0.551
-0.5005,0.551
-0.5005,0.551
-0.5005,0.551
-0.5005,0.551
-0.4925,0.551
-0.4925,0.551
-0.4925,0.551
-0.4925,0.551
-0.4925,0.551
-0.4925,0.557
-0.4925,0.5625
-0.4925,0.5625
-0.4925,0.5625
-0.4925,0.5625
-0.4925,0.5625
-0.4925,0.5625
-0.4925,0.5625
-0.4925,0.5625
-0.4925,0.5625
-0.4925,0.5625
-0.4925,0.5625
-0.4925,0.5625
-0.4645,0.5625
-0.4645,0.5625
-0.4645,0.5625
-0.4645,0.5625
-0.4645,0.5625
-0.4525,0.5625
-0.4445,0.5625
-0.4445,0.5625
-0.4445,0.5625
-0.4445,0.5625
-0.4445,0.5625
-0.4445,0.5625
-0.4445,0.551
-0.4445,0.551
-0.4445,0.551
-0.4445,0.551
-0.4445,0.551
-0.4445,0.531
-0.4445,0.531
-0.4445,0.523
-0.4725,0.523
-0.4725,0.523
-0.4725,0.523
-0.4725,0.523
-0.4725,0.523
-0.4725,0.523
-0.4845,0.523
-0.4845,0.523
-0.4845,0.523
-0.4845,0.523
-0.4845,0.523
-0.4845,0.523
-0.4845,0.523
-0.4845,0.523
-0.4845,0.523
-0.4845,0.523
-0.4845,0.523
-0.4845,0.523
-0.4845,0.523
-0.4845,0.523
-0.4845,0.523
-0.4845,0.523
-0.4845,0.523
-0.4845,0.523
-0.4845,0.523
-0.4845,0.523
-0.4845,0.523
-0.4845,0.523
-0.4925,0.523
-0.4925,0.523
-0.4925,0.523
-0.4925,0.523
-0.4925,0.523
-0.4925,0.523
-0.4925,0.523
-0.4925,0.523
-0.4925,0.523
-0.4925,0.523
-0.4925,0.523
-0.4925,0.523
-0.4925,0.523
-0.4925,0.523
-0.4925,0.523
-0.4925,0.523
-0.4925,0.523
-0.4925,0.523
-0.4925,0.523
-0.4925,0.523
-0.4925,0.523
-0.4925,0.523
-0.4925,0.523
-0.4925,0.523
-0.4925,0.523
-0.4925,0.523
-0.4925,0.523
-0.4925,0.523
-0.4925,0.523
-0.4925,0.523
-0.4925,0.523
-0.4925,0.523
-0.4925,0.523
-0.4925,0.523
-0.4925,0.523
-0.4925,0.523
-0.4925,0.523
-0.4925,0.523
-0.4925,0.523
-0.4925,0.523
-0.4925,0.523
-0.4925,0.523
-0.4925,0.523
-0.4925,0.523
-0.4925,0.523
-0.4925,0.523
-0.4925,0.523
-0.4925,0.523
-0.4925,0.523
-0.4925,0.514
-0.4925,0.503
-0.4925,0.4915
-0.4925,0.4835
-0.4925,0.4745
-0.4925,0.4715
-0.4925,0.4715
-0.4925,0.4715
-0.4925,0.4715
-0.4925,0.4715
-0.4925,0.4715
-0.4925,0.4715
-0.4925,0.4715
-0.4925,0.4715
-0.4925,0.4715
-0.4925,0.4715
-0.4925,0.4715
-0.4925,0.4715
-0.4925,0.4715
-0.4925,0.4715
-0.4925,0.4715
-0.4925,0.4715
-0.4925,0.4715
-0.4925,0.4715
-0.4925,0.4715
-0.4925,0.4775
-0.4925,0.4835
-0.4925,0.4835
-0.4925,0.4835
-0.4925,0.4835
-0.4925,0.503
-0.4925,0.503
-0.4925,0.511
-0.4925,0.511
-0.4925,0.511
-0.4925,0.511
-0.4925,0.511
-0.4925,0.511
-0.4925,0.511
-0.4925,0.511
-0.4925,0.511
-0.4925,0.511
-0.4645,0.511
-0.4645,0.511
-0.4645,0.511
-0.4645,0.511
-0.4645,0.511
-0.4645,0.511
-0.4645,0.511
-0.4645,0.511
-0.4645,0.511
-0.4645,0.511
-0.4645,0.511
-0.4645,0.511
-0.4645,0.511
-0.4645,0.511
-0.4645,0.511
-0.4645,0.511
-0.4645,0.511
-0.4645,0.511
-0.4645,0.511
-0.4645,0.511
-0.4645,0.511
-0.4645,0.511
-0.4645,0.511
-0.4645,0.511
-0.4645,0.511
-0.4645,0.511
-0.4645,0.511
-0.4645,0.511
-0.4645,0.511
-0.4645,0.511
-0.4645,0.511
-0.4645,0.511
-0.4645,0.511
-0.4645,0.511
-0.4645,0.511
-0.4645,0.511
-0.4645,0.511
-0.4645,0.511
-0.4645,0.511
-0.4645,0.511
-0.4645,0.4995
-0.4645,0.5025
-0.4645,0.511
-0.4645,0.511
-0.4645,0.511
-0.4645,0.5085
-0.4645,0.5085
-0.4645,0.511
-0.4645,0.511
-0.4645,0.511
-0.4645,0.511
-0.4645,0.511
-0.4645,0.511
-0.4645,0.511
-0.4645,0.511
-0.4645,0.511
-0.4645,0.511
-0.4525,0.511
-0.4525,0.511
-0.4445,0.511
-0.4445,0.511
-0.4445,0.511
-0.4445,0.511
-0.4445,0.511
-0.4445,0.519
-0.4445,0.519
-0.4445,0.519
-0.4445,0.522
-0.4445,0.522
-0.4445,0.519
-0.4445,0.519
-0.4445,0.531
-0.4445,0.531
-0.4445,0.531
-0.4445,0.519
-0.4445,0.531
-0.4445,0.519
-0.4445,0.519
-0.4445,0.519
-0.4445,0.519
-0.4445,0.519
-0.4415,0.519
-0.4445,0.519
-0.4445,0.531
-0.4445,0.519
-0.4445,0.528
-0.4445,0.531
-0.4445,0.531
-0.4445,0.531
-0.4725,0.519
-0.4725,0.519
-0.4845,0.525
-0.4845,0.531
-0.4845,0.531
-0.4845,0.531
-0.4845,0.531
-0.4845,0.531
-0.4845,0.531
-0.4845,0.522
-0.4845,0.525
-0.4845,0.528
-0.4845,0.525
-0.4845,0.519
-0.4845,0.525
-0.4845,0.525
-0.4845,0.522
-0.4845,0.528
-0.4845,0.522
-0.4845,0.528
-0.4845,0.519
-0.4845,0.519
-0.4845,0.522
-0.4845,0.519
-0.4845,0.525
-0.4845,0.519
-0.4845,0.531
-0.4845,0.522
-0.4845,0.522
-0.4845,0.522
-0.4845,0.525
-0.4845,0.519
-0.4845,0.528
-0.4845,0.525
-0.4815,0.519
-0.4845,0.531
-0.4845,0.525
-0.4845,0.531
-0.4845,0.531
-0.4845,0.531
-0.4845,0.531
-0.4785,0.531
-0.4525,0.531
-0.4445,0.522
-0.4445,0.525
-0.4445,0.522
-0.4415,0.519
-0.4385,0.525
-0.4445,0.519
-0.4445,0.525
-0.4445,0.528
-0.4445,0.519
-0.4445,0.522
-0.4445,0.519
-0.4445,0.519
-0.4445,0.522
-0.4445,0.525
-0.4445,0.528
-0.4385,0.519
-0.4415,0.519
-0.4445,0.519
-0.4445,0.519
-0.4445,0.519
-0.4445,0.519
-0.4445,0.519
-0.4445,0.511
-0.4445,0.511
-0.4445,0.511
-0.4445,0.4995
-0.4445,0.4995
-0.4445,0.4975
-0.4445,0.4915
-0.4445,0.4915
-0.4445,0.4915
-0.4445,0.4915
-0.4445,0.4995
-0.4445,0.4995
-0.4445,0.4995
-0.4445,0.4995
-0.4445,0.4995
-0.4385,0.4995
-0.4415,0.4995
-0.4445,0.4995
-0.4445,0.4995
-0.4445,0.4995
-0.4445,0.4995
-0.4445,0.4995
-0.4445,0.4995
-0.4445,0.4995
-0.4445,0.4995
-0.4445,0.4995
-0.4445,0.4995
-0.4445,0.4995
-0.4445,0.4995
-0.4445,0.4995
-0.4445,0.4995
-0.4445,0.4995
-0.4415,0.4995
-0.4445,0.4995
-0.4445,0.4995
-0.4445,0.4995
-0.4445,0.4995
-0.4445,0.4995
-0.4445,0.5055
-0.4445,0.4995
-0.4445,0.4995
-0.4445,0.4995
-0.4445,0.4995
-0.4445,0.4995
-0.4445,0.4995
-0.4445,0.4995
-0.4445,0.4995
-0.4445,0.4995
-0.4445,0.4995
-0.4445,0.4915
-0.4445,0.4915
-0.4445,0.4915
-0.4445,0.4915
-0.4445,0.4915
-0.4445,0.4915
-0.4445,0.4915
-0.4445,0.4915
-0.4445,0.4915
-0.4445,0.4915
-0.4445,0.4795
-0.4445,0.4795
-0.4445,0.4795
-0.4415,0.4795
-0.4445,0.472
-0.4445,0.472
-0.4445,0.472
-0.4445,0.472
-0.4445,0.472
-0.4445,0.472
-0.4445,0.472
-0.4445,0.472
-0.4445,0.472
-0.4445,0.472
-0.4445,0.4855
-0.4445,0.4795
-0.4445,0.4855
-0.4445,0.4915
-0.4385,0.4915
-0.4445,0.4915
-0.4385,0.4915
-0.4445,0.4915
-0.4445,0.4915
-0.4445,0.4915
-0.4445,0.4915
-0.4445,0.4915
-0.4445,0.4915
-0.4445,0.4915
-0.4445,0.4915
-0.4445,0.4915
-0.4445,0.4915
-0.4445,0.4915
-0.4445,0.4915
-0.4445,0.4915
-0.4445,0.4915
-0.4325,0.5035
-0.4325,0.52
-0.4205,0.5545
-0.4205,0.5765
-0.4205,0.594
-0.4125,0.602
-0.4125,0.6215
-0.4125,0.6215
-0.4125,0.6215
-0.4125,0.6215
-0.4125,0.6215
-0.4125,0.6215
-0.4125,0.6215
-0.4125,0.6215
-0.4125,0.6215
-0.4125,0.6215
-0.4125,0.6215
-0.4125,0.6215
-0.4125,0.6215
-0.4125,0.6215
-0.4125,0.6215
-0.4125,0.6215
-0.4125,0.6215
-0.4125,0.6215
-0.4125,0.6215
-0.4125,0.6215
-0.4125,0.6215
-0.4095,0.6215
-0.4065,0.6215
-0.4125,0.6215
-0.4125,0.6215
-0.4125,0.6215
-0.4125,0.6215
-0.4125,0.6215
-0.4125,0.6215
-0.4125,0.6215
-0.4125,0.6215
-0.4125,0.6215
-0.4125,0.6215
-0.4125,0.6215
-0.4125,0.6215
-0.4125,0.6215
-0.4445,0.6215
-0.4445,0.6215
-0.4445,0.6215
-0.4445,0.6215
-0.4445,0.6215
-0.4445,0.6215
-0.4445,0.6215
-0.4445,0.6215
-0.4445,0.6215
-0.4445,0.6215
-0.4445,0.6215
-0.4525,0.6215
-0.4525,0.6265
-0.4525,0.6295
-0.4525,0.6295
-0.4525,0.6295
-0.4525,0.6295
-0.4525,0.6295
-0.4525,0.6295
-0.4525,0.6295
-0.4525,0.6295
-0.4525,0.6295
-0.4525,0.6295
-0.4525,0.6295
-0.4525,0.6295
-0.4525,0.6295
-0.4525,0.6295
-0.4525,0.6295
-0.4525,0.6295
-0.4525,0.6295
-0.4525,0.6295
-0.4525,0.6295
-0.4525,0.6295
-0.4465,0.6295
-0.4405,0.6295
-0.4405,0.6295
-0.4405,0.6295
-0.4405,0.6295
-0.429,0.6295
-0.429,0.6295
-0.429,0.6295
-0.429,0.6295
-0.429,0.6295
-0.429,0.6295
-0.429,0.6295
-0.429,0.6295
-0.429,0.6295
-0.429,0.6295
-0.429,0.6295
-0.429,0.6295
-0.429,0.6295
-0.429,0.6295
-0.429,0.6295
-0.429,0.6295
-0.429,0.6295
-0.429,0.6295
-0.429,0.6295
-0.429,0.6295
-0.429,0.6295
-0.429,0.6295
-0.429,0.6295
-0.429,0.6295
-0.429,0.6295
-0.429,0.6295
-0.429,0.6295
-0.429,0.6295
-0.429,0.6295
-0.429,0.6325
-0.429,0.62
-0.429,0.5825
-0.429,0.5625
-0.429,0.551
-0.401,0.5195
-0.401,0.5115
-0.401,0.4995
-0.401,0.4995
-0.401,0.4955
-0.401,0.4835
-0.401,0.4835
-0.401,0.4775
-0.401,0.468
-0.401,0.454
-0.401,0.452
-0.401,0.4405
-0.401,0.4325
-0.401,0.4205
-0.401,0.4205
-0.401,0.4205
-0.401,0.409
-0.401,0.409
-0.401,0.409
-0.401,0.409
-0.401,0.409
-0.401,0.409
-0.401,0.409
-0.401,0.4265
-0.401,0.472
-0.401,0.4995
-0.401,0.543
-0.401,0.5705
-0.401,0.5825
-0.401,0.61
-0.401,0.628
-0.401,0.6295
-0.401,0.6295
-0.401,0.6295
-0.401,0.6295
-0.401,0.6295
-0.401,0.6295
-0.429,0.6295
-0.429,0.6295
-0.429,0.6295
-0.429,0.6295
-0.429,0.6295
-0.429,0.6295
-0.429,0.6295
-0.4405,0.6295
-0.4375,0.6295
-0.4375,0.6295
-0.4405,0.6295
-0.4405,0.6295
-0.4405,0.6295
-0.4345,0.6295
-0.4375,0.6295
-0.4405,0.6295
-0.429,0.6295
-0.429,0.6295
-0.429,0.6295
-0.429,0.6295
-0.429,0.6295
-0.429,0.6295
-0.401,0.6295
-0.397,0.6295
-0.393,0.6295
-0.393,0.6295
-0.387,0.6295
-0.381,0.6295
-0.381,0.6295
-0.381,0.61
-0.381,0.602
-0.381,0.5905
-0.381,0.5825
-0.381,0.5825
-0.381,0.5825
-0.369,0.5825
-0.369,0.5825
-0.361,0.5825
-0.361,0.5825
-0.361,0.5825
-0.361,0.5825
-0.361,0.5825
-0.361,0.5825
-0.361,0.5775
-0.361,0.5625
-0.361,0.555
-0.361,0.555
-0.361,0.555
-0.361,0.543
-0.349,0.543
-0.361,0.543
-0.349,0.543
-0.349,0.541
-0.361,0.535
-0.361,0.535
-0.358,0.535
-0.361,0.535
-0.361,0.535
-0.361,0.535
-0.361,0.523
-0.355,0.5115
-0.361,0.5035
-0.393,0.5035
-0.393,0.4915
-0.393,0.4915
-0.393,0.484
-0.393,0.484
-0.393,0.484
-0.393,0.484
-0.39,0.484
-0.39,0.484
-0.393,0.484
-0.393,0.484
-0.393,0.484
-0.393,0.4915
-0.393,0.5035
-0.393,0.4975
-0.393,0.4915
-0.393,0.4915
-0.393,0.4915
-0.393,0.4915
-0.393,0.4915
-0.393,0.4915
-0.393,0.4915
-0.393,0.4915
-0.393,0.4915
-0.393,0.4915
-0.393,0.4915
-0.393,0.4915
-0.39,0.4915
-0.393,0.4945
-0.393,0.4915
-0.393,0.4915
-0.387,0.4915
-0.393,0.4915
-0.393,0.4915
-0.393,0.4915
-0.39,0.4835
-0.393,0.4835
-0.393,0.4835
-0.393,0.4835
-0.39,0.4835
-0.393,0.4715
-0.401,0.4715
-0.401,0.4715
-0.401,0.4715
-0.401,0.4835
-0.401,0.4715
-0.401,0.4715
-0.401,0.4765
-0.401,0.4775
-0.395,0.472
-0.401,0.46
-0.401,0.472
-0.401,0.472
-0.401,0.472
-0.401,0.4795
-0.395,0.4795
-0.401,0.4795
-0.401,0.4795
-0.401,0.4795
-0.401,0.4825
-0.401,0.4795
-0.401,0.4795
-0.401,0.4795
-0.401,0.4795
-0.401,0.4745
-0.401,0.4715
-0.373,0.4715
-0.373,0.4775
-0.373,0.4835
-0.373,0.4915
-0.373,0.5035
-0.373,0.4915
-0.373,0.4915
-0.373,0.4915
-0.373,0.4915
-0.373,0.5035
-0.37,0.5115
-0.373,0.5055
-0.373,0.4795
-0.373,0.46
-0.373,0.4285
-0.373,0.4325
-0.373,0.4225
-0.373,0.4115
-0.373,0.4085
-0.373,0.4085
-0.373,0.4185
-0.367,0.4095
-0.373,0.4095
-0.373,0.4125
-0.373,0.4065
-0.373,0.4095
-0.373,0.401
-0.373,0.409
-0.373,0.409
-0.373,0.4325
-0.373,0.44
-0.373,0.4265
-0.373,0.4125
-0.373,0.4115
-0.367,0.4005
-0.373,0.389
-0.37,0.389
-0.373,0.389
-0.373,0.383
-0.373,0.381
-0.373,0.381
-0.37,0.381
-0.373,0.369
-0.373,0.361
-0.373,0.3495
-0.373,0.3495
-0.373,0.3495
-0.373,0.3495
-0.373,0.3495
-0.373,0.3415
-0.373,0.3415
-0.373,0.3415
-0.373,0.3295
-0.373,0.318
-0.373,0.31
-0.373,0.31
-0.373,0.31
-0.373,0.31
-0.373,0.31
-0.373,0.31
-0.373,0.31
-0.373,0.31
-0.373,0.31
-0.373,0.31
-0.373,0.31
-0.373,0.31
-0.373,0.31
-0.373,0.31
-0.373,0.31
-0.373,0.298
-0.373,0.2745
-0.373,0.2705
-0.373,0.2705
-0.373,0.2705
-0.373,0.2705
-0.373,0.2705
-0.373,0.243
-0.373,0.243
-0.373,0.243
-0.373,0.243
-0.373,0.2685
-0.373,0.2905
-0.373,0.305
-0.373,0.322
-0.373,0.3505
-0.373,0.3535
-0.373,0.3615
-0.373,0.3615
-0.373,0.3615
-0.373,0.3615
-0.373,0.3615
-0.373,0.3615
-0.373,0.3615
-0.373,0.3615
-0.373,0.3495
-0.373,0.3435
-0.373,0.342
-0.373,0.342
-0.373,0.342
-0.381,0.342
-0.381,0.342
-0.381,0.342
-0.381,0.342
-0.369,0.342
-0.369,0.342
-0.369,0.342
-0.369,0.342
-0.369,0.342
-0.369,0.342
-0.369,0.342
-0.369,0.342
-0.369,0.342
-0.369,0.342
-0.369,0.342
-0.369,0.342
-0.369,0.342
-0.369,0.342
-0.369,0.342
-0.361,0.342
-0.361,0.342
-0.361,0.342
-0.361,0.342
-0.361,0.342
-0.361,0.3495
-0.361,0.3495
-0.361,0.3525
-0.361,0.3495
-0.361,0.3495
-0.361,0.3495
-0.361,0.3495
-0.361,0.3495
-0.361,0.3495
-0.361,0.3495
-0.361,0.3495
-0.361,0.3495
-0.361,0.3495
-0.361,0.3495
-0.361,0.3495
-0.361,0.3495
-0.389,0.3495
-0.389,0.3495
-0.389,0.3495
-0.389,0.3495
-0.389,0.3495
-0.389,0.3495
-0.389,0.3495
-0.389,0.3495
-0.389,0.3495
-0.389,0.3495
-0.389,0.3495
-0.389,0.3495
-0.389,0.3495
-0.401,0.3495
-0.401,0.3445
-0.401,0.3295
-0.401,0.3275
-0.401,0.3215
-0.401,0.313
-0.401,0.31
-0.401,0.313
-0.401,0.302
-0.401,0.302
-0.401,0.302
-0.401,0.302
-0.401,0.302
-0.401,0.302
-0.401,0.302
-0.401,0.299
-0.401,0.293
-0.401,0.29
-0.369,0.2785
-0.369,0.2705
-0.369,0.239
-0.369,0.219
-0.369,0.1995
-0.369,0.1915
-0.369,0.1915
-0.369,0.1975
-0.369,0.1975
-0.369,0.1915
-0.369,0.1915
-0.369,0.1915
-0.369,0.1915
-0.369,0.1915
-0.369,0.1915
-0.369,0.1915
-0.369,0.1915
-0.369,0.1915
-0.369,0.2115
-0.369,0.219
-0.369,0.2675
-0.361,0.2785
-0.361,0.29
-0.361,0.31
-0.361,0.31
-0.361,0.3215
-0.361,0.3215
-0.361,0.3215
-0.361,0.3215
-0.361,0.3215
-0.361,0.3215
-0.361,0.3295
-0.361,0.3295
-0.361,0.3295
-0.361,0.3355
-0.361,0.3355
-0.361,0.3295
-0.361,0.3295
-0.361,0.3295
-0.361,0.3295
-0.361,0.3295
-0.361,0.3295
-0.361,0.3295
-0.361,0.3325
-0.361,0.358
-0.361,0.369
-0.361,0.389
-0.361,0.389
-0.361,0.389
-0.361,0.389
-0.361,0.389
-0.361,0.389
-0.361,0.389
-0.389,0.395
-0.389,0.389
-0.389,0.389
-0.389,0.389
-0.389,0.389
-0.389,0.389
-0.389,0.389
-0.389,0.389
-0.389,0.389
-0.389,0.389
-0.389,0.389
-0.389,0.392
-0.389,0.389
-0.389,0.389
-0.389,0.389
-0.389,0.389
-0.389,0.395
-0.389,0.389
-0.389,0.389
-0.389,0.389
