valence,arousal
0.0,0.0
0.0,0.0
0.0,0.0
0.0,0.0
0.0,0.0
0.0,0.0
0.0,0.0
0.0,0.0
0.0,0.0
0.0,0.0
0.0,0.0
0.0,0.0
0.0,0.0
0.0,0.0
0.0,0.0
0.0,0.0
0.0,0.0
0.0,0.0
0.0,0.0
0.0,0.0
0.0,0.0
0.0,0.0
0.0,0.0
0.0,0.0
0.0,0.0
0.0,0.0
0.0,0.0
0.0,0.0
0.0,0.0
0.0,0.0
0.0,0.0
0.0,0.0
0.0,0.0
0.0,0.0
0.0,0.0
0.0,0.0
0.0,0.0
0.0,0.0
0.0,0.0
0.0,0.0
0.0,0.0
0.0,0.0
0.0,0.0
0.0,0.0
0.0,0.0
0.0,0.0
0.0,0.0
0.0,0.0
0.0,0.0
0.0,0.0
0.0,0.0
0.0,0.0
0.0,0.0
0.0,0.0
0.0,0.0
0.0,0.0
0.0,0.0
0.0,0.0
0.0,0.0
0.0,0.0
0.0,0.0
0.0,0.0
0.0,0.0
0.0,0.0
0.0,0.0
0.0,0.0
0.0,0.0
0.0,0.0
0.0,0.0
0.0,0.0
0.0,0.0
0.0,0.0
0.0,0.0
0.0,0.0
0.0,0.0
0.0,0.0
0.0,0.0
0.0,0.0
0.0,0.0
0.0,0.0
0.0,0.0
0.0,0.0
0.0,0.0
0.0,0.0
0.0,0.0
0.0,0.0
0.0,0.0
0.0,0.0
0.0,0.0
0.0,0.0
0.0,0.0
0.0,0.0
0.0,0.0
0.0,0.0
0.0,0.0
0.0,0.0
0.0,0.0
0.0,0.0
0.0,0.0
0.0,0.0
0.0,0.0
0.0,0.0
0.0,0.0
0.0,0.0
0.0,0.0
0.0,0.0
0.0,0.0
0.0,0.0
0.0,0.0
0.0,0.0
0.0,0.0
0.0,0.0
0.0,0.0
0.0,0.0
0.0,0.0
0.0,0.0
0.0,0.0
0.0,0.0
0.0,0.0
0.0,0.0
0.0,0.0
0.0,0.0
0.0,0.0
0.0,0.0
0.0,0.0
0.0,0.0
0.014,0.0
0.014,0.0
0.014,0.0
0.014,0.0
0.014,0.0
0.014,0.0
0.014,0.0
0.014,0.0
0.014,0.0
0.014,0.0
0.014,0.0
0.014,0.0
0.014,0.0
0.014,0.0
0.014,0.0
0.014,0.0
0.014,0.0
0.014,0.0
0.014,0.0
0.014,0.0
0.014,0.0
0.014,0.0
0.014,0.0
0.014,0.0
0.014,0.0
0.014,0.0
0.014,0.0
0.014,0.0
0.014,0.0
0.014,0.0
0.014,0.0
0.014,0.0
0.014,0.0
0.014,0.0
0.014,0.0
0.014,0.0
0.014,0.0
0.014,0.0
0.014,0.0
0.014,0.0
0.014,0.0
0.014,0.0
0.014,0.0
0.014,0.0
0.014,0.0
0.014,0.0
0.014,0.0
0.014,0.0
0.014,0.0
0.014,0.0
0.014,0.0
0.014,0.0
0.014,0.0
0.014,0.0
0.014,0.0
0.014,0.0
0.014,0.0
0.014,0.0
0.014,0.0
0.014,0.0
0.014,0.0
0.0,0.0
0.0,0.0
0.0,0.0
0.0,0.0
0.0,0.0
0.0,0.0
0.0,0.0
0.0,0.0
0.0,0.0
0.0,0.0
0.0,0.0
0.0,0.0
0.0,0.0
0.0,0.0
0.0,0.0
0.0,0.0
0.0,0.0
0.0,0.0
0.0,0.0
0.0,0.0
0.0,0.0
0.0,0.0
0.0,0.0
0.0,0.0
0.0,0.0
0.0,0.0
0.0,0.0
0.0,0.0
0.0,0.0
0.0,0.0
0.0,0.0
0.0,0.0
0.0,0.0
0.0,0.0
0.0,0.0
0.0,0.0
0.0,0.0
0.0,0.0
0.0,0.0
0.0,0.0
0.0,0.0
0.0,0.0
0.0,0.0
0.0,0.014
0.0,0.014
0.0,0.014
0.0,0.022
0.0,0.022
0.0,0.022
0.0,0.022
0.0,0.022
0.0,0.038
0.0,0.014
0.0,0.014
0.0,0.014
0.0,0.014
0.0,0.014
0.0,0.014
0.0,0.014
0.0,0.014
0.0,0.014
0.0,0.014
0.0,0.014
0.0,0.014
0.0,0.014
-0.007,0.014
-0.007,0.014
-0.023,0.014
-0.007,0.014
-0.039,0.014
-0.039,0.014
-0.039,0.014
-0.071,0.014
-0.071,0.014
-0.071,0.014
-0.071,0.014
-0.071,0.014
-0.071,0.014
-0.071,0.014
-0.071,0.014
-0.071,0.014
-0.071,0.014
-0.071,0.014
-0.071,0.014
-0.087,0.014
-0.063,0.014
-0.063,0.014
-0.063,0.038
-0.063,0.038
-0.063,0.038
-0.063,0.038
-0.063,0.038
-0.063,0.046
-0.063,0.022
-0.063,0.046
-0.063,0.022
-0.063,0.046
-0.063,0.062
-0.063,0.077
-0.063,0.077
-0.063,0.085
-0.063,0.085
-0.063,0.093
-0.063,0.125
-0.111,0.164
-0.119,0.196
-0.159,0.235
-0.167,0.251
-0.167,0.282
-0.167,0.275
-0.191,0.275
-0.215,0.275
-0.231,0.275
-0.215,0.275
-0.215,0.275
-0.247,0.275
-0.247,0.275
-0.247,0.275
-0.247,0.275
-0.247,0.275
-0.247,0.275
-0.247,0.275
-0.247,0.275
-0.247,0.275
-0.247,0.275
-0.247,0.275
-0.247,0.275
-0.247,0.275
-0.247,0.275
-0.247,0.275
-0.247,0.275
-0.247,0.275
-0.247,0.275
-0.247,0.275
-0.247,0.275
-0.247,0.275
-0.247,0.275
-0.247,0.275
-0.215,0.275
-0.215,0.275
-0.207,0.275
-0.207,0.275
-0.207,0.275
-0.207,0.275
-0.191,0.275
-0.191,0.275
-0.191,0.275
-0.191,0.275
-0.191,0.275
-0.231,0.267
-0.191,0.235
-0.191,0.227
-0.215,0.227
-0.191,0.211
-0.167,0.211
-0.191,0.211
-0.167,0.204
-0.159,0.204
-0.135,0.204
-0.119,0.204
-0.095,0.204
-0.071,0.196
-0.023,0.196
0.0,0.172
-0.007,0.204
-0.007,0.204
-0.007,0.204
-0.007,0.204
-0.007,0.204
-0.007,0.204
-0.007,0.204
-0.007,0.204
-0.007,0.204
-0.007,0.204
-0.007,0.204
-0.007,0.204
-0.007,0.204
-0.007,0.188
-0.007,0.156
-0.007,0.14
-0.007,0.117
-0.007,0.117
-0.007,0.117
-0.007,0.117
-0.007,0.117
-0.007,0.117
-0.007,0.117
-0.007,0.117
-0.007,0.117
-0.007,0.117
-0.007,0.117
-0.007,0.117
-0.007,0.117
-0.007,0.117
-0.007,0.093
-0.007,0.077
-0.007,0.077
-0.007,0.077
-0.007,0.077
-0.007,0.077
-0.007,0.077
-0.007,0.085
-0.007,0.085
-0.007,0.085
-0.007,0.085
-0.007,0.085
-0.007,0.077
-0.007,0.054
-0.007,0.046
-0.007,0.054
-0.007,0.054
-0.007,0.046
-0.007,0.022
-0.007,0.054
-0.007,0.054
-0.007,0.014
-0.007,0.038
-0.007,0.038
-0.007,0.014
-0.007,0.038
-0.007,0.038
-0.007,0.014
-0.007,0.014
-0.007,0.014
-0.007,0.038
-0.007,0.038
-0.007,0.038
-0.007,0.038
-0.007,0.038
-0.007,0.038
-0.007,0.038
-0.007,0.014
-0.007,0.014
-0.007,0.014
-0.007,0.014
-0.007,0.006
-0.007,0.006
-0.007,0.006
-0.007,0.006
-0.007,0.006
-0.007,0.006
-0.007,0.006
-0.007,0.006
-0.007,0.006
-0.007,0.0
-0.007,0.0
-0.007,0.0
-0.007,0.0
-0.007,0.0
-0.007,0.0
-0.007,0.0
-0.007,0.0
-0.007,0.0
-0.007,0.0
-0.007,0.0
-0.007,0.0
-0.007,0.0
-0.007,0.0
-0.007,0.0
-0.007,0.0
-0.007,0.0
-0.007,0.0
-0.007,0.0
-0.007,0.0
-0.007,0.0
-0.007,0.0
-0.007,0.0
-0.007,0.0
-0.007,0.0
-0.007,0.0
-0.007,0.0
-0.007,0.0
-0.007,0.0
-0.007,0.0
-0.007,0.0
-0.007,0.0
-0.007,0.0
-0.007,0.0
-0.007,0.0
-0.007,0.0
-0.047,0.0
-0.143,0.0
-0.167,0.0
-0.191,0.0
-0.215,0.0
-0.215,0.046
-0.247,0.077
-0.255,0.133
-0.271,0.211
-0.279,0.227
-0.319,0.227
-0.351,0.227
-0.351,0.227
-0.351,0.227
-0.367,0.235
-0.367,0.211
-0.367,0.235
-0.367,0.235
-0.367,0.235
-0.367,0.235
-0.367,0.235
-0.367,0.235
-0.367,0.235
-0.367,0.235
-0.367,0.235
-0.367,0.235
-0.367,0.235
-0.367,0.235
-0.367,0.235
-0.367,0.235
-0.367,0.235
-0.367,0.235
-0.367,0.235
-0.367,0.235
-0.367,0.235
-0.367,0.235
-0.367,0.235
-0.367,0.235
-0.367,0.235
-0.367,0.235
-0.367,0.235
-0.367,0.235
-0.367,0.235
-0.367,0.235
-0.367,0.235
-0.367,0.235
-0.367,0.235
-0.367,0.235
-0.367,0.235
-0.367,0.235
-0.367,0.235
-0.367,0.235
-0.367,0.235
-0.367,0.235
-0.367,0.235
-0.367,0.235
-0.367,0.211
-0.367,0.211
-0.367,0.211
-0.367,0.211
-0.367,0.211
-0.367,0.211
-0.367,0.211
-0.367,0.211
-0.367,0.211
-0.367,0.211
-0.367,0.211
-0.367,0.211
-0.367,0.211
-0.367,0.211
-0.367,0.211
-0.367,0.211
-0.367,0.211
-0.367,0.211
-0.367,0.211
-0.367,0.211
-0.367,0.211
-0.367,0.211
-0.367,0.211
-0.367,0.211
-0.367,0.211
-0.367,0.211
-0.367,0.211
-0.367,0.211
-0.367,0.211
-0.367,0.211
-0.367,0.211
-0.367,0.211
-0.367,0.211
-0.367,0.211
-0.367,0.211
-0.367,0.211
-0.367,0.211
-0.367,0.211
-0.367,0.211
-0.367,0.211
-0.367,0.211
-0.367,0.211
-0.367,0.211
-0.367,0.211
-0.367,0.211
-0.367,0.211
-0.367,0.211
-0.367,0.211
-0.367,0.211
-0.367,0.211
-0.367,0.211
-0.367,0.211
-0.367,0.211
-0.367,0.211
-0.367,0.211
-0.367,0.211
-0.367,0.211
-0.367,0.211
-0.367,0.211
-0.367,0.211
-0.367,0.211
-0.367,0.211
-0.367,0.211
-0.367,0.211
-0.367,0.211
-0.367,0.211
-0.367,0.211
-0.367,0.211
-0.367,0.211
-0.367,0.211
-0.367,0.211
-0.367,0.211
-0.367,0.211
-0.367,0.211
-0.367,0.211
-0.367,0.211
-0.367,0.211
-0.367,0.211
-0.367,0.211
-0.367,0.211
-0.367,0.211
-0.367,0.211
-0.367,0.211
-0.367,0.211
-0.367,0.211
-0.367,0.211
-0.367,0.211
-0.367,0.211
-0.367,0.211
-0.367,0.211
-0.367,0.211
-0.367,0.211
-0.367,0.211
-0.367,0.211
-0.367,0.211
-0.367,0.211
-0.367,0.211
-0.367,0.211
-0.367,0.211
-0.367,0.211
-0.367,0.211
-0.367,0.211
-0.367,0.211
-0.367,0.211
-0.367,0.211
-0.367,0.211
-0.367,0.211
-0.367,0.211
-0.367,0.211
-0.367,0.211
-0.367,0.211
-0.367,0.211
-0.367,0.211
-0.367,0.211
-0.367,0.211
-0.367,0.211
-0.367,0.211
-0.367,0.211
-0.367,0.211
-0.367,0.211
-0.367,0.211
-0.367,0.211
-0.367,0.211
-0.367,0.211
-0.367,0.211
-0.367,0.211
-0.367,0.211
-0.367,0.211
-0.367,0.211
-0.367,0.211
-0.367,0.211
-0.367,0.211
-0.367,0.211
-0.367,0.211
-0.367,0.211
-0.367,0.211
-0.367,0.211
-0.367,0.211
-0.367,0.211
-0.367,0.211
-0.367,0.211
-0.367,0.211
-0.367,0.211
-0.367,0.211
-0.367,0.211
-0.367,0.204
-0.367,0.204
-0.367,0.204
-0.367,0.204
-0.367,0.204
-0.367,0.204
-0.367,0.204
-0.367,0.204
-0.367,0.204
-0.367,0.204
-0.367,0.204
-0.367,0.204
-0.367,0.204
-0.327,0.204
-0.319,0.204
-0.319,0.204
-0.295,0.204
-0.295,0.204
-0.279,0.204
-0.279,0.204
-0.279,0.204
-0.279,0.204
-0.279,0.204
-0.279,0.204
-0.279,0.204
-0.279,0.204
-0.279,0.204
-0.279,0.204
-0.279,0.204
-0.279,0.204
-0.279,0.204
-0.271,0.204
-0.271,0.204
-0.271,0.204
-0.271,0.204
-0.255,0.204
-0.255,0.204
-0.247,0.204
-0.231,0.204
-0.255,0.204
-0.231,0.204
-0.247,0.204
-0.215,0.204
-0.215,0.204
-0.215,0.204
-0.207,0.204
-0.207,0.204
-0.207,0.204
-0.207,0.204
-0.207,0.204
-0.207,0.204
-0.207,0.204
-0.191,0.204
-0.191,0.204
-0.191,0.204
-0.183,0.204
-0.183,0.204
-0.183,0.204
-0.167,0.204
-0.167,0.204
-0.167,0.204
-0.167,0.204
-0.143,0.204
-0.143,0.204
-0.135,0.204
-0.135,0.204
-0.135,0.204
-0.135,0.204
-0.135,0.204
-0.135,0.204
-0.135,0.204
-0.135,0.204
-0.135,0.204
-0.135,0.204
-0.135,0.204
-0.135,0.204
-0.135,0.204
-0.135,0.204
-0.135,0.204
-0.135,0.204
-0.119,0.204
-0.119,0.204
-0.119,0.204
-0.119,0.204
-0.119,0.204
-0.119,0.204
-0.119,0.204
-0.119,0.204
-0.119,0.204
-0.119,0.204
-0.119,0.204
-0.119,0.204
-0.119,0.204
-0.119,0.204
-0.119,0.204
-0.119,0.204
-0.119,0.156
-0.119,0.14
-0.119,0.125
-0.119,0.125
-0.119,0.125
-0.119,0.125
-0.119,0.125
-0.119,0.125
-0.111,0.125
-0.111,0.117
-0.095,0.117
-0.111,0.117
-0.087,0.117
-0.071,0.117
-0.047,0.117
-0.023,0.117
-0.007,0.117
0.0,0.117
0.0,0.117
0.0,0.117
0.0,0.117
0.0,0.117
0.0,0.117
0.0,0.101
0.0,0.093
0.0,0.085
0.0,0.085
0.0,0.077
0.0,0.062
0.0,0.054
0.0,0.046
0.0,0.046
-0.007,0.046
-0.007,0.046
-0.007,0.046
-0.007,0.046
-0.007,0.046
-0.007,0.038
-0.007,0.038
-0.007,0.038
-0.007,0.038
-0.007,0.038
-0.007,0.038
-0.007,0.038
-0.007,0.038
-0.007,0.038
-0.007,0.038
-0.007,0.038
-0.007,0.038
-0.007,0.038
-0.007,0.038
-0.007,0.038
-0.007,0.038
-0.007,0.038
-0.007,0.038
-0.007,0.038
-0.007,0.038
-0.007,0.038
-0.007,0.038
-0.007,0.038
-0.007,0.038
-0.007,0.038
-0.007,0.038
-0.007,0.038
-0.007,0.038
-0.007,0.038
-0.007,0.038
-0.007,0.038
-0.007,0.038
-0.007,0.038
-0.007,0.038
-0.007,0.038
0.0,0.038
0.0,0.038
0.0,0.038
0.0,0.038
0.0,0.038
0.0,0.038
0.0,0.038
0.0,0.054
0.0,0.054
0.0,0.046
0.0,0.046
0.0,0.022
0.0,0.022
0.0,0.022
0.0,0.022
0.0,0.022
0.0,0.022
0.0,0.046
0.0,0.022
0.0,0.022
0.0,0.022
0.0,0.022
0.0,0.022
0.0,0.022
0.0,0.022
0.0,0.022
0.0,0.022
0.0,0.022
0.0,0.022
0.0,0.022
0.0,0.022
0.0,0.022
0.0,0.022
0.0,0.022
0.0,0.022
0.0,0.022
0.0,0.022
0.0,0.022
0.0,0.022
0.0,0.022
0.0,0.022
0.0,0.022
0.0,0.022
0.0,0.022
0.0,0.022
0.0,0.022
0.0,0.022
0.0,0.022
0.0,0.022
0.0,0.022
0.0,0.022
0.0,0.022
0.0,0.022
0.0,0.022
0.0,0.022
0.0,0.022
0.0,0.022
0.0,0.022
0.0,0.022
0.0,0.022
0.0,0.022
0.0,0.022
0.0,0.022
0.0,0.022
0.0,0.022
0.0,0.022
0.0,0.022
0.0,0.022
0.0,0.022
0.0,0.022
0.0,0.022
0.0,0.022
0.0,0.022
0.0,0.022
0.0,0.022
0.0,0.022
0.0,0.022
0.0,0.022
0.0,0.022
0.0,0.022
0.0,0.022
0.0,0.022
0.0,0.022
0.0,0.022
0.0,0.022
0.0,0.022
0.0,0.022
0.0,0.022
0.0,0.022
0.0,0.022
0.0,0.022
0.0,0.022
0.0,0.022
0.0,0.022
0.0,0.022
0.0,0.022
0.0,0.022
0.0,0.022
0.0,0.022
0.0,0.022
0.0,0.022
0.0,0.022
0.0,0.022
0.0,0.022
0.0,0.022
0.0,0.022
0.0,0.022
0.0,0.022
0.0,0.022
0.0,0.022
0.0,0.022
0.0,0.022
0.0,0.022
0.0,0.022
0.0,0.022
0.0,0.022
0.0,0.022
0.0,0.022
0.0,0.022
0.0,0.022
0.0,0.022
0.0,0.022
0.0,0.022
0.0,0.022
0.0,0.022
0.0,0.022
0.0,0.022
0.0,0.022
0.0,0.022
0.0,0.022
0.0,0.022
0.0,0.022
0.0,0.046
0.0,0.085
0.0,0.077
-0.023,0.101
-0.087,0.117
-0.111,0.117
-0.111,0.117
-0.111,0.101
-0.111,0.101
-0.111,0.093
-0.111,0.093
-0.111,0.093
-0.111,0.093
-0.111,0.093
-0.111,0.093
-0.111,0.093
-0.111,0.093
-0.119,0.093
-0.119,0.093
-0.119,0.093
-0.119,0.093
-0.119,0.093
-0.119,0.093
-0.119,0.093
-0.119,0.093
-0.119,0.093
-0.119,0.093
-0.119,0.093
-0.119,0.093
-0.095,0.093
-0.095,0.093
-0.095,0.093
-0.095,0.093
-0.095,0.093
-0.095,0.093
-0.095,0.093
-0.095,0.093
-0.095,0.093
-0.095,0.093
-0.095,0.117
-0.095,0.101
-0.095,0.125
-0.095,0.093
-0.095,0.117
-0.095,0.125
-0.095,0.125
-0.095,0.133
-0.095,0.133
-0.095,0.133
-0.095,0.133
-0.095,0.14
-0.095,0.14
-0.095,0.14
-0.095,0.14
-0.095,0.133
-0.095,0.133
-0.095,0.133
-0.095,0.133
-0.095,0.133
-0.095,0.133
-0.095,0.133
-0.095,0.133
-0.095,0.156
-0.095,0.156
-0.095,0.156
-0.095,0.156
-0.095,0.156
-0.095,0.156
-0.095,0.156
-0.095,0.156
-0.095,0.156
-0.095,0.156
-0.095,0.156
-0.095,0.156
-0.095,0.156
-0.095,0.156
-0.095,0.156
-0.095,0.156
-0.095,0.156
-0.095,0.156
-0.095,0.156
-0.095,0.156
-0.095,0.156
-0.095,0.156
-0.095,0.156
-0.095,0.133
-0.095,0.133
-0.095,0.133
-0.095,0.133
-0.095,0.133
-0.095,0.133
-0.095,0.133
-0.095,0.133
-0.095,0.133
-0.095,0.133
-0.095,0.133
-0.095,0.133
-0.095,0.133
-0.095,0.133
-0.095,0.133
-0.095,0.133
-0.095,0.133
-0.095,0.133
-0.095,0.133
-0.095,0.133
-0.095,0.133
-0.095,0.133
-0.095,0.133
-0.095,0.133
-0.095,0.133
-0.095,0.133
-0.095,0.133
-0.095,0.133
-0.095,0.156
-0.095,0.164
-0.095,0.172
-0.095,0.188
-0.095,0.188
-0.095,0.188
-0.119,0.196
-0.119,0.196
-0.135,0.172
-0.143,0.196
-0.143,0.172
-0.143,0.172
-0.143,0.172
-0.159,0.196
-0.159,0.172
-0.159,0.172
-0.159,0.172
-0.159,0.172
-0.159,0.172
-0.159,0.172
-0.159,0.172
-0.159,0.172
-0.159,0.172
-0.159,0.172
-0.159,0.172
-0.159,0.172
-0.159,0.172
-0.159,0.172
-0.159,0.172
-0.159,0.172
-0.159,0.172
-0.159,0.172
-0.159,0.196
-0.159,0.196
-0.159,0.196
-0.159,0.196
-0.159,0.196
-0.159,0.196
-0.159,0.172
-0.159,0.172
-0.159,0.172
-0.159,0.172
-0.159,0.172
-0.159,0.172
-0.159,0.172
-0.159,0.172
-0.159,0.172
-0.159,0.172
-0.159,0.172
-0.159,0.172
-0.159,0.172
-0.159,0.172
-0.159,0.172
-0.159,0.172
-0.159,0.172
-0.159,0.172
-0.159,0.172
-0.159,0.172
-0.159,0.172
-0.159,0.196
-0.159,0.227
-0.159,0.243
-0.159,0.282
-0.159,0.275
-0.159,0.275
-0.159,0.275
-0.159,0.275
-0.159,0.275
-0.159,0.275
-0.159,0.275
-0.159,0.275
-0.159,0.275
-0.159,0.275
-0.159,0.275
-0.159,0.275
-0.159,0.275
-0.159,0.275
-0.159,0.275
-0.159,0.275
-0.159,0.275
-0.159,0.275
-0.159,0.275
-0.159,0.275
-0.159,0.275
-0.159,0.275
-0.159,0.275
-0.159,0.275
-0.159,0.275
-0.159,0.275
-0.159,0.275
-0.159,0.275
-0.159,0.267
-0.159,0.227
-0.159,0.227
-0.159,0.235
-0.159,0.243
-0.159,0.211
-0.159,0.235
-0.159,0.211
-0.159,0.211
-0.159,0.211
-0.159,0.227
-0.159,0.227
-0.159,0.204
-0.159,0.204
-0.159,0.204
-0.159,0.204
-0.159,0.204
-0.159,0.204
-0.159,0.204
-0.159,0.204
-0.159,0.204
-0.159,0.204
-0.159,0.204
-0.159,0.204
-0.159,0.227
-0.159,0.196
-0.159,0.227
-0.159,0.227
-0.159,0.227
-0.159,0.227
-0.159,0.204
-0.159,0.204
-0.159,0.204
-0.159,0.204
-0.159,0.204
-0.159,0.204
-0.159,0.204
-0.159,0.204
-0.159,0.204
-0.159,0.196
-0.159,0.196
-0.159,0.196
-0.159,0.196
-0.159,0.196
-0.159,0.196
-0.159,0.196
-0.159,0.235
-0.159,0.235
-0.159,0.243
-0.159,0.243
-0.159,0.235
-0.159,0.235
-0.159,0.243
-0.159,0.251
-0.159,0.251
-0.159,0.251
-0.159,0.29
-0.159,0.306
-0.159,0.29
-0.159,0.29
-0.159,0.314
-0.159,0.29
-0.159,0.29
-0.159,0.29
-0.159,0.29
-0.159,0.29
-0.159,0.314
-0.159,0.314
-0.159,0.314
-0.159,0.314
-0.119,0.314
-0.071,0.314
-0.039,0.314
-0.007,0.314
0.0,0.314
0.0,0.314
0.0,0.314
0.0,0.314
0.0,0.314
0.0,0.314
0.022,0.314
0.046,0.314
0.085,0.314
0.093,0.314
0.093,0.314
0.101,0.314
0.117,0.314
0.125,0.314
0.156,0.314
0.164,0.314
0.164,0.314
0.164,0.314
0.164,0.314
0.164,0.314
0.172,0.314
0.172,0.314
0.188,0.314
0.188,0.314
0.196,0.314
0.196,0.314
0.196,0.314
0.196,0.314
0.196,0.314
0.196,0.314
0.196,0.314
0.196,0.314
0.196,0.314
0.196,0.282
0.196,0.251
0.196,0.282
0.196,0.251
0.196,0.251
0.196,0.251
0.196,0.251
0.196,0.227
0.196,0.227
0.117,0.227
0.038,0.227
0.022,0.227
0.006,0.227
0.0,0.227
0.0,0.227
0.0,0.227
0.0,0.227
0.0,0.211
0.0,0.235
-0.039,0.235
-0.087,0.235
-0.111,0.235
-0.135,0.235
-0.143,0.235
-0.143,0.235
-0.167,0.235
-0.167,0.235
-0.167,0.235
-0.183,0.235
-0.191,0.235
-0.207,0.235
-0.207,0.235
-0.207,0.235
-0.247,0.235
-0.271,0.235
-0.271,0.235
-0.271,0.235
-0.271,0.235
-0.271,0.211
-0.271,0.211
-0.271,0.227
-0.271,0.227
-0.271,0.204
-0.271,0.204
-0.271,0.204
-0.271,0.196
-0.271,0.196
-0.271,0.211
-0.271,0.211
-0.271,0.211
-0.271,0.211
-0.271,0.211
-0.271,0.211
-0.271,0.211
-0.271,0.211
-0.271,0.211
-0.271,0.211
-0.271,0.211
-0.271,0.211
-0.271,0.211
-0.271,0.211
-0.271,0.211
-0.271,0.211
-0.271,0.211
-0.271,0.211
-0.271,0.211
-0.271,0.211
-0.271,0.211
-0.271,0.211
-0.271,0.211
-0.271,0.211
-0.271,0.211
-0.271,0.211
-0.271,0.211
-0.271,0.211
-0.271,0.211
-0.271,0.211
-0.271,0.211
-0.271,0.211
-0.271,0.211
-0.271,0.211
-0.271,0.211
-0.271,0.227
-0.271,0.227
-0.271,0.196
-0.271,0.188
-0.271,0.204
-0.271,0.172
-0.271,0.196
-0.271,0.164
-0.271,0.156
-0.271,0.172
-0.271,0.164
-0.271,0.164
-0.271,0.156
-0.271,0.156
-0.271,0.156
-0.271,0.156
-0.271,0.156
-0.271,0.156
-0.271,0.156
-0.271,0.156
-0.271,0.156
-0.271,0.156
-0.271,0.156
-0.271,0.156
-0.271,0.156
-0.271,0.156
-0.271,0.156
-0.271,0.156
-0.271,0.156
-0.271,0.156
-0.271,0.156
-0.271,0.156
-0.271,0.156
-0.271,0.156
-0.271,0.156
-0.271,0.156
-0.271,0.156
-0.271,0.156
-0.271,0.156
-0.271,0.156
-0.271,0.156
-0.271,0.156
-0.271,0.156
-0.247,0.156
-0.207,0.156
-0.183,0.196
-0.159,0.204
-0.143,0.211
-0.135,0.196
-0.135,0.196
-0.135,0.204
-0.135,0.204
-0.135,0.204
-0.135,0.211
-0.135,0.227
-0.135,0.227
-0.135,0.188
-0.135,0.211
-0.135,0.211
-0.167,0.243
-0.207,0.306
-0.271,0.314
-0.367,0.322
-0.455,0.361
-0.463,0.424
-0.463,0.527
-0.503,0.614
-0.511,0.622
-0.511,0.622
-0.527,0.661
-0.527,0.693
-0.535,0.693
-0.583,0.716
-0.599,0.724
-0.607,0.74
-0.607,0.764
-0.599,0.78
-0.599,0.78
-0.599,0.78
-0.623,0.78
-0.599,0.78
-0.599,0.78
-0.599,0.78
-0.599,0.78
-0.599,0.78
-0.623,0.78
-0.623,0.78
-0.623,0.78
-0.639,0.78
-0.639,0.78
-0.647,0.78
-0.647,0.78
-0.647,0.78
-0.647,0.78
-0.647,0.78
-0.647,0.78
-0.647,0.78
-0.647,0.78
-0.647,0.78
-0.647,0.78
-0.671,0.78
-0.671,0.78
-0.671,0.78
-0.671,0.78
-0.671,0.78
-0.671,0.78
-0.687,0.78
-0.695,0.78
-0.711,0.78
-0.711,0.78
-0.711,0.78
-0.735,0.78
-0.735,0.78
-0.735,0.78
-0.735,0.78
-0.735,0.78
-0.735,0.78
-0.735,0.78
-0.735,0.78
-0.735,0.78
-0.735,0.78
-0.735,0.78
-0.735,0.78
-0.735,0.78
-0.743,0.78
-0.743,0.78
-0.743,0.78
-0.743,0.78
-0.743,0.78
-0.743,0.78
-0.743,0.78
-0.743,0.78
-0.743,0.78
-0.743,0.78
-0.743,0.78
-0.743,0.78
-0.743,0.78
-0.743,0.78
-0.743,0.78
-0.743,0.78
-0.759,0.78
-0.759,0.78
-0.759,0.78
-0.759,0.78
-0.759,0.78
-0.759,0.78
-0.759,0.78
-0.759,0.78
-0.759,0.78
-0.759,0.78
-0.759,0.78
-0.759,0.78
-0.759,0.78
-0.759,0.78
-0.759,0.78
-0.759,0.78
-0.735,0.78
-0.735,0.78
-0.687,0.78
-0.663,0.756
-0.639,0.74
-0.623,0.732
-0.623,0.732
-0.623,0.732
-0.623,0.724
-0.623,0.724
-0.623,0.724
-0.623,0.724
-0.623,0.724
-0.623,0.716
-0.623,0.74
-0.623,0.716
-0.623,0.716
-0.623,0.716
-0.623,0.701
-0.623,0.724
-0.623,0.701
-0.623,0.716
-0.623,0.693
-0.647,0.693
-0.647,0.693
-0.647,0.716
-0.647,0.693
-0.647,0.693
-0.647,0.693
-0.647,0.693
-0.623,0.693
-0.623,0.693
-0.623,0.693
-0.623,0.693
-0.623,0.693
-0.623,0.693
-0.623,0.693
-0.623,0.693
-0.623,0.693
-0.623,0.693
-0.623,0.693
-0.647,0.693
-0.647,0.693
-0.647,0.693
-0.647,0.693
-0.647,0.693
-0.647,0.693
-0.647,0.693
-0.647,0.693
-0.647,0.693
-0.647,0.693
-0.647,0.693
-0.663,0.693
-0.695,0.693
-0.671,0.693
-0.671,0.693
-0.671,0.693
-0.671,0.693
-0.671,0.693
-0.695,0.693
-0.695,0.693
-0.695,0.693
-0.695,0.693
-0.695,0.693
-0.695,0.693
-0.695,0.693
-0.695,0.693
-0.695,0.693
-0.695,0.693
-0.695,0.693
-0.695,0.693
-0.695,0.693
-0.695,0.693
-0.695,0.716
-0.695,0.716
-0.695,0.716
-0.695,0.716
-0.695,0.716
-0.695,0.716
-0.695,0.716
-0.695,0.716
-0.695,0.724
-0.695,0.724
-0.695,0.74
-0.695,0.74
-0.695,0.756
-0.695,0.772
-0.695,0.78
-0.695,0.78
-0.695,0.78
-0.695,0.78
-0.695,0.78
-0.695,0.78
-0.695,0.78
-0.695,0.78
-0.695,0.78
-0.695,0.78
-0.695,0.78
-0.695,0.78
-0.695,0.78
-0.695,0.78
-0.695,0.78
-0.695,0.78
-0.695,0.78
-0.695,0.78
-0.695,0.78
-0.695,0.78
-0.695,0.78
-0.695,0.78
-0.695,0.78
-0.695,0.78
-0.695,0.78
-0.695,0.78
-0.695,0.78
-0.695,0.78
-0.695,0.78
-0.695,0.78
-0.695,0.78
-0.695,0.78
-0.695,0.78
-0.695,0.78
-0.695,0.78
-0.695,0.78
-0.695,0.78
-0.695,0.78
-0.695,0.78
-0.695,0.78
-0.695,0.78
-0.695,0.78
-0.695,0.78
-0.695,0.78
-0.695,0.78
-0.695,0.78
-0.695,0.78
-0.695,0.78
-0.695,0.78
-0.695,0.78
-0.695,0.78
-0.695,0.78
-0.695,0.78
-0.695,0.78
-0.695,0.78
-0.695,0.78
-0.695,0.78
-0.695,0.78
-0.695,0.78
-0.695,0.78
-0.695,0.78
-0.695,0.78
-0.695,0.78
-0.695,0.78
-0.695,0.78
-0.695,0.78
-0.695,0.78
-0.695,0.78
-0.695,0.78
-0.695,0.78
-0.695,0.78
-0.695,0.78
-0.695,0.78
-0.695,0.78
-0.695,0.78
-0.695,0.78
-0.695,0.78
-0.695,0.78
-0.695,0.78
-0.695,0.78
-0.695,0.78
-0.695,0.78
-0.695,0.78
-0.695,0.78
-0.695,0.78
-0.695,0.78
-0.695,0.78
-0.695,0.78
-0.695,0.78
-0.711,0.78
-0.711,0.78
-0.719,0.78
-0.735,0.78
-0.735,0.78
-0.743,0.78
-0.759,0.78
-0.759,0.78
-0.759,0.78
-0.759,0.78
-0.759,0.78
-0.767,0.78
-0.767,0.78
-0.767,0.78
-0.767,0.78
-0.767,0.78
-0.767,0.78
-0.767,0.78
-0.767,0.78
-0.767,0.78
-0.767,0.78
-0.767,0.78
-0.783,0.78
-0.783,0.78
-0.783,0.78
-0.783,0.78
-0.783,0.78
-0.783,0.78
-0.791,0.78
-0.791,0.78
-0.791,0.78
-0.791,0.78
-0.791,0.78
-0.807,0.78
-0.823,0.78
-0.823,0.78
-0.823,0.78
-0.831,0.78
-0.831,0.78
-0.831,0.78
-0.831,0.78
-0.831,0.78
-0.831,0.78
-0.831,0.78
-0.831,0.78
-0.831,0.78
-0.831,0.78
-0.831,0.78
-0.831,0.78
-0.831,0.78
-0.831,0.78
-0.831,0.78
-0.831,0.78
-0.831,0.78
-0.831,0.78
-0.831,0.756
-0.831,0.724
-0.831,0.716
-0.831,0.724
-0.831,0.732
-0.831,0.693
-0.831,0.716
-0.831,0.677
-0.831,0.677
-0.831,0.685
-0.831,0.677
-0.831,0.653
-0.831,0.645
-0.831,0.645
-0.831,0.653
-0.831,0.653
-0.831,0.677
-0.831,0.661
-0.831,0.661
-0.831,0.661
-0.831,0.661
-0.831,0.661
-0.831,0.661
-0.831,0.661
-0.831,0.661
-0.831,0.661
-0.831,0.661
-0.831,0.661
-0.831,0.661
-0.831,0.661
-0.831,0.661
-0.831,0.661
-0.831,0.661
-0.831,0.661
-0.831,0.661
-0.831,0.661
-0.831,0.661
-0.831,0.653
-0.831,0.653
-0.831,0.653
-0.831,0.653
-0.831,0.653
-0.831,0.653
-0.831,0.653
-0.831,0.653
-0.831,0.653
-0.831,0.653
-0.831,0.653
-0.831,0.653
-0.831,0.653
-0.831,0.653
-0.831,0.653
-0.831,0.653
-0.831,0.653
-0.831,0.653
-0.831,0.653
-0.831,0.653
-0.831,0.653
-0.831,0.653
-0.831,0.653
-0.831,0.653
-0.831,0.653
-0.831,0.653
-0.831,0.653
-0.831,0.653
-0.831,0.653
-0.831,0.653
-0.831,0.653
-0.831,0.653
-0.831,0.653
-0.831,0.653
-0.831,0.653
-0.831,0.653
-0.831,0.653
-0.831,0.653
-0.831,0.653
-0.831,0.653
-0.831,0.653
-0.831,0.653
-0.831,0.653
-0.831,0.653
-0.831,0.653
-0.831,0.653
-0.831,0.653
-0.831,0.653
-0.831,0.653
-0.831,0.653
-0.831,0.653
-0.831,0.653
-0.831,0.653
-0.831,0.653
-0.831,0.653
-0.831,0.653
-0.831,0.653
-0.831,0.653
-0.831,0.653
-0.831,0.653
-0.831,0.653
-0.831,0.653
-0.831,0.653
-0.831,0.653
-0.831,0.653
-0.831,0.653
-0.831,0.653
-0.831,0.653
-0.831,0.653
-0.831,0.653
-0.831,0.653
-0.831,0.653
-0.831,0.653
-0.831,0.653
-0.831,0.653
-0.831,0.653
-0.831,0.653
-0.831,0.653
-0.831,0.653
-0.831,0.653
-0.831,0.653
-0.831,0.653
-0.831,0.653
-0.831,0.653
-0.831,0.653
-0.831,0.653
-0.831,0.653
-0.831,0.653
-0.831,0.653
-0.831,0.653
-0.831,0.653
-0.831,0.653
-0.831,0.653
-0.831,0.653
-0.831,0.653
-0.831,0.653
-0.831,0.653
-0.831,0.653
-0.831,0.653
-0.831,0.653
-0.831,0.653
-0.831,0.653
-0.831,0.653
-0.831,0.653
-0.831,0.653
-0.831,0.653
-0.831,0.653
-0.831,0.653
-0.831,0.653
-0.831,0.653
-0.831,0.653
-0.831,0.653
-0.831,0.653
-0.831,0.685
-0.831,0.693
-0.831,0.716
-0.831,0.732
-0.831,0.732
-0.831,0.74
-0.831,0.74
-0.831,0.756
-0.831,0.795
-0.831,0.795
-0.831,0.795
-0.831,0.795
-0.831,0.795
-0.831,0.795
-0.831,0.795
-0.831,0.795
-0.831,0.795
-0.831,0.795
-0.831,0.795
-0.831,0.795
-0.831,0.795
-0.831,0.803
-0.831,0.803
-0.831,0.803
-0.831,0.803
-0.831,0.803
-0.831,0.803
-0.831,0.803
-0.831,0.803
-0.831,0.803
-0.831,0.772
-0.831,0.724
-0.831,0.661
-0.831,0.661
-0.831,0.638
-0.831,0.614
-0.831,0.606
-0.831,0.606
-0.831,0.606
-0.831,0.582
-0.831,0.551
-0.831,0.527
-0.807,0.527
-0.791,0.527
-0.767,0.527
-0.767,0.535
-0.759,0.511
-0.759,0.511
-0.759,0.511
-0.759,0.511
-0.759,0.511
-0.759,0.543
-0.759,0.511
-0.759,0.511
-0.743,0.511
-0.735,0.511
-0.735,0.535
-0.735,0.535
-0.735,0.535
-0.735,0.535
-0.735,0.535
-0.735,0.535
-0.719,0.535
-0.719,0.535
-0.695,0.535
-0.695,0.535
-0.695,0.511
-0.687,0.511
-0.687,0.511
-0.687,0.511
-0.687,0.511
-0.687,0.511
-0.687,0.527
-0.711,0.527
-0.687,0.527
-0.687,0.527
-0.687,0.527
-0.687,0.527
-0.671,0.527
-0.695,0.527
-0.695,0.527
-0.695,0.527
-0.695,0.527
-0.695,0.527
-0.695,0.527
-0.671,0.527
-0.671,0.527
-0.687,0.527
-0.647,0.527
-0.671,0.527
-0.671,0.527
-0.671,0.527
-0.647,0.527
-0.647,0.527
-0.647,0.527
-0.663,0.527
-0.639,0.527
-0.639,0.527
-0.639,0.527
-0.623,0.527
-0.607,0.527
-0.607,0.527
-0.607,0.527
-0.607,0.527
-0.599,0.527
-0.599,0.527
-0.599,0.527
-0.583,0.527
-0.583,0.527
-0.583,0.527
-0.575,0.527
-0.559,0.527
-0.559,0.527
-0.559,0.527
-0.559,0.527
-0.559,0.527
-0.559,0.527
-0.559,0.527
-0.559,0.527
-0.559,0.527
-0.559,0.527
-0.559,0.527
-0.559,0.527
-0.559,0.527
-0.559,0.527
-0.559,0.527
-0.535,0.527
-0.535,0.527
-0.511,0.527
-0.503,0.527
-0.503,0.527
-0.487,0.527
-0.487,0.527
-0.487,0.527
-0.487,0.527
-0.463,0.527
-0.463,0.527
-0.455,0.527
-0.439,0.527
-0.439,0.527
-0.439,0.527
-0.463,0.527
-0.439,0.527
-0.439,0.527
-0.439,0.527
-0.439,0.527
-0.431,0.527
-0.431,0.527
-0.431,0.527
-0.431,0.527
-0.431,0.527
-0.431,0.527
-0.431,0.527
-0.431,0.527
-0.431,0.527
-0.431,0.527
-0.415,0.527
-0.415,0.527
-0.415,0.527
-0.415,0.527
-0.415,0.527
-0.415,0.527
-0.439,0.527
-0.439,0.527
-0.439,0.527
-0.439,0.527
-0.439,0.527
-0.439,0.527
-0.439,0.527
-0.439,0.527
-0.439,0.527
-0.439,0.527
-0.439,0.527
-0.439,0.527
-0.439,0.527
-0.439,0.527
-0.439,0.527
-0.439,0.527
-0.439,0.527
-0.439,0.527
-0.439,0.527
-0.439,0.527
-0.439,0.527
-0.439,0.527
-0.439,0.527
-0.439,0.527
-0.439,0.527
-0.439,0.527
-0.439,0.527
-0.439,0.527
-0.439,0.527
-0.439,0.527
-0.439,0.527
-0.439,0.527
-0.439,0.527
-0.439,0.527
-0.439,0.527
-0.439,0.527
-0.439,0.527
-0.439,0.527
-0.439,0.527
-0.439,0.527
-0.439,0.527
-0.439,0.527
-0.439,0.527
-0.439,0.527
-0.439,0.527
-0.439,0.527
-0.439,0.527
-0.439,0.527
-0.439,0.527
-0.439,0.527
-0.439,0.527
-0.439,0.527
-0.439,0.527
-0.439,0.527
-0.439,0.527
-0.439,0.527
-0.439,0.527
-0.439,0.527
-0.439,0.527
-0.439,0.527
-0.439,0.527
-0.439,0.527
-0.439,0.527
-0.439,0.527
-0.439,0.527
-0.439,0.527
-0.439,0.535
-0.439,0.535
-0.439,0.535
-0.439,0.535
-0.439,0.535
-0.439,0.535
-0.439,0.535
-0.439,0.535
-0.439,0.535
-0.439,0.535
-0.439,0.535
-0.439,0.535
-0.439,0.535
-0.439,0.535
-0.439,0.535
-0.439,0.535
-0.439,0.535
-0.439,0.535
-0.439,0.535
-0.439,0.535
-0.439,0.535
-0.439,0.535
-0.439,0.535
-0.439,0.535
-0.439,0.535
-0.439,0.535
-0.439,0.535
-0.439,0.535
-0.439,0.535
-0.439,0.574
-0.439,0.582
-0.439,0.551
-0.439,0.574
-0.439,0.59
-0.439,0.59
-0.439,0.574
-0.439,0.574
-0.439,0.574
-0.439,0.574
-0.439,0.574
-0.439,0.574
-0.439,0.574
-0.439,0.574
-0.439,0.574
-0.439,0.574
-0.439,0.574
-0.439,0.574
-0.439,0.574
-0.439,0.574
-0.439,0.574
-0.439,0.574
-0.439,0.574
-0.439,0.574
-0.439,0.574
-0.439,0.574
-0.439,0.574
-0.439,0.574
-0.439,0.574
-0.439,0.574
-0.439,0.574
-0.439,0.543
-0.439,0.535
-0.439,0.551
-0.439,0.551
-0.439,0.527
-0.439,0.503
-0.439,0.503
-0.439,0.495
-0.439,0.488
-0.439,0.472
-0.439,0.488
-0.439,0.456
-0.439,0.432
-0.439,0.424
-0.439,0.417
-0.439,0.417
-0.439,0.417
-0.439,0.417
-0.439,0.417
-0.439,0.417
-0.439,0.401
-0.439,0.424
-0.439,0.393
-0.439,0.393
-0.439,0.393
-0.439,0.417
-0.439,0.401
-0.439,0.401
-0.439,0.401
-0.439,0.393
-0.439,0.393
-0.439,0.393
-0.439,0.417
-0.439,0.417
-0.439,0.417
-0.439,0.417
-0.439,0.417
-0.439,0.417
-0.439,0.417
-0.439,0.417
-0.439,0.417
-0.439,0.417
-0.439,0.417
-0.439,0.417
-0.439,0.417
-0.439,0.417
-0.439,0.417
-0.439,0.417
-0.439,0.417
-0.439,0.417
-0.439,0.417
-0.439,0.417
-0.439,0.417
-0.439,0.417
-0.439,0.417
-0.439,0.417
-0.439,0.417
-0.439,0.417
-0.439,0.417
-0.439,0.417
-0.439,0.417
-0.439,0.417
-0.439,0.417
-0.439,0.417
-0.439,0.417
-0.439,0.417
-0.439,0.417
-0.439,0.417
-0.439,0.417
-0.439,0.417
-0.439,0.417
-0.439,0.417
-0.439,0.417
-0.439,0.417
-0.439,0.417
-0.439,0.417
-0.439,0.417
-0.439,0.417
-0.439,0.417
-0.439,0.417
-0.439,0.417
-0.439,0.417
-0.439,0.417
-0.439,0.417
-0.439,0.417
-0.439,0.417
-0.439,0.417
-0.439,0.417
-0.439,0.417
-0.439,0.417
-0.439,0.417
-0.439,0.417
-0.439,0.417
-0.439,0.417
-0.439,0.417
-0.439,0.417
-0.439,0.417
-0.439,0.417
-0.439,0.417
-0.439,0.417
-0.439,0.417
-0.439,0.417
-0.439,0.417
-0.439,0.417
-0.439,0.417
-0.439,0.417
-0.439,0.417
-0.439,0.417
-0.439,0.417
-0.439,0.417
-0.439,0.417
-0.439,0.417
-0.439,0.417
-0.439,0.417
-0.439,0.417
-0.439,0.417
-0.439,0.417
-0.439,0.417
-0.439,0.417
-0.439,0.417
-0.439,0.417
-0.439,0.417
-0.439,0.417
-0.439,0.417
-0.439,0.417
-0.439,0.417
-0.439,0.417
-0.439,0.417
-0.439,0.417
-0.439,0.417
-0.439,0.417
-0.439,0.417
-0.439,0.417
-0.439,0.417
-0.439,0.417
-0.439,0.417
-0.439,0.417
-0.439,0.417
-0.439,0.417
-0.439,0.417
-0.439,0.417
-0.439,0.417
-0.439,0.417
-0.439,0.417
-0.439,0.417
-0.439,0.417
-0.439,0.417
-0.439,0.417
-0.439,0.417
-0.439,0.417
-0.439,0.417
-0.439,0.417
-0.439,0.417
-0.439,0.417
-0.439,0.417
-0.439,0.417
-0.439,0.417
-0.439,0.417
-0.439,0.417
-0.439,0.417
-0.439,0.417
-0.439,0.417
-0.439,0.417
-0.439,0.417
-0.439,0.417
-0.439,0.417
-0.439,0.417
-0.439,0.393
-0.439,0.385
-0.439,0.385
-0.439,0.385
-0.439,0.377
-0.439,0.377
-0.439,0.377
-0.439,0.377
-0.439,0.377
-0.439,0.377
-0.439,0.377
-0.439,0.377
-0.439,0.377
-0.439,0.377
-0.439,0.377
-0.439,0.377
-0.439,0.377
-0.439,0.377
-0.439,0.377
-0.439,0.377
-0.439,0.377
-0.439,0.377
-0.399,0.377
-0.343,0.377
-0.303,0.377
-0.279,0.377
-0.271,0.353
-0.271,0.346
-0.255,0.377
-0.255,0.346
-0.255,0.338
-0.255,0.322
-0.247,0.322
-0.231,0.346
-0.207,0.322
-0.191,0.338
-0.191,0.322
-0.191,0.322
-0.183,0.322
-0.183,0.322
-0.183,0.322
-0.183,0.322
-0.183,0.322
-0.183,0.322
-0.167,0.338
-0.143,0.306
-0.143,0.275
-0.143,0.267
-0.167,0.267
-0.167,0.29
-0.167,0.29
-0.167,0.29
-0.167,0.29
-0.167,0.29
-0.167,0.29
-0.167,0.29
-0.167,0.29
-0.167,0.29
-0.167,0.29
-0.167,0.29
-0.167,0.29
-0.167,0.29
-0.167,0.29
-0.167,0.29
-0.167,0.29
-0.167,0.29
-0.167,0.29
-0.167,0.29
-0.167,0.29
-0.167,0.29
-0.167,0.29
-0.167,0.29
-0.167,0.29
-0.167,0.29
-0.167,0.29
-0.167,0.29
-0.167,0.29
-0.167,0.29
-0.167,0.29
-0.167,0.29
-0.167,0.29
-0.167,0.29
-0.167,0.29
-0.167,0.29
-0.167,0.29
-0.167,0.29
-0.167,0.29
-0.167,0.29
-0.167,0.29
-0.167,0.29
-0.167,0.29
-0.167,0.29
-0.167,0.29
-0.167,0.29
-0.167,0.29
-0.167,0.29
-0.167,0.29
-0.167,0.29
-0.167,0.29
-0.167,0.29
-0.167,0.29
-0.167,0.29
-0.167,0.29
-0.167,0.29
-0.167,0.29
-0.167,0.29
-0.167,0.29
-0.167,0.29
-0.167,0.29
-0.167,0.29
-0.167,0.29
-0.167,0.29
-0.167,0.29
-0.167,0.29
-0.167,0.29
-0.167,0.29
-0.167,0.29
-0.167,0.29
-0.167,0.29
-0.167,0.29
-0.167,0.29
-0.167,0.29
-0.167,0.29
-0.167,0.29
-0.167,0.29
-0.167,0.29
-0.167,0.29
-0.167,0.29
-0.167,0.29
-0.167,0.29
-0.167,0.29
-0.167,0.29
-0.167,0.29
-0.167,0.29
-0.167,0.29
-0.167,0.29
-0.167,0.29
-0.167,0.29
-0.167,0.29
-0.167,0.29
-0.167,0.29
-0.167,0.29
-0.167,0.29
-0.167,0.29
-0.167,0.29
-0.167,0.29
-0.167,0.29
-0.167,0.29
-0.167,0.29
-0.167,0.29
-0.167,0.29
-0.167,0.29
-0.167,0.29
-0.167,0.29
-0.167,0.29
-0.167,0.29
-0.167,0.29
-0.167,0.29
-0.167,0.29
-0.167,0.29
-0.167,0.29
-0.167,0.29
-0.167,0.29
-0.167,0.29
-0.167,0.29
-0.167,0.29
-0.167,0.29
-0.167,0.29
-0.167,0.29
-0.167,0.29
-0.167,0.29
-0.167,0.314
-0.167,0.346
-0.167,0.353
-0.167,0.353
-0.167,0.353
-0.167,0.353
-0.167,0.353
-0.167,0.353
-0.167,0.353
-0.167,0.353
-0.167,0.353
-0.167,0.353
-0.167,0.353
-0.167,0.353
-0.167,0.353
-0.167,0.353
-0.167,0.353
-0.167,0.353
-0.167,0.353
-0.167,0.353
-0.167,0.353
-0.167,0.353
-0.167,0.353
-0.167,0.353
-0.167,0.353
-0.167,0.353
-0.167,0.353
-0.167,0.353
-0.167,0.353
-0.167,0.353
-0.167,0.353
-0.167,0.353
-0.167,0.353
-0.167,0.353
-0.167,0.353
-0.167,0.353
-0.167,0.353
-0.167,0.353
-0.167,0.353
-0.167,0.353
-0.167,0.353
-0.167,0.353
-0.167,0.353
-0.167,0.353
-0.167,0.353
-0.167,0.353
-0.167,0.353
-0.167,0.353
-0.167,0.353
-0.167,0.353
-0.167,0.353
-0.167,0.353
-0.167,0.353
-0.167,0.353
-0.167,0.353
-0.167,0.353
-0.167,0.353
-0.167,0.353
-0.167,0.353
-0.167,0.353
-0.167,0.353
-0.167,0.353
-0.167,0.353
-0.167,0.353
-0.167,0.353
-0.167,0.353
-0.167,0.353
-0.167,0.353
-0.167,0.353
-0.167,0.353
-0.167,0.353
-0.167,0.353
-0.167,0.353
-0.167,0.353
-0.167,0.353
-0.167,0.353
-0.167,0.353
-0.167,0.353
-0.167,0.353
-0.167,0.353
-0.167,0.353
-0.167,0.353
-0.167,0.353
-0.167,0.353
-0.167,0.353
-0.167,0.353
-0.167,0.353
-0.167,0.353
-0.167,0.353
-0.167,0.353
-0.167,0.353
-0.167,0.353
-0.167,0.353
-0.167,0.353
-0.167,0.353
-0.167,0.353
-0.167,0.353
-0.167,0.353
-0.167,0.353
-0.167,0.353
-0.167,0.353
-0.167,0.353
-0.167,0.353
-0.167,0.353
-0.167,0.353
-0.167,0.353
-0.135,0.353
-0.135,0.353
-0.111,0.353
-0.111,0.353
-0.111,0.353
-0.135,0.353
-0.135,0.353
-0.135,0.353
-0.135,0.353
-0.135,0.353
-0.135,0.353
-0.111,0.353
-0.111,0.353
-0.095,0.353
-0.095,0.353
-0.095,0.353
-0.095,0.353
-0.087,0.353
-0.087,0.353
-0.087,0.353
-0.087,0.353
-0.087,0.353
-0.087,0.353
-0.087,0.353
-0.071,0.353
-0.071,0.353
-0.071,0.353
-0.063,0.353
-0.087,0.353
-0.087,0.353
-0.087,0.353
-0.087,0.353
-0.087,0.353
-0.087,0.353
-0.087,0.353
-0.087,0.353
-0.087,0.353
-0.087,0.353
-0.087,0.353
-0.087,0.353
-0.087,0.353
-0.087,0.353
-0.087,0.353
-0.087,0.353
-0.087,0.353
-0.087,0.353
-0.087,0.353
-0.087,0.353
-0.087,0.353
-0.087,0.353
-0.087,0.353
-0.087,0.353
-0.087,0.353
-0.087,0.353
-0.087,0.353
-0.087,0.353
-0.087,0.353
-0.087,0.353
-0.087,0.353
-0.087,0.353
-0.087,0.353
-0.087,0.353
-0.087,0.353
-0.087,0.353
-0.087,0.353
-0.087,0.353
-0.087,0.353
-0.087,0.353
-0.087,0.353
-0.087,0.353
-0.087,0.353
-0.087,0.353
-0.087,0.353
-0.087,0.353
-0.087,0.353
-0.087,0.353
-0.087,0.353
-0.087,0.353
-0.087,0.353
-0.087,0.353
-0.087,0.353
-0.087,0.353
-0.087,0.353
-0.087,0.353
-0.087,0.353
-0.087,0.353
-0.087,0.353
-0.087,0.353
-0.087,0.353
-0.087,0.353
-0.087,0.353
-0.087,0.353
-0.087,0.353
-0.087,0.353
-0.087,0.353
-0.087,0.353
-0.087,0.353
-0.087,0.353
-0.087,0.353
-0.087,0.353
-0.087,0.353
-0.087,0.353
-0.087,0.353
-0.087,0.353
-0.087,0.353
-0.087,0.353
-0.087,0.353
-0.087,0.353
-0.087,0.353
-0.087,0.353
-0.087,0.353
-0.087,0.353
-0.087,0.353
-0.087,0.353
-0.087,0.353
-0.087,0.353
-0.087,0.353
-0.087,0.353
-0.087,0.353
-0.087,0.353
-0.087,0.353
-0.087,0.353
-0.087,0.353
-0.087,0.353
-0.087,0.353
-0.087,0.353
-0.087,0.353
-0.087,0.353
-0.087,0.353
-0.087,0.353
-0.087,0.353
-0.087,0.353
-0.087,0.353
-0.087,0.353
-0.087,0.353
-0.087,0.267
-0.087,0.235
-0.087,0.235
-0.087,0.227
-0.087,0.227
-0.087,0.227
-0.087,0.227
-0.087,0.227
-0.087,0.227
-0.087,0.211
-0.087,0.227
-0.087,0.235
-0.087,0.227
-0.087,0.227
-0.087,0.227
-0.087,0.227
-0.087,0.227
-0.087,0.227
-0.087,0.227
-0.087,0.227
-0.087,0.227
-0.087,0.227
-0.087,0.227
-0.087,0.227
-0.087,0.227
-0.087,0.227
-0.087,0.227
-0.087,0.227
-0.087,0.227
-0.087,0.227
-0.087,0.227
-0.087,0.227
-0.087,0.227
-0.087,0.227
-0.087,0.227
-0.087,0.227
-0.087,0.227
-0.087,0.227
-0.087,0.227
-0.087,0.227
-0.087,0.227
-0.087,0.227
-0.087,0.227
-0.087,0.227
-0.087,0.227
-0.087,0.227
-0.087,0.227
-0.087,0.227
-0.087,0.227
-0.087,0.227
-0.087,0.227
-0.087,0.227
-0.087,0.227
-0.087,0.227
-0.087,0.227
-0.087,0.227
-0.087,0.227
-0.087,0.227
-0.087,0.227
-0.087,0.227
-0.087,0.227
-0.087,0.227
-0.087,0.196
-0.087,0.196
-0.087,0.196
-0.087,0.196
-0.087,0.196
-0.087,0.196
-0.087,0.196
-0.087,0.196
-0.087,0.188
-0.087,0.188
-0.087,0.172
-0.087,0.172
-0.087,0.164
-0.087,0.188
-0.087,0.188
-0.087,0.188
-0.087,0.188
-0.087,0.188
-0.087,0.188
-0.087,0.188
-0.087,0.188
-0.087,0.188
-0.087,0.188
-0.087,0.188
-0.087,0.188
-0.087,0.188
-0.087,0.188
-0.087,0.188
-0.087,0.188
-0.087,0.188
-0.087,0.188
-0.087,0.188
-0.087,0.188
-0.087,0.188
-0.087,0.188
-0.087,0.188
-0.087,0.188
-0.087,0.188
-0.087,0.188
-0.087,0.188
-0.087,0.164
-0.087,0.164
-0.087,0.164
-0.087,0.164
-0.087,0.164
-0.087,0.164
-0.087,0.164
-0.087,0.164
-0.087,0.164
-0.087,0.164
-0.087,0.164
-0.087,0.164
-0.087,0.164
-0.087,0.164
-0.087,0.164
-0.087,0.164
-0.087,0.164
-0.087,0.156
-0.087,0.156
-0.087,0.156
-0.087,0.156
-0.087,0.156
-0.087,0.156
-0.087,0.14
-0.087,0.172
-0.087,0.164
-0.087,0.14
-0.087,0.14
-0.087,0.164
-0.087,0.164
-0.087,0.164
-0.087,0.14
-0.087,0.14
-0.087,0.14
-0.087,0.14
-0.087,0.14
-0.087,0.14
-0.087,0.14
-0.087,0.14
-0.087,0.14
-0.087,0.14
-0.087,0.14
-0.087,0.14
-0.087,0.14
-0.087,0.14
-0.087,0.14
-0.087,0.14
-0.087,0.14
-0.087,0.14
-0.087,0.14
-0.087,0.14
-0.087,0.14
-0.087,0.14
-0.087,0.14
-0.087,0.14
-0.087,0.14
-0.087,0.156
-0.087,0.125
-0.087,0.125
-0.087,0.125
-0.087,0.125
-0.087,0.125
-0.087,0.125
-0.087,0.125
-0.087,0.117
-0.087,0.117
-0.087,0.117
-0.087,0.117
-0.087,0.14
-0.087,0.14
-0.087,0.14
-0.087,0.14
-0.087,0.14
-0.087,0.14
-0.087,0.14
-0.087,0.14
-0.087,0.156
-0.087,0.125
-0.087,0.125
-0.087,0.125
-0.087,0.125
-0.087,0.125
-0.087,0.125
-0.087,0.125
-0.087,0.125
-0.087,0.125
-0.087,0.125
-0.087,0.125
-0.087,0.125
-0.087,0.125
-0.087,0.125
-0.087,0.125
-0.087,0.125
-0.087,0.125
-0.087,0.125
-0.087,0.125
-0.087,0.125
-0.087,0.125
-0.087,0.125
-0.087,0.125
-0.087,0.125
-0.087,0.125
-0.087,0.125
-0.087,0.125
-0.087,0.125
-0.087,0.125
-0.087,0.125
-0.087,0.125
-0.087,0.125
-0.087,0.125
-0.087,0.125
-0.087,0.125
-0.087,0.125
-0.087,0.125
-0.087,0.125
-0.087,0.125
-0.087,0.125
-0.087,0.125
-0.087,0.125
-0.087,0.125
-0.087,0.125
-0.087,0.125
-0.087,0.125
-0.087,0.125
-0.087,0.125
-0.087,0.125
-0.087,0.125
-0.087,0.156
-0.087,0.156
-0.087,0.156
-0.087,0.156
-0.087,0.156
-0.087,0.156
-0.087,0.156
-0.087,0.156
-0.087,0.156
-0.087,0.156
-0.087,0.156
-0.087,0.156
-0.087,0.156
-0.087,0.156
-0.087,0.156
-0.087,0.156
-0.087,0.156
-0.087,0.156
-0.087,0.156
-0.087,0.156
-0.087,0.156
-0.087,0.156
-0.087,0.156
-0.087,0.156
-0.087,0.156
-0.087,0.156
-0.087,0.156
-0.087,0.156
-0.087,0.156
-0.087,0.156
-0.087,0.156
-0.087,0.156
-0.087,0.156
-0.087,0.156
-0.087,0.156
-0.087,0.156
-0.087,0.156
-0.087,0.125
-0.087,0.117
-0.087,0.101
-0.087,0.101
-0.087,0.117
-0.087,0.117
-0.087,0.117
-0.087,0.117
-0.087,0.101
-0.087,0.101
-0.087,0.117
-0.087,0.093
-0.087,0.117
-0.087,0.117
-0.087,0.117
-0.087,0.093
-0.087,0.093
-0.087,0.093
-0.087,0.093
-0.087,0.093
-0.087,0.093
-0.087,0.093
-0.087,0.093
-0.087,0.093
-0.087,0.093
-0.087,0.093
-0.087,0.093
-0.087,0.093
-0.087,0.093
-0.087,0.093
-0.087,0.093
-0.087,0.093
-0.087,0.093
-0.087,0.093
-0.087,0.093
-0.087,0.093
-0.087,0.093
-0.087,0.093
-0.087,0.093
-0.087,0.093
-0.087,0.093
-0.087,0.093
-0.087,0.093
-0.087,0.093
-0.087,0.093
-0.087,0.093
-0.087,0.093
-0.087,0.093
-0.087,0.093
-0.087,0.093
-0.087,0.093
-0.087,0.093
-0.087,0.093
-0.087,0.093
-0.087,0.093
-0.087,0.093
-0.087,0.093
-0.087,0.093
-0.087,0.093
-0.087,0.093
-0.087,0.093
-0.087,0.093
-0.087,0.093
-0.087,0.093
-0.087,0.093
-0.087,0.093
-0.087,0.093
-0.087,0.093
-0.087,0.093
-0.087,0.093
-0.087,0.093
-0.087,0.093
-0.087,0.093
-0.087,0.093
-0.087,0.093
-0.087,0.093
-0.087,0.093
-0.087,0.093
-0.087,0.093
-0.087,0.093
-0.087,0.093
-0.087,0.093
-0.087,0.093
-0.087,0.093
-0.087,0.093
-0.087,0.093
-0.087,0.093
-0.087,0.093
-0.087,0.093
-0.087,0.093
-0.087,0.093
-0.087,0.093
-0.087,0.093
-0.087,0.093
-0.087,0.093
-0.087,0.093
-0.087,0.093
-0.087,0.093
-0.087,0.093
-0.087,0.093
-0.087,0.093
-0.087,0.093
-0.087,0.093
-0.087,0.093
-0.087,0.093
-0.087,0.093
-0.087,0.093
-0.087,0.093
-0.087,0.093
-0.087,0.093
-0.087,0.093
-0.087,0.125
-0.087,0.188
-0.087,0.282
-0.087,0.322
-0.087,0.306
-0.087,0.306
-0.087,0.306
-0.159,0.306
-0.271,0.306
-0.319,0.306
-0.319,0.338
-0.327,0.346
-0.343,0.346
-0.351,0.353
-0.399,0.377
-0.439,0.393
-0.439,0.393
-0.439,0.401
-0.439,0.432
-0.439,0.488
-0.439,0.527
-0.439,0.551
-0.455,0.527
-0.463,0.567
-0.479,0.567
-0.479,0.551
-0.479,0.574
-0.479,0.582
-0.479,0.582
-0.479,0.59
-0.479,0.567
-0.479,0.551
-0.479,0.574
-0.487,0.582
-0.487,0.582
-0.487,0.582
-0.487,0.582
-0.487,0.582
-0.487,0.582
-0.487,0.582
-0.487,0.582
-0.487,0.582
-0.487,0.582
-0.463,0.582
-0.455,0.582
-0.439,0.582
-0.439,0.582
-0.431,0.582
-0.415,0.582
-0.415,0.582
-0.399,0.582
-0.399,0.582
-0.399,0.582
-0.399,0.582
-0.399,0.582
-0.391,0.582
-0.391,0.582
-0.375,0.527
-0.399,0.551
-0.399,0.527
-0.375,0.488
-0.367,0.503
-0.351,0.495
-0.327,0.488
-0.351,0.488
-0.343,0.511
-0.343,0.527
-0.343,0.527
-0.343,0.503
-0.343,0.503
-0.343,0.472
-0.343,0.503
-0.343,0.495
-0.343,0.495
-0.343,0.503
-0.343,0.503
-0.343,0.503
-0.343,0.503
-0.343,0.503
-0.343,0.503
-0.343,0.503
-0.343,0.503
-0.343,0.503
-0.343,0.503
-0.343,0.503
-0.343,0.503
-0.351,0.503
-0.391,0.503
-0.391,0.472
-0.391,0.495
-0.399,0.472
-0.415,0.464
-0.391,0.464
-0.391,0.464
-0.431,0.464
-0.431,0.464
-0.439,0.464
-0.455,0.464
-0.455,0.464
-0.455,0.456
-0.463,0.456
-0.479,0.456
-0.503,0.464
-0.511,0.464
-0.527,0.44
-0.535,0.464
-0.551,0.44
-0.551,0.432
-0.559,0.417
-0.559,0.377
-0.559,0.393
-0.575,0.393
-0.575,0.361
-0.575,0.361
-0.575,0.353
-0.575,0.377
-0.575,0.385
-0.575,0.353
-0.575,0.353
-0.575,0.353
-0.575,0.346
-0.575,0.346
-0.575,0.346
-0.575,0.346
-0.575,0.346
-0.575,0.346
-0.575,0.346
-0.575,0.346
-0.575,0.346
-0.575,0.346
-0.575,0.346
-0.575,0.346
-0.575,0.346
-0.575,0.346
-0.575,0.346
-0.575,0.346
-0.575,0.346
-0.575,0.346
-0.575,0.346
-0.583,0.346
-0.583,0.346
-0.583,0.346
-0.583,0.346
-0.583,0.346
-0.583,0.346
-0.583,0.346
-0.583,0.346
-0.583,0.346
-0.583,0.346
-0.583,0.346
-0.583,0.346
-0.583,0.346
-0.583,0.346
-0.583,0.346
-0.583,0.346
-0.583,0.346
-0.583,0.346
-0.583,0.346
-0.583,0.346
-0.583,0.346
-0.583,0.346
-0.583,0.346
-0.583,0.346
-0.583,0.346
-0.583,0.346
-0.583,0.346
-0.583,0.346
-0.583,0.346
-0.583,0.346
-0.583,0.346
-0.583,0.346
-0.583,0.346
-0.583,0.346
-0.583,0.346
-0.583,0.346
-0.583,0.346
-0.583,0.346
-0.583,0.346
-0.583,0.346
-0.583,0.346
-0.583,0.346
-0.583,0.346
-0.583,0.346
-0.583,0.346
-0.583,0.346
-0.583,0.346
-0.583,0.346
-0.583,0.346
-0.583,0.346
-0.583,0.346
-0.583,0.346
-0.583,0.346
-0.583,0.346
-0.583,0.346
-0.583,0.346
-0.583,0.346
-0.583,0.346
-0.583,0.346
-0.583,0.346
-0.607,0.346
-0.671,0.346
-0.695,0.346
-0.695,0.346
-0.695,0.346
-0.695,0.346
-0.695,0.346
-0.695,0.346
-0.695,0.346
-0.695,0.346
-0.695,0.346
-0.695,0.346
-0.695,0.346
-0.671,0.346
-0.607,0.346
-0.583,0.346
-0.575,0.346
-0.559,0.346
-0.559,0.346
-0.551,0.346
-0.551,0.385
-0.551,0.401
-0.551,0.417
-0.551,0.472
-0.551,0.511
-0.551,0.511
-0.551,0.527
-0.551,0.535
-0.551,0.527
-0.487,0.527
-0.439,0.551
-0.439,0.567
-0.463,0.574
-0.463,0.574
-0.463,0.574
-0.463,0.574
-0.463,0.582
-0.463,0.567
-0.463,0.606
-0.463,0.606
-0.463,0.606
-0.463,0.606
-0.463,0.606
-0.463,0.606
-0.463,0.606
-0.463,0.606
-0.463,0.606
-0.463,0.582
-0.463,0.567
-0.463,0.567
-0.463,0.527
-0.463,0.527
-0.463,0.543
-0.463,0.527
-0.463,0.527
-0.463,0.551
-0.463,0.527
-0.463,0.527
-0.463,0.527
-0.463,0.503
-0.463,0.503
-0.463,0.503
-0.463,0.503
-0.463,0.503
-0.463,0.503
-0.463,0.503
-0.463,0.503
-0.463,0.503
-0.463,0.503
-0.463,0.503
-0.463,0.503
-0.463,0.503
-0.463,0.503
-0.463,0.503
-0.463,0.503
-0.463,0.503
-0.463,0.503
-0.463,0.503
-0.463,0.503
-0.463,0.503
-0.463,0.503
-0.463,0.503
-0.463,0.503
-0.463,0.503
-0.463,0.503
-0.463,0.503
-0.463,0.503
-0.463,0.503
-0.463,0.503
-0.463,0.503
-0.463,0.503
-0.463,0.503
-0.463,0.503
-0.463,0.503
-0.463,0.503
-0.463,0.503
-0.463,0.503
-0.463,0.503
-0.463,0.503
-0.463,0.503
-0.463,0.503
-0.463,0.503
-0.463,0.503
-0.463,0.503
-0.463,0.503
-0.463,0.503
-0.463,0.503
-0.463,0.503
-0.463,0.503
-0.463,0.503
-0.463,0.503
-0.463,0.503
-0.463,0.503
-0.463,0.503
-0.463,0.503
-0.463,0.503
-0.463,0.503
-0.463,0.503
-0.463,0.503
-0.463,0.503
-0.463,0.503
-0.463,0.503
-0.463,0.503
-0.463,0.503
-0.463,0.503
-0.463,0.503
-0.455,0.503
-0.455,0.503
-0.455,0.503
-0.455,0.503
-0.455,0.503
-0.455,0.503
-0.455,0.503
-0.455,0.503
-0.455,0.503
-0.455,0.503
-0.455,0.503
-0.455,0.503
-0.455,0.503
-0.455,0.503
-0.455,0.503
-0.455,0.503
-0.455,0.503
-0.455,0.503
-0.455,0.503
-0.455,0.503
-0.455,0.503
-0.455,0.503
-0.455,0.503
-0.455,0.503
-0.455,0.503
-0.455,0.503
-0.455,0.503
-0.455,0.503
-0.455,0.503
-0.455,0.503
-0.455,0.503
-0.455,0.503
-0.455,0.503
-0.455,0.503
-0.455,0.503
-0.455,0.503
-0.455,0.503
-0.455,0.503
-0.455,0.503
-0.455,0.503
-0.455,0.503
-0.455,0.503
-0.455,0.503
-0.455,0.503
-0.455,0.503
-0.455,0.503
-0.455,0.503
-0.455,0.503
-0.455,0.503
-0.455,0.503
-0.455,0.503
-0.455,0.503
-0.455,0.503
-0.455,0.503
-0.455,0.503
-0.455,0.503
-0.455,0.503
-0.455,0.503
-0.455,0.503
-0.455,0.503
-0.455,0.503
-0.455,0.503
-0.455,0.503
-0.455,0.503
-0.455,0.503
-0.455,0.503
-0.455,0.503
-0.455,0.503
-0.455,0.503
-0.455,0.503
-0.455,0.503
-0.455,0.495
-0.455,0.495
-0.455,0.488
-0.455,0.488
-0.455,0.488
-0.455,0.511
-0.455,0.511
-0.455,0.511
-0.455,0.488
-0.455,0.488
-0.455,0.503
-0.455,0.503
-0.455,0.511
-0.455,0.495
-0.455,0.495
-0.455,0.495
-0.455,0.472
-0.455,0.488
-0.455,0.432
-0.455,0.488
-0.455,0.488
-0.455,0.432
-0.455,0.472
-0.455,0.456
-0.455,0.488
-0.455,0.488
-0.455,0.488
-0.455,0.488
-0.455,0.488
-0.455,0.488
-0.455,0.488
-0.455,0.488
-0.455,0.488
-0.455,0.488
-0.455,0.464
-0.455,0.464
-0.455,0.417
-0.455,0.401
-0.455,0.393
-0.455,0.377
-0.455,0.361
-0.455,0.353
-0.455,0.346
-0.455,0.346
-0.455,0.322
-0.455,0.306
-0.455,0.275
-0.455,0.267
-0.455,0.275
-0.455,0.251
-0.455,0.267
-0.455,0.243
-0.439,0.235
-0.431,0.227
-0.415,0.227
-0.415,0.211
-0.415,0.235
-0.399,0.196
-0.391,0.196
-0.391,0.196
-0.391,0.196
-0.375,0.196
-0.367,0.196
-0.391,0.196
-0.367,0.196
-0.367,0.196
-0.367,0.196
-0.367,0.196
-0.367,0.196
-0.367,0.196
-0.367,0.196
-0.367,0.196
-0.367,0.196
-0.367,0.196
-0.367,0.196
-0.367,0.196
-0.367,0.196
-0.367,0.196
-0.367,0.196
-0.367,0.196
-0.367,0.196
-0.391,0.196
-0.367,0.196
-0.367,0.196
-0.367,0.196
-0.367,0.196
-0.367,0.196
-0.367,0.196
-0.367,0.196
-0.367,0.196
-0.367,0.196
-0.367,0.196
-0.367,0.196
-0.367,0.196
-0.367,0.196
-0.367,0.196
-0.367,0.196
-0.367,0.196
-0.367,0.196
-0.367,0.235
-0.367,0.267
-0.367,0.267
-0.367,0.251
-0.367,0.267
-0.367,0.267
-0.367,0.251
-0.367,0.282
-0.367,0.306
-0.367,0.306
-0.367,0.306
-0.367,0.306
-0.367,0.306
-0.367,0.314
-0.367,0.314
-0.367,0.314
-0.367,0.29
-0.367,0.29
-0.367,0.314
-0.367,0.314
-0.367,0.314
-0.367,0.314
-0.367,0.314
-0.367,0.314
-0.367,0.314
-0.367,0.314
-0.367,0.322
-0.367,0.338
-0.367,0.346
-0.367,0.346
-0.367,0.346
-0.367,0.346
-0.367,0.346
-0.367,0.346
-0.367,0.346
-0.367,0.346
-0.367,0.346
-0.367,0.346
-0.367,0.346
-0.367,0.346
-0.367,0.346
-0.367,0.346
-0.367,0.346
-0.367,0.346
-0.367,0.346
-0.367,0.346
-0.367,0.346
-0.367,0.346
-0.367,0.346
-0.367,0.346
-0.367,0.346
-0.367,0.346
-0.367,0.346
-0.367,0.346
-0.367,0.346
-0.367,0.346
-0.367,0.346
-0.367,0.346
-0.367,0.346
-0.367,0.346
-0.367,0.346
-0.367,0.346
-0.367,0.346
-0.367,0.346
-0.375,0.346
-0.327,0.346
-0.303,0.346
-0.303,0.346
-0.295,0.346
-0.295,0.346
-0.255,0.346
-0.255,0.346
-0.231,0.346
-0.159,0.346
-0.143,0.282
-0.167,0.251
-0.143,0.235
-0.143,0.211
-0.143,0.227
-0.135,0.204
-0.135,0.204
-0.135,0.204
-0.135,0.227
-0.135,0.227
-0.135,0.227
-0.119,0.227
-0.143,0.227
-0.143,0.204
-0.143,0.204
-0.143,0.204
-0.143,0.211
-0.119,0.211
-0.119,0.211
-0.119,0.211
-0.119,0.211
-0.119,0.188
-0.135,0.188
-0.135,0.188
-0.135,0.188
-0.135,0.164
-0.135,0.164
-0.135,0.172
-0.135,0.172
-0.135,0.172
-0.135,0.172
-0.135,0.172
-0.135,0.172
-0.135,0.188
-0.135,0.188
-0.135,0.188
-0.135,0.188
-0.135,0.188
-0.135,0.188
-0.135,0.188
-0.135,0.188
-0.135,0.188
-0.135,0.188
-0.135,0.188
-0.135,0.188
-0.135,0.188
-0.135,0.188
-0.135,0.188
-0.135,0.188
-0.135,0.188
-0.135,0.188
-0.135,0.188
-0.135,0.188
-0.135,0.188
-0.135,0.188
-0.135,0.188
-0.135,0.188
-0.135,0.188
-0.135,0.188
-0.135,0.188
-0.135,0.188
-0.135,0.188
-0.135,0.188
-0.135,0.188
-0.135,0.188
-0.135,0.188
-0.135,0.188
-0.135,0.188
-0.135,0.188
-0.135,0.188
-0.135,0.188
-0.135,0.188
-0.135,0.188
-0.135,0.188
-0.135,0.188
-0.135,0.188
-0.135,0.188
-0.135,0.188
-0.135,0.188
-0.135,0.188
-0.135,0.188
-0.135,0.188
-0.143,0.188
-0.159,0.188
-0.167,0.188
-0.167,0.133
-0.183,0.117
-0.183,0.117
-0.207,0.125
-0.207,0.101
-0.207,0.101
-0.215,0.101
-0.231,0.125
-0.231,0.164
-0.247,0.211
-0.247,0.243
-0.247,0.275
-0.255,0.267
-0.231,0.314
-0.231,0.322
-0.231,0.322
-0.231,0.322
-0.231,0.322
-0.231,0.322
-0.231,0.322
-0.231,0.322
-0.231,0.322
-0.231,0.322
-0.231,0.322
-0.231,0.322
-0.231,0.322
-0.231,0.322
-0.231,0.322
-0.231,0.322
-0.231,0.322
-0.231,0.322
-0.231,0.322
-0.231,0.322
-0.231,0.322
-0.231,0.322
-0.231,0.322
-0.271,0.322
-0.295,0.322
-0.303,0.322
-0.303,0.322
-0.303,0.322
-0.303,0.322
-0.303,0.322
-0.303,0.322
-0.303,0.322
-0.303,0.322
-0.303,0.322
-0.319,0.322
-0.319,0.322
-0.319,0.322
-0.319,0.322
-0.319,0.322
-0.319,0.322
-0.319,0.322
-0.319,0.322
-0.319,0.322
-0.319,0.322
-0.319,0.322
-0.319,0.322
-0.295,0.322
-0.295,0.322
-0.295,0.322
-0.271,0.322
-0.271,0.322
-0.255,0.322
-0.247,0.322
-0.247,0.322
-0.247,0.322
-0.247,0.322
-0.247,0.322
-0.247,0.322
-0.247,0.322
-0.247,0.322
-0.247,0.322
-0.247,0.322
-0.247,0.322
-0.247,0.322
-0.247,0.322
-0.247,0.322
-0.247,0.322
-0.247,0.322
-0.247,0.322
-0.247,0.322
-0.247,0.322
-0.247,0.322
-0.247,0.322
-0.247,0.322
-0.247,0.322
-0.247,0.322
-0.247,0.322
-0.247,0.322
-0.247,0.322
-0.247,0.322
-0.247,0.322
-0.247,0.322
-0.231,0.322
-0.255,0.322
-0.255,0.322
-0.255,0.322
-0.255,0.322
-0.255,0.322
-0.255,0.322
-0.271,0.322
-0.247,0.322
-0.231,0.322
-0.255,0.322
-0.255,0.322
-0.255,0.322
-0.255,0.322
-0.255,0.322
-0.255,0.322
-0.255,0.322
-0.255,0.322
-0.255,0.322
-0.255,0.322
-0.255,0.322
-0.255,0.322
-0.255,0.322
-0.255,0.322
-0.255,0.322
-0.255,0.322
-0.255,0.322
-0.255,0.322
-0.255,0.322
-0.255,0.322
-0.255,0.322
-0.255,0.322
-0.215,0.322
-0.191,0.29
-0.191,0.29
-0.191,0.282
-0.191,0.275
-0.191,0.267
-0.191,0.267
-0.191,0.267
-0.191,0.251
-0.191,0.267
-0.191,0.267
-0.191,0.235
-0.191,0.227
-0.191,0.251
-0.191,0.227
-0.191,0.235
-0.191,0.243
-0.191,0.204
-0.191,0.235
-0.191,0.211
-0.191,0.204
-0.191,0.196
-0.191,0.227
-0.191,0.196
-0.191,0.196
-0.191,0.196
-0.191,0.196
-0.191,0.196
-0.191,0.196
-0.191,0.196
-0.191,0.196
-0.191,0.204
-0.191,0.196
-0.191,0.196
-0.191,0.196
-0.191,0.196
-0.191,0.196
-0.191,0.196
-0.191,0.196
-0.191,0.188
-0.191,0.188
-0.191,0.211
-0.191,0.211
-0.191,0.188
-0.191,0.211
-0.191,0.188
-0.191,0.172
-0.191,0.196
-0.191,0.196
-0.191,0.204
-0.191,0.204
-0.215,0.204
-0.247,0.204
-0.255,0.204
-0.271,0.196
-0.247,0.196
-0.247,0.172
-0.247,0.188
-0.247,0.164
-0.247,0.164
-0.247,0.156
-0.247,0.164
-0.247,0.164
-0.247,0.14
-0.247,0.156
-0.247,0.133
-0.247,0.133
-0.247,0.156
-0.247,0.156
-0.271,0.156
-0.271,0.133
-0.271,0.133
-0.271,0.125
-0.271,0.156
-0.271,0.133
-0.271,0.133
-0.271,0.156
-0.271,0.133
-0.271,0.125
-0.271,0.125
-0.271,0.125
-0.271,0.125
-0.271,0.125
-0.271,0.125
-0.271,0.125
-0.271,0.125
-0.271,0.125
-0.271,0.125
-0.271,0.125
-0.271,0.125
-0.271,0.125
-0.271,0.125
-0.271,0.125
-0.271,0.125
-0.271,0.125
-0.271,0.125
-0.271,0.125
-0.271,0.125
-0.271,0.125
-0.271,0.125
-0.271,0.125
-0.247,0.125
-0.231,0.125
-0.191,0.125
-0.191,0.125
-0.215,0.125
-0.207,0.125
-0.207,0.125
-0.183,0.125
-0.207,0.125
-0.183,0.125
-0.207,0.125
-0.183,0.125
-0.183,0.125
-0.183,0.125
-0.207,0.125
-0.183,0.125
-0.183,0.125
-0.183,0.125
-0.207,0.125
-0.183,0.125
-0.183,0.125
-0.167,0.125
-0.167,0.125
-0.167,0.125
-0.167,0.125
-0.191,0.125
-0.167,0.125
-0.167,0.125
-0.167,0.125
-0.167,0.125
-0.167,0.125
-0.167,0.125
-0.167,0.125
-0.167,0.125
-0.167,0.125
-0.167,0.125
-0.167,0.125
-0.167,0.125
-0.167,0.125
-0.191,0.125
-0.167,0.125
-0.167,0.125
-0.167,0.125
-0.167,0.125
-0.167,0.125
-0.167,0.125
-0.167,0.125
-0.167,0.125
-0.167,0.125
-0.167,0.125
-0.167,0.125
-0.167,0.125
-0.167,0.125
-0.167,0.125
-0.167,0.125
-0.167,0.125
-0.167,0.125
-0.167,0.125
-0.191,0.117
-0.191,0.117
-0.191,0.125
-0.191,0.101
-0.191,0.101
-0.191,0.101
-0.191,0.101
-0.191,0.125
-0.191,0.125
-0.191,0.101
-0.191,0.101
-0.191,0.101
-0.191,0.093
-0.191,0.093
-0.167,0.117
-0.167,0.117
-0.167,0.117
-0.167,0.117
-0.167,0.117
-0.167,0.117
-0.167,0.117
-0.167,0.117
-0.167,0.117
-0.167,0.117
-0.191,0.117
-0.191,0.117
-0.191,0.117
-0.191,0.117
-0.191,0.117
-0.167,0.093
-0.167,0.117
-0.167,0.117
-0.167,0.117
-0.167,0.117
-0.167,0.117
-0.167,0.117
-0.167,0.117
-0.167,0.117
-0.167,0.117
-0.167,0.117
-0.167,0.117
-0.167,0.117
-0.167,0.117
-0.167,0.117
-0.167,0.117
-0.167,0.117
-0.167,0.117
-0.167,0.117
-0.167,0.117
-0.167,0.117
-0.167,0.117
-0.167,0.117
-0.167,0.117
-0.167,0.117
-0.167,0.117
-0.167,0.117
-0.167,0.117
-0.167,0.117
-0.167,0.117
-0.167,0.117
-0.167,0.117
-0.167,0.117
-0.167,0.117
-0.167,0.117
-0.167,0.117
-0.167,0.117
-0.167,0.117
-0.167,0.117
-0.167,0.117
-0.167,0.117
-0.167,0.117
-0.167,0.117
-0.167,0.117
-0.191,0.117
-0.167,0.117
-0.167,0.117
-0.159,0.117
-0.143,0.117
-0.167,0.117
-0.167,0.117
-0.167,0.117
-0.167,0.117
-0.167,0.117
-0.167,0.117
-0.183,0.117
-0.183,0.117
-0.183,0.117
-0.159,0.117
-0.159,0.117
-0.159,0.117
-0.159,0.117
-0.159,0.117
-0.159,0.117
-0.159,0.117
-0.159,0.117
-0.159,0.117
-0.159,0.117
-0.159,0.117
-0.159,0.117
-0.159,0.117
-0.159,0.117
-0.159,0.117
-0.159,0.117
-0.159,0.117
-0.159,0.117
-0.159,0.117
-0.183,0.117
-0.183,0.117
-0.183,0.117
-0.183,0.117
-0.183,0.117
-0.183,0.117
-0.183,0.117
-0.183,0.117
-0.183,0.117
-0.183,0.117
-0.183,0.117
-0.183,0.117
-0.183,0.117
-0.183,0.117
-0.183,0.117
-0.183,0.117
-0.183,0.117
-0.183,0.117
-0.183,0.117
-0.183,0.093
-0.183,0.093
-0.183,0.117
-0.183,0.093
-0.183,0.093
-0.183,0.117
-0.183,0.117
-0.183,0.117
-0.183,0.117
-0.183,0.117
-0.183,0.117
-0.183,0.117
-0.183,0.117
-0.183,0.117
-0.183,0.117
-0.183,0.117
-0.183,0.117
-0.183,0.117
-0.183,0.117
-0.183,0.117
-0.183,0.117
-0.183,0.117
-0.183,0.117
-0.183,0.117
-0.183,0.117
-0.183,0.117
-0.183,0.117
-0.183,0.117
-0.183,0.117
-0.183,0.117
-0.183,0.117
-0.183,0.117
-0.159,0.117
-0.159,0.117
-0.159,0.117
-0.159,0.117
-0.159,0.117
-0.159,0.117
-0.159,0.117
-0.159,0.117
-0.159,0.117
-0.159,0.093
-0.183,0.093
-0.183,0.093
-0.183,0.117
-0.159,0.093
-0.159,0.117
-0.159,0.117
-0.159,0.117
-0.159,0.117
-0.159,0.117
-0.159,0.117
-0.159,0.117
-0.159,0.117
-0.159,0.117
-0.159,0.117
-0.159,0.117
-0.159,0.117
-0.159,0.117
-0.159,0.117
-0.159,0.117
-0.159,0.117
-0.159,0.117
-0.159,0.117
-0.159,0.117
-0.159,0.117
-0.159,0.117
-0.159,0.117
-0.159,0.117
-0.159,0.117
-0.159,0.117
-0.159,0.117
-0.159,0.117
-0.159,0.117
-0.159,0.117
-0.159,0.117
-0.159,0.117
-0.159,0.117
-0.159,0.117
-0.159,0.117
-0.159,0.117
-0.159,0.117
-0.159,0.117
-0.159,0.085
-0.159,0.117
-0.183,0.093
-0.183,0.093
-0.183,0.093
-0.183,0.093
-0.183,0.093
-0.183,0.093
-0.183,0.093
-0.183,0.093
-0.183,0.093
-0.183,0.093
-0.183,0.093
-0.183,0.085
-0.183,0.085
-0.183,0.085
-0.183,0.085
-0.183,0.085
-0.183,0.085
-0.183,0.085
-0.183,0.085
-0.183,0.085
-0.183,0.085
-0.183,0.085
-0.183,0.085
-0.183,0.117
-0.183,0.093
-0.183,0.093
-0.183,0.085
-0.183,0.085
-0.183,0.085
-0.183,0.085
-0.183,0.085
-0.183,0.085
-0.183,0.085
-0.183,0.085
-0.183,0.117
-0.183,0.093
-0.183,0.117
-0.183,0.117
-0.183,0.117
-0.183,0.117
-0.183,0.093
-0.183,0.093
-0.183,0.093
-0.183,0.093
-0.183,0.093
-0.183,0.093
-0.183,0.085
-0.183,0.085
-0.183,0.085
-0.183,0.077
-0.183,0.077
-0.183,0.077
-0.183,0.101
-0.183,0.101
-0.183,0.101
-0.183,0.101
-0.183,0.101
-0.183,0.101
-0.183,0.101
-0.183,0.101
-0.183,0.101
-0.183,0.101
-0.183,0.101
-0.183,0.101
-0.183,0.101
-0.183,0.101
-0.183,0.101
-0.183,0.101
-0.183,0.101
-0.183,0.101
-0.183,0.101
-0.183,0.101
-0.183,0.101
-0.183,0.101
-0.183,0.101
-0.183,0.101
-0.183,0.101
-0.183,0.101
-0.183,0.101
-0.183,0.101
-0.183,0.101
-0.183,0.101
-0.183,0.101
-0.183,0.101
-0.183,0.101
-0.183,0.101
-0.183,0.101
-0.183,0.101
-0.183,0.101
-0.183,0.101
-0.183,0.101
-0.183,0.101
-0.183,0.101
-0.183,0.101
-0.183,0.101
-0.183,0.101
-0.183,0.101
-0.183,0.101
-0.183,0.101
-0.183,0.101
-0.183,0.101
-0.183,0.101
-0.183,0.101
-0.159,0.101
-0.159,0.101
-0.159,0.101
-0.159,0.101
-0.159,0.101
-0.159,0.101
-0.159,0.101
-0.159,0.101
-0.159,0.101
-0.159,0.101
-0.159,0.101
-0.159,0.101
-0.159,0.101
-0.159,0.101
-0.159,0.101
-0.159,0.101
-0.159,0.101
-0.159,0.077
-0.159,0.077
-0.159,0.077
-0.159,0.077
-0.159,0.077
-0.159,0.062
-0.159,0.085
-0.159,0.085
-0.159,0.093
-0.183,0.093
-0.183,0.093
-0.159,0.093
-0.159,0.093
-0.159,0.093
-0.159,0.093
-0.159,0.093
-0.159,0.093
-0.159,0.093
-0.159,0.093
-0.159,0.093
-0.159,0.093
-0.159,0.093
-0.159,0.093
-0.159,0.093
-0.159,0.093
-0.159,0.093
-0.159,0.093
-0.159,0.093
-0.159,0.093
-0.159,0.093
-0.159,0.093
-0.159,0.093
-0.159,0.093
-0.159,0.093
-0.159,0.093
-0.159,0.093
-0.159,0.093
-0.159,0.093
-0.159,0.093
-0.159,0.093
-0.159,0.093
-0.159,0.093
-0.159,0.093
-0.159,0.093
-0.159,0.093
-0.159,0.093
-0.159,0.077
-0.159,0.077
-0.159,0.077
-0.159,0.077
-0.159,0.077
-0.159,0.077
-0.159,0.077
-0.159,0.077
-0.159,0.077
-0.159,0.077
-0.159,0.077
-0.159,0.077
-0.159,0.077
-0.159,0.077
-0.159,0.077
-0.159,0.077
-0.159,0.077
-0.159,0.077
-0.159,0.077
-0.159,0.077
-0.159,0.077
-0.159,0.077
-0.159,0.077
-0.159,0.077
-0.159,0.077
-0.159,0.077
-0.159,0.077
-0.159,0.077
-0.159,0.077
-0.159,0.077
-0.159,0.077
-0.159,0.077
-0.159,0.077
-0.159,0.062
-0.159,0.062
-0.159,0.062
-0.183,0.062
-0.183,0.085
-0.183,0.085
-0.183,0.085
-0.183,0.085
-0.183,0.085
-0.183,0.085
-0.183,0.093
-0.183,0.093
-0.159,0.093
-0.159,0.093
-0.159,0.093
-0.159,0.093
-0.159,0.093
-0.159,0.093
-0.159,0.093
-0.159,0.093
-0.159,0.093
-0.159,0.093
-0.159,0.093
-0.159,0.093
-0.159,0.093
-0.159,0.093
-0.159,0.093
-0.159,0.093
-0.159,0.093
-0.159,0.093
-0.159,0.093
-0.159,0.093
-0.159,0.093
-0.159,0.093
-0.159,0.093
-0.159,0.093
-0.159,0.093
-0.159,0.093
-0.159,0.093
-0.159,0.093
-0.159,0.093
-0.159,0.093
-0.159,0.093
-0.159,0.093
-0.159,0.093
-0.159,0.093
-0.159,0.093
-0.159,0.093
-0.159,0.093
-0.183,0.093
-0.159,0.093
-0.159,0.093
-0.159,0.093
-0.159,0.093
-0.159,0.093
-0.159,0.093
-0.159,0.093
-0.207,0.093
-0.231,0.093
-0.255,0.093
-0.271,0.093
-0.295,0.093
-0.303,0.093
-0.319,0.093
-0.367,0.093
-0.391,0.093
-0.399,0.093
-0.415,0.093
-0.415,0.14
-0.415,0.156
-0.415,0.164
-0.431,0.164
-0.439,0.172
-0.439,0.172
-0.455,0.164
-0.455,0.188
-0.455,0.196
-0.455,0.196
-0.455,0.204
-0.463,0.204
-0.439,0.227
-0.439,0.227
-0.439,0.227
-0.479,0.227
-0.479,0.204
-0.487,0.227
-0.487,0.227
-0.487,0.227
-0.487,0.227
-0.487,0.227
-0.487,0.227
-0.487,0.227
-0.487,0.227
-0.487,0.227
-0.487,0.227
-0.487,0.227
-0.487,0.227
-0.463,0.227
-0.487,0.227
-0.487,0.227
-0.487,0.227
-0.463,0.227
-0.463,0.227
-0.463,0.227
-0.463,0.227
-0.463,0.227
-0.463,0.227
-0.463,0.227
-0.463,0.227
-0.463,0.227
-0.463,0.227
-0.463,0.227
-0.463,0.227
-0.463,0.227
-0.463,0.227
-0.463,0.227
-0.463,0.227
-0.463,0.227
-0.463,0.227
-0.463,0.227
-0.463,0.227
-0.463,0.227
-0.463,0.227
-0.463,0.227
-0.463,0.227
-0.463,0.227
-0.463,0.227
-0.463,0.227
-0.455,0.227
-0.439,0.204
-0.439,0.196
-0.431,0.172
-0.431,0.164
-0.415,0.164
-0.415,0.164
-0.415,0.156
-0.415,0.156
-0.415,0.156
-0.415,0.156
-0.415,0.14
-0.415,0.14
-0.415,0.164
-0.391,0.14
-0.391,0.133
-0.375,0.133
-0.399,0.133
-0.375,0.125
-0.367,0.125
-0.367,0.125
-0.351,0.125
-0.367,0.125
-0.343,0.125
-0.343,0.117
-0.327,0.117
-0.327,0.117
-0.343,0.117
-0.319,0.117
-0.303,0.117
-0.303,0.117
-0.303,0.117
-0.279,0.125
-0.295,0.093
-0.295,0.117
-0.271,0.093
-0.271,0.085
-0.255,0.085
-0.255,0.085
-0.255,0.085
-0.255,0.085
-0.247,0.085
-0.247,0.085
-0.247,0.085
-0.247,0.085
-0.215,0.085
-0.215,0.085
-0.191,0.085
-0.191,0.085
-0.207,0.085
-0.183,0.085
-0.183,0.085
-0.183,0.085
-0.167,0.085
-0.191,0.085
-0.191,0.085
-0.191,0.085
-0.191,0.085
-0.191,0.085
-0.191,0.085
-0.191,0.085
-0.191,0.085
-0.191,0.085
-0.191,0.085
-0.191,0.085
-0.191,0.085
-0.191,0.085
-0.191,0.085
-0.191,0.085
-0.191,0.085
-0.191,0.085
-0.191,0.085
-0.191,0.085
-0.191,0.085
-0.191,0.085
-0.191,0.085
-0.191,0.085
-0.191,0.085
-0.191,0.085
-0.191,0.085
-0.191,0.085
-0.191,0.085
-0.191,0.085
-0.191,0.085
-0.191,0.085
-0.191,0.085
-0.191,0.085
-0.191,0.085
-0.191,0.085
-0.191,0.085
-0.191,0.085
-0.191,0.085
-0.191,0.117
-0.191,0.133
-0.191,0.156
-0.191,0.164
-0.191,0.164
-0.191,0.164
-0.191,0.164
-0.191,0.164
-0.191,0.164
-0.191,0.164
-0.191,0.164
-0.191,0.164
-0.191,0.164
-0.191,0.164
-0.191,0.164
-0.191,0.164
-0.191,0.164
-0.191,0.164
-0.191,0.164
-0.191,0.164
-0.191,0.164
-0.191,0.164
-0.191,0.164
-0.191,0.164
-0.191,0.164
-0.191,0.164
-0.191,0.164
-0.191,0.164
-0.191,0.164
-0.191,0.164
-0.191,0.164
-0.191,0.164
-0.191,0.164
-0.191,0.164
-0.191,0.164
-0.191,0.164
-0.191,0.164
-0.191,0.164
-0.191,0.164
-0.191,0.164
-0.191,0.164
-0.191,0.164
-0.191,0.164
-0.191,0.164
-0.191,0.164
-0.191,0.164
-0.191,0.164
-0.191,0.164
-0.191,0.164
-0.191,0.164
-0.191,0.164
-0.191,0.164
-0.191,0.164
-0.191,0.164
-0.191,0.164
-0.191,0.164
-0.191,0.164
-0.191,0.164
-0.191,0.164
-0.191,0.164
-0.191,0.164
-0.191,0.164
-0.191,0.164
-0.191,0.164
-0.191,0.164
-0.191,0.164
-0.191,0.164
-0.191,0.164
-0.191,0.164
-0.191,0.164
-0.191,0.164
-0.191,0.164
-0.191,0.164
-0.191,0.164
-0.191,0.164
-0.191,0.164
-0.191,0.164
-0.191,0.164
-0.191,0.164
-0.191,0.164
-0.191,0.164
-0.191,0.164
-0.191,0.164
-0.191,0.164
-0.191,0.164
-0.191,0.164
-0.191,0.164
-0.191,0.164
-0.191,0.164
-0.191,0.164
-0.191,0.164
-0.191,0.164
-0.191,0.164
-0.191,0.164
-0.191,0.164
-0.191,0.164
-0.191,0.164
-0.191,0.164
-0.191,0.164
-0.191,0.164
-0.231,0.164
-0.247,0.164
-0.231,0.164
-0.255,0.164
-0.279,0.164
-0.255,0.164
-0.255,0.164
-0.271,0.164
-0.255,0.164
-0.279,0.164
-0.279,0.164
-0.295,0.164
-0.295,0.164
-0.303,0.164
-0.303,0.164
-0.319,0.14
-0.319,0.133
-0.319,0.133
-0.327,0.133
-0.327,0.133
-0.327,0.133
-0.327,0.133
-0.327,0.133
-0.327,0.133
-0.327,0.133
-0.327,0.133
-0.303,0.133
-0.327,0.133
-0.327,0.133
-0.327,0.133
-0.327,0.133
-0.327,0.133
-0.327,0.133
-0.327,0.133
-0.327,0.133
-0.327,0.133
-0.327,0.133
-0.327,0.133
-0.327,0.133
-0.327,0.133
-0.327,0.133
-0.327,0.133
-0.327,0.133
-0.327,0.133
-0.343,0.133
-0.351,0.133
-0.367,0.133
-0.375,0.133
-0.367,0.133
-0.367,0.133
-0.367,0.133
-0.367,0.133
-0.367,0.133
-0.367,0.133
-0.391,0.133
-0.391,0.133
-0.415,0.125
-0.415,0.125
-0.415,0.125
-0.415,0.125
-0.415,0.125
-0.415,0.125
-0.415,0.125
-0.415,0.117
-0.415,0.117
-0.415,0.14
-0.415,0.14
-0.415,0.117
-0.415,0.125
-0.367,0.133
-0.351,0.101
-0.319,0.125
-0.303,0.117
-0.303,0.125
-0.303,0.133
-0.327,0.125
-0.303,0.133
-0.303,0.133
-0.303,0.133
-0.271,0.101
-0.303,0.085
-0.279,0.085
-0.295,0.062
-0.255,0.062
-0.271,0.038
-0.271,0.062
-0.231,0.062
-0.231,0.062
-0.231,0.054
-0.231,0.054
-0.231,0.054
-0.231,0.054
-0.231,0.046
-0.231,0.046
-0.231,0.046
-0.231,0.046
-0.231,0.046
-0.255,0.046
-0.255,0.046
-0.255,0.046
-0.255,0.046
-0.255,0.046
-0.255,0.046
-0.255,0.046
-0.255,0.046
-0.303,0.046
-0.319,0.046
-0.351,0.046
-0.367,0.046
-0.375,0.046
-0.375,0.046
-0.375,0.077
-0.391,0.117
-0.391,0.125
-0.391,0.14
-0.391,0.156
-0.391,0.156
-0.391,0.156
-0.391,0.156
-0.391,0.156
-0.391,0.156
-0.391,0.156
-0.391,0.156
-0.391,0.156
-0.391,0.156
-0.391,0.156
-0.391,0.156
-0.391,0.156
-0.391,0.156
-0.391,0.156
-0.391,0.156
-0.391,0.156
-0.391,0.156
-0.391,0.156
-0.391,0.156
-0.391,0.156
-0.391,0.156
-0.391,0.156
-0.391,0.156
-0.391,0.156
-0.391,0.156
-0.391,0.156
-0.391,0.156
-0.391,0.156
-0.391,0.156
-0.391,0.133
-0.391,0.133
-0.367,0.133
-0.367,0.133
-0.367,0.133
-0.367,0.133
-0.367,0.133
-0.319,0.133
-0.319,0.133
-0.343,0.133
-0.319,0.133
-0.319,0.133
-0.319,0.133
-0.319,0.133
-0.319,0.133
-0.319,0.133
-0.319,0.133
-0.319,0.133
-0.319,0.133
-0.319,0.133
-0.319,0.133
-0.319,0.133
-0.319,0.133
-0.319,0.133
-0.319,0.125
-0.319,0.125
-0.319,0.125
-0.319,0.125
-0.319,0.125
-0.319,0.125
-0.319,0.125
-0.319,0.125
-0.319,0.125
-0.319,0.125
-0.319,0.125
-0.319,0.125
-0.319,0.125
-0.319,0.125
-0.319,0.125
-0.319,0.125
-0.319,0.125
-0.319,0.125
-0.319,0.125
-0.319,0.125
-0.319,0.125
-0.319,0.125
-0.319,0.125
-0.319,0.125
-0.319,0.125
-0.319,0.125
-0.319,0.125
-0.319,0.125
-0.319,0.125
-0.319,0.125
-0.319,0.125
-0.319,0.125
-0.319,0.125
-0.319,0.125
-0.319,0.125
-0.319,0.125
-0.319,0.125
-0.319,0.125
-0.319,0.125
-0.319,0.125
-0.319,0.125
-0.319,0.125
-0.319,0.125
-0.319,0.125
-0.319,0.125
-0.319,0.125
-0.319,0.125
-0.319,0.125
-0.319,0.125
-0.319,0.125
-0.319,0.125
-0.319,0.125
-0.319,0.125
-0.319,0.125
-0.319,0.125
-0.319,0.125
-0.319,0.125
-0.319,0.125
-0.319,0.125
-0.319,0.125
-0.303,0.125
-0.303,0.125
-0.303,0.125
-0.303,0.125
-0.327,0.125
-0.327,0.125
-0.303,0.125
-0.327,0.125
-0.303,0.125
-0.303,0.125
-0.327,0.125
-0.327,0.125
-0.303,0.125
-0.303,0.117
-0.303,0.117
-0.303,0.117
-0.303,0.117
-0.327,0.117
-0.343,0.117
-0.319,0.117
-0.303,0.117
-0.327,0.117
-0.303,0.117
-0.327,0.117
-0.303,0.117
-0.303,0.117
-0.303,0.117
-0.303,0.117
-0.319,0.117
-0.319,0.117
-0.303,0.117
-0.319,0.117
-0.295,0.117
-0.295,0.117
-0.295,0.117
-0.295,0.117
-0.295,0.117
-0.295,0.117
-0.295,0.117
-0.295,0.117
-0.295,0.117
-0.295,0.117
-0.295,0.117
-0.295,0.117
-0.295,0.117
-0.295,0.117
-0.295,0.117
-0.271,0.117
-0.295,0.117
-0.295,0.117
-0.295,0.101
-0.271,0.117
-0.271,0.101
-0.271,0.133
-0.271,0.133
-0.255,0.133
-0.271,0.133
-0.295,0.133
-0.279,0.133
-0.279,0.125
-0.279,0.101
-0.255,0.101
-0.279,0.101
-0.271,0.101
-0.279,0.101
-0.271,0.125
-0.279,0.14
-0.279,0.156
-0.295,0.156
-0.279,0.156
-0.279,0.156
-0.255,0.164
-0.279,0.164
-0.271,0.164
-0.295,0.164
-0.255,0.164
-0.279,0.164
-0.255,0.164
-0.255,0.164
-0.279,0.164
-0.255,0.164
-0.255,0.133
-0.255,0.117
-0.255,0.101
-0.255,0.117
-0.255,0.093
-0.255,0.117
-0.279,0.093
-0.255,0.117
-0.255,0.085
-0.255,0.085
-0.247,0.085
-0.247,0.085
-0.247,0.085
-0.271,0.085
-0.279,0.085
-0.271,0.085
-0.271,0.085
-0.255,0.085
-0.271,0.077
-0.247,0.077
-0.255,0.077
-0.231,0.077
-0.247,0.077
-0.231,0.077
-0.231,0.077
-0.231,0.077
-0.231,0.077
-0.255,0.077
-0.255,0.077
-0.255,0.077
-0.255,0.077
-0.255,0.077
-0.255,0.077
-0.255,0.077
-0.255,0.077
-0.255,0.077
-0.255,0.077
-0.255,0.077
-0.255,0.101
-0.255,0.101
-0.255,0.101
-0.255,0.117
-0.255,0.117
-0.255,0.093
-0.255,0.14
-0.255,0.156
-0.255,0.164
-0.255,0.172
-0.255,0.172
-0.255,0.196
-0.255,0.196
-0.255,0.196
-0.255,0.196
-0.255,0.196
-0.255,0.196
-0.255,0.196
-0.255,0.196
-0.255,0.196
-0.255,0.196
-0.255,0.196
-0.255,0.204
-0.255,0.204
-0.255,0.211
-0.255,0.211
-0.255,0.211
-0.255,0.211
-0.255,0.188
-0.255,0.188
-0.255,0.188
-0.255,0.188
-0.255,0.188
-0.255,0.188
-0.255,0.188
-0.255,0.188
-0.255,0.188
-0.255,0.188
-0.255,0.188
-0.255,0.188
-0.255,0.188
-0.255,0.188
-0.255,0.188
-0.255,0.188
-0.255,0.188
-0.255,0.188
-0.255,0.188
-0.255,0.188
-0.255,0.188
-0.255,0.188
-0.255,0.188
-0.255,0.188
-0.255,0.188
-0.231,0.188
-0.247,0.188
-0.231,0.188
-0.207,0.188
-0.207,0.188
-0.207,0.188
-0.191,0.188
-0.207,0.188
-0.207,0.188
-0.207,0.188
-0.207,0.188
-0.207,0.188
-0.207,0.188
-0.207,0.188
-0.207,0.188
-0.207,0.188
-0.207,0.188
-0.215,0.188
-0.191,0.188
-0.191,0.188
-0.215,0.188
-0.215,0.188
-0.215,0.188
-0.191,0.188
-0.191,0.188
-0.191,0.188
-0.191,0.188
-0.191,0.188
-0.191,0.188
-0.191,0.188
-0.191,0.188
-0.191,0.188
-0.191,0.188
-0.191,0.188
-0.191,0.188
-0.191,0.188
-0.191,0.188
-0.183,0.188
-0.183,0.188
-0.183,0.188
-0.183,0.188
-0.207,0.188
-0.207,0.188
-0.207,0.188
-0.207,0.188
-0.207,0.188
-0.207,0.188
-0.207,0.188
-0.207,0.188
-0.183,0.188
-0.183,0.188
-0.183,0.188
-0.183,0.188
-0.207,0.188
-0.207,0.188
-0.207,0.188
-0.207,0.188
-0.207,0.188
-0.207,0.188
-0.207,0.188
-0.207,0.188
-0.207,0.188
-0.207,0.188
-0.207,0.188
-0.207,0.188
-0.207,0.188
-0.207,0.188
-0.207,0.188
-0.207,0.188
-0.207,0.188
-0.207,0.188
-0.207,0.188
-0.207,0.188
-0.207,0.188
-0.207,0.188
-0.207,0.188
-0.207,0.188
-0.207,0.188
-0.207,0.188
-0.207,0.188
-0.183,0.188
-0.207,0.188
-0.207,0.188
-0.207,0.188
-0.207,0.188
-0.207,0.188
-0.207,0.188
-0.207,0.188
-0.207,0.188
-0.207,0.188
-0.207,0.188
-0.207,0.188
-0.207,0.188
-0.207,0.188
-0.207,0.188
-0.207,0.188
-0.207,0.188
-0.207,0.188
-0.207,0.188
-0.207,0.188
-0.207,0.188
-0.207,0.188
-0.207,0.188
-0.207,0.188
-0.207,0.188
-0.207,0.188
-0.207,0.188
-0.207,0.188
-0.207,0.188
-0.207,0.188
-0.207,0.188
-0.207,0.188
-0.207,0.188
-0.207,0.188
-0.207,0.188
-0.207,0.188
-0.207,0.188
-0.207,0.188
-0.207,0.188
-0.207,0.188
-0.207,0.188
-0.207,0.188
-0.207,0.188
-0.207,0.188
-0.207,0.188
-0.207,0.188
-0.207,0.188
-0.207,0.188
-0.207,0.188
-0.207,0.188
-0.207,0.188
-0.207,0.188
-0.207,0.188
-0.207,0.188
-0.207,0.188
-0.207,0.188
-0.207,0.188
-0.207,0.188
-0.207,0.188
-0.207,0.188
-0.207,0.188
-0.207,0.188
-0.207,0.188
-0.207,0.188
-0.207,0.188
-0.215,0.188
-0.215,0.188
-0.215,0.188
-0.215,0.188
-0.215,0.188
-0.215,0.188
-0.215,0.188
-0.215,0.188
-0.215,0.188
-0.215,0.188
-0.215,0.188
-0.215,0.188
-0.191,0.188
-0.191,0.188
-0.191,0.188
-0.191,0.188
-0.191,0.188
-0.191,0.188
-0.191,0.188
-0.191,0.188
-0.191,0.188
-0.191,0.188
-0.191,0.188
-0.191,0.188
-0.191,0.188
-0.191,0.188
-0.191,0.188
-0.191,0.188
-0.191,0.188
-0.191,0.188
-0.191,0.188
-0.191,0.188
-0.191,0.188
-0.191,0.188
-0.191,0.188
-0.191,0.188
-0.327,0.188
-0.439,0.188
-0.583,0.188
-0.599,0.188
-0.607,0.188
-0.607,0.188
-0.607,0.188
-0.607,0.211
-0.607,0.282
-0.607,0.306
-0.607,0.314
-0.607,0.377
-0.607,0.456
-0.607,0.543
-0.559,0.551
-0.479,0.551
-0.415,0.551
-0.399,0.551
-0.391,0.551
-0.375,0.464
-0.367,0.393
-0.351,0.361
-0.343,0.338
-0.343,0.338
-0.327,0.314
-0.327,0.29
-0.303,0.282
-0.303,0.282
-0.279,0.275
-0.271,0.275
-0.255,0.282
-0.255,0.243
-0.231,0.267
-0.231,0.235
-0.231,0.196
-0.231,0.204
-0.231,0.211
-0.231,0.188
-0.231,0.172
-0.231,0.172
-0.231,0.172
-0.231,0.172
-0.231,0.172
-0.231,0.172
-0.231,0.172
-0.231,0.172
-0.231,0.172
-0.231,0.172
-0.231,0.172
-0.231,0.172
-0.231,0.172
-0.231,0.172
-0.215,0.172
-0.215,0.172
-0.215,0.172
-0.215,0.188
-0.231,0.164
-0.207,0.14
-0.183,0.133
-0.207,0.125
-0.183,0.117
-0.183,0.117
-0.183,0.117
-0.183,0.117
-0.183,0.117
-0.183,0.125
-0.183,0.101
-0.183,0.117
-0.183,0.085
-0.183,0.085
-0.183,0.077
-0.183,0.077
-0.183,0.062
-0.183,0.054
-0.183,0.077
-0.183,0.054
-0.183,0.046
-0.183,0.054
-0.183,0.054
-0.183,0.054
-0.183,0.077
-0.183,0.077
-0.183,0.077
-0.183,0.077
-0.183,0.077
-0.183,0.077
-0.183,0.077
-0.183,0.077
-0.183,0.077
-0.183,0.077
-0.183,0.101
-0.183,0.125
-0.183,0.133
-0.183,0.14
-0.183,0.156
-0.183,0.156
-0.183,0.156
-0.183,0.156
-0.183,0.156
-0.183,0.156
-0.183,0.156
-0.183,0.156
-0.183,0.156
-0.183,0.156
-0.183,0.156
-0.183,0.156
-0.183,0.156
-0.183,0.156
-0.183,0.156
-0.183,0.156
-0.183,0.156
-0.183,0.156
-0.183,0.156
-0.207,0.156
-0.207,0.156
-0.207,0.156
-0.207,0.156
-0.207,0.156
-0.183,0.156
-0.207,0.156
-0.183,0.156
-0.183,0.156
-0.143,0.156
-0.167,0.156
-0.143,0.156
-0.143,0.156
-0.143,0.156
-0.143,0.156
-0.143,0.156
-0.143,0.156
-0.143,0.156
-0.135,0.125
-0.119,0.085
-0.119,0.093
-0.119,0.085
-0.119,0.085
-0.143,0.085
-0.119,0.085
-0.119,0.077
-0.119,0.077
-0.119,0.062
-0.119,0.054
-0.119,0.054
-0.119,0.054
-0.119,0.054
-0.119,0.054
-0.119,0.077
-0.119,0.077
-0.111,0.077
-0.111,0.077
-0.111,0.077
-0.111,0.077
-0.111,0.077
-0.111,0.077
-0.111,0.077
-0.111,0.077
-0.135,0.077
-0.135,0.077
-0.135,0.077
-0.135,0.077
-0.135,0.077
-0.135,0.077
-0.135,0.077
-0.135,0.077
-0.135,0.077
-0.135,0.077
-0.135,0.077
-0.135,0.077
-0.135,0.077
-0.135,0.077
-0.135,0.077
-0.135,0.077
-0.135,0.077
-0.135,0.077
-0.135,0.077
-0.135,0.046
-0.135,0.046
-0.135,0.022
-0.135,0.022
-0.135,0.014
-0.135,0.006
-0.135,0.006
-0.135,0.006
-0.111,0.006
-0.135,0.006
-0.135,0.006
-0.111,0.006
-0.135,0.006
-0.135,0.006
-0.135,0.006
-0.111,0.006
-0.111,0.006
-0.111,0.006
-0.135,0.006
-0.135,0.006
-0.135,0.006
-0.135,0.006
-0.135,0.006
-0.135,0.006
-0.135,0.006
-0.135,0.006
-0.135,0.006
-0.135,0.006
-0.135,0.062
-0.135,0.085
-0.135,0.093
-0.135,0.093
-0.135,0.093
-0.135,0.101
-0.135,0.117
-0.135,0.125
-0.135,0.125
-0.135,0.125
-0.135,0.125
-0.159,0.125
-0.191,0.125
-0.215,0.125
-0.231,0.125
-0.231,0.125
-0.231,0.125
-0.231,0.125
-0.231,0.101
-0.231,0.101
-0.231,0.101
-0.231,0.101
-0.231,0.101
-0.231,0.101
-0.231,0.101
-0.231,0.101
-0.231,0.101
-0.231,0.101
-0.231,0.101
-0.231,0.101
-0.231,0.101
-0.231,0.101
-0.231,0.101
-0.231,0.101
-0.231,0.101
-0.231,0.101
-0.231,0.101
-0.231,0.101
-0.231,0.101
-0.231,0.101
-0.231,0.101
-0.231,0.101
-0.231,0.101
-0.231,0.101
-0.231,0.101
-0.231,0.101
-0.231,0.101
-0.191,0.101
-0.167,0.101
-0.143,0.125
-0.159,0.125
-0.167,0.125
-0.143,0.125
-0.159,0.125
-0.135,0.125
-0.135,0.125
-0.135,0.125
-0.135,0.125
-0.135,0.101
-0.135,0.101
-0.135,0.101
-0.135,0.101
-0.135,0.101
-0.135,0.101
-0.135,0.101
-0.135,0.101
-0.135,0.101
-0.135,0.101
-0.135,0.101
-0.135,0.101
-0.135,0.101
-0.135,0.101
-0.135,0.101
-0.135,0.101
-0.135,0.101
-0.135,0.101
-0.135,0.101
-0.135,0.101
-0.135,0.101
-0.135,0.101
-0.135,0.101
-0.135,0.101
-0.135,0.101
-0.135,0.101
-0.135,0.101
-0.135,0.101
-0.135,0.101
-0.135,0.101
-0.135,0.101
-0.135,0.101
-0.135,0.101
-0.135,0.101
-0.135,0.101
-0.135,0.101
-0.135,0.101
-0.135,0.101
-0.135,0.101
-0.135,0.101
-0.159,0.101
-0.159,0.101
-0.159,0.101
-0.159,0.101
-0.159,0.101
-0.159,0.101
-0.159,0.101
-0.159,0.101
-0.159,0.093
-0.159,0.093
-0.159,0.093
-0.159,0.093
-0.159,0.093
-0.159,0.062
-0.159,0.054
-0.159,0.038
-0.159,0.014
-0.159,0.0
-0.159,0.0
-0.159,0.0
-0.159,0.0
-0.159,0.0
-0.159,0.0
-0.159,0.0
-0.095,0.0
-0.039,0.0
-0.023,0.0
-0.007,0.0
-0.007,0.0
-0.007,0.0
-0.007,0.0
-0.007,0.0
-0.007,0.0
-0.007,0.0
-0.007,0.0
-0.007,0.0
-0.007,0.0
-0.007,0.0
-0.007,0.0
-0.007,0.0
-0.007,0.0
0.0,0.0
0.0,0.0
0.0,0.0
0.0,0.0
0.0,0.0
0.0,0.0
0.0,0.0
0.0,0.0
0.0,0.0
0.0,0.0
0.0,0.0
0.0,0.0
0.0,0.0
0.0,0.0
0.0,0.0
0.0,0.0
0.0,0.0
0.0,0.0
0.0,0.0
0.0,0.0
0.0,0.0
0.0,0.0
0.0,0.0
0.0,0.0
0.0,0.0
0.0,0.0
0.0,0.0
0.0,0.0
0.0,0.0
0.0,0.0
0.0,0.0
0.0,0.0
0.0,0.0
0.0,0.0
0.0,0.0
0.0,0.0
0.0,0.0
0.0,0.0
0.0,0.0
0.0,0.0
0.0,0.0
0.0,0.0
0.0,0.0
0.0,0.0
0.0,0.0
0.0,0.0
0.0,0.0
0.0,0.0
0.0,0.0
0.0,0.0
0.0,0.0
0.0,0.0
0.0,0.0
0.0,0.0
0.0,0.0
0.0,0.0
0.0,0.0
0.0,0.0
0.0,0.0
0.0,0.0
0.0,0.0
0.0,0.0
0.0,0.0
0.0,0.0
0.0,0.0
0.0,0.0
0.0,0.0
0.0,0.0
0.0,0.0
0.0,0.0
0.0,0.0
0.0,0.0
0.0,0.0
0.0,0.0
0.0,0.0
0.0,0.0
0.0,0.0
0.0,0.0
0.0,0.0
0.0,0.0
0.0,0.0
0.0,0.0
0.0,0.0
0.0,0.0
0.0,0.0
0.0,0.0
0.0,0.0
0.0,0.0
0.0,0.0
0.0,0.0
0.0,0.0
0.0,0.0
0.0,0.0
0.0,0.0
0.0,0.0
0.0,0.0
0.0,0.0
0.0,0.0
0.0,0.0
0.0,0.0
0.0,0.0
0.0,0.0
0.0,0.0
0.0,0.0
0.0,0.0
0.0,0.0
0.0,0.0
0.0,0.0
0.0,0.0
0.0,0.0
0.0,0.0
0.0,0.0
0.0,0.0
0.0,0.0
0.0,0.0
0.0,0.0
0.0,0.0
0.0,0.0
0.0,0.0
0.0,0.0
0.0,0.0
0.0,0.0
0.0,0.0
0.0,0.0
0.0,0.0
0.0,0.0
0.0,0.0
0.0,0.0
0.0,0.0
0.0,0.0
0.0,0.0
0.0,0.0
0.0,0.0
0.0,0.0
0.0,0.0
0.0,0.0
0.0,0.0
0.0,0.0
0.0,0.0
0.0,0.0
0.0,0.0
0.0,0.0
0.0,0.0
0.0,0.0
0.0,0.0
0.0,0.0
0.0,0.0
0.0,0.0
0.0,0.0
0.0,0.0
0.0,0.0
0.0,0.0
0.0,0.0
0.0,0.0
0.0,0.0
0.0,0.0
0.0,0.0
0.0,0.0
0.0,0.0
0.0,0.0
0.0,0.0
0.0,0.0
0.0,0.0
0.0,0.0
0.0,0.0
0.0,0.0
0.0,0.0
0.0,0.0
0.0,0.0
0.0,0.0
0.0,0.0
0.0,0.0
0.0,0.0
0.0,0.0
0.0,0.0
0.0,0.0
0.0,0.0
0.0,0.0
0.0,0.0
0.0,0.0
0.0,0.0
0.0,0.0
