valence,arousal
-1.0,0.748
-1.0,0.748
-1.0,0.748
-1.0,0.748
-1.0,0.748
-1.0,0.748
-1.0,0.748
-1.0,0.748
-1.0,0.748
-1.0,0.748
-1.0,0.748
-1.0,0.748
-1.0,0.748
-1.0,0.748
-1.0,0.748
-1.0,0.748
-1.0,0.748
-1.0,0.748
-0.967,0.748
-0.911,0.748
-0.879,0.748
-0.863,0.748
-0.847,0.748
-0.847,0.724
-0.807,0.693
-0.807,0.693
-0.807,0.685
-0.791,0.677
-0.775,0.709
-0.759,0.709
-0.759,0.685
-0.735,0.685
-0.759,0.677
-0.759,0.677
-0.759,0.677
-0.759,0.661
-0.759,0.661
-0.759,0.661
-0.759,0.653
-0.759,0.653
-0.759,0.653
-0.759,0.653
-0.759,0.653
-0.759,0.653
-0.759,0.653
-0.759,0.638
-0.759,0.638
-0.759,0.638
-0.759,0.661
-0.759,0.661
-0.759,0.638
-0.759,0.638
-0.759,0.638
-0.759,0.638
-0.759,0.638
-0.759,0.638
-0.759,0.638
-0.759,0.638
-0.759,0.709
-0.759,0.716
-0.759,0.74
-0.759,0.74
-0.759,0.74
-0.759,0.74
-0.759,0.74
-0.759,0.74
-0.759,0.74
-0.807,0.74
-0.807,0.74
-0.863,0.74
-0.911,0.74
-0.935,0.74
-0.951,0.74
-0.951,0.748
-0.983,0.756
-0.983,0.772
-0.983,0.748
-0.983,0.78
-0.983,0.787
-0.983,0.787
-0.983,0.787
-0.983,0.787
-0.983,0.787
-0.983,0.787
-0.983,0.787
-0.983,0.787
-0.983,0.803
-0.983,0.803
-0.935,0.803
-0.823,0.803
-0.847,0.803
-0.807,0.803
-0.791,0.811
-0.791,0.811
-0.775,0.811
-0.775,0.811
-0.775,0.811
-0.775,0.811
-0.775,0.811
-0.775,0.811
-0.775,0.811
-0.775,0.811
-0.775,0.819
-0.775,0.819
-0.775,0.819
-0.775,0.819
-0.775,0.819
-0.775,0.819
-0.775,0.819
-0.775,0.819
-0.775,0.819
-0.775,0.819
-0.807,0.819
-0.823,0.819
-0.823,0.819
-0.823,0.819
-0.847,0.819
-0.847,0.819
-0.823,0.819
-0.863,0.819
-0.879,0.819
-0.895,0.819
-0.911,0.819
-0.911,0.819
-0.911,0.819
-0.911,0.819
-0.911,0.819
-0.911,0.819
-0.911,0.819
-0.911,0.819
-0.911,0.819
-0.911,0.819
-0.911,0.819
-0.911,0.819
-0.911,0.819
-0.911,0.819
-0.911,0.819
-0.911,0.819
-0.911,0.819
-0.911,0.819
-0.911,0.819
-0.911,0.819
-0.911,0.787
-0.911,0.756
-0.911,0.74
-0.911,0.74
-0.911,0.716
-0.911,0.709
-0.911,0.685
-0.911,0.709
-0.847,0.685
-0.823,0.709
-0.791,0.709
-0.759,0.685
-0.735,0.685
-0.687,0.677
-0.687,0.677
-0.647,0.677
-0.671,0.685
-0.647,0.685
-0.647,0.661
-0.671,0.661
-0.671,0.661
-0.647,0.622
-0.647,0.622
-0.647,0.622
-0.647,0.606
-0.631,0.606
-0.631,0.606
-0.631,0.606
-0.615,0.606
-0.599,0.606
-0.583,0.606
-0.583,0.606
-0.559,0.598
-0.583,0.598
-0.583,0.59
-0.583,0.567
-0.583,0.567
-0.583,0.567
-0.583,0.567
-0.583,0.567
-0.559,0.559
-0.559,0.559
-0.543,0.559
-0.527,0.559
-0.527,0.559
-0.527,0.559
-0.527,0.559
-0.527,0.559
-0.527,0.559
-0.527,0.559
-0.511,0.559
-0.543,0.559
-0.511,0.559
-0.511,0.559
-0.511,0.567
-0.511,0.59
-0.511,0.598
-0.511,0.622
-0.511,0.622
-0.511,0.63
-0.511,0.638
-0.511,0.638
-0.511,0.677
-0.511,0.677
-0.511,0.677
-0.511,0.677
-0.511,0.677
-0.511,0.677
-0.511,0.677
-0.511,0.677
-0.511,0.709
-0.511,0.709
-0.511,0.709
-0.511,0.724
-0.511,0.748
-0.511,0.78
-0.599,0.756
-0.687,0.78
-0.759,0.787
-0.759,0.819
-0.759,0.843
-0.759,0.851
-0.791,0.866
-0.807,0.874
-0.895,0.874
-0.911,0.874
-0.911,0.874
-0.911,0.874
-0.911,0.874
-0.911,0.874
-0.879,0.874
-0.879,0.874
-0.879,0.874
-0.863,0.874
-0.863,0.874
-0.863,0.874
-0.863,0.874
-0.863,0.874
-0.863,0.874
-0.863,0.874
-0.863,0.874
-0.863,0.874
-0.863,0.874
-0.863,0.874
-0.863,0.874
-0.863,0.874
-0.847,0.874
-0.847,0.874
-0.847,0.874
-0.847,0.874
-0.847,0.874
-0.847,0.874
-0.847,0.874
-0.847,0.874
-0.847,0.874
-0.847,0.874
-0.847,0.874
-0.847,0.874
-0.847,0.874
-0.847,0.874
-0.847,0.874
-0.847,0.874
-0.847,0.874
-0.847,0.874
-0.847,0.874
-0.847,0.874
-0.847,0.874
-0.847,0.874
-0.847,0.874
-0.847,0.874
-0.847,0.874
-0.847,0.874
-0.847,0.874
-0.847,0.874
-0.847,0.874
-0.847,0.874
-0.847,0.874
-0.823,0.874
-0.823,0.874
-0.823,0.874
-0.823,0.874
-0.807,0.874
-0.847,0.874
-0.807,0.874
-0.807,0.874
-0.807,0.851
-0.807,0.843
-0.807,0.835
-0.807,0.811
-0.807,0.787
-0.807,0.78
-0.807,0.78
-0.807,0.772
-0.807,0.756
-0.807,0.748
-0.791,0.772
-0.791,0.772
-0.775,0.772
-0.807,0.772
-0.775,0.772
-0.775,0.772
-0.759,0.748
-0.759,0.748
-0.735,0.748
-0.759,0.748
-0.735,0.748
-0.735,0.748
-0.735,0.748
-0.759,0.748
-0.735,0.748
-0.735,0.772
-0.735,0.772
-0.735,0.772
-0.735,0.772
-0.735,0.772
-0.759,0.772
-0.735,0.772
-0.735,0.772
-0.735,0.772
-0.735,0.772
-0.735,0.772
-0.735,0.772
-0.735,0.772
-0.735,0.772
-0.735,0.772
-0.735,0.772
-0.735,0.772
-0.735,0.772
-0.735,0.772
-0.735,0.772
-0.735,0.772
-0.735,0.772
-0.735,0.772
-0.735,0.772
-0.735,0.772
-0.735,0.772
-0.735,0.772
-0.735,0.772
-0.735,0.772
-0.735,0.772
-0.735,0.772
-0.735,0.772
-0.735,0.772
-0.735,0.772
-0.735,0.772
-0.735,0.772
-0.735,0.772
-0.735,0.772
-0.759,0.772
-0.735,0.772
-0.735,0.772
-0.735,0.772
-0.735,0.772
-0.735,0.772
-0.735,0.772
-0.735,0.772
-0.735,0.772
-0.735,0.772
-0.759,0.772
-0.735,0.772
-0.759,0.772
-0.735,0.772
-0.759,0.772
-0.759,0.772
-0.759,0.772
-0.735,0.772
-0.735,0.772
-0.759,0.772
-0.735,0.772
-0.735,0.772
-0.759,0.772
-0.735,0.772
-0.759,0.772
-0.759,0.772
-0.735,0.772
-0.759,0.772
-0.759,0.772
-0.735,0.772
-0.735,0.772
-0.735,0.772
-0.735,0.772
-0.759,0.772
-0.735,0.772
-0.735,0.772
-0.735,0.772
-0.735,0.772
-0.735,0.772
-0.719,0.772
-0.719,0.772
-0.719,0.772
-0.735,0.772
-0.735,0.772
-0.703,0.772
-0.703,0.772
-0.703,0.772
-0.703,0.772
-0.703,0.772
-0.703,0.772
-0.703,0.772
-0.703,0.772
-0.703,0.772
-0.703,0.772
-0.671,0.772
-0.671,0.772
-0.631,0.772
-0.615,0.772
-0.599,0.772
-0.599,0.772
-0.599,0.772
-0.599,0.772
-0.599,0.772
-0.599,0.772
-0.599,0.772
-0.599,0.772
-0.599,0.772
-0.599,0.772
-0.599,0.772
-0.599,0.772
-0.599,0.772
-0.599,0.772
-0.599,0.772
-0.599,0.772
-0.599,0.748
-0.599,0.748
-0.599,0.716
-0.599,0.693
-0.647,0.661
-0.647,0.693
-0.615,0.693
-0.615,0.693
-0.615,0.661
-0.647,0.661
-0.671,0.653
-0.647,0.638
-0.647,0.622
-0.647,0.59
-0.647,0.543
-0.647,0.559
-0.631,0.527
-0.631,0.527
-0.631,0.535
-0.631,0.511
-0.631,0.527
-0.631,0.495
-0.631,0.495
-0.631,0.48
-0.631,0.48
-0.631,0.472
-0.631,0.464
-0.631,0.464
-0.631,0.464
-0.631,0.464
-0.631,0.448
-0.631,0.472
-0.631,0.464
-0.615,0.448
-0.615,0.448
-0.615,0.432
-0.647,0.44
-0.599,0.44
-0.583,0.44
-0.543,0.44
-0.527,0.44
-0.511,0.44
-0.511,0.44
-0.511,0.417
-0.495,0.417
-0.495,0.417
-0.495,0.417
-0.495,0.417
-0.495,0.417
-0.495,0.417
-0.495,0.409
-0.495,0.432
-0.471,0.432
-0.495,0.409
-0.471,0.409
-0.455,0.409
-0.455,0.409
-0.455,0.409
-0.455,0.409
-0.455,0.409
-0.455,0.409
-0.455,0.409
-0.455,0.432
-0.455,0.432
-0.455,0.44
-0.455,0.448
-0.455,0.448
-0.455,0.464
-0.455,0.464
-0.455,0.472
-0.455,0.472
-0.455,0.472
-0.455,0.48
-0.455,0.48
-0.455,0.48
-0.439,0.48
-0.439,0.48
-0.439,0.48
-0.439,0.48
-0.439,0.48
-0.439,0.48
-0.439,0.48
-0.439,0.48
-0.439,0.48
-0.439,0.48
-0.439,0.448
-0.439,0.432
-0.439,0.417
-0.439,0.432
-0.439,0.401
-0.439,0.377
-0.471,0.369
-0.471,0.377
-0.471,0.377
-0.471,0.353
-0.471,0.353
-0.471,0.353
-0.423,0.346
-0.423,0.346
-0.407,0.346
-0.407,0.346
-0.351,0.338
-0.351,0.338
-0.335,0.322
-0.335,0.322
-0.335,0.346
-0.335,0.346
-0.335,0.346
-0.319,0.346
-0.319,0.346
-0.319,0.346
-0.319,0.346
-0.319,0.346
-0.319,0.346
-0.319,0.346
-0.295,0.346
-0.319,0.346
-0.295,0.346
-0.319,0.346
-0.295,0.346
-0.295,0.346
-0.295,0.346
-0.295,0.346
-0.295,0.346
-0.295,0.346
-0.295,0.346
-0.295,0.346
-0.319,0.346
-0.319,0.346
-0.295,0.346
-0.295,0.346
-0.295,0.346
-0.295,0.346
-0.295,0.346
-0.295,0.353
-0.295,0.353
-0.295,0.353
-0.263,0.353
-0.263,0.353
-0.247,0.353
-0.247,0.353
-0.247,0.369
-0.247,0.369
-0.247,0.369
-0.247,0.369
-0.247,0.369
-0.247,0.369
-0.247,0.369
-0.247,0.369
-0.247,0.369
-0.247,0.369
-0.247,0.369
-0.247,0.369
-0.247,0.369
-0.247,0.369
-0.247,0.369
-0.247,0.369
-0.247,0.369
-0.247,0.369
-0.247,0.369
-0.247,0.369
-0.247,0.369
-0.247,0.369
-0.247,0.369
-0.247,0.369
-0.247,0.369
-0.247,0.369
-0.247,0.369
-0.247,0.369
-0.247,0.369
-0.247,0.369
-0.247,0.369
-0.247,0.369
-0.247,0.369
-0.247,0.369
-0.247,0.369
-0.247,0.369
-0.247,0.369
-0.247,0.369
-0.247,0.369
-0.247,0.369
-0.247,0.369
-0.247,0.369
-0.247,0.369
-0.247,0.369
-0.247,0.369
-0.247,0.369
-0.247,0.369
-0.247,0.369
-0.247,0.369
-0.247,0.369
-0.247,0.369
-0.247,0.369
-0.247,0.369
-0.247,0.369
-0.247,0.369
-0.247,0.369
-0.247,0.369
-0.247,0.369
-0.247,0.369
-0.247,0.369
-0.247,0.369
-0.247,0.369
-0.247,0.377
-0.247,0.377
-0.247,0.377
-0.247,0.385
-0.247,0.385
-0.247,0.385
-0.247,0.385
-0.247,0.385
-0.247,0.385
-0.247,0.385
-0.247,0.385
-0.247,0.385
-0.247,0.385
-0.247,0.401
-0.247,0.401
-0.247,0.377
-0.247,0.377
-0.247,0.409
-0.247,0.432
-0.247,0.432
-0.247,0.432
-0.247,0.432
-0.247,0.44
-0.247,0.44
-0.247,0.44
-0.247,0.44
-0.247,0.44
-0.247,0.44
-0.247,0.44
-0.247,0.44
-0.247,0.448
-0.247,0.472
-0.247,0.511
-0.247,0.535
-0.247,0.511
-0.247,0.535
-0.247,0.535
-0.247,0.543
-0.247,0.543
-0.247,0.543
-0.247,0.543
-0.247,0.543
-0.247,0.543
-0.247,0.543
-0.247,0.543
-0.247,0.543
-0.247,0.543
-0.247,0.543
-0.247,0.543
-0.247,0.543
-0.247,0.543
-0.247,0.543
-0.247,0.543
-0.247,0.543
-0.247,0.543
-0.247,0.543
-0.247,0.511
-0.247,0.511
-0.247,0.511
-0.247,0.511
-0.247,0.511
-0.247,0.511
-0.247,0.511
-0.247,0.503
-0.247,0.503
-0.247,0.503
-0.247,0.472
-0.247,0.464
-0.247,0.432
-0.247,0.417
-0.247,0.432
-0.247,0.417
-0.247,0.409
-0.247,0.409
-0.247,0.401
-0.247,0.401
-0.247,0.401
-0.279,0.385
-0.279,0.385
-0.279,0.377
-0.279,0.369
-0.279,0.353
-0.279,0.353
-0.279,0.353
-0.279,0.353
-0.279,0.346
-0.279,0.338
-0.279,0.369
-0.279,0.369
-0.279,0.369
-0.279,0.369
-0.279,0.369
-0.279,0.369
-0.279,0.369
-0.279,0.369
-0.279,0.369
-0.279,0.369
-0.279,0.369
-0.279,0.369
-0.279,0.369
-0.279,0.369
-0.279,0.369
-0.279,0.369
-0.279,0.369
-0.279,0.369
-0.279,0.369
-0.279,0.369
-0.279,0.369
-0.279,0.369
-0.279,0.369
-0.279,0.369
-0.279,0.369
-0.279,0.369
-0.279,0.369
-0.279,0.369
-0.279,0.369
-0.279,0.369
-0.279,0.369
-0.279,0.369
-0.279,0.369
-0.279,0.369
-0.279,0.369
-0.279,0.369
-0.279,0.369
-0.279,0.369
-0.279,0.369
-0.279,0.369
-0.279,0.369
-0.279,0.369
-0.279,0.369
-0.279,0.369
-0.279,0.369
-0.279,0.369
-0.279,0.369
-0.279,0.369
-0.279,0.369
-0.279,0.369
-0.279,0.369
-0.279,0.369
-0.279,0.369
-0.279,0.369
-0.279,0.369
-0.279,0.369
-0.279,0.369
-0.279,0.369
-0.279,0.369
-0.279,0.369
-0.279,0.369
-0.279,0.369
-0.279,0.369
-0.279,0.369
-0.279,0.369
-0.279,0.369
-0.279,0.369
-0.279,0.369
-0.279,0.369
-0.279,0.369
-0.279,0.369
-0.279,0.369
-0.279,0.369
-0.279,0.369
-0.279,0.369
-0.279,0.369
-0.279,0.369
-0.279,0.369
-0.279,0.369
-0.279,0.369
-0.279,0.369
-0.279,0.369
-0.279,0.369
-0.279,0.369
-0.279,0.369
-0.279,0.369
-0.279,0.369
-0.279,0.369
-0.279,0.369
-0.279,0.369
-0.279,0.369
-0.279,0.369
-0.279,0.369
-0.279,0.369
-0.279,0.369
-0.279,0.369
-0.279,0.369
-0.279,0.369
-0.279,0.369
-0.279,0.369
-0.295,0.369
-0.295,0.369
-0.319,0.369
-0.335,0.369
-0.351,0.369
-0.383,0.369
-0.407,0.369
-0.407,0.369
-0.439,0.369
-0.439,0.369
-0.439,0.369
-0.439,0.369
-0.439,0.369
-0.439,0.369
-0.439,0.369
-0.439,0.369
-0.439,0.369
-0.439,0.369
-0.439,0.369
-0.439,0.369
-0.439,0.369
-0.439,0.369
-0.439,0.369
-0.439,0.369
-0.439,0.369
-0.439,0.369
-0.439,0.369
-0.439,0.377
-0.439,0.377
-0.439,0.385
-0.439,0.385
-0.439,0.385
-0.439,0.385
-0.439,0.385
-0.439,0.385
-0.439,0.385
-0.439,0.385
-0.439,0.385
-0.439,0.385
-0.439,0.385
-0.439,0.385
-0.439,0.385
-0.439,0.385
-0.407,0.385
-0.407,0.385
-0.407,0.385
-0.383,0.385
-0.383,0.385
-0.367,0.385
-0.367,0.385
-0.367,0.385
-0.367,0.385
-0.367,0.385
-0.367,0.385
-0.367,0.385
-0.351,0.385
-0.351,0.385
-0.383,0.385
-0.383,0.385
-0.383,0.385
-0.383,0.385
-0.383,0.385
-0.383,0.385
-0.383,0.385
-0.383,0.385
-0.383,0.385
-0.383,0.385
-0.383,0.385
-0.383,0.385
-0.383,0.401
-0.383,0.409
-0.383,0.409
-0.383,0.409
-0.383,0.432
-0.383,0.432
-0.383,0.432
-0.383,0.432
-0.383,0.432
-0.383,0.432
-0.383,0.432
-0.383,0.432
-0.383,0.44
-0.383,0.44
-0.383,0.44
-0.383,0.44
-0.383,0.448
-0.383,0.464
-0.383,0.464
-0.383,0.464
-0.383,0.464
-0.383,0.464
-0.383,0.472
-0.383,0.48
-0.383,0.495
-0.383,0.503
-0.383,0.527
-0.383,0.527
-0.383,0.527
-0.383,0.527
-0.383,0.527
-0.383,0.535
-0.383,0.511
-0.383,0.535
-0.383,0.535
-0.383,0.535
-0.383,0.535
-0.383,0.567
-0.383,0.59
-0.383,0.622
-0.383,0.638
-0.383,0.653
-0.383,0.653
-0.383,0.653
-0.383,0.653
-0.383,0.653
-0.383,0.653
-0.383,0.677
-0.383,0.693
-0.439,0.724
-0.439,0.787
-0.455,0.803
-0.471,0.787
-0.527,0.835
-0.583,0.851
-0.615,0.851
-0.631,0.851
-0.647,0.851
-0.647,0.866
-0.671,0.866
-0.671,0.866
-0.671,0.866
-0.671,0.866
-0.703,0.882
-0.719,0.882
-0.735,0.906
-0.735,0.914
-0.735,0.914
-0.735,0.914
-0.735,0.914
-0.735,0.914
-0.735,0.914
-0.735,0.914
-0.735,0.914
-0.735,0.929
-0.735,0.929
-0.735,0.929
-0.735,0.929
-0.759,0.929
-0.759,0.929
-0.791,0.929
-0.791,0.929
-0.791,0.929
-0.791,0.929
-0.791,0.929
-0.791,0.929
-0.791,0.929
-0.791,0.929
-0.791,0.929
-0.791,0.929
-0.807,0.929
-0.807,0.929
-0.807,0.929
-0.807,0.929
-0.807,0.929
-0.807,0.929
-0.807,0.929
-0.807,0.929
-0.807,0.929
-0.807,0.929
-0.807,0.937
-0.807,0.977
-0.807,0.993
-0.807,0.993
-0.807,0.993
-0.823,0.993
-0.823,0.993
-0.791,1.0
-0.791,1.0
-0.791,1.0
-0.791,1.0
-0.791,1.0
-0.791,1.0
-0.791,1.0
-0.791,1.0
-0.791,1.0
-0.791,1.0
-0.791,1.0
-0.791,1.0
-0.791,1.0
-0.791,1.0
-0.791,1.0
-0.791,1.0
-0.791,1.0
-0.791,1.0
-0.791,0.961
-0.791,0.929
-0.791,0.914
-0.791,0.882
-0.791,0.866
-0.791,0.835
-0.791,0.811
-0.791,0.78
-0.791,0.772
-0.791,0.78
-0.791,0.787
-0.791,0.787
-0.791,0.787
-0.791,0.787
-0.791,0.787
-0.791,0.787
-0.791,0.787
-0.791,0.787
-0.791,0.787
-0.791,0.787
-0.791,0.787
-0.791,0.787
-0.791,0.787
-0.791,0.787
-0.791,0.787
-0.791,0.787
-0.791,0.787
-0.791,0.787
-0.791,0.787
-0.791,0.787
-0.791,0.787
-0.791,0.787
-0.791,0.787
-0.791,0.787
-0.791,0.787
-0.791,0.787
-0.791,0.787
-0.791,0.787
-0.791,0.787
-0.791,0.787
-0.791,0.787
-0.791,0.787
-0.791,0.787
-0.791,0.787
-0.791,0.787
-0.791,0.787
-0.791,0.787
-0.791,0.787
-0.791,0.787
-0.791,0.787
-0.791,0.787
-0.791,0.787
-0.791,0.787
-0.791,0.787
-0.791,0.803
-0.791,0.803
-0.791,0.803
-0.791,0.803
-0.791,0.835
-0.791,0.835
-0.823,0.835
-0.823,0.835
-0.823,0.835
-0.823,0.835
-0.823,0.835
-0.823,0.835
-0.823,0.835
-0.823,0.843
-0.823,0.843
-0.823,0.843
-0.823,0.843
-0.823,0.843
-0.823,0.843
-0.823,0.843
-0.823,0.843
-0.823,0.843
-0.823,0.843
-0.823,0.843
-0.823,0.843
-0.823,0.843
-0.823,0.843
-0.823,0.843
-0.823,0.843
-0.823,0.843
-0.823,0.843
-0.823,0.843
-0.823,0.843
-0.823,0.843
-0.823,0.843
-0.823,0.843
-0.823,0.843
-0.823,0.843
-0.823,0.843
-0.823,0.843
-0.823,0.843
-0.823,0.843
-0.823,0.843
-0.823,0.843
-0.823,0.843
-0.823,0.843
-0.823,0.843
-0.823,0.843
-0.823,0.843
-0.823,0.843
-0.823,0.843
-0.823,0.843
-0.823,0.843
-0.823,0.851
-0.823,0.843
-0.823,0.874
-0.823,0.874
-0.823,0.874
-0.823,0.874
-0.823,0.882
-0.823,0.882
-0.823,0.882
-0.791,0.882
-0.791,0.882
-0.791,0.882
-0.791,0.882
-0.791,0.882
-0.791,0.882
-0.791,0.898
-0.791,0.898
-0.791,0.898
-0.791,0.898
-0.791,0.898
-0.791,0.898
-0.791,0.898
-0.791,0.898
-0.791,0.898
-0.791,0.898
-0.791,0.898
-0.791,0.898
-0.791,0.898
-0.791,0.898
-0.791,0.898
-0.791,0.898
-0.791,0.898
-0.791,0.898
-0.791,0.898
-0.791,0.898
-0.791,0.898
-0.791,0.898
-0.791,0.898
-0.791,0.898
-0.791,0.898
-0.791,0.898
-0.791,0.898
-0.791,0.898
-0.791,0.898
-0.791,0.898
-0.791,0.898
-0.791,0.898
-0.791,0.898
-0.791,0.898
-0.791,0.898
-0.791,0.898
-0.791,0.898
-0.791,0.898
-0.791,0.898
-0.791,0.898
-0.791,0.898
-0.791,0.898
-0.791,0.898
-0.791,0.898
-0.791,0.898
-0.791,0.898
-0.791,0.898
-0.791,0.898
-0.791,0.898
-0.791,0.898
-0.791,0.898
-0.791,0.898
-0.791,0.898
-0.791,0.898
-0.791,0.898
-0.791,0.898
-0.791,0.898
-0.791,0.898
-0.791,0.898
-0.791,0.874
-0.791,0.866
-0.791,0.851
-0.791,0.851
-0.791,0.843
-0.791,0.835
-0.775,0.843
-0.775,0.843
-0.775,0.811
-0.775,0.803
-0.775,0.787
-0.775,0.803
-0.775,0.811
-0.775,0.811
-0.775,0.811
-0.775,0.811
-0.775,0.811
-0.775,0.811
-0.775,0.811
-0.775,0.811
-0.775,0.811
-0.775,0.811
-0.775,0.811
-0.775,0.811
-0.775,0.811
-0.775,0.811
-0.775,0.811
-0.775,0.811
-0.775,0.811
-0.775,0.811
-0.775,0.811
-0.775,0.811
-0.775,0.811
-0.775,0.811
-0.823,0.811
-0.823,0.811
-0.823,0.811
-0.823,0.811
-0.823,0.811
-0.823,0.811
-0.823,0.811
-0.823,0.811
-0.823,0.811
-0.823,0.811
-0.823,0.811
-0.823,0.811
-0.823,0.811
-0.823,0.787
-0.823,0.787
-0.823,0.787
-0.823,0.787
-0.823,0.787
-0.823,0.787
-0.823,0.787
-0.823,0.811
-0.823,0.811
-0.823,0.811
-0.823,0.811
-0.823,0.811
-0.823,0.811
-0.823,0.811
-0.823,0.811
-0.823,0.787
-0.823,0.787
-0.823,0.787
-0.823,0.787
-0.823,0.787
-0.823,0.811
-0.823,0.787
-0.823,0.787
-0.823,0.787
-0.823,0.787
-0.823,0.78
-0.823,0.803
-0.823,0.803
-0.823,0.803
-0.823,0.803
-0.823,0.803
-0.823,0.803
-0.823,0.803
-0.823,0.811
-0.823,0.811
-0.823,0.835
-0.823,0.898
-0.823,0.929
-0.823,0.993
-0.823,1.0
-0.823,1.0
-0.847,1.0
-0.823,1.0
-0.823,1.0
-0.823,1.0
-0.823,1.0
-0.823,1.0
-0.823,1.0
-0.823,1.0
-0.823,1.0
-0.823,1.0
-0.823,1.0
-0.823,1.0
-0.823,1.0
-0.823,1.0
-0.823,1.0
-0.823,1.0
-0.823,1.0
-0.823,1.0
-0.823,1.0
-0.823,1.0
-0.823,1.0
-0.823,1.0
-0.823,1.0
-0.823,1.0
-0.823,1.0
-0.823,1.0
-0.823,1.0
-0.823,1.0
-0.823,1.0
-0.823,1.0
-0.823,1.0
-0.823,1.0
-0.823,1.0
-0.823,1.0
-0.823,1.0
-0.823,1.0
-0.823,1.0
-0.823,1.0
-0.823,1.0
-0.823,1.0
-0.823,1.0
-0.847,1.0
-0.895,1.0
-0.911,1.0
-0.935,1.0
-0.951,1.0
-1.0,1.0
-1.0,1.0
-1.0,1.0
-1.0,1.0
-1.0,1.0
-1.0,1.0
-1.0,1.0
-1.0,1.0
-1.0,1.0
-1.0,1.0
-1.0,1.0
-1.0,1.0
-1.0,1.0
-1.0,1.0
-1.0,1.0
-1.0,1.0
-1.0,1.0
-1.0,1.0
-1.0,1.0
-1.0,1.0
-1.0,1.0
-1.0,1.0
-1.0,1.0
-1.0,1.0
-1.0,1.0
-1.0,1.0
-1.0,1.0
-1.0,1.0
-1.0,1.0
-1.0,1.0
-1.0,1.0
-1.0,1.0
-1.0,1.0
-0.967,1.0
-0.951,1.0
-0.911,1.0
-0.895,1.0
-0.895,1.0
-0.895,1.0
-0.895,1.0
-0.895,1.0
-0.895,1.0
-0.895,1.0
-0.895,1.0
-0.895,1.0
-0.935,1.0
-1.0,1.0
-1.0,1.0
-1.0,1.0
-1.0,1.0
-1.0,1.0
-1.0,1.0
-1.0,1.0
-1.0,1.0
-1.0,1.0
-1.0,1.0
-1.0,1.0
-1.0,1.0
-1.0,1.0
-1.0,1.0
-1.0,1.0
-1.0,1.0
-1.0,1.0
-1.0,0.977
-1.0,0.977
-1.0,0.977
-1.0,0.977
-1.0,0.977
-1.0,0.969
-1.0,0.969
-1.0,0.969
-1.0,0.969
-1.0,0.969
-1.0,0.969
-1.0,0.969
-1.0,0.969
-1.0,0.969
-1.0,0.969
-1.0,0.969
-1.0,0.945
-1.0,0.929
-1.0,0.929
-1.0,0.914
-1.0,0.906
-1.0,0.906
-1.0,0.906
-0.967,0.898
-0.903,0.882
-0.903,0.882
-0.903,0.874
-0.903,0.874
-0.903,0.874
-0.903,0.866
-0.903,0.851
-0.903,0.851
-0.903,0.843
-0.903,0.843
-0.903,0.843
-0.903,0.843
-0.903,0.835
-0.903,0.835
-0.903,0.835
-0.887,0.835
-0.863,0.835
-0.847,0.835
-0.847,0.835
-0.847,0.835
-0.847,0.835
-0.847,0.835
-0.887,0.819
-0.935,0.835
-1.0,0.811
-1.0,0.843
-1.0,0.843
-1.0,0.819
-1.0,0.819
-1.0,0.811
-1.0,0.835
-1.0,0.811
-1.0,0.811
-1.0,0.843
-1.0,0.811
-1.0,0.811
-1.0,0.811
-1.0,0.811
-1.0,0.811
-1.0,0.811
-1.0,0.811
-1.0,0.835
-1.0,0.835
-1.0,0.811
-1.0,0.811
-1.0,0.803
-1.0,0.803
-1.0,0.803
-1.0,0.787
-1.0,0.787
-1.0,0.787
-1.0,0.78
-1.0,0.78
-1.0,0.78
-1.0,0.78
-1.0,0.78
-1.0,0.78
-1.0,0.78
-1.0,0.78
-1.0,0.78
-1.0,0.78
-1.0,0.78
-1.0,0.78
-1.0,0.78
-1.0,0.78
-1.0,0.78
-1.0,0.78
-1.0,0.78
-1.0,0.803
-1.0,0.803
-1.0,0.811
-1.0,0.811
-1.0,0.811
-1.0,0.811
-1.0,0.811
-1.0,0.811
-1.0,0.811
-1.0,0.811
-1.0,0.811
-1.0,0.811
-1.0,0.811
-1.0,0.811
-1.0,0.811
-1.0,0.811
-1.0,0.811
-1.0,0.811
-1.0,0.819
-1.0,0.819
-1.0,0.819
-1.0,0.819
-1.0,0.819
-1.0,0.819
-1.0,0.835
-1.0,0.835
-1.0,0.835
-1.0,0.835
-1.0,0.835
-1.0,0.835
-1.0,0.835
-1.0,0.835
-0.967,0.835
-0.951,0.835
-0.943,0.835
-0.943,0.835
-0.943,0.835
-0.927,0.835
-0.903,0.835
-0.855,0.835
-0.807,0.835
-0.775,0.835
-0.759,0.835
-0.751,0.835
-0.751,0.835
-0.751,0.835
-0.751,0.835
-0.751,0.835
-0.751,0.835
-0.751,0.835
-0.751,0.835
-0.751,0.835
-0.751,0.835
-0.751,0.835
-0.751,0.835
-0.751,0.835
-0.751,0.835
-0.751,0.835
-0.751,0.835
-0.751,0.835
-0.751,0.835
-0.751,0.835
-0.751,0.835
-0.751,0.835
-0.751,0.835
-0.751,0.835
-0.751,0.835
-0.751,0.835
-0.751,0.835
-0.751,0.835
-0.751,0.835
-0.751,0.835
-0.783,0.835
-0.823,0.835
-0.847,0.835
-0.847,0.835
-0.847,0.835
-0.847,0.835
-0.847,0.835
-0.847,0.835
-0.847,0.835
-0.847,0.835
-0.847,0.835
-0.847,0.835
-0.847,0.835
-0.847,0.835
-0.847,0.835
-0.847,0.835
-0.847,0.835
-0.847,0.835
-0.847,0.835
-0.847,0.835
-0.847,0.835
-0.847,0.835
-0.847,0.835
-0.847,0.835
-0.847,0.835
-0.847,0.835
-0.847,0.835
-0.847,0.835
-0.847,0.835
-0.847,0.835
-0.847,0.835
-0.847,0.835
-0.847,0.835
-0.847,0.835
-0.847,0.835
-0.831,0.835
-0.831,0.835
-0.831,0.835
-0.831,0.835
-0.831,0.835
-0.831,0.835
-0.831,0.835
-0.831,0.835
-0.831,0.835
-0.831,0.835
-0.831,0.835
-0.871,0.835
-0.879,0.835
-0.895,0.835
-0.895,0.835
-0.895,0.835
-0.895,0.835
-0.895,0.835
-0.855,0.835
-0.759,0.835
-0.615,0.835
-0.511,0.835
-0.487,0.835
-0.463,0.835
-0.463,0.835
-0.447,0.835
-0.447,0.835
-0.447,0.835
-0.447,0.835
-0.447,0.835
-0.447,0.835
-0.447,0.835
-0.447,0.835
-0.471,0.835
-0.487,0.835
-0.495,0.835
-0.559,0.835
-0.567,0.835
-0.583,0.835
-0.591,0.835
-0.615,0.835
-0.631,0.835
-0.639,0.835
-0.655,0.835
-0.679,0.835
-0.687,0.835
-0.735,0.835
-0.775,0.835
-0.783,0.835
-0.807,0.835
-0.823,0.835
-0.823,0.835
-0.823,0.835
-0.831,0.835
-0.847,0.835
-0.855,0.835
-0.895,0.835
-0.951,0.835
-0.967,0.835
-0.967,0.835
-0.975,0.835
-1.0,0.835
-1.0,0.835
-1.0,0.835
-1.0,0.835
-1.0,0.835
-1.0,0.835
-1.0,0.835
-1.0,0.835
-1.0,0.835
-1.0,0.843
-1.0,0.851
-1.0,0.866
-1.0,0.882
-1.0,0.898
-1.0,0.906
-1.0,0.882
-1.0,0.937
-1.0,0.945
-1.0,0.945
-1.0,0.945
-1.0,0.945
-1.0,0.945
-1.0,0.945
-1.0,0.945
-1.0,0.945
-1.0,0.945
-1.0,0.945
-1.0,0.945
-1.0,0.945
-1.0,0.945
-0.975,0.945
-0.951,0.945
-0.919,0.945
-0.871,0.945
-0.855,0.945
-0.847,0.945
-0.847,0.945
-0.847,0.945
-0.847,0.945
-0.847,0.945
-0.847,0.945
-0.847,0.945
-0.847,0.945
-0.847,0.945
-0.847,0.945
-0.847,0.898
-0.847,0.811
-0.847,0.622
-0.847,0.353
-0.847,0.101
-0.847,0.03
-0.831,0.03
-0.831,0.0
-0.823,0.0
-0.823,0.0
-0.823,0.0
-0.823,0.0
-0.823,0.0
-0.807,0.0
-0.783,0.0
-0.687,0.0
-0.319,0.0
-0.175,0.0
-0.087,0.0
-0.063,0.0
-0.063,0.0
-0.039,0.0
-0.039,0.0
-0.039,0.0
-0.039,0.0
-0.031,0.0
-0.031,0.0
-0.031,0.0
-0.031,0.0
-0.031,0.03
-0.031,0.133
-0.063,0.188
-0.151,0.29
-0.199,0.314
-0.207,0.346
-0.223,0.346
-0.223,0.377
-0.223,0.503
-0.223,0.543
-0.223,0.622
-0.223,0.653
-0.255,0.638
-0.303,0.677
-0.351,0.677
-0.375,0.677
-0.399,0.677
-0.439,0.677
-0.447,0.677
-0.463,0.677
-0.495,0.677
-0.535,0.677
-0.535,0.677
-0.535,0.677
-0.511,0.677
-0.511,0.677
-0.447,0.677
-0.439,0.677
-0.439,0.677
-0.447,0.677
-0.423,0.677
-0.423,0.677
-0.423,0.677
-0.423,0.677
-0.423,0.638
-0.423,0.63
-0.447,0.63
-0.447,0.622
-0.447,0.59
-0.447,0.574
-0.447,0.567
-0.447,0.535
-0.447,0.527
-0.423,0.559
-0.423,0.559
-0.423,0.559
-0.415,0.559
-0.439,0.559
-0.439,0.559
-0.439,0.559
-0.439,0.559
-0.439,0.559
-0.415,0.559
-0.415,0.559
-0.415,0.559
-0.415,0.559
-0.415,0.559
-0.415,0.559
-0.415,0.559
-0.415,0.559
-0.415,0.559
-0.415,0.559
-0.415,0.559
-0.415,0.559
-0.415,0.559
-0.415,0.559
-0.415,0.559
-0.415,0.559
-0.415,0.559
-0.415,0.559
-0.415,0.559
-0.415,0.559
-0.439,0.535
-0.415,0.527
-0.415,0.527
-0.415,0.527
-0.415,0.527
-0.415,0.527
-0.415,0.527
-0.415,0.527
-0.415,0.527
-0.415,0.527
-0.415,0.527
-0.415,0.527
-0.415,0.527
-0.415,0.527
-0.415,0.527
-0.415,0.527
-0.415,0.527
-0.415,0.527
-0.415,0.527
-0.415,0.527
-0.415,0.527
-0.415,0.527
-0.415,0.527
-0.439,0.527
-0.439,0.527
-0.439,0.527
-0.439,0.527
-0.439,0.527
-0.439,0.527
-0.439,0.527
-0.439,0.527
-0.439,0.527
-0.439,0.527
-0.439,0.527
-0.439,0.527
-0.439,0.527
-0.439,0.527
-0.439,0.527
-0.439,0.527
-0.439,0.527
-0.439,0.527
-0.439,0.527
-0.439,0.527
-0.439,0.527
-0.439,0.527
-0.439,0.527
-0.439,0.527
-0.439,0.527
-0.439,0.527
-0.439,0.527
-0.439,0.527
-0.439,0.527
-0.439,0.559
-0.439,0.559
-0.439,0.567
-0.439,0.574
-0.439,0.574
-0.399,0.574
-0.391,0.574
-0.367,0.574
-0.351,0.574
-0.351,0.574
-0.351,0.574
-0.351,0.574
-0.351,0.574
-0.351,0.574
-0.351,0.574
-0.351,0.574
-0.351,0.574
-0.351,0.574
-0.351,0.574
-0.343,0.574
-0.343,0.574
-0.367,0.574
-0.367,0.574
-0.367,0.574
-0.367,0.574
-0.367,0.574
-0.343,0.543
-0.343,0.535
-0.343,0.527
-0.343,0.527
-0.367,0.527
-0.367,0.511
-0.367,0.527
-0.367,0.511
-0.367,0.503
-0.367,0.503
-0.367,0.495
-0.367,0.495
-0.367,0.495
-0.367,0.495
-0.367,0.495
-0.367,0.495
-0.367,0.48
-0.367,0.48
-0.367,0.472
-0.367,0.448
-0.367,0.44
-0.367,0.472
-0.367,0.472
-0.367,0.448
-0.367,0.472
-0.367,0.44
-0.367,0.44
-0.367,0.464
-0.367,0.464
-0.367,0.44
-0.367,0.44
-0.367,0.448
-0.367,0.448
-0.367,0.448
-0.367,0.448
-0.367,0.448
-0.367,0.448
-0.367,0.448
-0.367,0.448
-0.367,0.448
-0.367,0.448
-0.367,0.432
-0.367,0.401
-0.367,0.401
-0.367,0.385
-0.367,0.369
-0.367,0.353
-0.367,0.377
-0.367,0.353
-0.367,0.369
-0.367,0.369
-0.367,0.338
-0.367,0.338
-0.367,0.314
-0.367,0.314
-0.367,0.314
-0.367,0.314
-0.367,0.314
-0.367,0.29
-0.367,0.282
-0.367,0.282
-0.367,0.282
-0.367,0.282
-0.367,0.282
-0.367,0.282
-0.367,0.282
-0.367,0.282
-0.367,0.282
-0.367,0.282
-0.367,0.282
-0.367,0.282
-0.367,0.282
-0.367,0.282
-0.367,0.282
-0.367,0.282
-0.367,0.282
-0.367,0.282
-0.367,0.282
-0.367,0.282
-0.367,0.282
-0.343,0.29
-0.343,0.29
-0.343,0.29
-0.343,0.29
-0.343,0.29
-0.343,0.29
-0.343,0.29
-0.343,0.29
-0.343,0.259
-0.343,0.259
-0.343,0.259
-0.343,0.251
-0.343,0.251
-0.351,0.251
-0.351,0.251
-0.351,0.251
-0.351,0.251
-0.327,0.235
-0.327,0.235
-0.327,0.235
-0.327,0.235
-0.327,0.235
-0.327,0.235
-0.327,0.235
-0.327,0.235
-0.327,0.235
-0.351,0.235
-0.351,0.235
-0.351,0.235
-0.351,0.235
-0.351,0.235
-0.351,0.235
-0.351,0.235
-0.351,0.235
-0.351,0.235
-0.351,0.235
-0.351,0.235
-0.351,0.235
-0.351,0.235
-0.351,0.235
-0.351,0.235
-0.351,0.235
-0.351,0.235
-0.351,0.235
-0.351,0.235
-0.351,0.235
-0.351,0.235
-0.351,0.235
-0.351,0.235
-0.351,0.235
-0.351,0.235
-0.351,0.235
-0.351,0.235
-0.351,0.235
-0.351,0.235
-0.351,0.235
-0.351,0.235
-0.351,0.235
-0.351,0.235
-0.351,0.235
-0.351,0.235
-0.351,0.227
-0.351,0.227
-0.351,0.251
-0.351,0.227
-0.351,0.227
-0.351,0.251
-0.351,0.227
-0.351,0.235
-0.351,0.251
-0.351,0.227
-0.351,0.235
-0.351,0.235
-0.351,0.235
-0.351,0.235
-0.351,0.235
-0.351,0.227
-0.351,0.227
-0.351,0.196
-0.351,0.188
-0.351,0.188
-0.351,0.188
-0.351,0.188
-0.351,0.188
-0.351,0.188
-0.351,0.188
-0.351,0.188
-0.351,0.188
-0.351,0.188
-0.351,0.188
-0.351,0.188
-0.351,0.188
-0.351,0.188
-0.351,0.188
-0.351,0.188
-0.351,0.188
-0.351,0.188
-0.351,0.188
-0.351,0.188
-0.351,0.188
-0.351,0.188
-0.351,0.188
-0.351,0.188
-0.351,0.188
-0.351,0.188
-0.351,0.188
-0.351,0.188
-0.351,0.188
-0.351,0.188
-0.351,0.188
-0.351,0.188
-0.351,0.188
-0.351,0.188
-0.351,0.188
-0.351,0.188
-0.351,0.188
-0.351,0.188
-0.351,0.188
-0.351,0.188
-0.351,0.188
-0.351,0.188
-0.351,0.188
-0.351,0.188
-0.351,0.188
-0.351,0.188
-0.351,0.188
-0.351,0.188
-0.351,0.188
-0.351,0.188
-0.351,0.188
-0.351,0.188
-0.351,0.188
-0.351,0.188
-0.351,0.188
-0.351,0.188
-0.351,0.188
-0.351,0.188
-0.351,0.188
-0.351,0.188
-0.351,0.188
-0.351,0.188
-0.351,0.188
-0.351,0.188
-0.351,0.188
-0.351,0.188
-0.351,0.188
-0.351,0.188
-0.351,0.188
-0.351,0.188
-0.351,0.188
-0.351,0.188
-0.351,0.188
-0.351,0.188
-0.351,0.188
-0.351,0.188
-0.351,0.188
-0.351,0.188
-0.351,0.188
-0.351,0.188
-0.351,0.188
-0.351,0.188
-0.351,0.188
-0.351,0.188
-0.351,0.188
-0.351,0.188
-0.351,0.188
-0.351,0.188
-0.351,0.188
-0.351,0.188
-0.351,0.188
-0.351,0.188
-0.351,0.188
-0.351,0.188
-0.351,0.188
-0.351,0.188
-0.351,0.188
-0.351,0.188
-0.367,0.188
-0.367,0.188
-0.399,0.188
-0.423,0.188
-0.439,0.188
-0.447,0.188
-0.447,0.188
-0.447,0.188
-0.463,0.188
-0.463,0.188
-0.463,0.188
-0.463,0.188
-0.463,0.188
-0.471,0.188
-0.471,0.188
-0.471,0.188
-0.487,0.188
-0.487,0.188
-0.495,0.188
-0.495,0.188
-0.495,0.188
-0.495,0.188
-0.495,0.188
-0.495,0.188
-0.495,0.188
-0.495,0.188
-0.495,0.188
-0.495,0.188
-0.495,0.188
-0.495,0.188
-0.495,0.188
-0.495,0.188
-0.495,0.188
-0.495,0.188
-0.495,0.188
-0.495,0.188
-0.495,0.188
-0.495,0.188
-0.495,0.188
-0.495,0.188
-0.495,0.188
-0.495,0.219
-0.495,0.219
-0.495,0.227
-0.495,0.227
-0.495,0.227
-0.495,0.251
-0.495,0.235
-0.495,0.251
-0.495,0.259
-0.495,0.259
-0.495,0.259
-0.495,0.267
-0.495,0.267
-0.495,0.267
-0.495,0.235
-0.495,0.259
-0.495,0.267
-0.495,0.259
-0.495,0.259
-0.495,0.282
-0.495,0.282
-0.495,0.282
-0.495,0.282
-0.495,0.282
-0.495,0.282
-0.495,0.282
-0.495,0.282
-0.495,0.282
-0.495,0.282
-0.495,0.282
-0.495,0.282
-0.495,0.282
-0.495,0.282
-0.495,0.282
-0.495,0.282
-0.495,0.282
-0.495,0.282
-0.495,0.282
-0.495,0.282
-0.495,0.282
-0.495,0.282
-0.471,0.282
-0.471,0.282
-0.471,0.282
-0.471,0.282
-0.471,0.282
-0.471,0.282
-0.471,0.282
-0.471,0.282
-0.471,0.282
-0.471,0.282
-0.471,0.282
-0.471,0.282
-0.471,0.282
-0.471,0.282
-0.471,0.282
-0.471,0.282
-0.471,0.282
-0.471,0.282
-0.471,0.282
-0.463,0.282
-0.447,0.282
-0.439,0.282
-0.423,0.282
-0.423,0.282
-0.423,0.282
-0.423,0.282
-0.423,0.282
-0.423,0.282
-0.423,0.282
-0.423,0.282
-0.423,0.282
-0.423,0.282
-0.423,0.282
-0.423,0.282
-0.423,0.282
-0.423,0.282
-0.423,0.282
-0.423,0.282
-0.423,0.282
-0.423,0.282
-0.423,0.282
-0.423,0.282
-0.423,0.282
-0.423,0.29
-0.423,0.298
-0.423,0.298
-0.423,0.298
-0.423,0.298
-0.423,0.298
-0.423,0.298
-0.423,0.298
-0.423,0.298
-0.423,0.298
-0.423,0.298
-0.423,0.298
-0.423,0.298
-0.423,0.298
-0.423,0.298
-0.423,0.298
-0.423,0.298
-0.423,0.259
-0.423,0.227
-0.423,0.251
-0.423,0.219
-0.423,0.219
-0.423,0.196
-0.423,0.219
-0.423,0.204
-0.423,0.219
-0.423,0.219
-0.423,0.219
-0.423,0.219
-0.423,0.219
-0.423,0.219
-0.423,0.219
-0.423,0.219
-0.423,0.219
-0.423,0.219
-0.423,0.219
-0.423,0.219
-0.423,0.219
-0.423,0.219
-0.423,0.219
-0.423,0.219
-0.423,0.219
-0.423,0.219
-0.423,0.219
-0.423,0.219
-0.423,0.219
-0.423,0.219
-0.423,0.219
-0.423,0.219
-0.423,0.219
-0.423,0.219
-0.423,0.219
-0.423,0.219
-0.423,0.219
-0.423,0.219
-0.423,0.219
-0.423,0.219
-0.423,0.219
-0.423,0.219
-0.423,0.219
-0.423,0.219
-0.423,0.219
-0.423,0.219
-0.423,0.219
-0.423,0.219
-0.423,0.219
-0.423,0.219
-0.423,0.219
-0.423,0.219
-0.423,0.219
-0.423,0.219
-0.423,0.219
-0.423,0.219
-0.423,0.219
-0.423,0.219
-0.423,0.219
-0.423,0.219
-0.423,0.219
-0.423,0.219
-0.423,0.219
-0.423,0.219
-0.423,0.219
-0.423,0.219
-0.423,0.219
-0.423,0.219
-0.423,0.219
-0.423,0.219
-0.423,0.219
-0.423,0.219
-0.423,0.219
-0.423,0.219
-0.423,0.219
-0.423,0.219
-0.423,0.219
-0.423,0.219
-0.423,0.219
-0.423,0.219
-0.423,0.219
-0.423,0.219
-0.423,0.219
-0.423,0.219
-0.423,0.219
-0.423,0.219
-0.423,0.219
-0.423,0.219
-0.423,0.219
-0.423,0.219
-0.423,0.219
-0.423,0.219
-0.423,0.219
-0.423,0.219
-0.423,0.219
-0.423,0.219
-0.423,0.219
-0.423,0.219
-0.415,0.219
-0.415,0.219
-0.415,0.219
-0.415,0.219
-0.415,0.219
-0.415,0.219
-0.415,0.219
-0.415,0.219
-0.415,0.219
-0.415,0.219
-0.415,0.219
-0.415,0.219
-0.415,0.219
-0.415,0.219
-0.415,0.219
-0.415,0.172
-0.415,0.156
-0.415,0.133
-0.415,0.125
-0.415,0.125
-0.415,0.109
-0.415,0.077
-0.415,0.062
-0.415,0.038
-0.415,0.038
-0.415,0.038
-0.415,0.03
-0.415,0.03
-0.415,0.03
-0.415,0.03
-0.415,0.03
-0.415,0.03
-0.415,0.03
-0.415,0.062
-0.415,0.125
-0.415,0.133
-0.415,0.14
-0.415,0.164
-0.399,0.172
-0.423,0.219
-0.399,0.259
-0.399,0.267
-0.399,0.314
-0.415,0.346
-0.415,0.346
-0.415,0.346
-0.415,0.353
-0.415,0.353
-0.415,0.353
-0.415,0.353
-0.415,0.353
-0.415,0.353
-0.415,0.353
-0.415,0.353
-0.415,0.346
-0.415,0.346
-0.415,0.346
-0.415,0.369
-0.415,0.385
-0.415,0.385
-0.415,0.385
-0.391,0.385
-0.415,0.385
-0.391,0.385
-0.391,0.385
-0.391,0.385
-0.391,0.385
-0.391,0.385
-0.391,0.385
-0.391,0.385
-0.391,0.338
-0.391,0.298
-0.391,0.29
-0.415,0.282
-0.415,0.267
-0.415,0.259
-0.415,0.227
-0.415,0.251
-0.415,0.235
-0.415,0.227
-0.415,0.235
-0.415,0.219
-0.415,0.219
-0.415,0.219
-0.415,0.227
-0.415,0.227
-0.415,0.204
-0.415,0.204
-0.415,0.188
-0.415,0.164
-0.415,0.164
-0.415,0.156
-0.415,0.156
-0.415,0.156
-0.415,0.125
-0.415,0.069
-0.415,0.046
-0.415,0.03
-0.415,0.03
-0.415,0.0
-0.415,0.0
-0.415,0.0
-0.415,0.0
-0.415,0.0
-0.415,0.0
-0.415,0.0
-0.415,0.0
-0.415,0.0
-0.415,0.0
-0.415,0.0
-0.415,0.0
-0.415,0.0
-0.415,0.0
-0.415,0.0
-0.415,0.0
-0.415,0.0
-0.415,0.0
-0.415,0.0
-0.415,0.0
-0.415,0.0
-0.415,0.0
-0.415,0.0
-0.415,0.0
-0.415,0.0
-0.415,0.0
-0.415,0.0
-0.391,0.0
-0.343,0.0
-0.319,0.0
-0.295,0.0
-0.223,0.0
-0.151,0.0
-0.063,0.0
-0.039,0.0
-0.031,0.0
-0.031,0.0
-0.031,0.0
-0.015,0.0
-0.015,0.0
-0.015,0.0
-0.015,0.0
-0.015,0.0
-0.015,0.0
-0.015,0.0
-0.039,0.0
-0.063,0.0
-0.151,0.0
-0.159,0.0
-0.159,0.0
-0.175,0.0
-0.175,0.0
-0.183,0.0
-0.183,0.0
-0.183,0.0
-0.183,0.0
-0.199,0.0
-0.199,0.0
-0.199,0.0
-0.199,0.0
-0.207,0.0
-0.207,0.0
-0.207,0.0
-0.223,0.0
-0.223,0.0
-0.223,0.0
-0.223,0.0
-0.231,0.0
-0.231,0.0
-0.255,0.0
-0.271,0.0
-0.271,0.0
-0.271,0.0
-0.279,0.0
-0.279,0.0
-0.295,0.0
-0.295,0.0
-0.271,0.0
-0.271,0.0
-0.295,0.014
-0.295,0.014
-0.295,0.062
-0.295,0.077
-0.295,0.101
-0.295,0.109
-0.295,0.125
-0.295,0.125
-0.295,0.125
-0.295,0.125
-0.295,0.125
-0.295,0.125
-0.295,0.125
-0.295,0.125
-0.295,0.125
-0.295,0.125
-0.295,0.125
-0.295,0.125
-0.295,0.125
-0.295,0.125
-0.295,0.125
-0.295,0.125
-0.295,0.125
-0.295,0.125
-0.295,0.125
-0.295,0.125
-0.303,0.125
-0.303,0.125
-0.303,0.125
-0.303,0.125
-0.303,0.125
-0.303,0.125
-0.303,0.125
-0.303,0.125
-0.303,0.125
-0.303,0.125
-0.303,0.125
-0.303,0.125
-0.303,0.125
-0.303,0.125
-0.303,0.125
-0.303,0.125
-0.303,0.125
-0.303,0.125
-0.303,0.125
-0.303,0.125
-0.303,0.125
-0.303,0.125
-0.303,0.125
-0.303,0.125
-0.303,0.125
-0.303,0.125
-0.303,0.125
-0.303,0.125
-0.303,0.125
-0.303,0.125
-0.303,0.125
-0.303,0.125
-0.303,0.125
-0.303,0.125
-0.303,0.125
-0.303,0.125
-0.303,0.125
-0.303,0.125
-0.303,0.125
-0.303,0.125
-0.303,0.125
-0.303,0.125
-0.303,0.125
-0.303,0.125
-0.303,0.125
-0.303,0.125
-0.303,0.125
-0.303,0.125
-0.303,0.125
-0.303,0.125
-0.303,0.125
-0.303,0.125
-0.303,0.125
-0.303,0.125
-0.303,0.125
-0.303,0.125
-0.303,0.125
-0.303,0.125
-0.303,0.125
-0.303,0.125
-0.303,0.125
-0.303,0.125
-0.303,0.125
-0.303,0.125
-0.303,0.125
-0.303,0.125
-0.303,0.125
-0.303,0.125
-0.303,0.125
-0.303,0.125
-0.303,0.125
-0.303,0.125
-0.303,0.125
-0.303,0.125
-0.303,0.125
-0.303,0.125
-0.303,0.125
-0.303,0.125
-0.303,0.125
-0.303,0.125
-0.303,0.125
-0.303,0.125
-0.303,0.125
-0.303,0.125
-0.303,0.125
-0.303,0.125
-0.303,0.125
-0.303,0.125
-0.303,0.125
-0.303,0.125
-0.303,0.125
-0.303,0.125
-0.303,0.125
-0.303,0.125
-0.303,0.125
-0.303,0.125
-0.303,0.125
-0.303,0.125
-0.303,0.125
-0.303,0.125
-0.303,0.125
-0.303,0.125
-0.303,0.125
-0.303,0.125
-0.303,0.125
-0.303,0.125
-0.303,0.125
-0.303,0.125
-0.303,0.125
-0.303,0.125
-0.303,0.125
-0.303,0.125
-0.303,0.125
-0.303,0.125
-0.303,0.125
-0.303,0.125
-0.303,0.125
-0.303,0.125
-0.303,0.125
-0.303,0.125
-0.303,0.125
-0.303,0.125
-0.303,0.125
-0.303,0.125
-0.303,0.125
-0.303,0.125
-0.303,0.125
-0.303,0.125
-0.303,0.125
-0.303,0.125
-0.303,0.125
-0.303,0.125
-0.303,0.125
-0.303,0.125
-0.303,0.125
-0.303,0.125
-0.303,0.125
-0.303,0.125
-0.303,0.125
-0.303,0.125
-0.303,0.125
-0.303,0.125
-0.303,0.125
-0.303,0.125
-0.303,0.125
-0.303,0.101
-0.303,0.077
-0.303,0.069
-0.303,0.062
-0.303,0.062
-0.303,0.062
-0.303,0.062
-0.303,0.062
-0.303,0.062
-0.303,0.062
-0.303,0.062
-0.303,0.062
-0.303,0.062
-0.303,0.062
-0.303,0.062
-0.303,0.062
-0.303,0.062
-0.303,0.101
-0.303,0.125
-0.303,0.133
-0.303,0.133
-0.303,0.133
-0.303,0.133
-0.303,0.14
-0.303,0.14
-0.303,0.14
-0.303,0.156
-0.303,0.156
-0.303,0.133
-0.303,0.133
-0.303,0.133
-0.303,0.133
-0.303,0.133
-0.303,0.133
-0.303,0.133
-0.303,0.133
-0.303,0.133
-0.303,0.133
-0.303,0.133
-0.303,0.133
-0.303,0.133
-0.303,0.133
-0.303,0.133
-0.303,0.133
-0.303,0.133
-0.303,0.133
-0.303,0.133
-0.303,0.133
-0.303,0.133
-0.303,0.133
-0.303,0.133
-0.303,0.133
-0.303,0.133
-0.303,0.133
-0.303,0.133
-0.303,0.133
-0.303,0.133
-0.303,0.133
-0.303,0.133
-0.303,0.156
-0.303,0.156
-0.303,0.156
-0.303,0.156
-0.303,0.156
-0.303,0.14
-0.303,0.14
-0.303,0.14
-0.303,0.14
-0.303,0.14
-0.303,0.14
-0.303,0.14
-0.303,0.14
-0.303,0.164
-0.303,0.164
-0.303,0.164
-0.303,0.164
-0.303,0.164
-0.303,0.164
-0.303,0.164
-0.303,0.164
-0.303,0.164
-0.303,0.164
-0.303,0.164
-0.303,0.164
-0.303,0.164
-0.303,0.164
-0.303,0.164
-0.303,0.164
-0.303,0.164
-0.303,0.164
-0.303,0.164
-0.303,0.164
-0.303,0.164
-0.303,0.164
-0.303,0.164
-0.303,0.164
-0.303,0.164
-0.303,0.164
-0.303,0.164
-0.303,0.164
-0.303,0.164
-0.303,0.164
-0.303,0.164
-0.303,0.164
-0.303,0.164
-0.303,0.164
-0.303,0.164
-0.303,0.164
-0.303,0.164
-0.303,0.164
-0.303,0.164
-0.303,0.164
-0.303,0.164
-0.303,0.164
-0.303,0.164
-0.303,0.164
-0.303,0.164
-0.303,0.164
-0.303,0.164
-0.303,0.164
-0.303,0.164
-0.303,0.164
-0.303,0.164
-0.303,0.164
-0.303,0.164
-0.303,0.14
-0.303,0.188
-0.303,0.188
-0.303,0.188
-0.303,0.196
-0.303,0.204
-0.303,0.219
-0.303,0.282
-0.303,0.29
-0.279,0.298
-0.279,0.29
-0.303,0.29
-0.319,0.29
-0.327,0.29
-0.351,0.259
-0.367,0.219
-0.367,0.219
-0.367,0.219
-0.375,0.204
-0.391,0.204
-0.399,0.227
-0.415,0.227
-0.423,0.251
-0.439,0.282
-0.439,0.282
-0.447,0.282
-0.447,0.298
-0.463,0.29
-0.463,0.338
-0.471,0.353
-0.487,0.353
-0.495,0.353
-0.535,0.353
-0.559,0.353
-0.583,0.353
-0.591,0.353
-0.615,0.353
-0.615,0.353
-0.631,0.353
-0.631,0.353
-0.639,0.353
-0.655,0.353
-0.663,0.353
-0.679,0.353
-0.679,0.353
-0.679,0.353
-0.679,0.353
-0.679,0.353
-0.703,0.353
-0.703,0.369
-0.711,0.353
-0.727,0.377
-0.727,0.409
-0.727,0.448
-0.727,0.48
-0.735,0.495
-0.735,0.495
-0.735,0.495
-0.735,0.495
-0.751,0.495
-0.751,0.527
-0.751,0.543
-0.751,0.567
-0.751,0.567
-0.751,0.59
-0.751,0.622
-0.759,0.653
-0.759,0.685
-0.759,0.724
-0.759,0.819
-0.759,0.882
-0.759,0.945
-0.759,1.0
-0.759,1.0
-0.759,1.0
-0.759,1.0
-0.759,1.0
-0.759,1.0
-0.759,1.0
-0.759,1.0
-0.759,1.0
-0.759,1.0
-0.759,0.969
-0.759,0.929
-0.759,0.929
-0.759,0.906
-0.759,0.874
-0.759,0.843
-0.759,0.835
-0.759,0.811
-0.759,0.835
-0.759,0.835
-0.783,0.835
-0.799,0.835
-0.831,0.835
-0.879,0.835
-0.879,0.835
-0.879,0.835
-0.879,0.835
-0.879,0.835
-0.879,0.835
-0.879,0.835
-0.879,0.835
-0.895,0.835
-0.895,0.835
-0.895,0.835
-0.895,0.835
-0.895,0.835
-0.895,0.835
-0.895,0.835
-0.895,0.835
-0.895,0.835
-0.895,0.835
-0.895,0.835
-0.895,0.835
-0.895,0.811
-0.895,0.803
-0.895,0.803
-0.895,0.787
-0.895,0.78
-0.895,0.748
-0.895,0.74
-0.895,0.716
-0.895,0.709
-0.895,0.709
-0.895,0.709
-0.895,0.709
-0.895,0.709
-0.895,0.709
-0.895,0.709
-0.895,0.709
-0.895,0.709
-0.895,0.709
-0.895,0.709
-0.895,0.709
-0.895,0.709
-0.895,0.709
-0.895,0.709
-0.895,0.709
-0.871,0.709
-0.855,0.709
-0.823,0.693
-0.807,0.693
-0.807,0.693
-0.807,0.693
-0.799,0.685
-0.799,0.709
-0.799,0.685
-0.799,0.685
-0.799,0.661
-0.799,0.638
-0.799,0.63
-0.799,0.622
-0.783,0.606
-0.783,0.63
-0.775,0.63
-0.775,0.63
-0.751,0.63
-0.751,0.63
-0.751,0.63
-0.735,0.63
-0.735,0.63
-0.735,0.63
-0.735,0.63
-0.735,0.63
-0.735,0.63
-0.735,0.63
-0.735,0.63
-0.735,0.63
-0.735,0.63
-0.727,0.63
-0.727,0.63
-0.727,0.63
-0.727,0.63
-0.727,0.63
-0.711,0.685
-0.703,0.724
-0.703,0.835
-0.703,0.882
-0.703,0.906
-0.703,0.906
-0.703,0.961
-0.703,1.0
-0.703,1.0
-0.703,1.0
-0.703,1.0
-0.687,1.0
-0.687,1.0
-0.687,1.0
-0.687,1.0
-0.687,1.0
-0.687,1.0
-0.687,1.0
-0.687,1.0
-0.687,1.0
-0.687,1.0
-0.687,1.0
-0.687,1.0
-0.687,1.0
-0.687,1.0
-0.687,1.0
-0.687,1.0
-0.687,1.0
-0.687,1.0
-0.687,1.0
-0.687,1.0
-0.687,1.0
-0.687,1.0
-0.687,1.0
-0.687,1.0
-0.687,1.0
-0.687,1.0
-0.687,1.0
-0.687,1.0
-0.687,1.0
-0.687,1.0
-0.687,0.977
-0.687,0.945
-0.687,0.929
-0.687,0.866
-0.687,0.851
-0.687,0.835
-0.687,0.811
-0.687,0.803
-0.687,0.724
-0.687,0.677
-0.687,0.653
-0.687,0.653
-0.687,0.653
-0.687,0.653
-0.687,0.653
-0.687,0.653
-0.687,0.653
-0.687,0.653
-0.687,0.638
-0.687,0.638
-0.687,0.638
-0.687,0.638
-0.687,0.638
-0.687,0.638
-0.687,0.638
-0.687,0.638
-0.687,0.638
-0.687,0.63
-0.687,0.63
-0.687,0.63
-0.687,0.63
-0.687,0.63
-0.687,0.63
-0.687,0.622
-0.687,0.622
-0.687,0.622
-0.687,0.622
-0.679,0.622
-0.663,0.622
-0.655,0.622
-0.655,0.622
-0.639,0.622
-0.663,0.622
-0.639,0.622
-0.639,0.622
-0.639,0.622
-0.639,0.622
-0.639,0.622
-0.639,0.622
-0.639,0.622
-0.639,0.622
-0.639,0.622
-0.639,0.622
-0.639,0.622
-0.639,0.622
-0.639,0.622
-0.639,0.622
-0.639,0.622
-0.639,0.622
-0.639,0.622
-0.639,0.622
-0.639,0.622
-0.639,0.622
-0.639,0.622
-0.639,0.622
-0.639,0.622
-0.639,0.622
-0.639,0.622
-0.639,0.622
-0.639,0.622
-0.639,0.622
-0.639,0.622
-0.639,0.622
-0.639,0.622
-0.639,0.622
-0.639,0.622
-0.639,0.622
-0.639,0.622
-0.639,0.622
-0.639,0.622
-0.639,0.622
-0.639,0.622
-0.639,0.622
-0.663,0.622
-0.663,0.622
-0.663,0.622
-0.687,0.622
-0.687,0.622
-0.703,0.622
-0.711,0.622
-0.711,0.622
-0.711,0.622
-0.711,0.622
-0.727,0.622
-0.727,0.622
-0.727,0.622
-0.727,0.622
-0.727,0.622
-0.727,0.622
-0.727,0.622
-0.735,0.622
-0.735,0.622
-0.735,0.622
-0.735,0.622
-0.751,0.622
-0.751,0.622
-0.751,0.622
-0.751,0.622
-0.751,0.622
-0.751,0.622
-0.751,0.622
-0.751,0.622
-0.751,0.622
-0.751,0.622
-0.759,0.622
-0.759,0.622
-0.759,0.622
-0.759,0.622
-0.759,0.622
-0.759,0.622
-0.759,0.622
-0.759,0.622
-0.759,0.622
-0.759,0.622
-0.759,0.622
-0.759,0.622
-0.775,0.622
-0.775,0.622
-0.775,0.622
-0.775,0.622
-0.783,0.622
-0.783,0.622
-0.783,0.622
-0.783,0.622
-0.783,0.661
-0.783,0.693
-0.783,0.709
-0.799,0.716
-0.799,0.74
-0.799,0.74
-0.799,0.748
-0.799,0.748
-0.799,0.748
-0.799,0.748
-0.799,0.748
-0.799,0.748
-0.799,0.748
-0.799,0.748
-0.799,0.748
-0.799,0.748
-0.799,0.748
-0.799,0.748
-0.799,0.748
-0.799,0.748
-0.807,0.748
-0.807,0.748
-0.807,0.748
-0.807,0.748
-0.807,0.748
-0.807,0.748
-0.807,0.748
-0.807,0.748
-0.807,0.748
-0.807,0.748
-0.807,0.748
-0.807,0.748
-0.807,0.748
-0.807,0.756
-0.807,0.772
-0.807,0.787
-0.807,0.787
-0.807,0.787
-0.807,0.787
-0.807,0.787
-0.807,0.787
-0.807,0.787
-0.807,0.787
-0.807,0.787
-0.807,0.787
-0.807,0.787
-0.807,0.787
-0.807,0.787
-0.823,0.787
-0.823,0.787
-0.823,0.787
-0.823,0.787
-0.823,0.787
-0.831,0.787
-0.831,0.787
-0.831,0.787
-0.831,0.787
-0.807,0.787
-0.807,0.787
-0.807,0.787
-0.807,0.787
-0.831,0.787
-0.855,0.787
-0.895,0.787
-0.903,0.787
-0.903,0.787
-0.903,0.787
-0.903,0.787
-0.903,0.803
-0.903,0.803
-0.903,0.811
-0.903,0.787
-0.903,0.787
-0.903,0.811
-0.903,0.811
-0.903,0.811
-0.903,0.811
-0.903,0.811
-0.903,0.811
-0.903,0.811
-0.903,0.811
-0.903,0.811
-0.903,0.811
-0.903,0.811
-0.903,0.811
-0.903,0.811
-0.903,0.811
-0.903,0.811
-0.903,0.811
-0.903,0.811
-0.903,0.811
-0.903,0.811
-0.903,0.811
-0.903,0.811
-0.903,0.811
-0.903,0.811
-0.903,0.811
-0.903,0.811
-0.903,0.811
-0.903,0.811
-0.903,0.811
-0.903,0.811
-0.903,0.811
-0.903,0.811
-0.903,0.811
-0.903,0.811
-0.903,0.811
-0.903,0.811
-0.903,0.811
-0.903,0.811
-0.903,0.811
-0.903,0.811
-0.903,0.811
-0.903,0.811
-0.903,0.811
-0.903,0.811
-0.903,0.811
-0.903,0.811
-0.903,0.811
-0.903,0.811
-0.903,0.811
-0.903,0.811
-0.903,0.811
-0.903,0.811
-0.903,0.811
-0.903,0.811
-0.903,0.811
-0.871,0.811
-0.807,0.811
-0.783,0.811
-0.783,0.811
-0.783,0.811
-0.783,0.811
-0.783,0.811
-0.783,0.811
-0.783,0.811
-0.783,0.811
-0.783,0.811
-0.783,0.811
-0.783,0.811
-0.783,0.811
-0.783,0.811
-0.783,0.811
-0.783,0.811
-0.783,0.811
-0.783,0.811
-0.783,0.811
-0.783,0.811
-0.783,0.811
-0.783,0.811
-0.783,0.811
-0.783,0.811
-0.783,0.811
-0.783,0.811
-0.783,0.811
-0.783,0.811
-0.783,0.811
-0.783,0.811
-0.783,0.811
-0.783,0.811
-0.783,0.811
-0.783,0.811
-0.783,0.811
-0.783,0.811
-0.783,0.811
-0.783,0.811
-0.783,0.811
-0.783,0.811
-0.783,0.811
-0.783,0.811
-0.783,0.811
-0.783,0.811
-0.783,0.811
-0.783,0.811
-0.783,0.811
-0.783,0.811
-0.783,0.811
-0.783,0.811
-0.783,0.811
-0.783,0.811
-0.783,0.811
-0.783,0.811
-0.783,0.811
-0.783,0.811
-0.783,0.811
-0.783,0.811
-0.783,0.811
-0.783,0.811
-0.783,0.811
-0.783,0.811
-0.783,0.811
-0.783,0.811
-0.783,0.811
-0.783,0.811
-0.783,0.811
-0.783,0.811
-0.783,0.811
-0.783,0.811
-0.783,0.811
-0.783,0.811
-0.783,0.811
-0.783,0.811
-0.783,0.811
-0.783,0.811
-0.783,0.811
-0.783,0.811
-0.783,0.811
-0.783,0.811
-0.783,0.811
-0.783,0.811
-0.783,0.811
-0.783,0.811
-0.783,0.811
-0.783,0.811
-0.783,0.811
-0.783,0.811
-0.783,0.811
-0.783,0.811
-0.783,0.811
-0.783,0.811
-0.783,0.811
-0.783,0.811
-0.783,0.811
-0.783,0.811
-0.783,0.811
-0.783,0.811
-0.783,0.811
-0.783,0.811
-0.783,0.811
-0.783,0.811
-0.783,0.811
-0.783,0.811
-0.783,0.811
-0.783,0.811
-0.783,0.811
-0.783,0.811
-0.783,0.811
-0.783,0.811
-0.783,0.811
-0.783,0.811
-0.783,0.811
-0.783,0.811
-0.783,0.811
-0.783,0.811
-0.783,0.811
-0.783,0.811
-0.783,0.811
-0.783,0.811
-0.783,0.811
-0.783,0.811
-0.783,0.811
-0.783,0.811
-0.783,0.811
-0.783,0.811
-0.783,0.811
-0.783,0.811
-0.783,0.811
-0.783,0.811
-0.783,0.811
-0.783,0.811
-0.783,0.811
-0.783,0.811
-0.783,0.811
-0.783,0.811
-0.783,0.811
-0.783,0.811
-0.783,0.811
-0.783,0.811
-0.783,0.811
-0.783,0.811
-0.783,0.811
-0.783,0.811
-0.783,0.811
-0.783,0.811
-0.783,0.811
-0.783,0.811
-0.783,0.811
-0.783,0.811
-0.783,0.811
-0.783,0.811
-0.783,0.811
-0.783,0.811
-0.783,0.811
-0.783,0.811
-0.783,0.811
-0.783,0.811
-0.783,0.811
-0.783,0.811
-0.783,0.811
-0.783,0.811
-0.783,0.811
-0.783,0.811
-0.783,0.811
-0.783,0.811
-0.783,0.811
-0.783,0.811
-0.783,0.811
-0.783,0.811
-0.799,0.811
-0.799,0.811
-0.775,0.811
-0.775,0.811
-0.775,0.811
-0.775,0.811
-0.775,0.811
-0.775,0.811
-0.775,0.811
-0.775,0.811
-0.775,0.811
-0.775,0.811
-0.759,0.811
-0.783,0.811
-0.783,0.811
-0.759,0.811
-0.735,0.811
-0.727,0.811
-0.711,0.811
-0.711,0.811
-0.703,0.811
-0.687,0.811
-0.679,0.811
-0.679,0.811
-0.655,0.811
-0.631,0.811
-0.631,0.811
-0.583,0.811
-0.559,0.811
-0.535,0.811
-0.535,0.811
-0.535,0.811
-0.535,0.811
-0.591,0.811
-0.655,0.811
-0.759,0.811
-0.799,0.811
-0.799,0.811
-0.799,0.811
-0.799,0.811
-0.799,0.811
-0.799,0.811
-0.799,0.811
-0.799,0.811
-0.799,0.811
-0.799,0.811
-0.799,0.811
-0.799,0.811
-0.799,0.811
-0.799,0.811
-0.799,0.811
-0.799,0.811
-0.799,0.811
-0.799,0.811
-0.799,0.811
-0.799,0.811
-0.799,0.811
-0.799,0.811
-0.799,0.811
-0.799,0.811
-0.799,0.811
-0.799,0.811
-0.799,0.811
-0.799,0.811
-0.799,0.811
-0.799,0.811
-0.799,0.811
-0.799,0.811
-0.775,0.811
-0.775,0.811
-0.759,0.811
-0.759,0.811
-0.759,0.811
-0.759,0.811
-0.759,0.811
-0.759,0.811
-0.759,0.811
-0.759,0.811
-0.759,0.811
-0.751,0.811
-0.735,0.811
-0.727,0.811
-0.711,0.811
-0.687,0.811
-0.679,0.811
-0.663,0.811
-0.655,0.811
-0.655,0.811
-0.655,0.811
-0.655,0.811
-0.655,0.811
-0.655,0.811
-0.655,0.811
-0.655,0.811
-0.655,0.811
-0.655,0.811
-0.655,0.811
-0.655,0.811
-0.655,0.811
-0.655,0.811
-0.655,0.811
-0.655,0.811
-0.655,0.811
-0.655,0.811
-0.655,0.811
-0.655,0.811
-0.655,0.811
-0.655,0.811
-0.655,0.811
-0.655,0.811
-0.655,0.811
-0.655,0.811
-0.655,0.811
-0.655,0.811
-0.655,0.811
-0.655,0.811
-0.655,0.811
-0.655,0.811
-0.655,0.811
-0.655,0.811
-0.655,0.811
-0.655,0.811
-0.655,0.811
-0.655,0.811
-0.655,0.811
-0.655,0.811
-0.655,0.811
-0.655,0.811
-0.655,0.811
-0.655,0.811
-0.655,0.811
-0.655,0.811
-0.655,0.811
-0.655,0.811
-0.655,0.811
-0.655,0.811
-0.655,0.811
-0.655,0.811
-0.655,0.811
-0.655,0.811
-0.655,0.811
-0.655,0.811
-0.655,0.811
-0.639,0.811
-0.615,0.811
-0.607,0.811
-0.591,0.811
-0.591,0.811
-0.591,0.811
-0.591,0.811
-0.591,0.811
-0.591,0.811
-0.591,0.811
-0.591,0.811
-0.591,0.811
-0.591,0.811
-0.591,0.811
-0.591,0.811
-0.591,0.811
-0.591,0.811
-0.591,0.811
-0.591,0.811
-0.591,0.811
-0.591,0.811
-0.591,0.811
-0.591,0.811
-0.591,0.811
-0.591,0.811
-0.591,0.811
-0.591,0.811
-0.591,0.811
-0.591,0.811
-0.591,0.811
-0.591,0.811
-0.591,0.811
-0.591,0.811
-0.591,0.811
-0.591,0.811
-0.591,0.811
-0.591,0.811
-0.591,0.811
-0.591,0.811
-0.591,0.811
-0.591,0.811
-0.591,0.811
-0.591,0.811
-0.591,0.811
-0.591,0.811
-0.591,0.811
-0.591,0.811
-0.591,0.811
-0.583,0.811
-0.583,0.811
-0.583,0.811
-0.559,0.811
-0.519,0.811
-0.511,0.811
-0.495,0.811
-0.495,0.811
-0.471,0.811
-0.463,0.811
-0.463,0.811
-0.463,0.811
-0.463,0.811
-0.463,0.811
-0.439,0.811
-0.439,0.811
-0.439,0.811
-0.439,0.811
-0.439,0.811
-0.439,0.811
-0.439,0.811
-0.439,0.811
-0.439,0.811
-0.439,0.811
-0.439,0.811
-0.439,0.811
-0.439,0.811
-0.423,0.811
-0.439,0.811
-0.415,0.811
-0.415,0.811
-0.415,0.811
-0.415,0.811
-0.415,0.811
-0.439,0.811
-0.439,0.811
-0.439,0.811
-0.439,0.811
-0.439,0.811
-0.439,0.811
-0.439,0.811
-0.439,0.811
-0.447,0.811
-0.439,0.811
-0.463,0.811
-0.487,0.811
-0.463,0.811
-0.487,0.811
-0.559,0.811
-0.591,0.811
-0.607,0.811
-0.607,0.811
-0.615,0.811
-0.615,0.811
-0.631,0.811
-0.639,0.811
-0.655,0.811
-0.655,0.811
-0.679,0.811
-0.679,0.811
-0.679,0.811
-0.679,0.811
-0.679,0.811
-0.679,0.811
-0.679,0.811
-0.679,0.811
-0.679,0.811
-0.679,0.811
-0.679,0.811
-0.679,0.811
-0.679,0.811
-0.679,0.811
-0.679,0.811
-0.679,0.811
-0.679,0.811
-0.679,0.811
-0.679,0.811
-0.679,0.811
-0.679,0.811
-0.679,0.811
-0.679,0.811
-0.679,0.811
-0.679,0.811
-0.687,0.811
-0.687,0.811
-0.687,0.811
-0.687,0.811
-0.687,0.811
-0.703,0.811
-0.775,0.811
-0.871,0.811
-0.903,0.811
-0.903,0.811
-0.903,0.811
-0.903,0.811
-0.903,0.811
-0.903,0.811
-0.903,0.811
-0.903,0.811
-0.903,0.811
-0.903,0.811
-0.903,0.811
-0.903,0.811
-0.903,0.811
-0.903,0.811
-0.903,0.811
-0.903,0.811
-0.903,0.811
-0.903,0.811
-0.903,0.811
-0.903,0.811
-0.903,0.811
-0.927,0.811
-0.951,0.811
-1.0,0.811
-1.0,0.811
-1.0,0.811
-1.0,0.811
-1.0,0.811
-1.0,0.811
-1.0,0.811
-1.0,0.811
-1.0,0.811
-1.0,0.811
-1.0,0.811
-1.0,0.811
-1.0,0.811
-1.0,0.811
-1.0,0.811
-1.0,0.811
-1.0,0.811
-1.0,0.811
-1.0,0.811
-1.0,0.811
-1.0,0.811
-1.0,0.811
-1.0,0.811
-1.0,0.811
-1.0,0.811
-1.0,0.811
-1.0,0.811
-1.0,0.811
-1.0,0.811
-1.0,0.811
-1.0,0.811
-1.0,0.811
-1.0,0.811
-1.0,0.811
-1.0,0.811
-1.0,0.811
-1.0,0.811
-1.0,0.811
-1.0,0.811
-1.0,0.811
-1.0,0.811
-1.0,0.811
-1.0,0.811
-1.0,0.811
-1.0,0.811
-1.0,0.811
-1.0,0.811
-1.0,0.811
-1.0,0.811
-1.0,0.811
-1.0,0.811
-1.0,0.811
-1.0,0.811
-1.0,0.811
-1.0,0.811
-1.0,0.787
-0.943,0.74
-0.927,0.716
-0.927,0.693
-0.927,0.685
-0.927,0.709
-0.927,0.685
-0.927,0.685
-0.927,0.685
-0.927,0.685
-0.927,0.685
-0.927,0.685
-0.927,0.685
-0.919,0.685
-0.871,0.677
-0.831,0.677
-0.775,0.716
-0.775,0.748
-0.775,0.772
-0.775,0.811
-0.775,0.811
-0.775,0.851
-0.775,0.874
-0.775,0.874
-0.775,0.882
-0.775,0.882
-0.775,0.882
-0.775,0.882
-0.775,0.898
-0.775,0.898
-0.775,0.898
-0.775,0.898
-0.775,0.898
-0.775,0.898
-0.775,0.898
-0.775,0.898
-0.775,0.898
-0.807,0.898
-0.823,0.898
-0.831,0.898
-0.847,0.898
-0.871,0.898
-0.879,0.898
-0.903,0.898
-0.903,0.898
-0.903,0.898
-0.903,0.898
-0.903,0.898
-0.903,0.898
-0.903,0.898
-0.903,0.898
-0.903,0.898
-0.903,0.898
-0.903,0.898
-0.903,0.898
-0.903,0.898
-0.903,0.898
-0.903,0.898
-0.903,0.898
-0.903,0.898
-0.903,0.898
-0.903,0.898
-0.903,0.898
-0.903,0.898
-0.903,0.898
-0.903,0.898
-0.903,0.898
-0.903,0.898
-0.903,0.898
-0.903,0.898
-0.903,0.898
-0.903,0.898
-0.903,0.898
-0.903,0.874
-0.903,0.843
-0.903,0.819
-0.903,0.787
-0.903,0.787
-0.903,0.78
-0.903,0.772
-0.903,0.756
-0.903,0.748
-0.903,0.748
-0.903,0.74
-0.855,0.748
-0.831,0.748
-0.807,0.748
-0.799,0.748
-0.799,0.748
-0.799,0.748
-0.799,0.748
-0.799,0.748
-0.799,0.748
-0.799,0.748
-0.799,0.748
-0.783,0.748
-0.783,0.74
-0.783,0.74
-0.783,0.74
-0.783,0.724
-0.783,0.724
-0.783,0.724
-0.775,0.716
-0.775,0.716
-0.759,0.709
-0.751,0.716
-0.759,0.709
-0.735,0.709
-0.735,0.709
-0.727,0.709
-0.727,0.709
-0.727,0.709
-0.711,0.709
-0.703,0.709
-0.679,0.709
-0.663,0.709
-0.655,0.709
-0.615,0.709
-0.583,0.709
-0.567,0.709
-0.559,0.709
-0.519,0.685
-0.511,0.685
-0.495,0.677
-0.487,0.693
-0.487,0.693
-0.463,0.693
-0.447,0.693
-0.447,0.693
-0.447,0.693
-0.439,0.693
-0.439,0.693
-0.439,0.693
-0.423,0.693
-0.399,0.693
-0.375,0.693
-0.375,0.622
-0.351,0.535
-0.319,0.353
-0.303,0.29
-0.295,0.172
-0.295,0.125
-0.279,0.069
-0.271,0.046
-0.255,0.0
-0.231,0.0
-0.223,0.0
-0.223,0.0
-0.223,0.0
-0.223,0.0
-0.223,0.0
-0.223,0.0
-0.207,0.0
-0.207,0.014
-0.207,0.109
-0.207,0.204
-0.207,0.338
-0.207,0.417
-0.207,0.535
-0.207,0.559
-0.207,0.559
-0.223,0.59
-0.223,0.59
-0.223,0.598
-0.223,0.606
-0.223,0.606
-0.223,0.606
-0.223,0.606
-0.223,0.653
-0.223,0.693
-0.231,0.709
-0.279,0.709
-0.303,0.716
-0.367,0.716
-0.367,0.716
-0.375,0.716
-0.375,0.716
-0.391,0.716
-0.399,0.716
-0.415,0.716
-0.423,0.716
-0.447,0.724
-0.447,0.724
-0.447,0.724
-0.447,0.724
-0.447,0.724
-0.447,0.724
-0.447,0.724
-0.447,0.724
-0.447,0.724
-0.447,0.693
-0.447,0.677
-0.447,0.677
-0.447,0.677
-0.447,0.677
-0.447,0.661
-0.447,0.622
-0.423,0.622
-0.399,0.63
-0.415,0.63
-0.391,0.606
-0.367,0.606
-0.351,0.598
-0.351,0.598
-0.351,0.59
-0.351,0.574
-0.343,0.567
-0.367,0.559
-0.367,0.559
-0.343,0.559
-0.327,0.559
-0.327,0.559
-0.319,0.559
-0.327,0.559
-0.303,0.559
-0.279,0.559
-0.279,0.535
-0.279,0.527
-0.279,0.511
-0.279,0.503
-0.279,0.503
-0.279,0.503
-0.303,0.495
-0.303,0.495
-0.303,0.495
-0.279,0.495
-0.271,0.48
-0.295,0.48
-0.271,0.48
-0.271,0.48
-0.271,0.448
-0.255,0.44
-0.255,0.44
-0.255,0.432
-0.255,0.432
-0.255,0.432
-0.247,0.432
-0.231,0.432
-0.231,0.417
-0.223,0.417
-0.223,0.385
-0.223,0.385
-0.207,0.377
-0.231,0.377
-0.231,0.369
-0.231,0.369
-0.231,0.369
-0.207,0.369
-0.207,0.369
-0.207,0.369
-0.207,0.369
-0.207,0.369
-0.207,0.369
-0.207,0.369
-0.207,0.369
-0.271,0.369
-0.319,0.369
-0.367,0.417
-0.439,0.495
-0.463,0.622
-0.511,0.693
-0.567,0.709
-0.591,0.724
-0.775,0.724
-0.831,0.748
-0.855,0.756
-0.855,0.756
-0.855,0.772
-0.855,0.78
-0.855,0.78
-0.855,0.803
-0.855,0.811
-0.855,0.811
-0.855,0.835
-0.855,0.835
-0.855,0.835
-0.855,0.835
-0.855,0.835
-0.855,0.835
-0.871,0.843
-0.871,0.843
-0.871,0.843
-0.871,0.843
-0.871,0.843
-0.903,0.851
-0.943,0.866
-0.951,0.874
-0.951,0.882
-0.951,0.898
-0.951,0.898
-0.951,0.906
-0.951,0.906
-0.951,0.906
-0.951,0.906
-0.951,0.906
-0.951,0.906
-0.951,0.906
-0.951,0.906
-0.975,0.906
-1.0,0.906
-1.0,0.906
-1.0,0.906
-1.0,0.906
-1.0,0.906
-1.0,0.906
-1.0,0.906
-1.0,0.906
-1.0,0.906
-1.0,0.906
-1.0,0.906
-1.0,0.906
-1.0,0.906
-1.0,0.906
-1.0,0.906
-1.0,0.906
-1.0,0.906
-1.0,0.906
-1.0,0.906
-1.0,0.906
-1.0,0.906
-1.0,0.906
-1.0,0.906
-1.0,0.906
-1.0,0.906
-1.0,0.906
-1.0,0.906
-1.0,0.906
-1.0,0.906
-1.0,0.906
-1.0,0.906
-1.0,0.906
-1.0,0.906
-1.0,0.906
-1.0,0.906
-1.0,0.906
-1.0,0.906
-0.967,0.906
-0.927,0.906
-0.799,0.914
-0.759,0.914
-0.751,0.914
-0.751,0.914
-0.751,0.929
-0.751,0.929
-0.751,0.929
-0.751,0.929
-0.751,0.929
-0.751,0.929
-0.751,0.929
-0.751,0.929
-0.751,0.929
-0.751,0.929
-0.751,0.929
-0.751,0.929
-0.751,0.929
-0.751,0.929
-0.751,0.929
-0.751,0.929
-0.751,0.929
-0.751,0.929
-0.775,0.929
-0.775,0.929
-0.783,0.929
-0.783,0.929
-0.783,0.929
-0.799,0.929
-0.799,0.929
-0.799,0.929
-0.799,0.929
-0.799,0.929
-0.799,0.929
-0.799,0.929
-0.799,0.929
-0.799,0.929
-0.807,0.929
-0.807,0.929
-0.807,0.929
-0.807,0.929
-0.807,0.929
-0.807,0.929
-0.807,0.929
-0.807,0.929
-0.807,0.929
-0.807,0.929
-0.807,0.929
-0.807,0.929
-0.807,0.929
-0.807,0.929
-0.807,0.929
-0.807,0.929
-0.807,0.929
-0.807,0.929
-0.807,0.929
-0.807,0.929
-0.807,0.929
-0.807,0.929
-0.807,0.929
-0.807,0.929
-0.807,0.929
-0.807,0.929
-0.807,0.929
-0.807,0.929
-0.807,0.929
-0.823,0.929
-0.823,0.929
-0.823,0.929
-0.831,0.929
-0.831,0.929
-0.831,0.929
-0.831,0.929
-0.831,0.929
-0.831,0.929
-0.831,0.929
-0.831,0.929
-0.831,0.929
-0.831,0.929
-0.831,0.929
-0.831,0.929
-0.831,0.929
-0.831,0.929
-0.831,0.929
-0.831,0.929
-0.831,0.929
-0.831,0.929
-0.831,0.929
-0.831,0.929
-0.831,0.906
-0.831,0.874
-0.831,0.866
-0.831,0.866
-0.831,0.851
-0.831,0.843
-0.831,0.843
-0.831,0.843
-0.831,0.835
-0.799,0.835
-0.799,0.843
-0.783,0.851
-0.783,0.851
-0.783,0.851
-0.783,0.851
-0.783,0.819
-0.783,0.811
-0.783,0.811
-0.783,0.803
-0.783,0.787
-0.759,0.787
-0.735,0.811
-0.703,0.787
-0.663,0.803
-0.655,0.772
-0.639,0.748
-0.639,0.748
-0.639,0.756
-0.639,0.748
-0.639,0.772
-0.639,0.772
-0.639,0.756
-0.639,0.74
-0.639,0.74
-0.639,0.74
-0.639,0.74
-0.639,0.74
-0.639,0.74
-0.639,0.74
-0.639,0.74
-0.639,0.74
-0.639,0.74
-0.639,0.74
-0.639,0.74
-0.639,0.74
-0.639,0.74
-0.639,0.724
-0.639,0.74
-0.639,0.74
-0.639,0.716
-0.639,0.716
-0.639,0.709
-0.639,0.693
-0.639,0.693
-0.639,0.693
-0.639,0.685
-0.639,0.677
-0.639,0.661
-0.639,0.63
-0.639,0.622
-0.639,0.606
-0.639,0.606
-0.639,0.598
-0.639,0.598
-0.631,0.598
-0.607,0.59
-0.607,0.59
-0.591,0.59
-0.591,0.59
-0.591,0.59
-0.591,0.59
-0.591,0.59
-0.591,0.622
-0.591,0.693
-0.591,0.716
-0.591,0.756
-0.591,0.811
-0.583,0.874
-0.583,0.882
-0.583,0.898
-0.583,0.898
-0.583,0.898
-0.583,0.898
-0.583,0.898
-0.583,0.898
-0.583,0.898
-0.583,0.898
-0.583,0.898
-0.583,0.898
-0.583,0.898
-0.583,0.898
-0.583,0.898
-0.583,0.898
-0.583,0.898
-0.583,0.898
-0.583,0.898
-0.583,0.898
-0.583,0.898
-0.583,0.898
-0.583,0.898
-0.583,0.898
-0.583,0.898
-0.583,0.874
-0.583,0.819
-0.583,0.811
-0.583,0.803
-0.583,0.772
-0.583,0.748
-0.583,0.772
-0.583,0.772
-0.583,0.74
-0.583,0.724
-0.583,0.724
-0.583,0.724
-0.583,0.716
-0.583,0.716
-0.583,0.716
-0.583,0.716
-0.583,0.716
-0.583,0.709
-0.583,0.709
-0.583,0.693
-0.583,0.693
-0.583,0.693
-0.583,0.685
-0.583,0.685
-0.583,0.677
-0.583,0.677
-0.583,0.677
-0.583,0.677
-0.583,0.677
-0.583,0.677
-0.583,0.677
-0.583,0.661
-0.583,0.693
-0.583,0.716
-0.583,0.724
-0.583,0.74
-0.583,0.748
-0.583,0.74
-0.559,0.748
-0.543,0.811
-0.543,0.811
-0.543,0.811
-0.543,0.811
-0.543,0.835
-0.543,0.843
-0.543,0.843
-0.583,0.843
-0.607,0.843
-0.631,0.843
-0.735,0.851
-0.783,0.866
-0.783,0.882
-0.783,0.882
-0.783,0.882
-0.799,0.882
-0.807,0.882
-0.855,0.898
-0.895,0.898
-0.903,0.906
-0.903,0.929
-0.903,0.929
-0.903,0.929
-0.903,0.929
-0.903,0.929
-0.903,0.929
-0.903,0.929
-0.919,0.929
-0.919,0.929
-0.919,0.929
-0.919,0.937
-0.991,0.937
-1.0,0.937
-1.0,0.937
-1.0,0.937
-1.0,0.937
-1.0,0.937
-1.0,0.937
-1.0,0.937
-1.0,0.937
-1.0,0.937
-1.0,0.937
-1.0,0.937
-1.0,0.937
-1.0,0.937
-1.0,0.937
-1.0,0.937
-1.0,0.937
-1.0,0.937
-1.0,0.937
-1.0,0.961
-1.0,1.0
-1.0,1.0
-1.0,1.0
-1.0,1.0
-1.0,1.0
-1.0,1.0
-1.0,1.0
-1.0,1.0
-1.0,1.0
-1.0,1.0
-1.0,1.0
-1.0,1.0
-1.0,1.0
-1.0,1.0
-1.0,1.0
-1.0,1.0
-1.0,1.0
-1.0,1.0
-1.0,1.0
-1.0,1.0
-1.0,1.0
-1.0,1.0
-1.0,1.0
-0.967,0.961
-0.927,0.835
-0.919,0.78
-0.919,0.748
-0.919,0.748
-0.919,0.724
-0.919,0.724
-0.919,0.716
-0.919,0.716
-0.919,0.716
-0.895,0.716
-0.879,0.716
-0.871,0.716
-0.831,0.716
-0.807,0.716
-0.783,0.716
-0.775,0.716
-0.759,0.716
-0.735,0.716
-0.727,0.74
-0.703,0.803
-0.679,0.811
-0.639,0.811
-0.607,0.819
-0.591,0.819
-0.583,0.819
-0.559,0.819
-0.559,0.819
-0.543,0.819
-0.535,0.819
-0.535,0.819
-0.535,0.819
-0.535,0.819
-0.535,0.819
-0.535,0.819
-0.535,0.819
-0.535,0.819
-0.535,0.819
-0.535,0.819
-0.535,0.819
-0.535,0.819
-0.535,0.819
-0.535,0.819
-0.535,0.819
-0.535,0.819
-0.535,0.819
-0.535,0.819
-0.583,0.819
-0.607,0.819
-0.607,0.819
-0.607,0.819
-0.607,0.819
-0.583,0.819
-0.583,0.819
-0.583,0.819
-0.583,0.819
-0.583,0.819
-0.607,0.819
-0.607,0.835
-0.607,0.843
-0.607,0.882
-0.607,0.898
-0.607,0.898
-0.607,0.898
-0.607,0.898
-0.607,0.898
-0.607,0.898
-0.607,0.898
-0.607,0.898
-0.607,0.898
-0.607,0.898
-0.607,0.898
-0.607,0.851
-0.607,0.811
-0.607,0.803
-0.607,0.803
-0.607,0.787
-0.607,0.78
-0.607,0.748
-0.607,0.74
-0.607,0.709
-0.607,0.709
-0.607,0.693
-0.607,0.685
-0.607,0.685
-0.607,0.685
-0.607,0.685
-0.607,0.685
-0.607,0.685
-0.607,0.685
-0.607,0.685
-0.607,0.685
-0.607,0.685
-0.607,0.685
-0.607,0.685
-0.607,0.685
-0.607,0.677
-0.607,0.685
-0.607,0.661
-0.607,0.638
-0.607,0.653
-0.607,0.63
-0.607,0.63
-0.607,0.63
-0.607,0.63
-0.607,0.63
-0.607,0.63
-0.607,0.63
-0.607,0.63
-0.607,0.63
-0.607,0.63
-0.607,0.63
-0.607,0.63
-0.607,0.63
-0.607,0.63
-0.607,0.63
-0.607,0.63
-0.607,0.661
-0.607,0.661
-0.607,0.685
-0.607,0.693
-0.607,0.685
-0.607,0.685
-0.607,0.693
-0.607,0.693
-0.607,0.693
-0.607,0.693
-0.607,0.709
-0.607,0.709
-0.607,0.709
-0.607,0.709
-0.607,0.709
-0.607,0.709
-0.607,0.709
-0.607,0.709
-0.607,0.709
-0.607,0.709
-0.607,0.709
-0.607,0.709
-0.607,0.709
-0.607,0.709
-0.607,0.709
-0.607,0.709
-0.615,0.709
-0.631,0.709
-0.639,0.709
-0.655,0.709
-0.663,0.709
-0.687,0.709
-0.687,0.685
-0.687,0.653
-0.687,0.653
-0.687,0.63
-0.703,0.622
-0.703,0.63
-0.703,0.606
-0.703,0.63
-0.703,0.606
-0.711,0.606
-0.711,0.598
-0.711,0.622
-0.711,0.598
-0.711,0.622
-0.711,0.59
-0.711,0.59
-0.711,0.59
-0.711,0.598
-0.711,0.574
-0.711,0.59
-0.687,0.567
-0.631,0.559
-0.607,0.559
-0.591,0.559
-0.591,0.559
-0.591,0.559
-0.591,0.559
-0.591,0.559
-0.591,0.559
-0.591,0.559
-0.591,0.559
-0.591,0.559
-0.591,0.559
-0.591,0.559
-0.591,0.559
-0.591,0.559
-0.591,0.559
-0.591,0.559
-0.591,0.559
-0.591,0.559
-0.591,0.559
-0.591,0.559
-0.591,0.559
-0.591,0.559
-0.591,0.559
-0.591,0.559
-0.591,0.559
-0.591,0.559
-0.591,0.559
-0.591,0.559
-0.591,0.559
-0.591,0.559
-0.591,0.559
-0.591,0.559
-0.591,0.559
-0.591,0.559
-0.591,0.559
-0.591,0.559
-0.591,0.559
-0.591,0.559
-0.591,0.559
-0.591,0.559
-0.591,0.559
-0.591,0.559
-0.591,0.559
-0.591,0.559
-0.591,0.559
-0.591,0.559
-0.591,0.559
-0.591,0.559
-0.591,0.559
-0.591,0.559
-0.591,0.559
-0.591,0.559
-0.591,0.559
-0.591,0.559
-0.591,0.559
-0.591,0.559
-0.591,0.559
-0.591,0.559
-0.591,0.559
-0.591,0.559
-0.591,0.559
-0.591,0.559
-0.591,0.559
-0.591,0.559
-0.591,0.559
-0.591,0.559
-0.591,0.559
-0.591,0.559
-0.583,0.559
-0.567,0.559
-0.567,0.559
-0.567,0.559
-0.567,0.559
-0.559,0.559
-0.559,0.559
-0.559,0.559
-0.559,0.559
-0.559,0.559
-0.559,0.559
-0.559,0.559
-0.559,0.559
-0.559,0.559
-0.559,0.559
-0.559,0.559
-0.559,0.559
-0.559,0.559
-0.559,0.559
-0.559,0.559
-0.583,0.559
-0.583,0.559
-0.583,0.559
-0.583,0.559
-0.583,0.559
-0.583,0.559
-0.583,0.559
-0.559,0.559
-0.567,0.559
-0.543,0.559
-0.543,0.559
-0.519,0.559
-0.519,0.559
-0.511,0.559
-0.487,0.559
-0.471,0.559
-0.471,0.559
-0.471,0.559
-0.471,0.559
-0.471,0.559
-0.463,0.559
-0.447,0.559
-0.447,0.559
-0.439,0.559
-0.439,0.559
-0.447,0.559
-0.423,0.559
-0.447,0.559
-0.423,0.559
-0.415,0.559
-0.375,0.559
-0.375,0.559
-0.367,0.559
-0.367,0.559
-0.351,0.559
-0.375,0.559
-0.375,0.559
-0.375,0.559
-0.391,0.559
-0.391,0.559
-0.391,0.559
-0.391,0.559
-0.391,0.559
-0.391,0.559
-0.399,0.559
-0.415,0.559
-0.439,0.559
-0.447,0.559
-0.447,0.559
-0.447,0.559
-0.447,0.559
-0.447,0.559
-0.447,0.559
-0.447,0.559
-0.463,0.559
-0.463,0.559
-0.463,0.559
-0.463,0.559
-0.463,0.559
-0.463,0.559
-0.463,0.559
-0.463,0.559
-0.463,0.559
-0.463,0.559
-0.463,0.559
-0.463,0.559
-0.463,0.559
-0.463,0.559
-0.463,0.559
-0.463,0.559
-0.463,0.559
-0.463,0.559
-0.463,0.559
-0.463,0.559
-0.463,0.559
-0.463,0.559
-0.463,0.559
-0.463,0.559
-0.463,0.559
-0.463,0.559
-0.463,0.559
-0.463,0.559
-0.463,0.559
-0.463,0.559
-0.463,0.559
-0.463,0.559
-0.463,0.559
-0.463,0.559
-0.463,0.559
-0.463,0.559
-0.463,0.559
-0.439,0.559
-0.439,0.559
-0.439,0.559
-0.439,0.559
-0.439,0.559
-0.439,0.543
-0.439,0.543
-0.439,0.543
-0.439,0.543
-0.439,0.543
-0.439,0.543
-0.439,0.543
-0.439,0.567
-0.439,0.567
-0.439,0.567
-0.439,0.567
-0.439,0.543
-0.439,0.543
-0.439,0.543
-0.439,0.543
-0.439,0.567
-0.439,0.567
-0.439,0.567
-0.439,0.567
-0.439,0.567
-0.439,0.567
-0.439,0.567
-0.439,0.567
-0.439,0.567
-0.439,0.567
-0.439,0.567
-0.439,0.543
-0.439,0.543
-0.439,0.543
-0.439,0.543
-0.439,0.567
-0.439,0.543
-0.439,0.559
-0.439,0.535
-0.439,0.559
-0.439,0.535
-0.439,0.535
-0.439,0.535
-0.439,0.535
-0.439,0.535
-0.439,0.535
-0.439,0.527
-0.439,0.559
-0.439,0.559
-0.439,0.535
-0.439,0.527
-0.439,0.527
-0.439,0.527
-0.439,0.527
-0.423,0.527
-0.423,0.527
-0.423,0.527
-0.391,0.527
-0.415,0.527
-0.391,0.527
-0.375,0.527
-0.375,0.527
-0.351,0.511
-0.343,0.511
-0.327,0.535
-0.327,0.535
-0.327,0.535
-0.327,0.535
-0.327,0.535
-0.327,0.535
-0.327,0.535
-0.327,0.535
-0.327,0.511
-0.327,0.511
-0.327,0.511
-0.327,0.535
-0.327,0.511
-0.327,0.511
-0.327,0.511
-0.327,0.511
-0.327,0.511
-0.319,0.511
-0.319,0.511
-0.319,0.511
-0.319,0.511
-0.319,0.511
-0.319,0.511
-0.319,0.511
-0.319,0.511
-0.319,0.511
-0.319,0.511
-0.319,0.511
-0.319,0.511
-0.319,0.511
-0.319,0.511
-0.319,0.511
-0.319,0.511
-0.319,0.511
-0.319,0.511
-0.319,0.511
-0.319,0.511
-0.319,0.511
-0.319,0.511
-0.319,0.511
-0.319,0.511
-0.319,0.511
-0.319,0.511
-0.319,0.511
-0.319,0.511
-0.319,0.511
-0.319,0.511
-0.319,0.511
-0.319,0.511
-0.319,0.511
-0.319,0.511
-0.319,0.511
-0.319,0.511
-0.319,0.511
-0.319,0.511
-0.319,0.567
-0.319,0.574
-0.319,0.59
-0.319,0.598
-0.319,0.622
-0.319,0.606
-0.319,0.638
-0.319,0.638
-0.319,0.653
-0.319,0.653
-0.319,0.653
-0.319,0.653
-0.319,0.653
-0.319,0.653
-0.319,0.653
-0.319,0.653
-0.319,0.653
-0.319,0.653
-0.319,0.653
-0.319,0.653
-0.351,0.653
-0.399,0.653
-0.399,0.653
-0.423,0.653
-0.439,0.653
-0.463,0.653
-0.463,0.653
-0.463,0.653
-0.487,0.653
-0.559,0.653
-0.559,0.653
-0.559,0.653
-0.559,0.653
-0.559,0.653
-0.559,0.653
-0.535,0.653
-0.535,0.653
-0.535,0.653
-0.535,0.653
-0.535,0.653
-0.535,0.653
-0.535,0.653
-0.535,0.653
-0.535,0.653
-0.535,0.653
-0.535,0.653
-0.535,0.653
-0.535,0.653
-0.535,0.653
-0.535,0.653
-0.519,0.653
-0.519,0.653
-0.519,0.653
-0.519,0.653
-0.519,0.653
-0.519,0.653
-0.519,0.653
-0.519,0.653
-0.519,0.653
-0.519,0.653
-0.519,0.653
-0.519,0.653
-0.519,0.653
-0.519,0.653
-0.519,0.653
-0.519,0.653
-0.519,0.653
-0.519,0.653
-0.519,0.653
-0.519,0.653
-0.519,0.653
-0.519,0.653
-0.519,0.653
-0.519,0.653
-0.519,0.653
-0.519,0.653
-0.519,0.653
-0.519,0.653
-0.519,0.653
-0.511,0.653
-0.511,0.653
-0.495,0.653
-0.487,0.653
-0.463,0.653
-0.447,0.653
-0.463,0.653
-0.439,0.653
-0.423,0.653
-0.439,0.653
-0.439,0.653
-0.439,0.653
-0.439,0.653
-0.439,0.653
-0.439,0.653
-0.463,0.63
-0.471,0.63
-0.471,0.685
-0.511,0.709
-0.511,0.709
-0.519,0.709
-0.519,0.716
-0.535,0.716
-0.567,0.716
-0.615,0.716
-0.639,0.716
-0.655,0.716
-0.655,0.716
-0.655,0.716
-0.663,0.724
-0.679,0.74
-0.703,0.74
-0.735,0.74
-0.751,0.724
-0.751,0.748
-0.751,0.748
-0.751,0.756
-0.751,0.772
-0.751,0.756
-0.751,0.78
-0.751,0.756
-0.751,0.756
-0.751,0.756
-0.751,0.756
-0.751,0.756
-0.751,0.756
-0.751,0.756
-0.751,0.756
-0.751,0.756
-0.751,0.756
-0.751,0.756
-0.751,0.756
-0.751,0.756
-0.751,0.756
-0.751,0.756
-0.751,0.756
-0.751,0.756
-0.751,0.756
-0.751,0.756
-0.751,0.756
-0.751,0.756
-0.727,0.756
-0.687,0.756
-0.687,0.756
-0.679,0.756
-0.631,0.756
-0.615,0.756
-0.607,0.756
-0.591,0.756
-0.591,0.78
-0.591,0.78
-0.591,0.756
-0.591,0.74
-0.591,0.748
-0.591,0.724
-0.591,0.724
-0.591,0.716
-0.591,0.716
-0.591,0.716
-0.591,0.716
-0.591,0.716
-0.591,0.716
-0.591,0.709
-0.591,0.709
-0.591,0.709
-0.591,0.709
-0.591,0.693
-0.591,0.693
-0.591,0.709
-0.591,0.709
-0.615,0.709
-0.615,0.685
-0.615,0.677
-0.615,0.677
-0.591,0.677
-0.583,0.677
-0.567,0.709
-0.567,0.74
-0.607,0.716
-0.687,0.811
-0.799,0.843
-0.799,0.851
-0.799,0.866
-0.799,0.866
-0.799,0.874
-0.799,0.874
-0.799,0.882
-0.799,0.882
-0.799,0.882
-0.799,0.882
-0.799,0.882
-0.807,0.882
-0.807,0.882
-0.823,0.882
-0.823,0.898
-0.823,0.898
-0.823,0.898
-0.823,0.898
-0.823,0.898
-0.823,0.898
-0.823,0.898
-0.823,0.906
-0.823,0.906
-0.823,0.906
-0.823,0.906
-0.823,0.906
-0.823,0.906
-0.823,0.906
-0.775,0.906
-0.711,0.906
-0.663,0.906
-0.663,0.906
-0.655,0.906
-0.655,0.906
-0.655,0.906
-0.655,0.906
-0.655,0.906
-0.655,0.851
-0.655,0.819
-0.655,0.787
-0.655,0.772
-0.655,0.74
-0.655,0.709
-0.639,0.709
-0.639,0.709
-0.639,0.709
-0.639,0.685
-0.631,0.709
-0.615,0.693
-0.607,0.677
-0.607,0.653
-0.591,0.63
-0.591,0.606
-0.591,0.59
-0.591,0.59
-0.591,0.59
-0.591,0.59
-0.591,0.574
-0.591,0.574
-0.591,0.574
-0.591,0.574
-0.591,0.574
-0.591,0.574
-0.591,0.574
-0.591,0.574
-0.591,0.574
-0.591,0.574
-0.591,0.574
-0.591,0.574
-0.591,0.574
-0.591,0.574
-0.591,0.574
-0.591,0.574
-0.591,0.574
-0.591,0.574
-0.591,0.59
-0.591,0.559
-0.583,0.574
-0.567,0.543
-0.559,0.543
-0.559,0.559
-0.559,0.559
-0.543,0.559
-0.543,0.535
-0.543,0.559
-0.543,0.535
-0.543,0.535
-0.543,0.535
-0.543,0.535
-0.567,0.535
-0.567,0.535
-0.567,0.535
-0.567,0.527
-0.567,0.527
-0.567,0.511
-0.567,0.527
-0.567,0.495
-0.567,0.495
-0.567,0.48
-0.567,0.48
-0.567,0.48
-0.583,0.48
-0.583,0.48
-0.583,0.472
-0.591,0.44
-0.591,0.417
-0.615,0.417
-0.639,0.432
-0.639,0.432
-0.655,0.432
-0.655,0.432
-0.655,0.432
-0.655,0.432
-0.655,0.432
-0.655,0.432
-0.663,0.432
-0.663,0.432
-0.663,0.432
-0.663,0.432
-0.663,0.432
-0.663,0.432
-0.663,0.432
-0.663,0.432
-0.663,0.432
-0.663,0.432
-0.663,0.409
-0.663,0.409
-0.663,0.409
-0.663,0.401
-0.663,0.385
-0.663,0.401
-0.663,0.369
-0.663,0.353
-0.663,0.385
-0.663,0.385
-0.663,0.353
-0.663,0.338
-0.663,0.338
-0.663,0.338
-0.663,0.338
-0.663,0.322
-0.663,0.314
-0.663,0.338
-0.631,0.314
-0.631,0.338
-0.631,0.314
-0.631,0.314
-0.615,0.314
-0.615,0.314
-0.615,0.29
-0.607,0.29
-0.607,0.282
-0.607,0.282
-0.591,0.282
-0.591,0.282
-0.591,0.282
-0.583,0.282
-0.567,0.282
-0.559,0.282
-0.559,0.282
-0.535,0.282
-0.535,0.282
-0.519,0.282
-0.519,0.282
-0.519,0.282
-0.519,0.282
-0.519,0.314
-0.519,0.322
-0.519,0.322
-0.519,0.322
-0.519,0.322
-0.519,0.322
-0.519,0.322
-0.519,0.322
-0.519,0.322
-0.519,0.322
-0.519,0.322
-0.519,0.322
-0.519,0.322
-0.519,0.322
-0.519,0.322
-0.519,0.322
-0.519,0.322
-0.519,0.322
-0.519,0.322
-0.495,0.322
-0.511,0.346
-0.487,0.369
-0.511,0.377
-0.535,0.417
-0.631,0.448
-0.735,0.535
-0.759,0.535
-0.775,0.559
-0.775,0.543
-0.783,0.574
-0.783,0.59
-0.783,0.59
-0.783,0.598
-0.783,0.606
-0.799,0.606
-0.807,0.606
-0.807,0.622
-0.823,0.653
-0.831,0.661
-0.831,0.693
-0.831,0.709
-0.879,0.709
-0.903,0.716
-0.919,0.716
-0.919,0.716
-0.919,0.724
-0.919,0.724
-0.919,0.724
-0.919,0.74
-0.919,0.74
-0.919,0.74
-0.919,0.74
-0.919,0.74
-0.919,0.74
-0.951,0.74
-0.951,0.74
-0.951,0.74
-0.951,0.74
-0.967,0.74
-0.967,0.74
-0.967,0.748
-0.967,0.756
-0.967,0.748
-0.967,0.811
-0.967,0.811
-0.967,0.811
-0.967,0.811
-0.967,0.811
-0.967,0.811
-0.967,0.811
-0.967,0.811
-0.967,0.811
-0.967,0.811
-0.967,0.811
-0.967,0.811
-0.967,0.811
-0.919,0.811
-0.919,0.811
-0.919,0.811
-0.919,0.811
-0.919,0.811
-0.919,0.811
-0.903,0.811
-0.895,0.811
-0.895,0.811
-0.895,0.811
-0.879,0.811
-0.879,0.811
-0.879,0.811
-0.879,0.811
-0.871,0.811
-0.855,0.811
-0.807,0.811
-0.807,0.811
-0.807,0.811
-0.807,0.811
-0.807,0.811
-0.807,0.811
-0.807,0.811
-0.807,0.811
-0.807,0.811
-0.799,0.811
-0.775,0.811
-0.775,0.811
-0.759,0.811
-0.759,0.811
-0.759,0.811
-0.751,0.811
-0.751,0.811
-0.751,0.811
-0.751,0.811
-0.751,0.811
-0.751,0.811
-0.775,0.811
-0.775,0.811
-0.775,0.811
-0.775,0.811
-0.775,0.811
-0.775,0.811
-0.775,0.811
-0.775,0.811
-0.775,0.811
-0.775,0.811
-0.775,0.811
-0.775,0.811
-0.775,0.811
-0.775,0.811
-0.775,0.811
-0.775,0.811
-0.775,0.811
-0.775,0.811
-0.775,0.811
-0.775,0.811
-0.751,0.811
-0.751,0.811
-0.751,0.811
-0.751,0.811
-0.735,0.811
-0.727,0.811
-0.711,0.811
-0.679,0.811
-0.663,0.811
-0.655,0.811
-0.655,0.811
-0.655,0.811
-0.655,0.811
-0.655,0.811
-0.655,0.811
-0.655,0.811
-0.639,0.811
-0.639,0.811
-0.639,0.811
-0.639,0.811
-0.639,0.772
-0.639,0.787
-0.639,0.74
-0.639,0.716
-0.639,0.716
-0.639,0.716
-0.639,0.716
-0.639,0.716
-0.639,0.716
