valence,arousal
-0.448,0.53
-0.444,0.529
-0.443,0.529
-0.441,0.528
-0.44,0.527
-0.44,0.527
-0.439,0.527
-0.44,0.526
-0.44,0.524
-0.439,0.522
-0.44,0.522
-0.439,0.522
-0.439,0.521
-0.438,0.522
-0.439,0.522
-0.439,0.521
-0.438,0.52
-0.439,0.511
-0.439,0.505
-0.438,0.501
-0.438,0.5
-0.438,0.5
-0.438,0.501
-0.438,0.501
-0.438,0.502
-0.438,0.501
-0.438,0.501
-0.438,0.464
-0.438,0.447
-0.438,0.401
-0.438,0.385
-0.438,0.368
-0.438,0.285
-0.438,0.269
-0.438,0.268
-0.438,0.274
-0.438,0.289
-0.438,0.306
-0.438,0.351
-0.438,0.413
-0.438,0.435
-0.438,0.439
-0.438,0.442
-0.438,0.456
-0.49,0.467
-0.529,0.501
-0.573,0.509
-0.573,0.548
-0.567,0.601
-0.557,0.614
-0.557,0.617
-0.558,0.616
-0.558,0.616
-0.56,0.614
-0.564,0.612
-0.563,0.602
-0.561,0.594
-0.561,0.586
-0.559,0.549
-0.556,0.495
-0.554,0.45
-0.552,0.434
-0.552,0.398
-0.551,0.372
-0.551,0.359
-0.537,0.357
-0.522,0.358
-0.505,0.368
-0.503,0.375
-0.503,0.376
-0.504,0.376
-0.505,0.377
-0.506,0.377
-0.514,0.378
-0.525,0.383
-0.526,0.441
-0.527,0.469
-0.527,0.482
-0.527,0.482
-0.527,0.483
-0.528,0.497
-0.528,0.522
-0.529,0.533
-0.53,0.539
-0.533,0.541
-0.533,0.537
-0.533,0.529
-0.534,0.515
-0.534,0.515
-0.536,0.464
-0.535,0.434
-0.535,0.408
-0.536,0.385
-0.534,0.376
-0.534,0.372
-0.534,0.38
-0.534,0.385
-0.536,0.395
-0.536,0.396
-0.536,0.415
-0.534,0.424
-0.534,0.423
-0.533,0.423
-0.533,0.422
-0.533,0.422
-0.533,0.422
-0.533,0.422
-0.533,0.423
-0.533,0.425
-0.533,0.426
-0.533,0.431
-0.533,0.43
-0.533,0.43
-0.533,0.439
-0.533,0.45
-0.533,0.473
-0.533,0.473
-0.533,0.473
-0.533,0.473
-0.533,0.473
-0.533,0.473
-0.533,0.473
-0.533,0.472
-0.533,0.47
-0.533,0.469
-0.533,0.467
-0.533,0.463
-0.533,0.461
-0.533,0.46
-0.533,0.443
-0.533,0.444
-0.533,0.443
-0.532,0.443
-0.533,0.443
-0.497,0.443
-0.472,0.441
-0.479,0.443
-0.494,0.545
-0.588,0.572
-0.656,0.579
-0.66,0.582
-0.657,0.595
-0.651,0.608
-0.645,0.646
-0.643,0.727
-0.643,0.728
-0.642,0.728
-0.642,0.726
-0.642,0.724
-0.642,0.723
-0.642,0.719
-0.642,0.708
-0.642,0.642
-0.642,0.593
-0.642,0.464
-0.62,0.405
-0.555,0.327
-0.535,0.316
-0.531,0.304
-0.533,0.297
-0.533,0.288
-0.533,0.293
-0.533,0.295
-0.534,0.293
-0.543,0.302
-0.608,0.319
-0.683,0.486
-0.692,0.598
-0.696,0.664
-0.697,0.674
-0.698,0.675
-0.703,0.687
-0.726,0.78
-0.808,0.849
-0.84,1.0
-0.892,1.0
-1.0,1.0
-1.0,1.0
-1.0,1.0
-1.0,1.0
-1.0,1.0
-1.0,1.0
-1.0,1.0
-1.0,1.0
-1.0,1.0
-1.0,1.0
-1.0,0.984
-1.0,0.902
-1.0,0.888
-1.0,0.885
-1.0,0.849
-1.0,0.829
-1.0,0.828
-1.0,0.816
-1.0,0.764
-0.991,0.758
-0.995,0.771
-1.0,0.781
-1.0,0.801
-1.0,0.895
-1.0,0.909
-1.0,0.918
-1.0,0.944
-1.0,0.969
-1.0,1.0
-1.0,1.0
-1.0,1.0
-0.992,1.0
-0.971,1.0
-0.943,1.0
-0.944,1.0
-0.95,1.0
-0.963,1.0
-1.0,1.0
-1.0,1.0
-1.0,1.0
-1.0,1.0
-1.0,1.0
-1.0,1.0
-1.0,1.0
-1.0,1.0
-1.0,1.0
-1.0,1.0
-1.0,1.0
-1.0,1.0
-1.0,1.0
-1.0,1.0
-1.0,0.995
-0.987,0.935
-0.988,0.924
-0.989,0.907
-0.991,0.899
-1.0,0.864
-1.0,0.848
-1.0,0.817
-1.0,0.811
-1.0,0.813
-1.0,0.824
-1.0,0.836
-1.0,0.838
-1.0,0.839
-1.0,0.84
-1.0,0.84
-1.0,0.841
-1.0,0.842
-1.0,0.841
-1.0,0.843
-1.0,0.884
-1.0,0.886
-1.0,0.911
-1.0,0.93
-1.0,0.937
-1.0,0.946
-1.0,0.972
-1.0,1.0
-1.0,1.0
-1.0,0.997
-1.0,0.995
-1.0,0.991
-1.0,0.989
-1.0,0.989
-1.0,0.989
-1.0,0.99
-1.0,0.989
-0.995,0.988
-0.977,0.988
-0.977,0.987
-0.978,0.988
-0.978,0.988
-0.969,0.989
-0.962,0.988
-0.943,0.988
-0.939,0.988
-0.94,0.989
-0.941,0.987
-0.942,0.988
-0.942,0.988
-0.942,0.95
-0.941,0.914
-0.942,0.893
-0.942,0.878
-0.94,0.864
-0.939,0.82
-0.937,0.803
-0.935,0.803
-0.929,0.808
-0.927,0.822
-0.928,0.824
-0.929,0.935
-0.93,1.0
-0.931,1.0
-0.931,1.0
-0.931,1.0
-0.931,1.0
-0.931,1.0
-0.931,0.994
-0.931,0.947
-0.931,0.871
-0.923,0.847
-0.852,0.771
-0.739,0.764
-0.699,0.749
-0.661,0.725
-0.661,0.711
-0.662,0.7
-0.64,0.678
-0.61,0.648
-0.548,0.644
-0.55,0.623
-0.553,0.588
-0.568,0.556
-0.577,0.486
-0.611,0.457
-0.666,0.434
-0.694,0.44
-0.705,0.447
-0.711,0.46
-0.715,0.462
-0.725,0.462
-0.726,0.463
-0.726,0.463
-0.726,0.463
-0.726,0.464
-0.726,0.463
-0.726,0.464
-0.726,0.462
-0.726,0.464
-0.726,0.463
-0.728,0.462
-0.728,0.527
-0.728,0.569
-0.728,0.623
-0.728,0.633
-0.728,0.659
-0.732,0.663
-0.745,0.668
-0.797,0.716
-0.797,0.725
-0.796,0.729
-0.793,0.73
-0.791,0.728
-0.791,0.726
-0.791,0.722
-0.791,0.719
-0.791,0.711
-0.793,0.708
-0.794,0.706
-0.794,0.706
-0.8,0.705
-0.809,0.704
-0.822,0.704
-0.822,0.704
-0.828,0.705
-0.886,0.704
-0.903,0.704
-0.908,0.704
-0.907,0.704
-0.899,0.705
-0.895,0.705
-0.895,0.708
-0.895,0.708
-0.896,0.708
-0.896,0.708
-0.896,0.707
-0.896,0.706
-0.896,0.707
-0.896,0.706
-0.896,0.706
-0.896,0.707
-0.895,0.707
-0.896,0.706
-0.896,0.707
-0.899,0.706
-0.906,0.707
-0.908,0.708
-0.907,0.709
-0.906,0.71
-0.906,0.715
-0.906,0.76
-0.907,0.761
-0.909,0.757
-0.91,0.749
-0.909,0.74
-0.909,0.736
-0.905,0.705
-0.899,0.673
-0.899,0.64
-0.899,0.635
-0.9,0.635
-0.899,0.627
-0.898,0.621
-0.898,0.623
-0.894,0.605
-0.893,0.58
-0.892,0.56
-0.892,0.539
-0.891,0.541
-0.891,0.54
-0.892,0.529
-0.892,0.534
-0.893,0.539
-0.893,0.542
-0.893,0.544
-0.893,0.55
-0.893,0.582
-0.893,0.598
-0.893,0.599
-0.893,0.594
-0.893,0.588
-0.893,0.562
-0.893,0.527
-0.893,0.5
-0.893,0.487
-0.893,0.504
-0.893,0.518
-0.893,0.562
-0.893,0.686
-0.893,0.789
-0.893,1.0
-0.895,1.0
-0.895,1.0
-0.896,1.0
-0.902,1.0
-0.912,1.0
-0.932,1.0
-0.95,1.0
-0.966,1.0
-0.968,1.0
-0.97,1.0
-0.968,1.0
-0.967,1.0
-0.966,1.0
-0.965,1.0
-0.963,1.0
-0.962,1.0
-0.961,1.0
-0.961,1.0
-0.961,1.0
-0.949,1.0
-0.948,1.0
-0.948,1.0
-0.948,0.922
-0.948,0.853
-0.948,0.813
-0.947,0.764
-0.947,0.737
-0.946,0.714
-0.943,0.715
-0.94,0.715
-0.939,0.715
-0.939,0.717
-0.934,0.72
-0.927,0.724
-0.908,0.725
-0.902,0.725
-0.893,0.727
-0.89,0.738
-0.874,0.753
-0.857,0.888
-0.821,0.972
-0.768,0.989
-0.751,1.0
-0.753,1.0
-0.768,1.0
-0.776,1.0
-0.822,1.0
-0.85,1.0
-0.924,1.0
-0.996,1.0
-1.0,1.0
-1.0,1.0
-1.0,1.0
-1.0,1.0
-1.0,1.0
-1.0,1.0
-1.0,1.0
-1.0,1.0
-1.0,1.0
-1.0,1.0
-1.0,1.0
-1.0,1.0
-1.0,1.0
-1.0,1.0
-1.0,1.0
-1.0,1.0
-1.0,1.0
-1.0,1.0
-1.0,1.0
-1.0,1.0
-1.0,1.0
-1.0,1.0
-1.0,1.0
-1.0,1.0
-1.0,1.0
-1.0,1.0
-1.0,1.0
-0.992,0.853
-0.976,0.779
-0.966,0.721
-0.961,0.703
-0.963,0.686
-0.964,0.635
-0.964,0.591
-0.965,0.482
-0.965,0.411
-0.964,0.297
-0.965,0.208
-0.965,0.13
-0.965,0.032
-0.965,0.021
-0.965,0.016
-0.965,0.013
-0.965,0.014
-0.965,0.013
-0.965,0.014
-0.964,0.014
-0.964,0.015
-0.959,0.015
-0.955,0.015
-0.944,0.028
-0.939,0.034
-0.936,0.036
-0.933,0.16
-0.933,0.298
-0.933,0.379
-0.934,0.449
-0.934,0.531
-0.935,0.582
-0.936,0.655
-0.936,0.664
-0.936,0.664
-0.937,0.669
-0.937,0.676
-0.937,0.713
-0.938,0.792
-0.938,0.816
-0.937,0.831
-0.938,0.831
-0.937,0.83
-0.937,0.829
-0.937,0.826
-0.937,0.826
-0.937,0.826
-0.936,0.826
-0.936,0.825
-0.935,0.824
-0.933,0.811
-0.931,0.81
-0.931,0.803
-0.929,0.79
-0.926,0.79
-0.927,0.788
-0.927,0.788
-0.929,0.79
-0.927,0.79
-0.921,0.792
-0.915,0.801
-0.882,0.813
-0.872,0.886
-0.866,0.92
-0.841,0.929
-0.83,0.933
-0.83,0.933
-0.833,0.956
-0.84,0.984
-0.855,1.0
-0.855,1.0
-0.856,1.0
-0.856,1.0
-0.856,1.0
-0.865,1.0
-0.872,1.0
-0.881,1.0
-0.883,1.0
-0.883,1.0
-0.882,0.931
-0.881,0.916
-0.881,0.9
-0.881,0.901
-0.88,0.898
-0.88,0.85
-0.879,0.837
-0.877,0.837
-0.876,0.847
-0.875,0.857
-0.874,0.86
-0.874,0.875
-0.873,0.874
-0.871,0.876
-0.864,0.876
-0.864,0.877
-0.864,0.884
-0.847,0.908
-0.838,0.948
-0.825,0.963
-0.814,0.968
-0.807,0.967
-0.8,0.964
-0.778,0.957
-0.751,0.953
-0.731,0.948
-0.725,0.929
-0.694,0.919
-0.666,0.905
-0.656,0.882
-0.655,0.866
-0.655,0.859
-0.656,0.848
-0.656,0.822
-0.656,0.819
-0.657,0.818
-0.657,0.813
-0.659,0.813
-0.659,0.792
-0.658,0.776
-0.658,0.753
-0.658,0.734
-0.66,0.734
-0.66,0.736
-0.661,0.732
-0.66,0.734
-0.661,0.736
-0.661,0.732
-0.661,0.725
-0.661,0.721
-0.662,0.722
-0.663,0.723
-0.663,0.73
-0.663,0.734
-0.664,0.734
-0.666,0.732
-0.665,0.711
-0.666,0.701
-0.668,0.682
-0.664,0.676
-0.664,0.678
-0.664,0.679
-0.663,0.685
-0.663,0.7
-0.663,0.703
-0.663,0.705
-0.661,0.704
-0.661,0.706
-0.661,0.708
-0.661,0.706
-0.661,0.707
-0.661,0.708
-0.66,0.707
-0.66,0.708
-0.658,0.715
-0.655,0.781
-0.645,0.805
-0.629,0.804
-0.626,0.803
-0.626,0.8
-0.627,0.797
-0.627,0.796
-0.627,0.796
-0.627,0.795
-0.626,0.795
-0.627,0.796
-0.627,0.797
-0.628,0.796
-0.627,0.795
-0.628,0.79
-0.629,0.785
-0.629,0.785
-0.628,0.785
-0.629,0.785
-0.629,0.785
-0.63,0.785
-0.632,0.785
-0.631,0.785
-0.631,0.785
-0.631,0.783
-0.63,0.778
-0.631,0.768
-0.632,0.764
-0.634,0.764
-0.635,0.764
-0.634,0.759
-0.635,0.762
-0.635,0.758
-0.635,0.759
-0.635,0.757
-0.635,0.752
-0.635,0.751
-0.635,0.75
-0.635,0.748
-0.635,0.74
-0.635,0.732
-0.636,0.703
-0.636,0.684
-0.636,0.672
-0.636,0.676
-0.636,0.695
-0.636,0.698
-0.636,0.82
-0.637,0.948
-0.637,0.961
-0.642,0.961
-0.652,0.96
-0.653,0.961
-0.679,0.961
-0.72,0.959
-0.726,0.957
-0.735,0.957
-0.772,0.957
-0.79,0.961
-0.801,0.97
-0.827,1.0
-0.837,1.0
-0.847,1.0
-0.849,1.0
-0.856,1.0
-0.856,1.0
-0.857,1.0
-0.856,1.0
-0.856,1.0
-0.861,1.0
-0.88,1.0
-0.901,1.0
-0.911,1.0
-0.912,1.0
-0.911,1.0
-0.909,1.0
-0.902,1.0
-0.9,1.0
-0.9,1.0
-0.899,1.0
-0.896,1.0
-0.892,1.0
-0.89,1.0
-0.89,1.0
-0.89,1.0
-0.89,1.0
-0.89,1.0
-0.89,1.0
-0.89,1.0
-0.89,1.0
-0.89,1.0
-0.89,1.0
-0.89,1.0
-0.89,1.0
-0.88,1.0
-0.876,1.0
-0.861,1.0
-0.854,1.0
-0.853,1.0
-0.849,1.0
-0.842,1.0
-0.842,1.0
-0.842,1.0
-0.841,1.0
-0.841,1.0
-0.841,1.0
-0.842,1.0
-0.84,1.0
-0.828,1.0
-0.826,1.0
-0.826,1.0
-0.814,1.0
-0.812,1.0
-0.809,1.0
-0.794,1.0
-0.79,1.0
-0.782,1.0
-0.763,1.0
-0.76,1.0
-0.758,1.0
-0.757,1.0
-0.754,1.0
-0.752,1.0
-0.751,1.0
-0.744,1.0
-0.736,0.91
-0.736,0.818
-0.736,0.803
-0.736,0.786
-0.736,0.788
-0.736,0.767
-0.735,0.734
-0.733,0.679
-0.731,0.651
-0.731,0.651
-0.726,0.655
-0.718,0.656
-0.716,0.63
-0.7,0.607
-0.691,0.539
-0.682,0.506
-0.668,0.489
-0.653,0.489
-0.645,0.494
-0.625,0.469
-0.606,0.449
-0.603,0.428
-0.602,0.411
-0.602,0.389
-0.603,0.387
-0.603,0.391
-0.601,0.397
-0.587,0.397
-0.573,0.4
-0.522,0.4
-0.513,0.37
-0.511,0.357
-0.512,0.358
-0.512,0.345
-0.499,0.329
-0.468,0.325
-0.44,0.34
-0.394,0.341
-0.348,0.338
-0.341,0.34
-0.341,0.339
-0.339,0.343
-0.338,0.355
-0.339,0.356
-0.339,0.356
-0.338,0.373
-0.335,0.465
-0.329,0.561
-0.318,0.564
-0.292,0.563
-0.27,0.563
-0.267,0.558
-0.267,0.555
-0.268,0.546
-0.269,0.54
-0.269,0.541
-0.28,0.541
-0.283,0.518
-0.284,0.505
-0.289,0.499
-0.295,0.45
-0.308,0.441
-0.338,0.443
-0.336,0.427
-0.34,0.414
-0.346,0.412
-0.36,0.411
-0.429,0.419
-0.459,0.432
-0.488,0.54
-0.503,0.633
-0.564,0.827
-0.577,0.918
-0.575,1.0
-0.576,1.0
-0.58,1.0
-0.58,1.0
-0.579,1.0
-0.577,1.0
-0.574,1.0
-0.573,1.0
-0.573,1.0
-0.573,0.984
-0.574,0.92
-0.578,0.9
-0.578,0.888
-0.574,0.86
-0.574,0.855
-0.573,0.859
-0.573,0.857
-0.573,0.818
-0.578,0.771
-0.598,0.757
-0.628,0.758
-0.69,0.758
-0.7,0.754
-0.7,0.75
-0.699,0.749
-0.697,0.721
-0.692,0.706
-0.691,0.688
-0.686,0.649
-0.686,0.64
-0.686,0.63
-0.685,0.623
-0.686,0.602
-0.686,0.588
-0.562,0.553
-0.432,0.539
-0.426,0.525
-0.425,0.512
-0.426,0.504
-0.427,0.501
-0.429,0.505
-0.436,0.496
-0.449,0.473
-0.451,0.447
-0.451,0.422
-0.463,0.377
-0.506,0.361
-0.618,0.36
-0.621,0.345
-0.626,0.37
-0.628,0.467
-0.633,0.612
-0.649,0.807
-0.66,0.828
-0.664,0.831
-0.669,0.839
-0.671,0.839
-0.67,0.844
-0.671,0.868
-0.717,0.883
-0.747,0.884
-0.761,0.88
-0.76,0.88
-0.759,0.878
-0.759,0.875
-0.759,0.872
-0.759,0.868
-0.759,0.867
-0.76,0.867
-0.759,0.864
-0.759,0.864
-0.759,0.864
-0.76,0.863
-0.76,0.863
-0.76,0.863
-0.76,0.863
-0.759,0.862
-0.759,0.862
-0.759,0.862
-0.759,0.862
-0.759,0.862
-0.759,0.862
-0.759,0.862
-0.758,0.862
-0.757,0.862
-0.756,0.863
-0.756,0.859
-0.757,0.849
-0.766,0.824
-0.769,0.773
-0.77,0.77
-0.77,0.768
-0.771,0.752
-0.768,0.747
-0.766,0.751
-0.763,0.756
-0.763,0.758
-0.762,0.767
-0.755,0.771
-0.754,0.771
-0.754,0.815
-0.754,0.822
-0.747,0.82
-0.741,0.822
-0.741,0.822
-0.741,0.822
-0.741,0.822
-0.741,0.822
-0.741,0.821
-0.741,0.82
-0.742,0.82
-0.742,0.82
-0.742,0.818
-0.742,0.818
-0.743,0.816
-0.744,0.816
-0.744,0.816
-0.746,0.815
-0.747,0.814
-0.747,0.815
-0.747,0.814
-0.747,0.813
-0.747,0.813
-0.76,0.812
-0.767,0.812
-0.777,0.811
-0.787,0.811
-0.791,0.809
-0.819,0.81
-0.82,0.805
-0.818,0.804
-0.813,0.803
-0.81,0.803
-0.807,0.803
-0.807,0.803
-0.807,0.803
-0.807,0.801
-0.806,0.801
-0.805,0.801
-0.805,0.801
-0.805,0.801
-0.804,0.801
-0.804,0.801
-0.804,0.801
-0.804,0.801
-0.804,0.801
-0.804,0.801
-0.804,0.801
-0.804,0.801
-0.804,0.802
-0.804,0.802
-0.804,0.801
-0.804,0.801
-0.804,0.801
-0.804,0.801
-0.804,0.801
-0.804,0.801
-0.804,0.801
-0.804,0.801
-0.804,0.801
-0.797,0.801
-0.735,0.801
-0.725,0.801
-0.722,0.801
-0.722,0.801
-0.725,0.801
-0.731,0.801
-0.739,0.8
-0.744,0.793
-0.744,0.787
-0.744,0.78
-0.744,0.778
-0.744,0.775
-0.745,0.774
-0.756,0.779
-0.763,0.781
-0.765,0.781
-0.767,0.78
-0.766,0.771
-0.765,0.757
-0.765,0.725
-0.765,0.688
-0.765,0.656
-0.765,0.646
-0.765,0.635
-0.766,0.63
-0.766,0.618
-0.767,0.614
-0.767,0.614
-0.768,0.614
-0.769,0.612
-0.769,0.608
-0.772,0.61
-0.773,0.61
-0.773,0.61
-0.773,0.611
-0.774,0.61
-0.773,0.608
-0.773,0.604
-0.773,0.601
-0.773,0.602
-0.773,0.599
-0.773,0.597
-0.774,0.589
-0.775,0.592
-0.774,0.594
-0.773,0.589
-0.773,0.578
-0.772,0.569
-0.772,0.571
-0.772,0.569
-0.772,0.571
-0.772,0.578
-0.771,0.58
-0.771,0.585
-0.77,0.588
-0.769,0.588
-0.767,0.588
-0.763,0.586
-0.757,0.584
-0.754,0.58
-0.754,0.576
-0.739,0.553
-0.705,0.543
-0.656,0.495
-0.551,0.469
-0.492,0.405
-0.42,0.396
-0.419,0.366
-0.42,0.358
-0.421,0.358
-0.421,0.354
-0.423,0.362
-0.424,0.36
-0.428,0.34
-0.428,0.333
-0.431,0.329
-0.44,0.315
-0.512,0.317
-0.528,0.327
-0.532,0.342
-0.532,0.43
-0.527,0.582
-0.526,0.618
-0.525,0.625
-0.527,0.627
-0.528,0.625
-0.531,0.623
-0.535,0.614
-0.534,0.602
-0.534,0.602
-0.536,0.585
-0.549,0.564
-0.552,0.558
-0.584,0.491
-0.626,0.495
-0.627,0.492
-0.625,0.482
-0.624,0.474
-0.621,0.473
-0.616,0.473
-0.616,0.471
-0.617,0.461
-0.617,0.456
-0.617,0.43
-0.617,0.413
-0.617,0.386
-0.617,0.381
-0.617,0.379
-0.617,0.381
-0.617,0.38
-0.617,0.366
-0.617,0.362
-0.617,0.354
-0.618,0.339
-0.617,0.34
-0.616,0.324
-0.615,0.296
-0.615,0.293
-0.615,0.295
-0.615,0.296
-0.615,0.297
-0.616,0.297
-0.616,0.298
-0.616,0.301
-0.616,0.3
-0.615,0.3
-0.615,0.296
-0.615,0.288
-0.615,0.275
-0.615,0.259
-0.616,0.244
-0.615,0.231
-0.615,0.234
-0.615,0.236
-0.614,0.237
-0.614,0.237
-0.613,0.235
-0.613,0.235
-0.613,0.235
-0.613,0.239
-0.613,0.242
-0.613,0.243
-0.614,0.244
-0.614,0.248
-0.614,0.255
-0.614,0.263
-0.614,0.365
-0.615,0.423
-0.615,0.493
-0.617,0.539
-0.62,0.589
-0.625,0.593
-0.642,0.594
-0.661,0.603
-0.695,0.609
-0.716,0.614
-0.716,0.615
-0.711,0.615
-0.704,0.613
-0.704,0.607
-0.704,0.605
-0.704,0.605
-0.692,0.603
-0.67,0.601
-0.636,0.599
-0.605,0.591
-0.587,0.587
-0.588,0.586
-0.589,0.586
-0.593,0.586
-0.598,0.562
-0.606,0.555
-0.607,0.555
-0.607,0.563
-0.608,0.572
-0.607,0.573
-0.608,0.576
-0.607,0.587
-0.637,0.616
-0.666,0.661
-0.668,0.683
-0.666,0.685
-0.664,0.725
-0.654,0.762
-0.654,0.798
-0.654,0.802
-0.653,0.814
-0.653,0.82
-0.649,0.825
-0.624,0.825
-0.617,0.825
-0.606,0.825
-0.593,0.822
-0.587,0.815
-0.587,0.813
-0.587,0.811
-0.588,0.807
-0.59,0.802
-0.594,0.802
-0.595,0.802
-0.595,0.802
-0.594,0.801
-0.589,0.795
-0.589,0.787
-0.588,0.777
-0.589,0.764
-0.589,0.752
-0.591,0.74
-0.591,0.728
-0.59,0.724
-0.592,0.706
-0.598,0.702
-0.606,0.687
-0.687,0.686
-0.751,0.692
-0.772,0.704
-0.859,0.72
-0.859,0.748
-0.861,0.835
-0.866,0.877
-0.865,0.946
-0.866,0.994
-0.867,1.0
-0.872,1.0
-0.889,1.0
-0.936,1.0
-0.987,1.0
-1.0,0.989
-1.0,0.965
-1.0,0.948
-1.0,0.886
-0.968,0.818
-0.887,0.777
-0.73,0.678
-0.713,0.61
-0.711,0.503
-0.711,0.48
-0.712,0.405
-0.713,0.287
-0.715,0.221
-0.715,0.223
-0.715,0.224
-0.715,0.224
-0.715,0.225
-0.715,0.234
-0.714,0.244
-0.711,0.353
-0.71,0.366
-0.711,0.379
-0.714,0.417
-0.714,0.434
-0.714,0.433
-0.713,0.435
-0.716,0.488
-0.719,0.55
-0.732,0.582
-0.751,0.589
-0.751,0.606
-0.751,0.616
-0.751,0.617
-0.75,0.618
-0.75,0.618
-0.749,0.62
-0.748,0.621
-0.748,0.621
-0.748,0.619
-0.742,0.619
-0.742,0.619
-0.742,0.619
-0.742,0.619
-0.742,0.619
-0.735,0.619
-0.733,0.618
-0.734,0.619
-0.734,0.619
-0.73,0.619
-0.72,0.619
-0.705,0.621
-0.693,0.624
-0.688,0.621
-0.69,0.622
-0.692,0.621
-0.691,0.621
-0.689,0.62
-0.689,0.621
-0.691,0.62
-0.692,0.619
-0.692,0.62
-0.692,0.621
-0.693,0.62
-0.694,0.62
-0.695,0.625
-0.695,0.625
-0.695,0.625
-0.696,0.636
-0.696,0.649
-0.696,0.65
-0.696,0.653
-0.697,0.652
-0.696,0.651
-0.697,0.651
-0.696,0.649
-0.696,0.648
-0.695,0.648
-0.696,0.647
-0.697,0.644
-0.697,0.643
-0.697,0.642
-0.697,0.641
-0.697,0.641
-0.697,0.641
-0.697,0.64
-0.697,0.641
-0.697,0.642
-0.698,0.641
-0.698,0.64
-0.698,0.641
-0.698,0.64
-0.698,0.64
-0.698,0.638
-0.698,0.633
-0.698,0.625
-0.7,0.623
-0.707,0.625
-0.714,0.622
-0.715,0.596
-0.726,0.544
-0.733,0.526
-0.736,0.503
-0.738,0.45
-0.742,0.382
-0.745,0.371
-0.746,0.372
-0.762,0.378
-0.778,0.392
-0.781,0.392
-0.807,0.392
-0.828,0.393
-0.834,0.43
-0.833,0.476
-0.83,0.536
-0.829,0.545
-0.828,0.554
-0.829,0.564
-0.83,0.571
-0.83,0.619
-0.83,0.638
-0.83,0.643
-0.825,0.637
-0.815,0.634
-0.815,0.633
-0.761,0.627
-0.738,0.622
-0.733,0.616
-0.717,0.616
-0.717,0.616
-0.716,0.595
-0.713,0.565
-0.701,0.552
-0.692,0.514
-0.688,0.47
-0.679,0.439
-0.677,0.411
-0.678,0.402
-0.679,0.393
-0.678,0.384
-0.677,0.382
-0.676,0.385
-0.663,0.389
-0.624,0.403
-0.553,0.405
-0.496,0.442
-0.489,0.467
-0.489,0.472
-0.49,0.478
-0.506,0.479
-0.549,0.482
-0.589,0.482
-0.59,0.482
-0.59,0.483
-0.589,0.483
-0.586,0.482
-0.585,0.481
-0.586,0.482
-0.586,0.481
-0.587,0.482
-0.587,0.49
-0.589,0.529
-0.599,0.607
-0.605,0.646
-0.61,0.67
-0.626,0.681
-0.632,0.685
-0.636,0.684
-0.636,0.683
-0.63,0.682
-0.618,0.673
-0.617,0.664
-0.539,0.664
-0.488,0.631
-0.438,0.616
-0.419,0.597
-0.394,0.542
-0.318,0.522
-0.193,0.44
-0.151,0.406
-0.151,0.405
-0.153,0.389
-0.154,0.39
-0.155,0.375
-0.155,0.362
-0.156,0.363
-0.155,0.366
-0.157,0.378
-0.16,0.38
-0.16,0.38
-0.16,0.38
-0.16,0.38
-0.16,0.372
-0.162,0.363
-0.177,0.354
-0.195,0.342
-0.268,0.31
-0.323,0.301
-0.346,0.31
-0.383,0.312
-0.391,0.316
-0.396,0.323
-0.396,0.334
-0.394,0.335
-0.391,0.336
-0.389,0.336
-0.389,0.345
-0.388,0.346
-0.386,0.345
-0.381,0.345
-0.379,0.345
-0.377,0.345
-0.372,0.308
-0.372,0.283
-0.353,0.267
-0.336,0.265
-0.333,0.267
-0.321,0.265
-0.321,0.264
-0.321,0.269
-0.322,0.27
-0.323,0.27
-0.326,0.27
-0.326,0.274
-0.327,0.273
-0.332,0.274
-0.334,0.283
-0.334,0.293
-0.336,0.296
-0.337,0.315
-0.341,0.335
-0.342,0.343
-0.342,0.342
-0.342,0.343
-0.348,0.343
-0.394,0.343
-0.396,0.343
-0.396,0.343
-0.403,0.342
-0.403,0.342
-0.413,0.34
-0.419,0.34
-0.446,0.338
-0.499,0.338
-0.518,0.339
-0.519,0.342
-0.518,0.36
-0.52,0.423
-0.52,0.531
-0.522,0.564
-0.547,0.596
-0.561,0.681
-0.565,0.722
-0.57,0.726
-0.579,0.725
-0.583,0.724
-0.584,0.719
-0.581,0.71
-0.57,0.707
-0.563,0.706
-0.521,0.646
-0.471,0.607
-0.46,0.55
-0.458,0.535
-0.455,0.517
-0.452,0.456
-0.449,0.405
-0.448,0.404
-0.45,0.388
-0.448,0.37
-0.448,0.34
-0.447,0.339
-0.447,0.34
-0.448,0.327
-0.448,0.321
-0.448,0.325
-0.447,0.325
-0.447,0.327
-0.445,0.333
-0.437,0.346
-0.428,0.362
-0.383,0.394
-0.385,0.402
-0.387,0.404
-0.395,0.404
-0.411,0.405
-0.476,0.404
-0.618,0.404
-0.66,0.405
-0.667,0.405
-0.683,0.405
-0.697,0.405
-0.701,0.405
-0.707,0.405
-0.707,0.406
-0.708,0.406
-0.708,0.406
-0.709,0.405
-0.708,0.407
-0.71,0.412
-0.71,0.413
-0.709,0.413
-0.71,0.415
-0.71,0.418
-0.708,0.416
-0.701,0.417
-0.692,0.416
-0.604,0.416
-0.586,0.417
-0.585,0.43
-0.585,0.513
-0.585,0.599
-0.585,0.616
-0.589,0.644
-0.6,0.665
-0.601,0.677
-0.601,0.74
-0.637,0.757
-0.698,0.773
-0.756,0.79
-0.94,0.796
-1.0,0.798
-1.0,0.796
-1.0,0.795
-1.0,0.794
-1.0,0.792
-1.0,0.791
-1.0,0.792
-1.0,0.794
-1.0,0.807
-1.0,0.818
-1.0,0.819
-1.0,0.82
-1.0,0.828
-1.0,0.841
-1.0,0.895
-1.0,0.905
-1.0,0.908
-1.0,0.912
-1.0,0.912
-1.0,0.912
-1.0,0.91
-1.0,0.909
-1.0,0.908
-1.0,0.905
-1.0,0.895
-1.0,0.89
-1.0,0.89
-1.0,0.89
-1.0,0.89
-1.0,0.893
-1.0,0.925
-1.0,0.928
-1.0,0.927
-1.0,0.926
-1.0,0.923
-1.0,0.92
-1.0,0.92
-1.0,0.92
-1.0,0.92
-1.0,0.921
-1.0,0.921
-1.0,0.918
-1.0,0.916
-1.0,0.914
-1.0,0.91
-1.0,0.908
-1.0,0.908
-1.0,0.907
-1.0,0.908
-1.0,0.907
-1.0,0.907
-1.0,0.907
-1.0,0.907
-1.0,0.907
-1.0,0.907
-1.0,0.904
-1.0,0.869
-1.0,0.85
-1.0,0.845
-1.0,0.852
-0.939,0.856
-0.905,0.857
-0.855,0.858
-0.854,0.848
-0.844,0.841
-0.79,0.843
-0.759,0.849
-0.654,0.862
-0.553,0.869
-0.55,0.884
-0.556,0.91
-0.575,0.909
-0.624,0.909
-0.674,0.907
-0.681,0.904
-0.689,0.897
-0.692,0.888
-0.693,0.888
-0.698,0.887
-0.706,0.887
-0.748,0.887
-0.852,0.887
-0.919,0.887
-0.955,0.887
-0.961,0.942
-1.0,1.0
-1.0,1.0
-1.0,1.0
-1.0,1.0
-1.0,1.0
-1.0,1.0
-1.0,1.0
-1.0,1.0
-1.0,1.0
-1.0,1.0
-1.0,1.0
-1.0,1.0
-1.0,1.0
-1.0,1.0
-1.0,1.0
-1.0,1.0
-1.0,1.0
-1.0,1.0
-1.0,1.0
-1.0,1.0
-1.0,1.0
-1.0,1.0
-1.0,1.0
-1.0,1.0
-1.0,1.0
-1.0,1.0
-1.0,1.0
-1.0,1.0
-1.0,1.0
-1.0,1.0
-1.0,1.0
-1.0,1.0
-1.0,1.0
-1.0,1.0
-1.0,1.0
-1.0,1.0
-1.0,1.0
-1.0,1.0
-1.0,1.0
-1.0,1.0
-1.0,1.0
-1.0,1.0
-1.0,1.0
-1.0,1.0
-1.0,1.0
-1.0,1.0
-1.0,0.958
-1.0,0.925
-1.0,0.917
-1.0,0.889
-1.0,0.885
-1.0,0.872
-1.0,0.854
-0.971,0.83
-0.93,0.813
-0.919,0.805
-0.909,0.778
-0.895,0.753
-0.85,0.745
-0.799,0.726
-0.762,0.722
-0.761,0.709
-0.753,0.652
-0.747,0.642
-0.748,0.647
-0.75,0.646
-0.75,0.653
-0.751,0.658
-0.752,0.659
-0.751,0.661
-0.751,0.659
-0.751,0.656
-0.753,0.641
-0.754,0.622
-0.754,0.626
-0.754,0.631
-0.754,0.644
-0.753,0.654
-0.748,0.683
-0.746,0.741
-0.741,0.761
-0.704,0.756
-0.698,0.744
-0.687,0.722
-0.682,0.698
-0.678,0.619
-0.679,0.597
-0.679,0.586
-0.673,0.591
-0.674,0.594
-0.676,0.595
-0.677,0.595
-0.677,0.596
-0.678,0.596
-0.679,0.588
-0.679,0.577
-0.679,0.571
-0.674,0.566
-0.657,0.545
-0.655,0.524
-0.658,0.51
-0.658,0.516
-0.658,0.516
-0.658,0.517
-0.658,0.518
-0.658,0.518
-0.658,0.519
-0.658,0.523
-0.658,0.525
-0.66,0.526
-0.66,0.526
-0.66,0.525
-0.66,0.522
-0.66,0.513
-0.66,0.498
-0.658,0.497
-0.66,0.49
-0.661,0.482
-0.662,0.479
-0.662,0.488
-0.661,0.488
-0.661,0.489
-0.661,0.486
-0.661,0.486
-0.661,0.488
-0.664,0.49
-0.665,0.486
-0.667,0.48
-0.674,0.482
-0.685,0.47
-0.686,0.473
-0.686,0.475
-0.687,0.465
-0.687,0.459
-0.694,0.462
-0.718,0.467
-0.723,0.476
-0.729,0.479
-0.731,0.477
-0.73,0.482
-0.732,0.486
-0.733,0.484
-0.733,0.486
-0.735,0.497
-0.735,0.501
-0.737,0.501
-0.738,0.501
-0.739,0.501
-0.745,0.502
-0.744,0.503
-0.744,0.502
-0.744,0.503
-0.743,0.503
-0.742,0.501
-0.742,0.503
-0.742,0.503
-0.742,0.502
-0.742,0.504
-0.742,0.494
-0.742,0.481
-0.742,0.477
-0.742,0.442
-0.742,0.452
-0.742,0.462
-0.743,0.477
-0.743,0.484
-0.744,0.496
-0.744,0.534
-0.745,0.608
-0.745,0.629
-0.745,0.653
-0.745,0.706
-0.746,0.809
-0.757,0.872
-0.775,0.893
-0.822,0.89
-0.822,0.878
-0.822,0.877
-0.818,0.858
-0.811,0.779
-0.8,0.723
-0.762,0.653
-0.714,0.603
-0.679,0.548
-0.679,0.532
-0.627,0.524
-0.621,0.522
-0.62,0.512
-0.621,0.518
-0.623,0.528
-0.628,0.533
-0.634,0.537
-0.64,0.542
-0.643,0.543
-0.646,0.544
-0.653,0.544
-0.658,0.544
-0.661,0.544
-0.661,0.544
-0.661,0.553
-0.661,0.557
-0.661,0.563
-0.661,0.571
-0.661,0.571
-0.661,0.571
-0.661,0.571
-0.661,0.572
-0.661,0.572
-0.661,0.572
-0.66,0.572
-0.66,0.572
-0.657,0.572
-0.653,0.572
-0.652,0.572
-0.652,0.572
-0.652,0.572
-0.652,0.572
-0.652,0.572
-0.651,0.572
-0.652,0.573
-0.652,0.573
-0.652,0.575
-0.652,0.578
-0.652,0.593
-0.651,0.636
-0.652,0.657
-0.652,0.678
-0.652,0.68
-0.652,0.685
-0.654,0.687
-0.664,0.687
-0.667,0.687
-0.67,0.687
-0.671,0.692
-0.671,0.696
-0.673,0.697
-0.675,0.698
-0.673,0.699
-0.67,0.698
-0.666,0.696
-0.658,0.695
-0.658,0.694
-0.658,0.694
-0.658,0.691
-0.658,0.69
-0.658,0.691
-0.657,0.689
-0.657,0.689
-0.658,0.689
-0.658,0.689
-0.658,0.688
-0.658,0.687
-0.657,0.683
-0.658,0.682
-0.657,0.676
-0.657,0.676
-0.657,0.676
-0.657,0.676
-0.658,0.676
-0.657,0.676
-0.657,0.676
-0.657,0.675
-0.657,0.676
-0.657,0.676
-0.657,0.676
-0.657,0.676
-0.657,0.676
-0.658,0.676
-0.658,0.676
-0.657,0.676
-0.657,0.676
-0.657,0.676
-0.657,0.676
-0.658,0.676
-0.657,0.676
-0.658,0.665
-0.658,0.613
-0.657,0.61
-0.657,0.617
-0.657,0.617
-0.657,0.62
-0.658,0.621
-0.657,0.621
-0.657,0.621
-0.658,0.615
-0.657,0.599
-0.657,0.582
-0.657,0.52
-0.657,0.492
-0.657,0.501
-0.657,0.505
-0.657,0.516
-0.658,0.521
-0.657,0.529
-0.657,0.53
-0.657,0.531
-0.657,0.531
-0.657,0.53
-0.657,0.521
-0.657,0.514
-0.657,0.511
-0.657,0.516
-0.657,0.52
-0.658,0.526
-0.658,0.528
-0.657,0.531
-0.657,0.531
-0.657,0.532
-0.657,0.533
-0.657,0.533
-0.657,0.534
-0.657,0.534
-0.657,0.538
-0.657,0.537
-0.657,0.538
-0.657,0.538
-0.657,0.538
-0.657,0.538
-0.657,0.54
-0.657,0.539
-0.657,0.539
-0.657,0.539
-0.657,0.539
-0.656,0.538
-0.655,0.538
-0.654,0.539
-0.653,0.539
-0.651,0.539
-0.647,0.539
-0.645,0.548
-0.639,0.56
-0.636,0.559
-0.633,0.557
-0.632,0.554
-0.63,0.554
-0.619,0.554
-0.614,0.552
-0.598,0.552
-0.571,0.552
-0.557,0.551
-0.53,0.551
-0.521,0.55
-0.521,0.549
-0.52,0.549
-0.521,0.548
-0.521,0.546
-0.521,0.544
-0.522,0.544
-0.523,0.544
-0.523,0.542
-0.523,0.542
-0.522,0.543
-0.522,0.542
-0.522,0.543
-0.522,0.543
-0.522,0.542
-0.522,0.542
-0.522,0.542
-0.523,0.543
-0.523,0.543
-0.524,0.543
-0.523,0.543
-0.523,0.543
-0.523,0.543
-0.524,0.543
-0.523,0.552
-0.523,0.647
-0.523,0.688
-0.523,0.801
-0.523,0.822
-0.523,0.825
-0.522,0.826
-0.52,0.827
-0.52,0.826
-0.519,0.827
-0.519,0.828
-0.519,0.864
-0.518,0.891
-0.517,0.903
-0.515,0.903
-0.509,0.901
-0.509,0.895
-0.512,0.889
-0.511,0.886
-0.509,0.886
-0.509,0.885
-0.509,0.884
-0.509,0.885
-0.507,0.884
-0.507,0.884
-0.508,0.884
-0.509,0.884
-0.509,0.879
-0.509,0.872
-0.51,0.872
-0.513,0.87
-0.515,0.867
-0.516,0.843
-0.519,0.813
-0.519,0.815
-0.521,0.802
-0.522,0.802
-0.53,0.798
-0.53,0.788
-0.531,0.786
-0.536,0.783
-0.54,0.775
-0.548,0.772
-0.549,0.762
-0.549,0.753
-0.549,0.755
-0.55,0.754
-0.55,0.751
-0.55,0.71
-0.55,0.702
-0.55,0.684
-0.551,0.677
-0.552,0.636
-0.553,0.631
-0.564,0.622
-0.569,0.629
-0.575,0.642
-0.576,0.644
-0.58,0.648
-0.579,0.648
-0.58,0.65
-0.583,0.651
-0.588,0.651
-0.589,0.651
-0.594,0.652
-0.597,0.653
-0.602,0.652
-0.602,0.652
-0.602,0.651
-0.602,0.651
-0.603,0.651
-0.602,0.651
-0.603,0.651
-0.604,0.651
-0.602,0.652
-0.603,0.651
-0.602,0.651
-0.601,0.65
-0.601,0.649
-0.602,0.649
-0.602,0.649
-0.603,0.648
-0.61,0.644
-0.612,0.644
-0.617,0.648
-0.642,0.65
-0.649,0.656
-0.651,0.657
-0.648,0.686
-0.639,0.707
-0.637,0.71
-0.637,0.71
-0.637,0.709
-0.637,0.708
-0.636,0.706
-0.636,0.706
-0.636,0.703
-0.636,0.696
-0.636,0.695
-0.636,0.694
-0.635,0.695
-0.632,0.695
-0.627,0.694
-0.617,0.695
-0.612,0.695
-0.606,0.695
-0.603,0.694
-0.597,0.695
-0.591,0.695
-0.584,0.694
-0.583,0.694
-0.583,0.694
-0.583,0.695
-0.584,0.694
-0.584,0.691
-0.586,0.691
-0.587,0.692
-0.588,0.693
-0.588,0.694
-0.59,0.694
-0.59,0.694
-0.591,0.719
-0.591,0.764
-0.59,0.764
-0.59,0.763
-0.59,0.761
-0.59,0.761
-0.59,0.76
-0.59,0.76
-0.59,0.759
-0.59,0.757
-0.59,0.756
-0.591,0.755
-0.59,0.753
-0.59,0.75
-0.591,0.747
-0.591,0.747
-0.59,0.747
-0.59,0.747
-0.59,0.747
-0.59,0.747
-0.591,0.747
-0.591,0.747
-0.591,0.747
-0.591,0.747
-0.591,0.748
-0.592,0.747
-0.592,0.759
-0.591,0.768
-0.591,0.77
-0.591,0.769
-0.592,0.771
-0.591,0.771
-0.591,0.772
-0.591,0.77
-0.592,0.769
-0.592,0.768
-0.593,0.767
-0.594,0.766
-0.594,0.766
-0.594,0.766
-0.595,0.766
-0.595,0.765
-0.596,0.764
-0.597,0.764
-0.597,0.763
-0.598,0.761
-0.598,0.76
-0.598,0.758
-0.598,0.753
-0.598,0.749
-0.598,0.751
-0.598,0.75
-0.599,0.751
-0.599,0.75
-0.599,0.75
-0.599,0.751
-0.6,0.751
-0.6,0.751
-0.599,0.751
-0.601,0.751
-0.601,0.751
-0.601,0.751
-0.601,0.751
-0.6,0.751
-0.601,0.751
-0.6,0.751
-0.601,0.751
-0.601,0.751
-0.601,0.75
-0.601,0.751
-0.601,0.75
-0.601,0.751
-0.601,0.751
-0.601,0.751
-0.601,0.751
-0.601,0.751
-0.602,0.751
-0.602,0.75
-0.602,0.751
-0.602,0.75
-0.602,0.751
-0.602,0.751
-0.602,0.751
-0.602,0.754
-0.602,0.754
-0.602,0.755
-0.603,0.755
-0.603,0.755
-0.604,0.755
-0.603,0.757
-0.604,0.762
-0.604,0.764
-0.604,0.768
-0.604,0.77
-0.604,0.78
-0.605,0.784
-0.605,0.783
-0.605,0.785
-0.605,0.786
-0.605,0.785
-0.605,0.785
-0.605,0.785
-0.605,0.784
-0.605,0.783
-0.605,0.783
-0.605,0.783
-0.605,0.783
-0.605,0.783
-0.605,0.782
-0.605,0.784
-0.605,0.782
-0.605,0.781
-0.605,0.781
-0.605,0.781
-0.605,0.782
-0.605,0.785
-0.605,0.788
-0.605,0.845
-0.646,0.896
-0.693,0.985
-0.694,0.993
-0.693,0.995
-0.694,1.0
-0.697,1.0
-0.714,1.0
-0.719,1.0
-0.719,1.0
-0.717,1.0
-0.708,1.0
-0.707,1.0
-0.707,1.0
-0.713,1.0
-0.752,0.982
-0.867,0.953
-0.887,0.948
-0.888,0.944
-0.884,0.904
-0.884,0.888
-0.884,0.875
-0.883,0.86
-0.881,0.805
-0.877,0.803
-0.875,0.79
-0.875,0.755
-0.875,0.752
-0.872,0.73
-0.843,0.723
-0.815,0.721
-0.806,0.726
-0.802,0.719
-0.801,0.717
-0.803,0.708
-0.804,0.698
-0.81,0.687
-0.815,0.645
-0.815,0.627
-0.815,0.639
-0.815,0.622
-0.815,0.618
-0.814,0.616
-0.813,0.623
-0.813,0.623
-0.814,0.629
-0.814,0.631
-0.813,0.638
-0.814,0.64
-0.813,0.641
-0.813,0.642
-0.813,0.641
-0.813,0.638
-0.813,0.633
-0.813,0.629
-0.813,0.619
-0.813,0.599
-0.813,0.585
-0.813,0.58
-0.813,0.575
-0.813,0.572
-0.813,0.574
-0.813,0.582
-0.812,0.584
-0.806,0.601
-0.803,0.61
-0.781,0.623
-0.753,0.659
-0.747,0.664
-0.731,0.665
-0.73,0.665
-0.73,0.659
-0.731,0.652
-0.732,0.652
-0.734,0.652
-0.734,0.625
-0.735,0.604
-0.736,0.599
-0.738,0.599
-0.74,0.588
-0.741,0.574
-0.741,0.569
-0.741,0.571
-0.738,0.552
-0.731,0.524
-0.703,0.512
-0.682,0.514
-0.683,0.508
-0.684,0.503
-0.688,0.484
-0.69,0.484
-0.694,0.473
-0.695,0.461
-0.696,0.434
-0.696,0.424
-0.696,0.42
-0.696,0.423
-0.696,0.425
-0.697,0.426
-0.697,0.425
-0.698,0.426
-0.698,0.424
-0.698,0.424
-0.698,0.414
-0.697,0.403
-0.696,0.396
-0.692,0.39
-0.688,0.376
-0.688,0.379
-0.691,0.376
-0.693,0.372
-0.695,0.37
-0.696,0.366
-0.696,0.367
-0.695,0.368
-0.695,0.369
-0.695,0.368
-0.695,0.368
-0.694,0.368
-0.692,0.368
-0.688,0.365
-0.669,0.357
-0.667,0.35
-0.665,0.352
-0.662,0.348
-0.661,0.339
-0.663,0.343
-0.663,0.345
-0.664,0.345
-0.661,0.347
-0.657,0.349
-0.653,0.362
-0.651,0.375
-0.648,0.376
-0.647,0.404
-0.649,0.416
-0.648,0.415
-0.648,0.414
-0.639,0.411
-0.626,0.407
-0.608,0.403
-0.593,0.403
-0.592,0.403
-0.593,0.403
-0.593,0.394
-0.598,0.384
-0.599,0.355
-0.6,0.345
-0.601,0.349
-0.601,0.351
-0.603,0.353
-0.605,0.354
-0.606,0.355
-0.606,0.355
-0.606,0.345
-0.607,0.345
-0.607,0.34
-0.608,0.328
-0.608,0.332
-0.608,0.329
-0.608,0.33
-0.606,0.326
-0.605,0.33
-0.604,0.33
-0.602,0.332
-0.602,0.33
-0.602,0.33
-0.604,0.331
-0.604,0.336
-0.604,0.336
-0.605,0.339
-0.605,0.34
-0.605,0.34
-0.605,0.34
-0.605,0.341
-0.606,0.341
-0.606,0.34
-0.606,0.342
-0.606,0.341
-0.605,0.337
-0.605,0.336
-0.605,0.334
-0.604,0.334
-0.604,0.328
-0.604,0.317
-0.605,0.319
-0.604,0.314
-0.605,0.31
-0.605,0.315
-0.604,0.316
-0.604,0.32
-0.604,0.323
-0.601,0.323
-0.6,0.323
-0.599,0.325
-0.6,0.322
-0.601,0.319
-0.601,0.318
-0.601,0.319
-0.6,0.317
-0.598,0.317
-0.58,0.318
-0.58,0.308
-0.577,0.304
-0.576,0.31
-0.577,0.314
-0.576,0.339
-0.576,0.362
-0.576,0.362
-0.577,0.39
-0.577,0.392
-0.577,0.391
-0.577,0.391
-0.577,0.388
-0.578,0.385
-0.578,0.382
-0.579,0.381
-0.579,0.38
-0.579,0.38
-0.58,0.38
-0.58,0.33
-0.58,0.333
-0.58,0.336
-0.58,0.335
-0.58,0.338
-0.58,0.342
-0.58,0.346
-0.579,0.357
-0.578,0.358
-0.577,0.359
-0.577,0.378
-0.577,0.387
-0.577,0.387
-0.577,0.387
-0.577,0.39
-0.576,0.427
-0.568,0.457
-0.568,0.526
-0.552,0.603
-0.548,0.607
-0.546,0.608
-0.542,0.608
-0.541,0.608
-0.545,0.608
-0.548,0.609
-0.565,0.611
-0.584,0.61
-0.614,0.611
-0.663,0.61
-0.699,0.608
-0.72,0.608
-0.719,0.606
-0.716,0.606
-0.71,0.606
-0.708,0.604
-0.708,0.604
-0.708,0.605
-0.671,0.608
-0.655,0.611
-0.571,0.624
-0.56,0.708
-0.558,0.768
-0.564,0.779
-0.576,0.794
-0.593,0.822
-0.659,0.826
-0.705,0.825
-0.722,0.824
-0.728,0.82
-0.734,0.816
-0.735,0.816
-0.736,0.817
-0.738,0.817
-0.739,0.818
-0.743,0.818
-0.742,0.813
-0.742,0.807
-0.741,0.807
-0.739,0.805
-0.738,0.805
-0.736,0.805
-0.735,0.805
-0.735,0.806
-0.736,0.773
-0.736,0.764
-0.736,0.766
-0.735,0.741
-0.732,0.721
-0.73,0.713
-0.729,0.711
-0.729,0.713
-0.729,0.716
-0.729,0.719
-0.729,0.72
-0.729,0.715
-0.728,0.714
-0.728,0.716
-0.72,0.715
-0.71,0.716
-0.704,0.717
-0.687,0.715
-0.658,0.715
-0.644,0.716
-0.632,0.717
-0.63,0.718
-0.63,0.717
-0.63,0.717
-0.63,0.717
-0.626,0.717
-0.626,0.717
-0.627,0.717
-0.627,0.717
-0.629,0.717
-0.63,0.717
-0.631,0.717
-0.631,0.717
-0.631,0.718
-0.631,0.718
-0.632,0.717
-0.632,0.717
-0.633,0.718
-0.633,0.717
-0.633,0.715
-0.633,0.704
-0.633,0.696
-0.632,0.699
-0.631,0.687
-0.63,0.662
-0.63,0.649
-0.63,0.651
-0.631,0.658
-0.632,0.659
-0.632,0.657
-0.633,0.651
-0.632,0.653
-0.633,0.654
-0.633,0.649
-0.633,0.656
-0.632,0.65
-0.633,0.658
-0.633,0.661
-0.634,0.668
-0.634,0.673
-0.634,0.682
-0.635,0.689
-0.634,0.688
-0.635,0.689
-0.634,0.689
-0.634,0.689
-0.635,0.69
-0.635,0.69
-0.635,0.69
-0.635,0.689
-0.635,0.689
-0.635,0.69
-0.635,0.69
-0.634,0.69
-0.635,0.69
-0.634,0.691
-0.634,0.689
-0.635,0.689
-0.635,0.688
-0.635,0.688
-0.635,0.688
-0.635,0.687
-0.635,0.687
-0.635,0.687
-0.635,0.686
-0.635,0.686
-0.635,0.687
-0.632,0.687
-0.632,0.687
-0.632,0.689
-0.631,0.689
-0.63,0.691
-0.628,0.691
-0.612,0.691
-0.606,0.691
-0.6,0.691
-0.602,0.697
-0.604,0.704
-0.61,0.706
-0.615,0.706
-0.621,0.706
-0.627,0.708
-0.649,0.707
-0.659,0.707
-0.679,0.707
-0.702,0.706
-0.711,0.707
-0.717,0.706
-0.723,0.705
-0.734,0.704
-0.736,0.704
-0.736,0.704
-0.735,0.704
-0.735,0.704
-0.733,0.703
-0.731,0.702
-0.73,0.703
-0.729,0.702
-0.728,0.702
-0.728,0.698
-0.728,0.697
-0.724,0.696
-0.723,0.696
-0.708,0.696
-0.688,0.696
-0.677,0.696
-0.677,0.696
-0.67,0.696
-0.667,0.696
-0.643,0.696
-0.59,0.696
-0.589,0.697
-0.592,0.697
-0.594,0.697
-0.597,0.696
-0.606,0.696
-0.608,0.696
-0.608,0.697
-0.608,0.696
-0.608,0.696
-0.608,0.697
-0.608,0.696
-0.608,0.696
-0.608,0.696
-0.608,0.696
-0.609,0.697
-0.608,0.696
-0.608,0.696
-0.608,0.697
-0.608,0.696
-0.608,0.696
-0.608,0.696
-0.608,0.697
-0.609,0.696
-0.608,0.697
-0.608,0.697
-0.608,0.696
-0.608,0.696
-0.608,0.7
-0.608,0.696
-0.618,0.696
-0.7,0.71
-0.849,0.778
-0.894,0.875
-0.913,0.879
-1.0,0.878
-1.0,0.88
-1.0,0.878
-1.0,0.871
-1.0,0.865
-1.0,0.863
-1.0,0.837
-1.0,0.818
-0.977,0.812
-0.908,0.81
-0.883,0.806
-0.835,0.792
-0.759,0.786
-0.683,0.768
-0.673,0.762
-0.674,0.754
-0.673,0.73
-0.663,0.726
-0.657,0.725
-0.642,0.721
-0.616,0.721
-0.607,0.723
-0.601,0.72
-0.602,0.721
-0.604,0.722
-0.604,0.723
-0.605,0.728
-0.604,0.732
-0.605,0.734
-0.605,0.743
-0.602,0.744
-0.603,0.753
-0.605,0.753
-0.604,0.752
-0.605,0.747
-0.607,0.739
-0.606,0.738
-0.606,0.738
-0.599,0.736
-0.573,0.735
-0.574,0.734
-0.577,0.734
-0.578,0.733
-0.578,0.73
-0.577,0.726
-0.577,0.725
-0.55,0.722
-0.539,0.678
-0.544,0.669
-0.548,0.661
-0.55,0.655
-0.552,0.636
-0.552,0.625
-0.554,0.622
-0.553,0.616
-0.555,0.625
-0.558,0.632
-0.558,0.635
-0.558,0.641
-0.558,0.641
-0.558,0.634
-0.558,0.633
-0.558,0.632
-0.558,0.631
-0.558,0.629
-0.563,0.627
-0.566,0.626
-0.567,0.625
-0.567,0.616
-0.565,0.603
-0.565,0.601
-0.564,0.614
-0.564,0.62
-0.564,0.645
-0.564,0.7
-0.564,0.797
-0.564,0.806
-0.564,0.805
-0.564,0.805
-0.564,0.805
-0.564,0.803
-0.564,0.796
-0.564,0.788
-0.564,0.788
-0.564,0.788
-0.564,0.789
-0.564,0.789
-0.564,0.789
-0.564,0.786
-0.564,0.784
-0.564,0.76
-0.563,0.732
-0.563,0.716
-0.568,0.726
-0.626,0.727
-0.653,0.731
-0.67,0.726
-0.677,0.717
-0.687,0.617
-0.692,0.591
-0.719,0.59
-0.75,0.593
-0.756,0.598
-0.76,0.599
-0.767,0.601
-0.767,0.605
-0.762,0.608
-0.759,0.611
-0.757,0.62
-0.753,0.623
-0.753,0.625
-0.753,0.625
-0.753,0.625
-0.753,0.625
-0.753,0.626
-0.753,0.626
-0.753,0.625
-0.753,0.625
-0.753,0.625
-0.753,0.635
-0.752,0.638
-0.753,0.687
-0.753,0.757
-0.753,0.771
-0.784,0.809
-0.793,0.81
-0.793,0.813
-0.793,0.813
-0.793,0.812
-0.792,0.815
-0.787,0.83
-0.78,0.828
-0.78,0.828
-0.779,0.828
-0.812,0.828
-0.829,0.828
-0.831,0.828
-0.824,0.828
-0.818,0.828
-0.756,0.828
-0.728,0.825
-0.732,0.824
-0.742,0.824
-0.742,0.823
-0.742,0.823
-0.742,0.82
-0.743,0.816
-0.682,0.808
-0.626,0.807
-0.579,0.807
-0.57,0.805
-0.57,0.803
-0.558,0.8
-0.547,0.781
-0.543,0.755
-0.541,0.757
-0.536,0.756
-0.531,0.753
-0.529,0.758
-0.528,0.758
-0.525,0.759
-0.519,0.758
-0.515,0.746
-0.517,0.736
-0.518,0.738
-0.518,0.736
-0.517,0.736
-0.516,0.739
-0.516,0.739
-0.516,0.741
-0.516,0.749
-0.516,0.751
-0.515,0.753
-0.516,0.694
-0.518,0.664
-0.53,0.599
-0.531,0.556
-0.567,0.512
-0.609,0.516
-0.621,0.515
-0.629,0.518
-0.629,0.519
-0.629,0.52
-0.63,0.527
-0.635,0.534
-0.641,0.535
-0.645,0.548
-0.648,0.614
-0.646,0.646
-0.645,0.651
-0.646,0.652
-0.646,0.653
-0.646,0.653
-0.646,0.653
-0.646,0.653
-0.646,0.652
-0.648,0.651
-0.649,0.65
-0.648,0.651
-0.648,0.649
-0.649,0.649
-0.649,0.649
-0.649,0.651
-0.649,0.653
-0.651,0.655
-0.65,0.678
-0.65,0.744
-0.651,0.749
-0.649,0.751
-0.649,0.749
-0.649,0.747
-0.649,0.746
-0.648,0.743
-0.648,0.745
-0.647,0.748
-0.645,0.751
-0.643,0.752
-0.642,0.751
-0.642,0.748
-0.642,0.747
-0.642,0.738
-0.644,0.736
-0.645,0.735
-0.645,0.735
-0.645,0.735
-0.643,0.735
-0.642,0.735
-0.642,0.736
-0.642,0.735
-0.642,0.736
-0.642,0.736
-0.643,0.736
-0.646,0.734
-0.646,0.729
-0.646,0.723
-0.661,0.709
-0.68,0.711
-0.693,0.715
-0.697,0.728
-0.723,0.732
-0.739,0.732
-0.745,0.732
-0.749,0.732
-0.778,0.734
-0.791,0.734
-0.796,0.734
-0.827,0.734
-0.867,0.8
-0.875,0.866
-0.902,0.969
-0.914,0.965
-0.918,0.954
-0.926,0.953
-0.926,0.952
-0.924,0.951
-0.923,0.878
-0.921,0.88
-0.918,0.883
-0.916,0.883
-0.914,0.883
-0.913,0.884
-0.909,0.886
-0.905,0.886
-0.904,0.885
-0.903,0.881
-0.903,0.878
-0.903,0.865
-0.903,0.867
-0.903,0.871
-0.903,0.862
-0.904,0.862
-0.904,0.859
-0.905,0.833
-0.904,0.811
-0.904,0.809
-0.903,0.794
-0.903,0.8
-0.903,0.794
-0.903,0.786
-0.903,0.78
-0.903,0.765
-0.903,0.763
-0.903,0.758
-0.903,0.748
-0.903,0.749
-0.903,0.743
-0.903,0.745
-0.903,0.74
-0.903,0.741
-0.903,0.739
-0.903,0.739
-0.903,0.74
-0.903,0.74
-0.903,0.733
-0.903,0.724
-0.903,0.71
-0.903,0.715
-0.903,0.71
-0.903,0.705
-0.892,0.698
-0.886,0.702
-0.864,0.7
-0.855,0.696
-0.841,0.691
-0.804,0.686
-0.785,0.68
-0.759,0.683
-0.754,0.688
-0.756,0.69
-0.758,0.701
-0.758,0.713
-0.759,0.715
-0.759,0.726
-0.76,0.73
-0.764,0.805
-0.778,0.822
-0.779,0.821
-0.779,0.814
-0.779,0.806
-0.785,0.803
-0.791,0.803
-0.801,0.803
-0.804,0.804
-0.804,0.803
-0.803,0.803
-0.803,0.792
-0.803,0.781
-0.803,0.774
-0.803,0.766
-0.804,0.757
-0.806,0.756
-0.807,0.752
-0.808,0.749
-0.811,0.746
-0.814,0.746
-0.815,0.74
-0.815,0.731
-0.816,0.722
-0.815,0.715
-0.815,0.711
-0.815,0.689
-0.813,0.698
-0.813,0.696
-0.813,0.694
-0.814,0.7
-0.814,0.696
-0.814,0.698
-0.812,0.699
-0.811,0.702
-0.806,0.702
-0.798,0.7
-0.798,0.701
-0.797,0.702
-0.798,0.702
-0.797,0.701
-0.798,0.698
-0.797,0.687
-0.772,0.685
-0.758,0.681
-0.755,0.68
-0.752,0.681
-0.75,0.681
-0.747,0.685
-0.738,0.679
-0.732,0.685
-0.734,0.685
-0.739,0.685
-0.745,0.682
-0.756,0.684
-0.757,0.681
-0.758,0.68
-0.759,0.678
-0.767,0.646
-0.771,0.655
-0.781,0.652
-0.785,0.646
-0.792,0.648
-0.795,0.654
-0.797,0.659
-0.798,0.661
-0.797,0.659
-0.797,0.655
-0.793,0.653
-0.793,0.633
-0.79,0.631
-0.787,0.625
-0.782,0.622
-0.781,0.614
-0.755,0.617
-0.726,0.607
-0.729,0.607
-0.734,0.61
-0.738,0.616
-0.74,0.614
-0.741,0.607
-0.741,0.591
-0.738,0.588
-0.732,0.584
-0.714,0.572
-0.708,0.558
-0.701,0.553
-0.675,0.546
-0.658,0.531
-0.597,0.529
-0.596,0.53
-0.599,0.53
-0.602,0.529
-0.608,0.534
-0.614,0.536
-0.614,0.537
-0.615,0.532
-0.616,0.529
-0.617,0.527
-0.616,0.529
-0.617,0.526
-0.617,0.526
-0.616,0.52
-0.614,0.515
-0.59,0.516
-0.549,0.52
-0.541,0.527
-0.534,0.533
-0.533,0.544
-0.534,0.548
-0.533,0.55
-0.533,0.55
-0.53,0.551
-0.531,0.55
-0.526,0.552
-0.527,0.561
-0.527,0.567
-0.53,0.572
-0.534,0.571
-0.539,0.565
-0.544,0.563
-0.545,0.562
-0.546,0.556
-0.546,0.524
-0.547,0.496
-0.546,0.473
-0.547,0.452
-0.546,0.437
-0.546,0.432
-0.547,0.43
-0.547,0.425
-0.544,0.422
-0.525,0.417
-0.519,0.388
-0.518,0.381
-0.514,0.372
-0.513,0.349
-0.512,0.353
-0.512,0.336
-0.504,0.315
-0.501,0.271
-0.491,0.283
-0.491,0.292
-0.491,0.298
-0.487,0.3
-0.482,0.317
-0.482,0.319
-0.478,0.319
-0.479,0.319
-0.483,0.321
-0.491,0.321
-0.497,0.321
-0.506,0.32
-0.514,0.321
-0.538,0.322
-0.533,0.342
-0.531,0.366
-0.525,0.379
-0.522,0.392
-0.521,0.392
-0.522,0.39
-0.521,0.388
-0.521,0.387
-0.521,0.378
-0.521,0.378
-0.521,0.377
-0.521,0.377
-0.521,0.377
-0.521,0.36
-0.521,0.35
-0.52,0.347
-0.52,0.351
-0.52,0.35
-0.519,0.349
-0.519,0.349
-0.518,0.333
-0.518,0.323
-0.516,0.325
-0.515,0.325
-0.513,0.323
-0.513,0.315
-0.512,0.317
-0.512,0.321
-0.512,0.321
-0.511,0.321
-0.512,0.327
-0.512,0.334
-0.512,0.343
-0.512,0.351
-0.512,0.353
-0.512,0.363
-0.512,0.394
-0.512,0.411
-0.512,0.413
-0.512,0.413
-0.512,0.411
-0.512,0.408
-0.512,0.407
-0.512,0.405
-0.512,0.405
-0.512,0.405
-0.512,0.405
-0.512,0.405
-0.512,0.405
-0.512,0.406
-0.512,0.406
-0.512,0.407
-0.513,0.411
-0.512,0.413
-0.512,0.416
-0.512,0.42
-0.513,0.422
-0.513,0.419
-0.512,0.421
-0.513,0.422
-0.513,0.434
-0.513,0.454
-0.512,0.481
-0.513,0.481
-0.513,0.479
-0.513,0.46
-0.512,0.457
-0.513,0.458
-0.513,0.458
-0.513,0.458
-0.513,0.458
-0.513,0.458
-0.513,0.458
-0.513,0.458
-0.513,0.458
-0.513,0.458
-0.512,0.458
-0.512,0.458
-0.513,0.457
-0.512,0.458
-0.512,0.458
-0.512,0.458
-0.512,0.458
-0.513,0.458
-0.512,0.458
-0.513,0.458
-0.512,0.458
-0.512,0.458
-0.512,0.458
-0.513,0.458
-0.513,0.451
-0.513,0.445
-0.513,0.439
-0.513,0.438
-0.513,0.439
-0.513,0.439
-0.513,0.437
-0.513,0.437
-0.512,0.435
-0.512,0.434
-0.512,0.423
-0.512,0.422
-0.512,0.425
-0.512,0.428
-0.512,0.428
-0.512,0.427
-0.512,0.428
-0.511,0.432
-0.512,0.443
-0.512,0.454
-0.513,0.524
-0.516,0.566
-0.592,0.591
-0.673,0.659
-0.795,0.748
-0.805,0.804
-0.803,0.803
-0.793,0.809
-0.781,0.808
-0.775,0.809
-0.773,0.807
-0.772,0.804
-0.767,0.796
-0.767,0.793
-0.763,0.792
-0.754,0.792
-0.709,0.791
-0.639,0.792
-0.618,0.792
-0.606,0.794
-0.605,0.796
-0.605,0.796
-0.599,0.792
-0.583,0.792
-0.54,0.768
-0.52,0.651
-0.518,0.596
-0.518,0.582
-0.521,0.58
-0.52,0.576
-0.521,0.573
-0.521,0.583
-0.521,0.604
-0.521,0.614
-0.521,0.617
-0.522,0.634
-0.522,0.636
-0.522,0.637
-0.523,0.638
-0.522,0.64
-0.523,0.632
-0.523,0.668
-0.525,0.679
-0.527,0.679
-0.528,0.678
-0.528,0.676
-0.528,0.668
-0.528,0.669
-0.528,0.668
-0.528,0.67
-0.531,0.67
-0.531,0.67
-0.532,0.67
-0.533,0.67
-0.534,0.67
-0.534,0.67
-0.534,0.67
-0.535,0.673
-0.536,0.675
-0.537,0.678
-0.537,0.681
-0.537,0.681
-0.537,0.681
-0.537,0.681
-0.536,0.678
-0.536,0.678
-0.536,0.68
-0.536,0.68
-0.536,0.677
-0.536,0.675
-0.536,0.672
-0.537,0.672
-0.537,0.672
-0.537,0.673
-0.537,0.672
-0.537,0.672
-0.537,0.672
-0.537,0.672
-0.537,0.673
-0.537,0.672
-0.537,0.673
-0.537,0.673
-0.537,0.672
-0.537,0.673
-0.537,0.672
-0.537,0.673
-0.537,0.67
-0.537,0.665
-0.538,0.666
-0.538,0.668
-0.538,0.663
-0.538,0.657
-0.538,0.657
-0.538,0.661
-0.537,0.665
-0.538,0.664
-0.538,0.665
-0.538,0.665
-0.538,0.666
-0.541,0.599
-0.562,0.565
-0.569,0.523
-0.567,0.519
-0.562,0.51
-0.552,0.465
-0.551,0.475
-0.551,0.472
-0.551,0.475
-0.531,0.481
-0.518,0.495
-0.509,0.503
-0.508,0.505
-0.509,0.507
-0.509,0.509
-0.51,0.508
-0.51,0.509
-0.509,0.444
-0.509,0.43
-0.509,0.424
-0.509,0.394
-0.509,0.367
-0.509,0.372
-0.508,0.377
-0.508,0.392
-0.508,0.396
-0.508,0.447
-0.508,0.45
-0.508,0.45
-0.508,0.448
-0.508,0.443
-0.508,0.441
-0.509,0.439
-0.508,0.433
-0.509,0.434
-0.509,0.433
-0.51,0.432
-0.51,0.422
-0.511,0.385
-0.511,0.381
-0.513,0.374
-0.515,0.375
-0.517,0.375
-0.517,0.379
-0.517,0.38
-0.517,0.381
-0.518,0.382
-0.518,0.381
-0.518,0.381
-0.518,0.382
-0.518,0.38
-0.518,0.381
-0.518,0.385
-0.518,0.389
-0.518,0.39
-0.518,0.389
-0.518,0.389
-0.518,0.396
-0.518,0.4
-0.519,0.401
-0.519,0.42
-0.519,0.452
-0.519,0.457
-0.519,0.458
-0.519,0.458
-0.519,0.459
-0.519,0.46
-0.519,0.46
-0.519,0.46
-0.519,0.457
-0.519,0.454
-0.519,0.45
-0.519,0.444
-0.519,0.443
-0.519,0.443
-0.519,0.442
-0.518,0.443
-0.518,0.443
-0.518,0.443
-0.518,0.444
-0.518,0.443
-0.518,0.442
-0.518,0.441
-0.518,0.441
-0.518,0.442
-0.518,0.441
-0.518,0.442
-0.518,0.441
-0.518,0.442
-0.518,0.441
-0.518,0.442
-0.518,0.443
-0.518,0.464
-0.519,0.479
-0.521,0.484
-0.524,0.488
-0.526,0.491
-0.527,0.49
-0.54,0.492
-0.543,0.491
-0.546,0.492
-0.546,0.492
-0.545,0.493
-0.544,0.492
-0.543,0.493
-0.542,0.494
-0.541,0.494
-0.54,0.495
-0.538,0.495
-0.536,0.495
-0.534,0.495
-0.533,0.488
-0.533,0.495
-0.533,0.495
-0.533,0.494
-0.533,0.493
-0.533,0.494
-0.533,0.494
-0.533,0.494
-0.533,0.494
-0.533,0.492
-0.533,0.492
-0.533,0.49
-0.533,0.49
-0.533,0.489
-0.533,0.489
-0.533,0.489
-0.533,0.489
-0.533,0.49
-0.533,0.494
-0.533,0.498
-0.533,0.509
-0.533,0.542
-0.533,0.635
-0.533,0.64
-0.533,0.633
-0.533,0.623
-0.533,0.621
-0.533,0.62
-0.533,0.588
-0.533,0.561
-0.533,0.534
-0.533,0.514
-0.533,0.464
-0.533,0.454
-0.533,0.454
-0.533,0.464
-0.534,0.469
-0.533,0.469
-0.533,0.469
-0.533,0.467
-0.533,0.468
-0.533,0.473
-0.533,0.477
-0.533,0.482
-0.533,0.486
-0.533,0.488
-0.533,0.501
-0.533,0.509
-0.533,0.512
-0.538,0.527
-0.533,0.529
-0.533,0.529
-0.533,0.53
-0.585,0.53
-0.597,0.531
-0.6,0.534
-0.625,0.535
-0.679,0.559
-0.684,0.58
-0.682,0.611
-0.676,0.644
-0.663,0.645
-0.604,0.643
-0.586,0.642
-0.573,0.646
-0.556,0.646
-0.527,0.645
-0.512,0.641
-0.496,0.633
-0.497,0.626
-0.497,0.61
-0.497,0.587
-0.5,0.567
-0.5,0.534
-0.501,0.482
-0.502,0.479
-0.506,0.452
-0.515,0.396
-0.516,0.387
-0.517,0.394
-0.518,0.399
-0.522,0.407
-0.551,0.435
-0.552,0.495
-0.553,0.531
-0.552,0.533
-0.55,0.535
-0.543,0.532
-0.541,0.523
-0.536,0.523
-0.536,0.522
-0.536,0.522
-0.538,0.538
-0.553,0.695
-0.726,0.828
-0.882,0.905
-0.904,0.907
-0.898,0.905
-0.886,0.903
-0.886,0.901
-0.886,0.9
-0.886,0.9
-0.886,0.899
-0.886,0.895
-0.884,0.891
-0.871,0.89
-0.862,0.816
-0.807,0.775
-0.79,0.756
-0.759,0.743
-0.731,0.706
-0.714,0.656
-0.672,0.615
-0.629,0.586
-0.623,0.582
-0.62,0.574
-0.622,0.578
-0.623,0.581
-0.624,0.584
-0.627,0.586
-0.633,0.589
-0.637,0.59
-0.639,0.59
-0.639,0.591
-0.639,0.589
-0.64,0.552
-0.636,0.544
-0.59,0.531
-0.571,0.533
-0.554,0.55
-0.538,0.551
-0.51,0.518
-0.483,0.502
-0.483,0.475
-0.487,0.46
-0.489,0.415
-0.489,0.396
-0.489,0.392
-0.489,0.39
-0.488,0.394
-0.489,0.402
-0.49,0.411
-0.49,0.415
-0.49,0.424
-0.493,0.475
-0.493,0.484
-0.493,0.49
-0.493,0.495
-0.493,0.515
-0.493,0.52
-0.494,0.519
-0.495,0.516
-0.496,0.503
-0.496,0.502
-0.497,0.501
-0.499,0.415
-0.5,0.418
-0.503,0.411
-0.506,0.4
-0.508,0.396
-0.508,0.392
-0.508,0.385
-0.508,0.358
-0.508,0.355
-0.585,0.349
-0.635,0.356
-0.669,0.376
-0.672,0.379
-0.677,0.384
-0.697,0.456
-0.716,0.511
-0.778,0.533
-0.838,0.586
-0.855,0.63
-0.857,0.701
-0.921,0.766
-0.961,0.771
-0.993,0.779
-0.998,0.793
-1.0,0.817
-1.0,0.822
-1.0,0.822
-1.0,0.822
-1.0,0.821
-1.0,0.822
-1.0,0.824
-1.0,0.862
-1.0,0.946
-1.0,0.972
-1.0,0.98
-1.0,0.98
-1.0,0.98
-1.0,0.98
-1.0,0.981
-1.0,1.0
-1.0,1.0
-1.0,1.0
-1.0,1.0
-1.0,1.0
-1.0,1.0
-1.0,1.0
-0.859,1.0
-0.831,1.0
-0.833,1.0
-0.832,1.0
-0.833,0.978
-0.83,0.868
-0.808,0.829
-0.785,0.8
-0.744,0.803
-0.696,0.805
-0.68,0.805
-0.678,0.805
-0.675,0.806
-0.674,0.807
-0.676,0.803
-0.677,0.793
-0.679,0.777
-0.68,0.74
-0.682,0.687
-0.683,0.679
-0.685,0.678
-0.686,0.681
-0.685,0.683
-0.685,0.684
-0.685,0.685
-0.685,0.687
-0.688,0.689
-0.692,0.687
-0.7,0.687
-0.701,0.666
-0.702,0.655
-0.713,0.649
-0.714,0.65
-0.714,0.655
-0.712,0.655
-0.712,0.657
-0.713,0.659
-0.712,0.657
-0.713,0.621
-0.713,0.613
-0.713,0.612
-0.713,0.615
-0.713,0.62
-0.713,0.621
-0.714,0.62
-0.716,0.621
-0.733,0.617
-0.757,0.618
-0.757,0.615
-0.757,0.615
-0.757,0.604
-0.756,0.606
-0.756,0.609
-0.756,0.613
-0.756,0.616
-0.756,0.625
-0.756,0.633
-0.756,0.636
-0.756,0.637
-0.756,0.638
-0.756,0.64
-0.756,0.644
-0.756,0.646
-0.756,0.647
-0.756,0.648
-0.756,0.648
-0.756,0.648
-0.756,0.649
-0.756,0.649
-0.756,0.649
-0.757,0.649
-0.756,0.649
-0.756,0.649
-0.757,0.649
-0.756,0.65
-0.756,0.649
-0.756,0.65
-0.756,0.663
-0.756,0.674
-0.753,0.678
-0.748,0.679
-0.745,0.68
-0.708,0.683
-0.687,0.715
-0.687,0.766
-0.685,0.768
-0.685,0.769
-0.683,0.77
-0.663,0.77
-0.631,0.775
-0.608,0.786
-0.605,0.832
-0.604,0.849
-0.604,0.89
-0.603,0.916
-0.604,0.979
-0.603,1.0
-0.608,1.0
-0.671,1.0
-0.763,1.0
-1.0,1.0
-1.0,1.0
-1.0,1.0
-1.0,1.0
-1.0,1.0
-1.0,1.0
-1.0,1.0
-1.0,1.0
-1.0,1.0
-1.0,1.0
-1.0,1.0
-1.0,1.0
-1.0,1.0
-1.0,1.0
-1.0,1.0
-1.0,1.0
-1.0,1.0
-1.0,1.0
-1.0,1.0
-1.0,1.0
-1.0,1.0
-1.0,1.0
-1.0,1.0
-1.0,1.0
-1.0,1.0
-1.0,1.0
-1.0,1.0
-1.0,1.0
-1.0,1.0
-1.0,1.0
-1.0,1.0
-1.0,1.0
-1.0,1.0
-1.0,1.0
-1.0,1.0
-1.0,1.0
-1.0,1.0
-1.0,1.0
-1.0,1.0
-1.0,1.0
-1.0,1.0
-1.0,1.0
-1.0,1.0
-1.0,1.0
-1.0,1.0
-1.0,1.0
-1.0,1.0
-1.0,1.0
-1.0,1.0
-1.0,1.0
-1.0,1.0
-1.0,1.0
-1.0,1.0
-1.0,1.0
-1.0,1.0
-1.0,1.0
-1.0,1.0
-1.0,1.0
-1.0,1.0
-1.0,1.0
-1.0,1.0
-1.0,1.0
-1.0,1.0
-1.0,1.0
-1.0,1.0
-1.0,1.0
-1.0,1.0
-1.0,1.0
-1.0,1.0
-1.0,1.0
-1.0,1.0
-1.0,1.0
-1.0,1.0
-1.0,1.0
-1.0,1.0
-1.0,1.0
-1.0,1.0
-1.0,1.0
-1.0,1.0
-1.0,1.0
-1.0,1.0
-1.0,1.0
-1.0,1.0
-1.0,1.0
-1.0,1.0
-1.0,1.0
-1.0,1.0
-1.0,1.0
-1.0,1.0
-1.0,1.0
-1.0,1.0
-1.0,0.985
-1.0,0.984
-1.0,0.985
-1.0,0.985
-1.0,0.985
-1.0,0.984
-1.0,0.969
-1.0,0.901
-1.0,0.878
-1.0,0.838
-0.995,0.845
-0.983,0.848
-0.969,0.845
-0.907,0.842
-0.842,0.842
-0.762,0.844
-0.744,0.844
-0.723,0.849
-0.716,0.853
-0.701,0.854
-0.694,0.854
-0.683,0.856
-0.685,0.856
-0.686,0.856
-0.686,0.856
-0.686,0.856
-0.688,0.855
-0.688,0.856
-0.686,0.855
-0.687,0.854
-0.685,0.854
-0.686,0.854
-0.686,0.853
-0.687,0.851
-0.686,0.845
-0.686,0.842
-0.686,0.807
-0.687,0.792
-0.687,0.775
-0.687,0.691
-0.687,0.656
-0.687,0.661
-0.688,0.666
-0.688,0.666
-0.689,0.664
-0.69,0.655
-0.691,0.613
-0.691,0.544
-0.691,0.518
-0.692,0.526
-0.692,0.479
-0.691,0.465
-0.69,0.473
-0.69,0.469
-0.688,0.456
-0.686,0.433
-0.686,0.438
-0.686,0.419
-0.686,0.416
-0.686,0.402
-0.687,0.401
-0.688,0.4
-0.688,0.398
-0.688,0.401
-0.689,0.403
-0.689,0.405
-0.688,0.405
-0.689,0.403
-0.689,0.409
-0.688,0.413
-0.688,0.412
-0.688,0.413
-0.688,0.415
-0.688,0.416
-0.687,0.418
-0.685,0.422
-0.679,0.426
-0.664,0.44
-0.661,0.446
-0.653,0.449
-0.649,0.448
-0.643,0.443
-0.637,0.441
-0.633,0.44
-0.629,0.44
-0.626,0.432
-0.626,0.416
-0.627,0.383
-0.626,0.377
-0.627,0.384
-0.627,0.384
-0.628,0.372
-0.627,0.341
-0.625,0.321
-0.625,0.303
-0.625,0.298
-0.624,0.234
-0.625,0.244
-0.624,0.252
-0.624,0.259
-0.623,0.252
-0.624,0.247
-0.624,0.251
-0.624,0.255
-0.625,0.253
-0.624,0.261
-0.624,0.268
-0.624,0.276
-0.625,0.275
-0.624,0.281
-0.625,0.282
-0.625,0.281
-0.626,0.283
-0.625,0.287
-0.624,0.291
-0.609,0.372
-0.596,0.503
-0.552,0.583
-0.494,0.762
-0.459,0.807
-0.472,0.801
-0.525,0.798
-0.598,0.798
-0.648,0.795
-0.655,0.796
-0.66,0.794
-0.675,0.794
-0.706,0.794
-0.72,0.792
-0.735,0.79
-0.743,0.791
-0.75,0.791
-0.759,0.792
-0.76,0.79
-0.762,0.791
-0.771,0.791
-0.772,0.791
-0.783,0.791
-0.781,0.791
-0.784,0.791
-0.783,0.792
-0.783,0.779
-0.788,0.734
-0.79,0.739
-0.796,0.685
-0.804,0.674
-0.806,0.644
-0.805,0.634
-0.804,0.641
-0.805,0.652
-0.804,0.659
-0.8,0.669
-0.797,0.725
-0.791,0.729
-0.791,0.734
-0.791,0.771
-0.795,0.774
-0.794,0.778
-0.794,0.786
-0.791,0.798
-0.776,0.805
-0.747,0.806
-0.713,0.805
-0.713,0.807
-0.716,0.803
-0.716,0.807
-0.715,0.828
-0.716,0.843
-0.717,0.843
-0.733,0.843
-0.748,0.841
-0.788,0.842
-0.803,0.842
-0.844,0.842
-0.85,0.844
-0.851,0.847
-0.852,0.845
-0.853,0.844
-0.852,0.844
-0.852,0.844
-0.852,0.843
-0.85,0.843
-0.849,0.843
-0.847,0.843
-0.847,0.843
-0.846,0.843
-0.843,0.847
-0.84,0.848
-0.838,0.847
-0.838,0.848
-0.838,0.848
-0.839,0.847
-0.839,0.846
-0.839,0.847
-0.839,0.847
-0.839,0.848
-0.838,0.849
-0.839,0.85
-0.839,0.854
-0.84,0.85
-0.84,0.849
-0.84,0.852
-0.84,0.852
-0.84,0.852
-0.839,0.857
-0.838,0.851
-0.838,0.85
-0.837,0.847
-0.837,0.845
-0.838,0.845
-0.837,0.843
-0.837,0.841
-0.837,0.84
-0.836,0.837
-0.836,0.834
-0.836,0.832
-0.836,0.831
-0.836,0.83
-0.836,0.831
-0.835,0.832
-0.835,0.831
-0.835,0.813
-0.835,0.784
-0.835,0.783
-0.835,0.778
-0.835,0.768
-0.835,0.738
-0.835,0.71
-0.835,0.689
-0.835,0.7
-0.835,0.688
-0.835,0.692
-0.815,0.68
-0.769,0.644
-0.701,0.64
-0.695,0.633
-0.698,0.619
-0.702,0.627
-0.705,0.651
-0.714,0.654
-0.714,0.675
-0.716,0.694
-0.715,0.7
-0.715,0.696
-0.718,0.7
-0.718,0.726
-0.718,0.76
-0.719,0.775
-0.719,0.859
-0.718,0.875
-0.719,0.875
-0.719,0.871
-0.719,0.871
-0.719,0.867
-0.729,0.862
-0.747,0.855
-0.753,0.855
-0.753,0.855
-0.753,0.855
-0.751,0.856
-0.751,0.856
-0.748,0.856
-0.748,0.857
-0.748,0.856
-0.748,0.856
-0.745,0.856
-0.742,0.856
-0.742,0.856
-0.742,0.856
-0.741,0.856
-0.735,0.857
-0.729,0.856
-0.707,0.856
-0.685,0.857
-0.66,0.857
-0.664,0.854
-0.663,0.854
-0.664,0.852
-0.664,0.849
-0.666,0.836
-0.667,0.829
-0.666,0.798
-0.667,0.799
-0.667,0.797
-0.667,0.797
-0.667,0.799
-0.667,0.797
-0.667,0.796
-0.667,0.753
-0.668,0.755
-0.667,0.745
-0.667,0.749
-0.668,0.746
-0.668,0.73
-0.667,0.734
-0.668,0.734
-0.668,0.739
-0.668,0.739
-0.669,0.74
-0.67,0.743
-0.671,0.744
-0.672,0.746
-0.673,0.746
-0.673,0.745
-0.674,0.745
-0.674,0.745
-0.674,0.746
-0.674,0.745
-0.674,0.741
-0.674,0.734
-0.674,0.73
-0.674,0.73
-0.674,0.727
-0.676,0.713
-0.679,0.717
-0.684,0.726
-0.688,0.703
-0.688,0.688
-0.688,0.622
-0.688,0.586
-0.688,0.606
-0.688,0.612
-0.688,0.613
-0.689,0.614
-0.689,0.618
-0.689,0.625
-0.689,0.633
-0.689,0.635
-0.689,0.638
-0.689,0.64
-0.691,0.646
-0.704,0.651
-0.723,0.651
-0.729,0.655
-0.747,0.672
-0.754,0.693
-0.792,0.731
-0.802,0.753
-0.805,0.762
-0.81,0.764
-0.81,0.764
-0.815,0.776
-0.816,0.771
-0.816,0.787
-0.818,0.805
-0.818,0.805
-0.818,0.803
-0.818,0.804
-0.818,0.805
-0.818,0.807
-0.818,0.803
-0.824,0.802
-0.838,0.792
-0.844,0.786
-0.853,0.785
-0.854,0.784
-0.858,0.785
-0.864,0.796
-0.889,0.831
-0.906,0.908
-0.91,0.95
-0.918,0.963
-0.939,0.97
-0.949,0.995
-0.949,0.996
-0.946,0.997
-0.942,0.998
-0.938,0.993
-0.938,0.982
-0.938,0.98
-0.936,0.975
-0.929,0.975
-0.928,0.974
-0.928,0.975
-0.928,0.976
-0.929,0.975
-0.929,0.974
-0.929,0.975
-0.93,0.975
-0.93,0.974
-0.929,0.961
-0.929,0.951
-0.929,0.952
-0.929,0.956
-0.929,0.965
-0.929,0.965
-0.929,0.966
-0.929,0.925
-0.929,0.905
-0.929,0.89
-0.929,0.873
-0.929,0.806
-0.928,0.79
-0.929,0.801
-0.928,0.801
-0.928,0.811
-0.928,0.817
-0.928,0.82
-0.928,0.869
-0.928,0.886
-0.928,0.885
-0.927,0.884
-0.928,0.884
-0.928,0.884
-0.927,0.882
-0.928,0.869
-0.928,0.869
-0.927,0.869
-0.928,0.769
-0.926,0.783
-0.917,0.768
-0.912,0.729
-0.91,0.672
-0.909,0.706
-0.91,0.706
-0.909,0.703
-0.909,0.683
-0.909,0.684
-0.909,0.676
-0.909,0.666
-0.909,0.655
-0.91,0.643
-0.911,0.642
-0.911,0.636
-0.911,0.639
-0.911,0.621
-0.911,0.593
-0.911,0.595
-0.911,0.599
-0.911,0.604
-0.911,0.612
-0.911,0.617
-0.911,0.617
-0.911,0.61
-0.91,0.606
-0.909,0.597
-0.908,0.597
-0.9,0.598
-0.899,0.597
-0.899,0.601
-0.899,0.619
-0.899,0.623
-0.899,0.623
-0.899,0.641
-0.899,0.655
-0.899,0.655
-0.899,0.657
-0.899,0.656
-0.899,0.659
-0.899,0.652
-0.899,0.762
-0.896,0.816
-0.893,0.812
-0.885,0.811
-0.864,0.811
-0.835,0.813
-0.837,0.815
-0.838,0.816
-0.841,0.818
-0.847,0.822
-0.849,0.82
-0.851,0.822
-0.852,0.824
-0.853,0.824
-0.856,0.825
-0.856,0.824
-0.856,0.824
-0.856,0.825
-0.857,0.824
-0.857,0.825
-0.857,0.825
-0.854,0.824
-0.801,0.824
-0.784,0.824
-0.776,0.822
-0.778,0.818
-0.775,0.813
-0.769,0.811
-0.767,0.81
-0.764,0.81
-0.763,0.809
-0.763,0.81
-0.759,0.81
-0.751,0.81
-0.752,0.807
-0.75,0.803
-0.738,0.803
-0.736,0.804
-0.736,0.804
-0.733,0.801
-0.735,0.8
-0.735,0.8
-0.735,0.8
-0.739,0.796
-0.739,0.792
-0.739,0.793
-0.74,0.794
-0.741,0.792
-0.741,0.792
-0.741,0.792
-0.742,0.788
-0.742,0.794
-0.742,0.796
-0.739,0.796
-0.722,0.843
-0.708,0.87
-0.702,0.896
-0.689,0.905
-0.67,0.905
-0.676,0.903
-0.678,0.893
-0.684,0.89
-0.692,0.888
-0.695,0.888
-0.7,0.881
-0.7,0.856
-0.701,0.815
-0.701,0.813
-0.701,0.813
-0.701,0.81
-0.701,0.809
-0.701,0.807
-0.705,0.808
-0.707,0.796
-0.707,0.798
-0.705,0.8
-0.707,0.796
-0.71,0.794
-0.723,0.779
-0.748,0.777
-0.763,0.744
-0.766,0.699
-0.766,0.699
-0.765,0.707
-0.765,0.711
-0.765,0.708
-0.765,0.655
-0.763,0.655
-0.763,0.661
-0.764,0.661
-0.763,0.667
-0.763,0.681
-0.763,0.686
-0.763,0.695
-0.763,0.696
-0.763,0.698
-0.764,0.696
-0.764,0.687
-0.765,0.68
-0.766,0.68
-0.766,0.685
-0.766,0.691
-0.766,0.697
-0.763,0.698
-0.757,0.702
-0.754,0.729
-0.754,0.746
-0.751,0.753
-0.742,0.753
-0.731,0.754
-0.731,0.755
-0.733,0.755
-0.734,0.756
-0.735,0.756
-0.735,0.755
-0.736,0.756
-0.736,0.756
-0.736,0.757
-0.736,0.758
-0.738,0.774
-0.739,0.794
-0.742,0.901
-0.745,0.938
-0.746,0.944
-0.75,0.953
-0.75,0.966
-0.75,0.966
-0.75,0.97
-0.75,0.977
-0.75,0.991
-0.75,1.0
-0.75,1.0
-0.75,1.0
-0.75,1.0
-0.75,1.0
-0.75,1.0
-0.75,1.0
-0.75,1.0
-0.75,1.0
-0.75,1.0
-0.75,1.0
-0.75,1.0
-0.75,1.0
-0.75,1.0
-0.75,1.0
-0.743,1.0
-0.723,1.0
-0.723,1.0
-0.726,1.0
-0.744,1.0
-0.747,1.0
-0.747,1.0
-0.747,1.0
-0.773,1.0
-0.804,1.0
-0.837,1.0
-0.923,1.0
-0.966,1.0
-0.965,1.0
-0.964,1.0
-0.965,1.0
-0.964,1.0
-0.964,1.0
-0.964,1.0
-0.964,1.0
-0.96,1.0
-0.949,1.0
-0.937,0.996
-0.889,0.989
-0.89,0.939
-0.889,0.862
-0.888,0.843
-0.889,0.836
-0.893,0.813
-0.939,0.789
-0.992,0.79
-1.0,0.794
-1.0,0.813
-1.0,0.816
-1.0,0.824
-1.0,0.91
-1.0,0.946
-1.0,0.96
-1.0,0.961
-1.0,0.967
-1.0,0.966
-1.0,0.965
-1.0,0.971
-1.0,0.982
-1.0,0.981
-1.0,0.98
-1.0,0.98
-1.0,0.98
-0.974,0.982
-0.971,0.989
-0.971,1.0
-0.973,1.0
-0.973,1.0
-0.973,1.0
-0.973,1.0
-0.973,0.997
-0.975,0.973
-0.976,0.942
-0.976,0.901
-0.976,0.87
-0.976,0.861
-0.979,0.82
-0.984,0.813
-0.993,0.818
-0.994,0.816
-1.0,0.816
-1.0,0.816
-1.0,0.816
-1.0,0.795
-1.0,0.773
-1.0,0.765
-1.0,0.766
-1.0,0.723
-1.0,0.711
-1.0,0.706
-1.0,0.726
-1.0,0.734
-1.0,0.741
-1.0,0.743
-1.0,0.743
-1.0,0.744
-1.0,0.74
-1.0,0.737
-1.0,0.719
-1.0,0.711
-1.0,0.709
-1.0,0.713
-1.0,0.718
-1.0,0.738
-1.0,0.747
-1.0,0.753
-1.0,0.752
-1.0,0.753
-1.0,0.753
-1.0,0.753
-1.0,0.755
-1.0,0.755
-1.0,0.755
-1.0,0.757
-1.0,0.758
-1.0,0.762
-1.0,0.762
-1.0,0.762
-1.0,0.762
-1.0,0.762
-1.0,0.761
-1.0,0.761
-1.0,0.762
-1.0,0.762
-1.0,0.76
-1.0,0.751
-0.954,0.73
-0.955,0.685
-0.957,0.695
-0.957,0.712
-0.957,0.726
-0.953,0.761
-0.945,0.874
-0.943,0.929
-0.945,0.926
-0.945,0.918
-0.945,0.915
-0.945,0.909
-0.946,0.907
-0.946,0.908
-0.947,0.907
-0.947,0.907
-0.947,0.905
-0.947,0.886
-0.948,0.861
-0.948,0.846
-0.948,0.839
-0.948,0.819
-0.948,0.784
-0.948,0.758
-0.949,0.744
-0.95,0.753
-0.951,0.755
-0.953,0.755
-0.954,0.758
-0.959,0.763
-0.965,0.762
-0.966,0.755
-0.966,0.745
-0.966,0.708
-0.966,0.705
-0.966,0.672
-0.966,0.661
-0.966,0.664
-0.966,0.678
-0.966,0.685
-0.966,0.685
-0.966,0.692
-0.966,0.698
-0.966,0.704
-0.951,0.775
-0.929,0.808
-0.92,0.819
-0.912,0.822
-0.898,0.847
-0.883,0.872
-0.849,0.88
-0.843,0.879
-0.855,0.879
-0.862,0.884
-0.864,0.884
-0.877,0.883
-0.889,0.881
-0.905,0.882
-0.911,0.886
-0.919,0.902
-0.927,0.907
-0.928,0.91
-0.936,0.912
-0.96,0.912
-0.989,0.91
-0.994,0.905
-0.995,0.901
-0.995,0.897
-0.994,0.895
-0.987,0.893
-0.971,0.893
-0.96,0.892
-0.921,0.892
-0.912,0.891
-0.892,0.892
-0.863,0.891
-0.861,0.892
-0.862,0.892
-0.868,0.892
-0.878,0.892
-0.885,0.868
-0.885,0.846
-0.89,0.845
-0.891,0.842
-0.89,0.829
-0.89,0.809
-0.89,0.791
-0.839,0.792
-0.827,0.744
-0.813,0.713
-0.812,0.7
-0.82,0.714
-0.873,0.726
-0.917,0.738
-0.936,0.755
-1.0,0.818
-1.0,0.847
-1.0,0.847
-1.0,0.849
-1.0,0.85
-1.0,0.85
-1.0,0.851
-1.0,0.852
-1.0,0.851
-1.0,0.852
-1.0,0.848
-1.0,0.841
-1.0,0.826
-0.942,0.826
-0.904,0.761
-0.88,0.704
-0.879,0.689
-0.859,0.693
-0.816,0.67
-0.742,0.594
-0.722,0.618
-0.722,0.616
-0.723,0.578
-0.723,0.557
-0.717,0.565
-0.698,0.558
-0.676,0.523
-0.649,0.506
-0.636,0.462
-0.633,0.439
-0.635,0.431
-0.64,0.427
-0.651,0.426
-0.68,0.424
-0.71,0.416
-0.778,0.419
-0.839,0.434
-0.864,0.443
-0.877,0.453
-0.921,0.533
-0.968,0.552
-0.986,0.624
-1.0,0.628
-1.0,0.626
-1.0,0.648
-1.0,0.653
-1.0,0.655
-0.799,0.664
-0.72,0.668
-0.688,0.706
-0.615,0.721
-0.614,0.719
-0.614,0.719
-0.614,0.722
-0.615,0.722
-0.617,0.722
-0.62,0.722
-0.624,0.723
-0.627,0.722
-0.627,0.718
-0.627,0.716
-0.627,0.716
-0.627,0.719
-0.627,0.719
-0.629,0.721
-0.631,0.723
-0.632,0.721
-0.632,0.722
-0.632,0.713
-0.632,0.708
-0.633,0.705
-0.632,0.704
-0.633,0.627
-0.632,0.608
-0.633,0.607
-0.633,0.612
-0.633,0.611
-0.633,0.613
-0.633,0.621
-0.633,0.633
-0.623,0.639
-0.582,0.648
-0.572,0.65
-0.571,0.653
-0.564,0.624
-0.557,0.667
-0.557,0.666
-0.564,0.681
-0.57,0.682
-0.571,0.681
-0.571,0.682
-0.571,0.683
-0.571,0.688
-0.571,0.676
-0.571,0.698
-0.571,0.764
-0.571,0.799
-0.575,0.819
-0.577,0.821
-0.582,0.82
-0.618,0.82
-0.623,0.82
-0.622,0.822
-0.621,0.819
-0.618,0.819
-0.609,0.82
-0.608,0.82
-0.607,0.814
-0.607,0.809
-0.607,0.801
-0.606,0.8
-0.607,0.782
-0.608,0.785
-0.607,0.781
-0.608,0.778
-0.607,0.765
-0.608,0.712
-0.608,0.696
-0.608,0.625
-0.607,0.619
-0.608,0.604
-0.608,0.596
-0.608,0.599
-0.607,0.577
-0.607,0.558
-0.607,0.571
-0.601,0.579
-0.6,0.582
-0.601,0.578
-0.601,0.582
-0.601,0.582
-0.601,0.582
-0.602,0.582
-0.602,0.578
-0.603,0.567
-0.604,0.563
-0.604,0.554
-0.604,0.539
-0.604,0.518
-0.602,0.533
-0.601,0.509
-0.599,0.498
-0.598,0.503
-0.597,0.511
-0.595,0.508
-0.595,0.494
-0.595,0.495
-0.595,0.497
-0.595,0.501
-0.596,0.497
-0.596,0.497
-0.596,0.499
-0.597,0.503
-0.597,0.502
-0.597,0.502
-0.597,0.501
-0.597,0.499
-0.597,0.475
-0.598,0.484
-0.598,0.486
-0.598,0.477
-0.598,0.482
-0.598,0.492
-0.598,0.494
-0.598,0.496
-0.598,0.495
-0.599,0.491
-0.599,0.492
-0.599,0.494
-0.599,0.495
-0.598,0.497
-0.597,0.52
-0.596,0.526
-0.596,0.539
-0.593,0.572
-0.592,0.598
-0.583,0.599
-0.578,0.599
-0.576,0.599
-0.575,0.599
-0.573,0.604
-0.575,0.598
-0.581,0.578
-0.583,0.632
-0.584,0.638
-0.591,0.637
-0.592,0.628
-0.593,0.628
-0.593,0.627
-0.593,0.609
-0.593,0.569
-0.593,0.552
-0.593,0.546
-0.593,0.554
-0.593,0.556
-0.593,0.569
-0.593,0.577
-0.593,0.579
-0.593,0.578
-0.593,0.578
-0.593,0.58
-0.593,0.579
-0.593,0.58
-0.594,0.58
-0.594,0.58
-0.593,0.58
-0.594,0.531
-0.594,0.535
-0.594,0.541
-0.594,0.542
-0.593,0.546
-0.593,0.565
-0.593,0.571
-0.593,0.576
-0.593,0.587
-0.594,0.587
-0.594,0.589
-0.594,0.589
-0.594,0.592
-0.593,0.591
-0.594,0.603
-0.594,0.604
-0.594,0.61
-0.594,0.61
-0.594,0.61
-0.594,0.608
-0.594,0.595
-0.594,0.596
-0.594,0.597
-0.594,0.597
-0.594,0.582
-0.594,0.567
-0.594,0.565
-0.594,0.556
-0.594,0.529
-0.594,0.536
-0.594,0.542
-0.594,0.544
-0.594,0.543
-0.594,0.544
-0.594,0.546
-0.594,0.544
-0.594,0.545
-0.594,0.544
-0.594,0.546
-0.594,0.545
-0.594,0.541
-0.594,0.503
-0.595,0.503
-0.594,0.507
-0.594,0.516
-0.595,0.517
-0.595,0.516
-0.594,0.518
-0.595,0.513
-0.594,0.525
-0.599,0.531
-0.686,0.739
-0.933,0.903
-1.0,0.901
-1.0,0.886
-1.0,0.798
-1.0,0.771
-1.0,0.762
-1.0,0.76
-1.0,0.764
-1.0,0.764
-1.0,0.762
-1.0,0.762
-1.0,0.728
-1.0,0.671
-0.997,0.646
-0.928,0.635
-0.903,0.646
-0.875,0.648
-0.86,0.649
-0.855,0.65
-0.844,0.652
-0.823,0.651
-0.784,0.646
-0.778,0.646
-0.78,0.642
-0.781,0.644
-0.781,0.646
-0.782,0.648
-0.782,0.652
-0.783,0.652
-0.782,0.652
-0.782,0.652
-0.783,0.653
-0.782,0.653
-0.784,0.652
-0.786,0.651
-0.786,0.651
-0.787,0.651
-0.788,0.651
-0.791,0.645
-0.801,0.642
-0.819,0.64
-0.837,0.607
-0.843,0.598
-0.842,0.594
-0.845,0.614
-0.846,0.617
-0.872,0.631
-0.903,0.649
-0.915,0.649
-0.924,0.647
-0.927,0.711
-0.93,0.708
-0.93,0.728
-0.931,0.726
-0.93,0.751
-0.928,0.755
-0.928,0.761
-0.928,0.762
-0.933,0.76
-0.974,0.77
-1.0,0.775
-1.0,0.78
-1.0,0.803
-1.0,0.842
-1.0,0.858
-1.0,0.852
-1.0,0.852
-1.0,0.854
-1.0,0.854
-1.0,0.854
-1.0,0.854
-1.0,0.862
-1.0,0.867
-1.0,0.865
-1.0,0.861
-1.0,0.86
-1.0,0.86
-1.0,0.858
-1.0,0.858
-1.0,0.858
-1.0,0.858
-1.0,0.856
-1.0,0.856
-1.0,0.857
-1.0,0.856
-1.0,0.856
-1.0,0.856
-1.0,0.855
-1.0,0.856
-1.0,0.856
-1.0,0.858
-1.0,0.858
-1.0,0.858
-1.0,0.859
-1.0,0.858
-1.0,0.86
-1.0,0.859
-1.0,0.858
-1.0,0.859
-1.0,0.859
-1.0,0.859
-1.0,0.86
-1.0,0.859
-1.0,0.857
-1.0,0.854
-1.0,0.854
-1.0,0.852
-1.0,0.847
-1.0,0.848
-1.0,0.847
-1.0,0.847
-1.0,0.847
-1.0,0.847
-1.0,0.847
-1.0,0.847
-1.0,0.847
-1.0,0.847
-1.0,0.847
-1.0,0.847
-1.0,0.847
-0.967,0.847
-0.934,0.846
-0.878,0.847
-0.86,0.847
-0.857,0.84
-0.844,0.817
-0.82,0.807
-0.806,0.762
-0.777,0.762
-0.766,0.764
-0.765,0.764
-0.754,0.756
-0.752,0.741
-0.75,0.737
-0.751,0.744
-0.753,0.735
-0.754,0.736
-0.756,0.742
-0.767,0.747
-0.769,0.766
-0.77,0.768
-0.77,0.768
-0.771,0.768
-0.77,0.768
-0.771,0.769
-0.731,0.768
-0.708,0.773
-0.705,0.85
-0.704,0.862
-0.691,0.891
-0.67,0.908
-0.644,0.91
-0.645,0.908
-0.644,0.907
-0.645,0.908
-0.645,0.907
-0.645,0.908
-0.646,0.907
-0.646,0.905
-0.646,0.901
-0.648,0.9
-0.652,0.896
-0.652,0.896
-0.651,0.896
-0.651,0.895
-0.649,0.893
-0.648,0.892
-0.646,0.892
-0.646,0.892
-0.642,0.892
-0.641,0.895
-0.642,0.894
-0.637,0.893
-0.63,0.892
-0.62,0.892
-0.613,0.892
-0.601,0.892
-0.596,0.89
-0.595,0.886
-0.599,0.884
-0.599,0.886
-0.602,0.886
-0.602,0.887
-0.602,0.887
-0.602,0.886
-0.602,0.888
-0.601,0.886
-0.601,0.887
-0.601,0.887
-0.601,0.886
-0.598,0.886
-0.597,0.886
-0.596,0.886
-0.598,0.887
-0.596,0.886
-0.597,0.886
-0.597,0.886
-0.597,0.886
-0.597,0.888
-0.597,0.887
-0.597,0.886
-0.597,0.886
-0.598,0.871
-0.598,0.875
-0.598,0.875
-0.598,0.875
-0.598,0.873
-0.598,0.875
-0.599,0.841
-0.601,0.783
-0.595,0.709
-0.584,0.692
-0.584,0.695
-0.583,0.714
-0.583,0.723
-0.585,0.732
-0.584,0.744
-0.585,0.747
-0.585,0.748
-0.586,0.749
-0.586,0.749
-0.586,0.75
-0.586,0.75
-0.588,0.736
-0.589,0.738
-0.595,0.738
-0.596,0.739
-0.597,0.743
-0.598,0.747
-0.596,0.748
-0.596,0.753
-0.594,0.758
-0.593,0.759
-0.593,0.76
-0.593,0.772
-0.593,0.773
-0.594,0.775
-0.594,0.8
-0.594,0.813
-0.594,0.822
-0.595,0.83
-0.595,0.857
-0.594,0.89
-0.594,0.892
-0.594,0.889
-0.595,0.886
-0.595,0.885
-0.595,0.875
-0.595,0.869
-0.594,0.87
-0.593,0.87
-0.593,0.87
-0.593,0.866
-0.593,0.837
-0.592,0.809
-0.592,0.792
-0.592,0.762
-0.592,0.721
-0.592,0.721
-0.592,0.721
-0.591,0.693
-0.59,0.675
-0.589,0.678
-0.586,0.685
-0.586,0.685
-0.587,0.683
-0.587,0.669
-0.586,0.656
-0.586,0.643
-0.585,0.607
-0.58,0.61
-0.578,0.557
-0.578,0.566
-0.577,0.561
-0.577,0.57
-0.577,0.571
-0.577,0.572
-0.577,0.571
-0.576,0.572
-0.576,0.582
-0.575,0.593
-0.561,0.602
-0.537,0.612
-0.531,0.614
-0.531,0.631
-0.532,0.636
-0.534,0.636
-0.534,0.631
-0.537,0.624
-0.543,0.624
-0.543,0.624
-0.543,0.548
-0.543,0.551
-0.543,0.556
-0.543,0.551
-0.543,0.544
-0.543,0.549
-0.543,0.546
-0.541,0.531
-0.541,0.529
-0.541,0.524
-0.541,0.527
-0.543,0.527
-0.548,0.524
-0.55,0.526
-0.568,0.515
-0.573,0.511
-0.575,0.508
-0.575,0.513
-0.575,0.503
-0.575,0.506
-0.575,0.511
-0.575,0.526
-0.575,0.529
-0.574,0.538
-0.573,0.539
-0.572,0.541
-0.57,0.541
-0.569,0.541
-0.568,0.542
-0.568,0.557
-0.558,0.565
-0.557,0.606
-0.556,0.636
-0.556,0.659
-0.556,0.661
-0.595,0.654
-0.617,0.653
-0.638,0.653
-0.64,0.629
-0.639,0.575
-0.639,0.554
-0.637,0.505
-0.637,0.503
-0.631,0.449
-0.621,0.43
-0.54,0.41
-0.515,0.394
-0.513,0.405
-0.515,0.385
-0.514,0.372
-0.515,0.379
-0.515,0.375
-0.525,0.321
-0.526,0.316
-0.564,0.316
-0.6,0.318
-0.609,0.323
-0.636,0.331
-0.637,0.343
-0.64,0.344
-0.643,0.346
-0.645,0.347
-0.647,0.347
-0.647,0.437
-0.658,0.492
-0.663,0.526
-0.669,0.534
-0.682,0.612
-0.71,0.644
-0.716,0.714
-0.728,0.824
-0.735,0.845
-0.805,0.868
-0.816,0.89
-0.837,0.893
-0.875,0.893
-0.88,0.895
-0.881,0.895
-0.898,0.893
-0.904,0.894
-0.897,0.89
-0.892,0.885
-0.883,0.88
-0.883,0.878
-0.826,0.878
-0.756,0.878
-0.705,0.879
-0.67,0.876
-0.668,0.875
-0.668,0.875
-0.67,0.873
-0.669,0.86
-0.67,0.843
-0.671,0.811
-0.671,0.816
-0.676,0.768
-0.683,0.762
-0.69,0.748
-0.693,0.755
-0.692,0.753
-0.694,0.764
-0.694,0.768
-0.694,0.77
-0.694,0.785
-0.694,0.784
-0.694,0.775
-0.685,0.771
-0.671,0.747
-0.671,0.726
-0.671,0.661
-0.671,0.679
-0.667,0.682
-0.657,0.685
-0.655,0.681
-0.651,0.61
-0.653,0.634
-0.652,0.629
-0.653,0.605
-0.654,0.58
-0.654,0.616
-0.652,0.625
-0.652,0.618
-0.652,0.627
-0.653,0.629
-0.652,0.633
-0.654,0.633
-0.664,0.634
-0.676,0.632
-0.676,0.632
-0.676,0.633
-0.689,0.632
-0.715,0.633
-0.721,0.633
-0.723,0.632
-0.772,0.632
-0.797,0.632
-0.797,0.632
-0.8,0.632
-0.85,0.632
-0.85,0.631
-0.85,0.632
-0.852,0.632
-0.86,0.633
-0.866,0.633
-0.884,0.636
-0.902,0.638
-0.928,0.638
-0.936,0.648
-0.936,0.65
-0.936,0.651
-0.936,0.651
-0.936,0.651
-0.937,0.653
-0.936,0.654
-0.936,0.653
-0.935,0.657
-0.934,0.658
-0.934,0.659
-0.934,0.659
-0.934,0.66
-0.934,0.659
-0.934,0.661
-0.934,0.66
-0.933,0.66
-0.931,0.661
-0.929,0.668
-0.929,0.672
-0.93,0.676
-0.93,0.678
-0.93,0.676
-0.93,0.675
-0.93,0.68
-0.929,0.684
-0.93,0.718
-0.93,0.747
-0.93,0.766
-0.93,0.766
-0.93,0.764
-0.93,0.766
-0.93,0.769
-0.93,0.768
-0.93,0.769
-0.929,0.77
-0.929,0.77
-0.928,0.77
-0.928,0.768
-0.927,0.768
-0.926,0.768
-0.923,0.766
-0.921,0.766
-0.921,0.766
-0.923,0.766
-0.923,0.766
-0.924,0.765
-0.924,0.764
-0.924,0.762
-0.923,0.76
-0.918,0.748
-0.918,0.747
-0.852,0.74
-0.761,0.735
-0.74,0.747
-0.725,0.747
-0.726,0.761
-0.728,0.892
-0.728,0.943
-0.728,0.959
-0.727,0.963
-0.728,0.962
-0.727,0.961
-0.728,0.961
-0.729,0.959
-0.73,0.957
-0.73,0.957
-0.731,0.953
-0.731,0.944
-0.732,0.943
-0.732,0.942
-0.729,0.911
-0.706,0.797
-0.694,0.796
-0.677,0.794
-0.658,0.775
-0.66,0.754
-0.663,0.749
-0.668,0.726
-0.675,0.684
-0.679,0.674
-0.682,0.655
-0.683,0.655
-0.682,0.652
-0.682,0.653
-0.682,0.658
-0.682,0.668
-0.682,0.685
-0.682,0.689
-0.682,0.701
-0.682,0.71
-0.682,0.712
-0.682,0.713
-0.682,0.712
-0.682,0.712
-0.682,0.711
-0.682,0.711
-0.682,0.711
-0.682,0.715
-0.682,0.717
-0.682,0.717
-0.681,0.717
-0.68,0.715
-0.68,0.71
-0.675,0.709
-0.675,0.708
-0.676,0.71
-0.676,0.711
-0.675,0.71
-0.675,0.708
-0.676,0.708
-0.675,0.708
-0.676,0.708
-0.676,0.7
-0.677,0.696
-0.677,0.616
-0.677,0.63
-0.678,0.634
-0.678,0.638
-0.678,0.636
-0.678,0.625
-0.678,0.608
-0.678,0.626
-0.678,0.632
-0.678,0.632
-0.679,0.636
-0.678,0.636
-0.677,0.637
-0.676,0.637
-0.674,0.638
-0.673,0.639
-0.673,0.658
-0.673,0.659
-0.671,0.66
-0.67,0.663
-0.666,0.744
-0.658,0.786
-0.66,0.801
-0.653,0.781
-0.643,0.782
-0.643,0.732
-0.644,0.709
-0.636,0.663
-0.635,0.627
-0.631,0.597
-0.629,0.568
-0.629,0.497
-0.625,0.505
-0.626,0.49
-0.624,0.492
-0.624,0.447
-0.622,0.423
-0.612,0.418
-0.612,0.409
-0.612,0.37
-0.611,0.338
-0.606,0.336
-0.606,0.327
-0.601,0.307
-0.586,0.275
-0.586,0.291
-0.586,0.297
-0.586,0.297
-0.586,0.285
-0.585,0.278
-0.585,0.261
-0.584,0.25
-0.58,0.257
-0.578,0.282
-0.579,0.291
-0.565,0.293
-0.56,0.294
-0.561,0.295
-0.562,0.297
-0.563,0.297
-0.564,0.297
-0.564,0.297
-0.564,0.297
-0.563,0.297
-0.562,0.282
-0.561,0.224
-0.561,0.236
-0.561,0.234
-0.561,0.228
-0.561,0.225
-0.562,0.227
-0.562,0.23
-0.562,0.238
-0.562,0.216
-0.562,0.219
-0.562,0.226
-0.562,0.228
-0.562,0.229
-0.562,0.233
-0.562,0.244
-0.562,0.251
-0.563,0.25
-0.563,0.25
-0.563,0.246
-0.563,0.24
-0.563,0.206
-0.563,0.205
-0.563,0.209
-0.564,0.21
-0.565,0.212
-0.565,0.212
-0.565,0.212
-0.565,0.212
-0.565,0.212
-0.565,0.21
-0.565,0.2
-0.566,0.202
-0.565,0.206
-0.565,0.216
-0.565,0.218
-0.565,0.218
-0.565,0.227
-0.565,0.231
-0.565,0.233
-0.565,0.233
-0.565,0.255
-0.563,0.255
-0.561,0.277
-0.553,0.287
-0.557,0.287
-0.549,0.287
-0.549,0.284
-0.551,0.282
-0.549,0.28
-0.539,0.28
-0.528,0.28
-0.512,0.28
-0.487,0.267
-0.486,0.273
-0.488,0.273
-0.488,0.273
-0.488,0.272
-0.488,0.273
-0.491,0.274
-0.491,0.272
-0.492,0.273
-0.489,0.273
-0.475,0.273
-0.464,0.272
-0.46,0.273
-0.472,0.273
-0.474,0.273
-0.481,0.273
-0.482,0.27
-0.493,0.269
-0.508,0.269
-0.534,0.266
-0.54,0.261
-0.544,0.243
-0.543,0.223
-0.544,0.223
-0.545,0.204
-0.541,0.181
-0.54,0.183
-0.533,0.179
-0.53,0.154
-0.53,0.146
-0.529,0.148
-0.528,0.148
-0.528,0.149
-0.528,0.148
-0.528,0.148
-0.528,0.148
-0.528,0.144
-0.528,0.144
-0.527,0.146
-0.527,0.146
-0.527,0.146
-0.527,0.146
-0.527,0.144
-0.527,0.137
-0.527,0.136
-0.527,0.139
-0.529,0.141
-0.533,0.141
-0.563,0.141
-0.584,0.132
-0.617,0.132
-0.62,0.101
-0.623,0.092
-0.629,0.092
-0.627,0.093
-0.627,0.096
-0.63,0.099
-0.633,0.101
-0.638,0.105
-0.767,0.107
-1.0,0.118
-1.0,0.234
-1.0,0.271
-1.0,0.321
-0.891,0.321
-0.863,0.319
-0.864,0.305
-0.878,0.345
-0.91,0.343
-0.965,0.344
-0.988,0.353
-0.994,0.351
-1.0,0.343
-1.0,0.343
-1.0,0.335
-1.0,0.239
-1.0,0.212
-0.992,0.212
-0.983,0.195
-0.943,0.175
-0.811,0.158
-0.809,0.156
-0.805,0.148
-0.792,0.148
-0.784,0.145
-0.74,0.143
-0.719,0.146
-0.674,0.145
-0.677,0.139
-0.677,0.134
-0.677,0.132
-0.677,0.129
-0.679,0.129
-0.681,0.118
-0.682,0.11
-0.684,0.113
-0.684,0.11
-0.684,0.105
-0.684,0.106
-0.685,0.106
-0.688,0.101
-0.688,0.099
-0.688,0.1
-0.688,0.103
-0.688,0.104
-0.689,0.103
-0.689,0.102
-0.689,0.095
-0.691,0.092
-0.691,0.095
-0.692,0.096
-0.692,0.097
-0.693,0.098
-0.693,0.098
-0.693,0.098
-0.694,0.099
-0.692,0.099
-0.693,0.098
-0.692,0.097
-0.691,0.096
-0.693,0.094
-0.693,0.094
-0.693,0.093
-0.693,0.094
-0.693,0.095
-0.693,0.096
-0.692,0.096
-0.691,0.096
-0.691,0.096
-0.691,0.096
-0.691,0.097
-0.689,0.098
-0.688,0.099
-0.687,0.099
-0.686,0.1
-0.686,0.102
-0.687,0.102
-0.686,0.102
-0.686,0.103
-0.686,0.102
-0.686,0.103
-0.686,0.104
-0.686,0.105
-0.686,0.105
-0.686,0.105
-0.686,0.106
-0.686,0.106
-0.686,0.106
-0.686,0.107
-0.686,0.107
-0.686,0.107
-0.686,0.107
-0.686,0.107
-0.686,0.107
-0.685,0.107
-0.685,0.107
-0.685,0.108
-0.685,0.108
-0.686,0.108
-0.687,0.107
-0.687,0.107
-0.686,0.107
-0.681,0.107
-0.67,0.107
-0.659,0.107
-0.655,0.107
-0.654,0.107
-0.654,0.107
-0.652,0.106
-0.653,0.106
-0.654,0.105
-0.654,0.105
-0.654,0.105
-0.655,0.105
-0.657,0.105
-0.66,0.103
-0.663,0.103
-0.666,0.1
-0.672,0.098
-0.677,0.075
-0.678,0.068
-0.679,0.048
-0.68,0.009
-0.68,0.009
-0.68,0.01
-0.681,0.011
-0.682,0.011
-0.695,0.012
-0.701,0.013
-0.701,0.013
-0.701,0.013
-0.699,0.013
-0.695,0.015
-0.69,0.019
-0.69,0.03
-0.69,0.031
-0.69,0.032
-0.69,0.034
-0.69,0.036
-0.69,0.038
-0.69,0.041
-0.69,0.044
-0.69,0.046
-0.69,0.047
-0.69,0.047
-0.69,0.047
-0.69,0.047
-0.69,0.047
-0.69,0.047
-0.69,0.047
-0.69,0.047
-0.69,0.047
-0.69,0.047
-0.69,0.047
-0.69,0.048
-0.69,0.047
-0.69,0.049
-0.69,0.084
-0.69,0.094
-0.69,0.113
-0.69,0.116
-0.69,0.119
-0.69,0.129
-0.69,0.14
-0.69,0.15
-0.69,0.15
-0.691,0.143
-0.69,0.134
-0.69,0.131
-0.69,0.124
-0.69,0.118
-0.69,0.118
-0.69,0.117
-0.69,0.117
-0.679,0.117
-0.669,0.117
-0.663,0.117
-0.655,0.117
-0.652,0.118
-0.652,0.118
-0.652,0.117
-0.653,0.117
-0.653,0.117
-0.653,0.117
-0.654,0.118
-0.653,0.118
-0.654,0.118
-0.654,0.117
-0.654,0.117
-0.654,0.117
-0.654,0.117
-0.655,0.118
-0.657,0.118
-0.657,0.117
-0.657,0.117
-0.655,0.118
-0.655,0.117
-0.654,0.117
-0.654,0.118
-0.652,0.12
-0.651,0.122
-0.651,0.134
-0.65,0.133
-0.651,0.133
-0.651,0.135
-0.651,0.137
-0.652,0.14
-0.652,0.144
-0.652,0.145
-0.652,0.145
-0.653,0.144
-0.652,0.144
-0.653,0.148
-0.653,0.166
-0.654,0.168
-0.654,0.167
-0.654,0.169
-0.654,0.17
-0.654,0.17
-0.655,0.169
-0.654,0.168
-0.654,0.165
-0.655,0.158
-0.655,0.152
-0.655,0.137
-0.655,0.134
-0.655,0.134
-0.655,0.134
-0.655,0.134
-0.655,0.134
-0.655,0.133
-0.655,0.134
-0.655,0.134
-0.655,0.133
-0.655,0.133
-0.655,0.133
-0.655,0.133
-0.655,0.134
-0.655,0.134
-0.655,0.134
-0.655,0.134
-0.655,0.134
-0.655,0.134
-0.655,0.133
-0.655,0.134
-0.655,0.134
-0.655,0.133
-0.655,0.133
-0.655,0.165
-0.655,0.182
-0.655,0.184
-0.655,0.183
-0.655,0.167
-0.655,0.163
-0.655,0.157
-0.655,0.158
-0.654,0.16
-0.654,0.172
-0.654,0.176
-0.654,0.195
-0.654,0.215
-0.655,0.228
-0.655,0.227
-0.655,0.221
-0.655,0.216
-0.655,0.209
-0.654,0.204
-0.654,0.204
-0.655,0.204
-0.654,0.203
-0.655,0.204
-0.655,0.203
-0.654,0.203
-0.654,0.204
-0.655,0.204
-0.655,0.204
-0.655,0.205
-0.655,0.196
-0.655,0.19
-0.655,0.184
-0.655,0.174
-0.656,0.158
-0.656,0.158
-0.656,0.15
-0.656,0.142
-0.656,0.141
-0.656,0.143
-0.656,0.144
-0.656,0.143
-0.657,0.144
-0.656,0.144
-0.656,0.144
-0.656,0.143
-0.656,0.142
-0.655,0.137
-0.656,0.137
-0.656,0.137
-0.656,0.139
-0.656,0.139
-0.656,0.139
-0.656,0.139
-0.656,0.139
-0.657,0.139
-0.657,0.14
-0.657,0.141
-0.657,0.141
-0.657,0.14
-0.656,0.135
-0.657,0.133
-0.657,0.131
-0.657,0.133
-0.656,0.133
-0.656,0.135
-0.656,0.134
-0.657,0.133
-0.657,0.133
-0.656,0.133
-0.657,0.133
-0.656,0.132
-0.656,0.133
-0.657,0.133
-0.656,0.131
-0.656,0.131
-0.657,0.132
-0.657,0.131
-0.657,0.128
-0.657,0.128
-0.657,0.129
-0.657,0.129
-0.657,0.128
-0.657,0.128
-0.657,0.127
-0.657,0.129
-0.657,0.129
-0.657,0.126
-0.658,0.128
-0.657,0.126
-0.657,0.125
-0.657,0.124
-0.658,0.126
-0.657,0.127
-0.658,0.126
-0.657,0.124
-0.658,0.125
-0.658,0.139
-0.657,0.148
-0.657,0.158
-0.657,0.159
-0.657,0.16
-0.657,0.16
-0.657,0.16
-0.658,0.16
-0.658,0.16
-0.657,0.16
-0.657,0.16
-0.657,0.16
-0.657,0.16
-0.657,0.161
-0.657,0.163
-0.657,0.174
-0.657,0.18
-0.657,0.193
-0.657,0.21
-0.657,0.208
-0.658,0.208
-0.657,0.199
-0.657,0.191
-0.657,0.184
-0.657,0.184
-0.658,0.184
-0.657,0.184
-0.657,0.184
-0.657,0.184
-0.657,0.185
-0.657,0.184
-0.657,0.184
-0.657,0.184
-0.658,0.183
-0.657,0.184
-0.657,0.184
-0.658,0.183
-0.657,0.181
-0.657,0.178
-0.657,0.175
-0.657,0.167
-0.657,0.167
-0.657,0.151
-0.658,0.144
-0.657,0.144
-0.656,0.147
-0.656,0.153
-0.657,0.168
-0.656,0.169
-0.657,0.169
-0.657,0.169
-0.656,0.169
-0.656,0.169
-0.656,0.169
-0.656,0.169
-0.656,0.169
-0.656,0.169
-0.655,0.17
-0.656,0.169
-0.657,0.169
-0.657,0.169
-0.658,0.169
-0.657,0.17
-0.656,0.17
-0.655,0.17
-0.651,0.17
-0.645,0.17
-0.642,0.17
-0.648,0.171
-0.659,0.173
-0.671,0.2
-0.763,0.2
-0.803,0.2
-0.813,0.203
-0.812,0.205
-0.807,0.204
-0.801,0.205
-0.8,0.205
-0.8,0.191
-0.8,0.188
-0.8,0.187
-0.8,0.184
-0.8,0.178
-0.8,0.178
-0.8,0.178
-0.8,0.179
-0.8,0.179
-0.8,0.18
-0.8,0.18
-0.8,0.18
-0.803,0.18
-0.816,0.18
-0.824,0.179
-0.83,0.18
-0.849,0.18
-0.852,0.182
-0.844,0.184
-0.838,0.184
-0.837,0.185
-0.806,0.201
-0.799,0.21
-0.787,0.231
-0.765,0.259
-0.762,0.268
-0.763,0.268
-0.766,0.267
-0.772,0.271
-0.774,0.273
-0.774,0.262
-0.775,0.255
-0.772,0.248
-0.769,0.248
-0.766,0.248
-0.765,0.248
-0.763,0.248
-0.764,0.248
-0.762,0.248
-0.759,0.248
-0.756,0.238
-0.752,0.233
-0.754,0.204
-0.755,0.184
-0.772,0.188
-0.806,0.205
-0.912,0.227
-0.961,0.299
-0.962,0.316
-0.96,0.304
-0.957,0.298
-0.946,0.29
-0.945,0.245
-0.934,0.24
-0.915,0.229
-0.876,0.211
-0.844,0.205
-0.753,0.208
-0.738,0.207
-0.728,0.182
-0.726,0.176
-0.727,0.176
-0.728,0.179
-0.729,0.18
-0.734,0.182
-0.736,0.177
-0.737,0.173
-0.737,0.168
-0.738,0.17
-0.739,0.168
-0.739,0.171
-0.74,0.173
-0.739,0.174
-0.739,0.173
-0.74,0.166
-0.74,0.16
-0.74,0.16
-0.739,0.161
-0.739,0.161
-0.739,0.16
-0.74,0.179
-0.74,0.186
-0.741,0.187
-0.742,0.187
-0.742,0.188
-0.742,0.188
-0.743,0.188
-0.743,0.188
-0.743,0.188
-0.744,0.188
-0.743,0.189
-0.744,0.212
-0.743,0.249
-0.744,0.267
-0.75,0.356
-0.788,0.401
-0.827,0.495
-0.871,0.512
-0.873,0.512
-0.875,0.511
-0.876,0.511
-0.875,0.509
-0.875,0.502
-0.874,0.495
-0.875,0.494
-0.876,0.482
-0.877,0.478
-0.877,0.486
-0.876,0.487
-0.875,0.245
-0.869,0.248
-0.857,0.224
-0.855,0.22
-0.854,0.224
-0.849,0.227
-0.847,0.229
-0.844,0.236
-0.822,0.243
-0.804,0.243
-0.787,0.374
-0.786,0.437
-0.795,0.544
-0.832,0.552
-0.901,0.509
-1.0,0.614
-1.0,0.612
-1.0,0.615
-1.0,0.648
-1.0,0.658
-1.0,0.657
-1.0,0.659
-1.0,0.659
-1.0,0.659
-1.0,0.659
-1.0,0.661
-0.976,0.662
-0.952,0.637
-0.933,0.737
-0.925,0.778
-0.919,0.773
-0.917,0.772
-0.918,0.642
-0.915,0.572
-0.906,0.569
-0.875,0.505
-0.824,0.484
-0.805,0.448
-0.806,0.418
-0.803,0.412
-0.797,0.392
-0.794,0.387
-0.793,0.378
-0.788,0.37
-0.785,0.374
-0.775,0.375
-0.769,0.379
-0.763,0.379
-0.759,0.375
-0.759,0.374
-0.753,0.355
-0.751,0.348
-0.747,0.342
-0.739,0.333
-0.737,0.323
-0.732,0.294
-0.733,0.278
-0.729,0.254
-0.726,0.241
-0.729,0.227
-0.729,0.205
-0.729,0.206
-0.728,0.206
-0.728,0.208
-0.727,0.208
-0.723,0.19
-0.72,0.188
-0.71,0.174
-0.704,0.158
-0.702,0.162
-0.701,0.167
-0.698,0.173
-0.698,0.181
-0.697,0.182
-0.696,0.183
-0.697,0.183
-0.7,0.183
-0.697,0.183
-0.693,0.184
-0.694,0.183
-0.686,0.183
-0.679,0.184
-0.671,0.201
-0.664,0.268
-0.654,0.28
-0.645,0.291
-0.637,0.297
-0.634,0.294
-0.632,0.293
-0.629,0.292
-0.632,0.293
-0.63,0.291
-0.632,0.291
-0.633,0.291
-0.633,0.297
-0.633,0.303
-0.633,0.315
-0.633,0.319
-0.633,0.308
-0.633,0.295
-0.634,0.295
-0.635,0.295
-0.635,0.295
-0.636,0.295
-0.635,0.295
-0.635,0.285
-0.635,0.27
-0.635,0.235
-0.635,0.229
-0.634,0.226
-0.634,0.22
-0.634,0.218
-0.634,0.222
-0.634,0.223
-0.633,0.22
-0.634,0.224
-0.634,0.225
-0.634,0.223
-0.634,0.212
-0.632,0.212
-0.63,0.225
-0.629,0.246
-0.63,0.252
-0.62,0.278
-0.62,0.285
-0.618,0.293
-0.618,0.291
-0.617,0.302
-0.617,0.313
-0.617,0.318
-0.619,0.355
-0.618,0.372
-0.617,0.37
-0.62,0.371
-0.62,0.37
-0.62,0.367
-0.619,0.361
-0.62,0.357
-0.619,0.356
-0.618,0.355
-0.619,0.351
-0.618,0.351
-0.62,0.351
-0.62,0.351
-0.62,0.351
-0.62,0.322
-0.621,0.3
-0.621,0.297
-0.621,0.287
-0.621,0.315
-0.621,0.368
-0.621,0.429
-0.621,0.539
-0.621,0.565
-0.622,0.567
-0.627,0.567
-0.631,0.568
-0.635,0.568
-0.64,0.567
-0.642,0.567
-0.724,0.558
-0.743,0.558
-0.744,0.557
-0.744,0.559
-0.747,0.558
-0.747,0.557
-0.745,0.559
-0.742,0.558
-0.734,0.557
-0.733,0.557
-0.734,0.557
-0.734,0.557
-0.734,0.558
-0.733,0.557
-0.733,0.557
-0.733,0.557
-0.733,0.557
-0.758,0.557
-0.763,0.557
-0.763,0.557
-0.761,0.557
-0.755,0.556
-0.725,0.557
-0.711,0.557
-0.694,0.557
-0.667,0.557
-0.659,0.557
-0.653,0.557
-0.646,0.557
-0.637,0.557
-0.633,0.557
-0.631,0.557
-0.628,0.557
-0.616,0.557
-0.612,0.534
-0.608,0.604
-0.609,0.616
-0.603,0.625
-0.6,0.625
-0.601,0.625
-0.599,0.626
-0.599,0.631
-0.599,0.602
-0.598,0.619
-0.598,0.623
-0.598,0.634
-0.596,0.642
-0.596,0.643
-0.596,0.637
-0.594,0.657
-0.593,0.657
-0.593,0.654
-0.593,0.649
-0.593,0.648
-0.593,0.708
-0.593,0.693
-0.592,0.756
-0.592,0.779
-0.592,0.782
-0.591,0.782
-0.592,0.781
-0.593,0.78
-0.593,0.779
-0.592,0.777
-0.592,0.778
-0.593,0.777
-0.593,0.777
-0.593,0.777
-0.593,0.777
-0.591,0.777
-0.593,0.777
-0.592,0.775
-0.592,0.749
-0.592,0.668
-0.592,0.698
-0.592,0.677
-0.589,0.509
-0.573,0.511
-0.565,0.519
-0.568,0.535
-0.564,0.524
-0.564,0.537
-0.564,0.77
-0.565,0.785
-0.566,0.785
-0.569,0.786
-0.568,0.817
-0.572,0.855
-0.582,0.859
-0.583,0.859
-0.615,0.858
-0.633,0.858
-0.643,0.854
-0.647,0.845
-0.646,0.843
-0.646,0.843
-0.646,0.843
-0.645,0.843
-0.647,0.843
-0.652,0.837
-0.666,0.843
-0.667,0.844
-0.673,0.843
-0.679,0.843
-0.679,0.843
-0.675,0.843
-0.672,0.843
-0.661,0.843
-0.661,0.842
-0.656,0.843
-0.641,0.843
-0.633,0.842
-0.634,0.843
-0.63,0.843
-0.63,0.843
-0.627,0.843
-0.628,0.843
-0.626,0.803
-0.62,0.775
-0.618,0.753
-0.614,0.759
-0.608,0.758
-0.596,0.76
-0.576,0.664
-0.562,0.677
-0.561,0.653
-0.559,0.662
-0.56,0.669
-0.561,0.68
-0.561,0.68
-0.561,0.683
-0.562,0.687
-0.561,0.696
-0.562,0.701
-0.563,0.703
-0.562,0.704
-0.563,0.704
-0.564,0.706
-0.564,0.708
-0.564,0.71
-0.565,0.711
-0.567,0.694
-0.58,0.664
-0.58,0.626
-0.601,0.542
-0.635,0.479
-0.656,0.469
-0.668,0.473
-0.682,0.482
-0.694,0.486
-0.695,0.488
-0.694,0.489
-0.686,0.489
-0.677,0.49
-0.677,0.484
-0.677,0.542
-0.682,0.662
-0.698,0.696
-0.7,0.688
-0.695,0.691
-0.69,0.704
-0.664,0.685
-0.648,0.763
-0.657,0.816
-0.682,0.886
-0.751,0.88
-0.773,0.87
-0.79,0.871
-0.797,0.87
-0.819,0.904
-0.826,1.0
-0.827,1.0
-0.86,1.0
-0.914,1.0
-0.985,1.0
-0.998,1.0
-1.0,1.0
-1.0,1.0
-1.0,1.0
-1.0,1.0
-1.0,1.0
-1.0,1.0
-1.0,1.0
-1.0,1.0
-1.0,1.0
-1.0,1.0
-1.0,1.0
-1.0,1.0
-1.0,1.0
-1.0,1.0
-1.0,1.0
-1.0,1.0
-1.0,1.0
-1.0,1.0
-1.0,1.0
-1.0,1.0
-1.0,1.0
-1.0,1.0
-1.0,1.0
-1.0,1.0
-1.0,1.0
-1.0,1.0
-1.0,1.0
-1.0,1.0
-1.0,1.0
-1.0,1.0
-1.0,1.0
-1.0,1.0
-1.0,1.0
-1.0,1.0
-1.0,1.0
-1.0,1.0
-1.0,1.0
-1.0,1.0
-1.0,1.0
-1.0,1.0
-1.0,1.0
-1.0,1.0
-1.0,1.0
-1.0,1.0
-1.0,1.0
-1.0,1.0
-1.0,1.0
-1.0,1.0
-1.0,1.0
-1.0,1.0
-1.0,1.0
-1.0,1.0
-1.0,1.0
-1.0,1.0
-1.0,1.0
-1.0,1.0
-1.0,1.0
-1.0,1.0
-1.0,1.0
-1.0,1.0
-1.0,1.0
-1.0,1.0
-1.0,1.0
-1.0,1.0
-1.0,1.0
-1.0,1.0
-1.0,1.0
-1.0,1.0
-1.0,1.0
-1.0,1.0
-1.0,1.0
-1.0,1.0
-1.0,1.0
-1.0,1.0
-1.0,1.0
-1.0,1.0
-1.0,1.0
-1.0,1.0
-1.0,1.0
-1.0,1.0
-1.0,1.0
-1.0,1.0
-1.0,1.0
-1.0,1.0
-1.0,1.0
-1.0,1.0
-1.0,1.0
-1.0,1.0
-1.0,1.0
-1.0,1.0
-1.0,1.0
-1.0,1.0
-1.0,1.0
-1.0,1.0
-1.0,1.0
-1.0,1.0
-1.0,1.0
-1.0,1.0
-1.0,1.0
-1.0,1.0
-1.0,1.0
-1.0,1.0
-1.0,1.0
-1.0,1.0
-1.0,1.0
-1.0,1.0
-1.0,1.0
-1.0,1.0
-1.0,1.0
-1.0,1.0
-1.0,1.0
-1.0,1.0
-1.0,1.0
-1.0,1.0
-1.0,1.0
-1.0,1.0
-1.0,1.0
-1.0,1.0
-1.0,1.0
-1.0,1.0
-1.0,1.0
-1.0,1.0
-1.0,1.0
-1.0,1.0
-1.0,1.0
-1.0,1.0
-0.961,1.0
-0.952,1.0
-0.941,1.0
-0.931,1.0
-0.93,1.0
-0.903,1.0
-0.877,1.0
-0.821,1.0
-0.775,1.0
-0.772,1.0
-0.77,1.0
-0.766,1.0
-0.766,1.0
-0.767,1.0
-0.769,1.0
-0.773,1.0
-0.775,1.0
-0.775,1.0
-0.775,1.0
-0.775,1.0
-0.775,1.0
-0.775,1.0
-0.775,1.0
-0.775,1.0
-0.777,1.0
-0.79,1.0
-0.791,1.0
-0.833,1.0
-0.837,1.0
-0.841,1.0
-0.844,1.0
-0.845,1.0
-0.846,1.0
-0.844,1.0
-0.845,1.0
-0.843,1.0
-0.841,1.0
-0.839,1.0
-0.84,1.0
-0.842,1.0
-0.844,1.0
-0.847,1.0
-0.849,1.0
-0.85,1.0
-0.849,1.0
-0.846,0.985
-0.843,0.976
-0.833,0.944
-0.833,0.828
-0.803,0.816
-0.806,0.826
-0.807,0.812
-0.806,0.82
-0.794,0.83
-0.783,0.835
-0.765,0.913
-0.765,1.0
-0.766,1.0
-0.766,1.0
-0.762,1.0
-0.76,1.0
-0.759,1.0
-0.757,1.0
-0.757,1.0
-0.759,1.0
-0.76,1.0
-0.759,1.0
-0.759,1.0
-0.76,0.951
-0.76,0.897
-0.76,0.876
-0.76,0.798
-0.76,0.711
-0.76,0.704
-0.76,0.71
-0.76,0.709
-0.76,0.716
-0.754,0.722
-0.745,0.725
-0.718,0.674
-0.696,0.617
-0.678,0.593
-0.678,0.518
-0.679,0.401
-0.682,0.384
-0.691,0.381
-0.694,0.362
-0.698,0.306
-0.701,0.306
-0.703,0.31
-0.703,0.265
-0.704,0.25
-0.704,0.255
-0.708,0.264
-0.736,0.266
-0.741,0.266
-0.754,0.267
-0.759,0.272
-0.759,0.273
-0.76,0.273
-0.762,0.274
-0.76,0.281
-0.762,0.285
-0.762,0.285
-0.762,0.286
-0.763,0.287
-0.763,0.287
-0.774,0.288
-0.786,0.288
-0.788,0.289
-0.787,0.306
-0.788,0.335
-0.794,0.428
-0.801,0.471
-0.81,0.574
-0.838,0.633
-0.855,0.721
-0.856,0.743
-0.856,0.82
-0.858,0.901
-0.862,0.903
-0.864,0.907
-0.862,0.935
-0.86,0.932
-0.852,0.923
-0.848,0.921
-0.81,0.89
-0.794,0.746
-0.785,0.646
-0.775,0.611
-0.754,0.464
-0.751,0.413
-0.748,0.358
-0.748,0.34
-0.748,0.29
-0.748,0.263
-0.75,0.261
-0.749,0.262
-0.747,0.265
-0.731,0.234
-0.726,0.237
-0.719,0.242
-0.719,0.233
-0.719,0.221
-0.72,0.228
-0.722,0.229
-0.722,0.229
-0.722,0.237
-0.722,0.248
-0.723,0.253
-0.741,0.314
-0.785,0.357
-0.796,0.379
-0.798,0.381
-0.798,0.384
-0.801,0.387
-0.801,0.388
-0.8,0.395
-0.8,0.397
-0.799,0.398
-0.796,0.398
-0.796,0.398
-0.793,0.398
-0.793,0.399
-0.795,0.404
-0.796,0.407
-0.796,0.441
-0.795,0.514
-0.794,0.517
-0.788,0.516
-0.788,0.517
-0.788,0.518
-0.789,0.519
-0.789,0.52
-0.787,0.522
-0.787,0.522
-0.786,0.52
-0.787,0.517
-0.786,0.514
-0.786,0.499
-0.786,0.499
-0.778,0.499
-0.759,0.49
-0.744,0.489
-0.719,0.494
-0.697,0.495
-0.677,0.559
