valence,arousal
-0.023,0.101
-0.023,0.101
0.0,0.101
0.0,0.085
0.0,0.062
0.0,0.085
0.0,0.085
0.0,0.085
0.0,0.101
0.0,0.101
0.0,0.101
0.0,0.101
0.0,0.101
0.0,0.062
0.0,0.101
0.0,0.101
0.0,0.085
0.0,0.133
0.0,0.148
0.0,0.148
0.0,0.148
0.0,0.148
0.0,0.148
0.0,0.148
0.0,0.148
0.0,0.148
0.0,0.148
0.0,0.148
0.0,0.148
0.0,0.148
0.0,0.148
0.0,0.148
0.0,0.148
0.0,0.148
0.0,0.148
0.0,0.148
0.0,0.148
0.0,0.148
0.0,0.148
0.0,0.148
0.0,0.148
0.0,0.148
0.0,0.148
0.0,0.148
0.0,0.148
0.0,0.148
0.0,0.148
0.0,0.148
0.0,0.148
0.0,0.148
0.0,0.148
0.0,0.148
0.0,0.148
0.0,0.148
0.0,0.148
0.0,0.148
0.0,0.148
0.0,0.148
0.0,0.148
0.0,0.148
0.0,0.148
0.0,0.148
0.0,0.148
0.0,0.148
0.0,0.148
0.0,0.148
0.0,0.148
0.0,0.148
0.0,0.062
0.0,0.03
0.0,0.03
0.0,0.046
0.0,0.0
0.0,0.014
0.0,0.0
0.0,0.046
0.0,0.0
0.0,0.0
0.0,0.03
0.0,0.03
0.0,0.03
0.0,0.03
0.0,0.03
0.0,0.03
0.0,0.03
0.0,0.03
0.0,0.03
0.0,0.03
0.0,0.03
0.0,0.03
0.0,0.03
0.0,0.03
0.0,0.03
0.0,0.03
0.0,0.03
0.0,0.03
0.0,0.03
0.0,0.03
0.0,0.03
0.0,0.03
0.0,0.03
0.0,0.03
0.0,0.03
0.0,0.03
0.0,0.03
0.0,0.03
0.0,0.03
0.0,0.03
0.0,0.03
0.0,0.03
0.0,0.03
0.0,0.03
0.0,0.03
0.0,0.03
0.0,0.03
0.0,0.03
0.0,0.03
0.0,0.03
0.0,0.03
0.0,0.03
0.0,0.03
0.0,0.03
0.0,0.03
0.0,0.03
0.0,0.03
0.0,0.03
0.0,0.046
0.0,0.046
0.0,0.046
0.0,0.046
0.0,0.046
0.0,0.046
0.0,0.046
0.0,0.046
0.0,0.046
0.0,0.046
0.0,0.046
0.0,0.062
0.0,0.062
0.0,0.062
0.0,0.062
0.0,0.062
0.0,0.062
0.0,0.085
0.0,0.062
0.0,0.085
0.0,0.085
0.0,0.085
0.0,0.085
0.0,0.085
0.0,0.085
0.0,0.062
0.0,0.046
0.0,0.062
0.0,0.062
0.0,0.046
0.0,0.085
0.0,0.046
0.0,0.085
0.0,0.062
0.0,0.101
0.0,0.117
0.0,0.117
0.0,0.085
0.0,0.085
0.0,0.085
0.0,0.085
0.0,0.085
0.0,0.085
0.0,0.085
0.0,0.085
0.0,0.085
0.0,0.085
0.0,0.085
0.0,0.085
0.0,0.085
0.0,0.085
0.0,0.085
0.0,0.085
0.0,0.085
0.0,0.085
0.0,0.085
0.0,0.085
0.0,0.117
0.0,0.117
0.0,0.117
0.0,0.117
0.0,0.117
0.0,0.133
0.0,0.133
0.0,0.133
0.0,0.133
0.0,0.133
0.0,0.133
0.0,0.133
0.0,0.133
0.0,0.133
0.0,0.101
0.0,0.101
0.0,0.101
0.0,0.101
0.0,0.101
0.0,0.101
0.0,0.101
0.0,0.101
0.0,0.101
0.0,0.101
0.0,0.101
0.0,0.101
0.0,0.101
0.0,0.101
0.0,0.101
0.0,0.101
0.0,0.101
0.0,0.101
0.0,0.101
0.0,0.101
0.0,0.101
0.0,0.101
0.0,0.101
0.0,0.101
0.0,0.101
0.0,0.101
0.0,0.101
0.0,0.101
0.0,0.101
0.0,0.101
0.0,0.101
0.0,0.101
0.0,0.101
0.0,0.101
0.0,0.101
0.0,0.101
0.0,0.101
0.0,0.101
0.0,0.133
0.0,0.133
0.0,0.133
0.0,0.133
0.0,0.133
0.0,0.133
0.0,0.133
0.0,0.133
0.0,0.133
0.0,0.133
0.0,0.133
0.0,0.133
0.0,0.133
0.0,0.133
0.0,0.133
0.0,0.133
0.014,0.133
0.014,0.133
0.014,0.133
0.014,0.133
0.014,0.133
0.014,0.133
0.014,0.133
0.014,0.133
0.014,0.133
0.03,0.133
0.03,0.133
0.0,0.133
0.0,0.133
0.03,0.133
0.0,0.133
0.03,0.133
0.062,0.133
0.03,0.133
0.062,0.148
0.101,0.204
0.101,0.259
0.133,0.275
0.148,0.306
0.148,0.306
0.148,0.322
0.148,0.346
0.148,0.29
0.148,0.346
0.148,0.393
0.148,0.409
0.172,0.464
0.148,0.464
0.148,0.464
0.148,0.48
0.172,0.48
0.188,0.448
0.204,0.48
0.219,0.448
0.219,0.48
0.219,0.495
0.219,0.464
0.219,0.464
0.235,0.464
0.235,0.464
0.235,0.464
0.235,0.464
0.235,0.464
0.235,0.464
0.235,0.464
0.235,0.464
0.235,0.464
0.235,0.464
0.235,0.464
0.235,0.464
0.235,0.464
0.235,0.464
0.235,0.464
0.235,0.464
0.235,0.464
0.235,0.464
0.235,0.464
0.235,0.464
0.235,0.464
0.235,0.464
0.235,0.464
0.235,0.464
0.235,0.464
0.235,0.464
0.235,0.464
0.235,0.464
0.204,0.464
0.204,0.464
0.204,0.464
0.204,0.464
0.204,0.464
0.204,0.464
0.204,0.464
0.204,0.464
0.204,0.464
0.204,0.464
0.204,0.464
0.204,0.464
0.204,0.464
0.204,0.464
0.204,0.464
0.204,0.464
0.204,0.464
0.204,0.464
0.204,0.464
0.204,0.464
0.204,0.464
0.204,0.448
0.204,0.448
0.204,0.409
0.204,0.393
0.204,0.346
0.204,0.346
0.204,0.346
0.204,0.361
0.204,0.361
0.204,0.361
0.204,0.361
0.204,0.361
0.204,0.361
0.204,0.361
0.204,0.346
0.204,0.346
0.204,0.322
0.204,0.322
0.204,0.322
0.204,0.322
0.204,0.322
0.204,0.322
0.204,0.322
0.204,0.322
0.204,0.306
0.219,0.306
0.219,0.306
0.219,0.322
0.219,0.322
0.219,0.322
0.219,0.346
0.219,0.322
0.219,0.322
0.219,0.322
0.219,0.322
0.219,0.322
0.219,0.322
0.219,0.322
0.219,0.322
0.219,0.322
0.219,0.322
0.219,0.322
0.219,0.322
0.219,0.346
0.219,0.346
0.219,0.346
0.219,0.346
0.219,0.346
0.219,0.346
0.219,0.346
0.219,0.346
0.219,0.346
0.219,0.346
0.219,0.346
0.219,0.346
0.219,0.322
0.219,0.322
0.219,0.346
0.219,0.322
0.219,0.306
0.219,0.306
0.219,0.306
0.219,0.306
0.219,0.306
0.219,0.306
0.219,0.306
0.219,0.29
0.219,0.29
0.219,0.275
0.219,0.306
0.219,0.306
0.219,0.306
0.219,0.275
0.219,0.259
0.219,0.29
0.219,0.29
0.219,0.29
0.219,0.259
0.219,0.275
0.219,0.275
0.219,0.275
0.219,0.259
0.219,0.235
0.219,0.259
0.219,0.235
0.219,0.219
0.219,0.235
0.219,0.235
0.219,0.219
0.188,0.219
0.188,0.219
0.188,0.219
0.188,0.235
0.188,0.219
0.188,0.219
0.188,0.204
0.188,0.235
0.188,0.235
0.188,0.204
0.188,0.204
0.188,0.204
0.188,0.235
0.188,0.235
0.188,0.235
0.188,0.235
0.188,0.204
0.188,0.204
0.188,0.204
0.188,0.204
0.188,0.204
0.188,0.204
0.188,0.204
0.188,0.204
0.188,0.188
0.188,0.188
0.188,0.188
0.188,0.204
0.188,0.172
0.188,0.172
0.188,0.204
0.188,0.204
0.172,0.204
0.172,0.172
0.148,0.172
0.133,0.172
0.133,0.172
0.133,0.172
0.133,0.148
0.133,0.172
0.133,0.172
0.133,0.188
0.133,0.188
0.133,0.188
0.133,0.188
0.133,0.188
0.133,0.188
0.133,0.188
0.133,0.188
0.133,0.188
0.133,0.188
0.133,0.188
0.133,0.188
0.133,0.172
0.133,0.188
0.133,0.188
0.133,0.188
0.133,0.188
0.133,0.188
0.133,0.188
0.133,0.188
0.133,0.188
0.133,0.188
0.133,0.188
0.133,0.188
0.133,0.188
0.133,0.188
0.133,0.188
0.133,0.188
0.133,0.188
0.133,0.188
0.133,0.188
0.133,0.188
0.133,0.188
0.133,0.188
0.133,0.188
0.133,0.188
0.133,0.188
0.133,0.188
0.133,0.188
0.133,0.188
0.133,0.188
0.133,0.188
0.133,0.188
0.133,0.188
0.133,0.188
0.133,0.188
0.133,0.188
0.133,0.188
0.133,0.188
0.133,0.188
0.133,0.188
0.133,0.188
0.133,0.188
0.133,0.188
0.133,0.188
0.133,0.188
0.133,0.188
0.133,0.188
0.133,0.188
0.133,0.188
0.133,0.188
0.133,0.188
0.133,0.188
0.133,0.188
0.133,0.188
0.133,0.188
0.133,0.188
0.133,0.188
0.133,0.188
0.133,0.188
0.133,0.188
0.133,0.188
0.133,0.188
0.133,0.188
0.133,0.188
0.133,0.188
0.133,0.188
0.133,0.188
0.133,0.188
0.133,0.188
0.133,0.188
0.133,0.188
0.133,0.188
0.133,0.188
0.133,0.188
0.133,0.188
0.133,0.188
0.133,0.188
0.117,0.188
0.117,0.188
0.085,0.188
0.085,0.188
0.062,0.188
0.062,0.188
0.085,0.188
0.062,0.188
0.085,0.188
0.085,0.188
0.062,0.188
0.085,0.188
0.062,0.188
0.062,0.188
0.062,0.188
0.062,0.188
0.085,0.188
0.085,0.188
0.062,0.188
0.085,0.188
0.085,0.188
0.062,0.188
0.062,0.188
0.062,0.188
0.062,0.188
0.062,0.188
0.062,0.188
0.085,0.188
0.085,0.188
0.062,0.188
0.062,0.188
0.085,0.188
0.062,0.188
0.085,0.188
0.085,0.188
0.062,0.188
0.062,0.204
0.062,0.235
0.062,0.29
0.133,0.259
0.204,0.259
0.235,0.259
0.259,0.259
0.259,0.29
0.259,0.322
0.275,0.322
0.275,0.377
0.306,0.432
0.409,0.432
0.48,0.448
0.495,0.448
0.495,0.464
0.495,0.48
0.495,0.551
0.495,0.582
0.495,0.622
0.495,0.622
0.495,0.638
0.495,0.638
0.495,0.638
0.495,0.653
0.495,0.606
0.495,0.638
0.495,0.622
0.495,0.693
0.495,0.724
0.495,0.795
0.495,0.811
0.495,0.795
0.495,0.795
0.495,0.827
0.495,0.843
0.495,0.843
0.495,0.843
0.464,0.843
0.464,0.843
0.464,0.843
0.464,0.843
0.551,0.843
0.653,0.843
0.74,0.843
0.756,0.843
0.78,0.843
0.756,0.843
0.756,0.866
0.756,0.882
0.78,0.882
0.78,0.882
0.78,0.882
0.78,0.882
0.78,0.882
0.78,0.882
0.78,0.882
0.78,0.882
0.78,0.882
0.78,0.882
0.78,0.882
0.78,0.882
0.78,0.882
0.78,0.882
0.78,0.882
0.78,0.882
0.78,0.882
0.78,0.882
0.78,0.882
0.78,0.882
0.78,0.882
0.78,0.882
0.78,0.882
0.78,0.882
0.78,0.882
0.78,0.882
0.78,0.882
0.78,0.882
0.78,0.882
0.78,0.882
0.78,0.882
0.78,0.882
0.78,0.811
0.78,0.78
0.78,0.724
0.78,0.669
0.756,0.669
0.693,0.638
0.638,0.606
0.582,0.551
0.567,0.582
0.567,0.551
0.567,0.582
0.567,0.582
0.519,0.519
0.495,0.519
0.495,0.535
0.495,0.495
0.464,0.495
0.377,0.495
0.377,0.495
0.393,0.48
0.361,0.519
0.361,0.519
0.361,0.48
0.361,0.495
0.377,0.464
0.346,0.448
0.377,0.432
0.346,0.432
0.346,0.409
0.346,0.393
0.346,0.377
0.346,0.409
0.346,0.377
0.346,0.346
0.346,0.393
0.346,0.346
0.346,0.306
0.346,0.322
0.346,0.322
0.346,0.306
0.346,0.306
0.346,0.306
0.346,0.306
0.346,0.29
0.346,0.29
0.346,0.29
0.346,0.29
0.346,0.29
0.346,0.29
0.346,0.29
0.346,0.29
0.346,0.29
0.346,0.29
0.346,0.29
0.346,0.29
0.346,0.29
0.346,0.322
0.346,0.346
0.346,0.361
0.346,0.377
0.346,0.393
0.346,0.393
0.346,0.393
0.346,0.393
0.346,0.409
0.346,0.432
0.346,0.432
0.346,0.448
0.346,0.432
0.346,0.409
0.346,0.432
0.346,0.409
0.346,0.432
0.346,0.409
0.346,0.409
0.346,0.409
0.346,0.409
0.322,0.409
0.259,0.432
0.188,0.432
0.133,0.409
0.014,0.409
0.0,0.346
-0.023,0.29
-0.031,0.219
-0.119,0.219
-0.151,0.219
-0.167,0.219
-0.167,0.219
-0.167,0.219
-0.167,0.219
-0.167,0.219
-0.167,0.259
-0.167,0.306
-0.175,0.322
-0.175,0.361
-0.175,0.409
-0.175,0.448
-0.175,0.448
-0.191,0.448
-0.191,0.448
-0.167,0.448
-0.167,0.448
-0.167,0.448
-0.167,0.409
-0.167,0.432
-0.167,0.432
-0.167,0.495
-0.151,0.464
-0.151,0.519
-0.151,0.551
-0.151,0.551
-0.151,0.551
-0.151,0.551
-0.151,0.551
-0.151,0.551
-0.151,0.551
-0.151,0.551
-0.151,0.551
-0.151,0.495
-0.151,0.432
-0.151,0.361
-0.151,0.346
-0.151,0.322
-0.151,0.322
-0.151,0.322
-0.151,0.29
-0.151,0.29
-0.151,0.306
-0.151,0.306
-0.151,0.259
-0.151,0.29
-0.151,0.29
-0.151,0.29
-0.151,0.29
-0.151,0.29
-0.151,0.29
-0.151,0.29
-0.151,0.29
-0.151,0.29
-0.151,0.29
-0.151,0.259
-0.151,0.29
-0.151,0.259
-0.151,0.235
-0.151,0.219
-0.151,0.188
-0.103,0.188
-0.071,0.219
-0.023,0.188
-0.007,0.188
-0.007,0.188
-0.007,0.188
0.0,0.188
0.0,0.188
0.0,0.188
0.0,0.188
0.0,0.172
0.0,0.172
0.0,0.172
0.0,0.204
0.0,0.204
0.0,0.204
0.0,0.204
0.0,0.204
0.0,0.204
0.0,0.204
0.0,0.204
0.0,0.204
0.0,0.204
0.0,0.204
0.0,0.204
-0.023,0.204
-0.031,0.204
-0.031,0.204
-0.047,0.204
-0.055,0.204
-0.071,0.204
-0.095,0.204
-0.095,0.204
-0.095,0.204
-0.095,0.204
-0.095,0.204
-0.095,0.204
-0.095,0.204
-0.095,0.204
-0.095,0.204
-0.095,0.204
-0.095,0.204
-0.095,0.204
-0.095,0.204
-0.095,0.204
-0.095,0.204
-0.095,0.204
-0.095,0.204
-0.103,0.204
-0.103,0.204
-0.103,0.204
-0.103,0.172
-0.103,0.172
-0.127,0.172
-0.127,0.172
-0.127,0.172
-0.127,0.172
-0.127,0.172
-0.127,0.172
-0.127,0.172
-0.127,0.204
-0.127,0.204
-0.127,0.204
-0.127,0.204
-0.127,0.204
-0.127,0.204
-0.127,0.204
-0.127,0.172
-0.127,0.172
-0.127,0.172
-0.127,0.172
-0.127,0.172
-0.127,0.172
-0.127,0.172
-0.127,0.204
-0.127,0.204
-0.127,0.204
-0.071,0.172
-0.047,0.172
0.0,0.172
0.0,0.172
0.03,0.172
0.085,0.172
0.219,0.172
0.219,0.235
0.219,0.275
0.219,0.306
0.219,0.322
0.219,0.361
0.219,0.448
0.219,0.409
0.219,0.432
0.219,0.448
0.219,0.393
0.219,0.409
0.219,0.377
0.219,0.409
0.219,0.432
0.219,0.432
0.219,0.409
0.219,0.432
0.219,0.409
0.219,0.409
0.219,0.409
0.219,0.409
0.219,0.409
0.219,0.409
0.219,0.432
0.219,0.409
0.219,0.409
0.219,0.409
0.188,0.409
0.188,0.393
0.188,0.393
0.188,0.393
0.188,0.393
0.188,0.393
0.188,0.393
0.188,0.393
0.188,0.393
0.188,0.393
0.188,0.393
0.188,0.393
0.188,0.393
0.188,0.393
0.188,0.393
0.188,0.393
0.188,0.393
0.188,0.393
0.188,0.393
0.188,0.393
0.188,0.393
0.188,0.393
0.188,0.393
0.188,0.393
0.188,0.393
0.188,0.393
0.188,0.393
0.188,0.393
0.188,0.393
0.188,0.393
0.235,0.393
0.306,0.393
0.393,0.409
0.432,0.464
0.448,0.48
0.448,0.495
0.448,0.464
0.448,0.464
0.448,0.535
0.448,0.551
0.448,0.567
0.448,0.535
0.448,0.535
0.448,0.567
0.448,0.567
0.448,0.535
0.448,0.535
0.448,0.535
0.448,0.606
0.448,0.606
0.448,0.606
0.448,0.606
0.448,0.606
0.448,0.622
0.448,0.622
0.448,0.606
0.448,0.622
0.448,0.606
0.448,0.669
0.448,0.669
0.393,0.693
0.361,0.669
0.346,0.653
0.322,0.693
0.29,0.709
0.29,0.709
0.29,0.669
0.275,0.709
0.275,0.74
0.275,0.78
0.275,0.756
0.275,0.795
0.275,0.795
0.259,0.795
0.259,0.795
0.259,0.795
0.259,0.795
0.259,0.795
0.259,0.795
0.259,0.795
0.259,0.795
0.259,0.795
0.259,0.795
0.259,0.795
0.259,0.795
0.259,0.795
0.259,0.795
0.259,0.795
0.259,0.756
0.259,0.756
0.259,0.724
0.259,0.669
0.259,0.693
0.259,0.638
0.259,0.582
0.259,0.606
0.259,0.606
0.259,0.567
0.259,0.567
0.259,0.519
0.259,0.535
0.259,0.551
0.259,0.535
0.259,0.519
0.259,0.535
0.29,0.519
0.29,0.495
0.306,0.519
0.322,0.495
0.346,0.519
0.346,0.48
0.346,0.495
0.346,0.495
0.346,0.495
0.346,0.495
0.346,0.464
0.346,0.48
0.346,0.48
0.346,0.464
0.346,0.448
0.346,0.432
0.346,0.448
0.346,0.48
0.346,0.432
0.346,0.409
0.346,0.448
0.346,0.432
0.346,0.432
0.346,0.409
0.346,0.409
0.346,0.432
0.346,0.409
0.346,0.448
0.346,0.448
0.346,0.464
0.346,0.432
0.346,0.432
0.346,0.432
0.346,0.432
0.346,0.432
0.346,0.432
0.346,0.432
0.346,0.432
0.346,0.432
0.346,0.432
0.346,0.432
0.346,0.432
0.346,0.432
0.346,0.432
0.346,0.432
0.346,0.464
0.346,0.409
0.322,0.432
0.219,0.432
0.219,0.432
0.219,0.432
0.219,0.448
0.219,0.409
0.219,0.448
0.219,0.432
0.219,0.377
0.219,0.377
0.219,0.377
0.219,0.377
0.219,0.409
0.219,0.377
0.219,0.377
0.219,0.361
0.204,0.361
0.204,0.361
0.204,0.346
0.204,0.346
0.204,0.322
0.204,0.322
0.204,0.346
0.204,0.346
0.204,0.346
0.204,0.346
0.204,0.322
0.204,0.322
0.204,0.322
0.204,0.29
0.204,0.29
0.204,0.306
0.172,0.29
0.101,0.275
0.03,0.275
0.0,0.275
0.0,0.259
-0.007,0.259
-0.023,0.275
-0.023,0.275
-0.031,0.235
-0.023,0.235
-0.047,0.219
-0.047,0.219
-0.047,0.219
-0.047,0.188
-0.047,0.172
-0.047,0.172
-0.055,0.148
-0.055,0.188
-0.071,0.148
-0.071,0.148
-0.071,0.172
-0.079,0.148
-0.079,0.172
-0.095,0.172
-0.095,0.172
-0.095,0.148
-0.095,0.172
-0.103,0.188
-0.119,0.117
-0.119,0.148
-0.119,0.117
-0.119,0.148
-0.119,0.117
-0.119,0.133
-0.119,0.101
-0.119,0.133
-0.119,0.101
-0.119,0.101
-0.119,0.101
-0.119,0.101
-0.119,0.101
-0.119,0.085
-0.119,0.085
-0.119,0.085
-0.119,0.101
-0.119,0.101
-0.119,0.101
-0.119,0.062
-0.119,0.062
-0.119,0.085
-0.119,0.085
-0.119,0.085
-0.095,0.085
-0.071,0.085
-0.071,0.085
-0.047,0.085
-0.047,0.085
-0.031,0.085
-0.031,0.085
-0.023,0.085
-0.047,0.085
-0.047,0.101
-0.047,0.101
-0.047,0.101
-0.047,0.101
-0.047,0.101
-0.047,0.101
-0.047,0.101
-0.047,0.101
-0.047,0.101
-0.047,0.101
-0.047,0.101
-0.047,0.101
-0.047,0.101
-0.047,0.101
-0.047,0.101
-0.047,0.101
-0.047,0.101
-0.047,0.101
-0.047,0.101
-0.047,0.101
-0.047,0.101
-0.047,0.101
-0.047,0.101
-0.047,0.101
-0.047,0.101
-0.047,0.101
-0.047,0.101
-0.047,0.101
-0.047,0.101
-0.047,0.101
-0.047,0.101
-0.047,0.101
-0.047,0.101
-0.047,0.101
-0.047,0.101
-0.047,0.101
-0.071,0.101
-0.071,0.101
-0.071,0.117
-0.023,0.219
0.0,0.306
0.148,0.322
0.204,0.346
0.219,0.346
0.259,0.409
0.393,0.448
0.448,0.48
0.464,0.551
0.464,0.582
0.464,0.606
0.448,0.582
0.377,0.638
0.377,0.638
0.346,0.622
0.346,0.606
0.322,0.638
0.306,0.653
0.306,0.653
0.306,0.693
0.306,0.74
0.306,0.756
0.306,0.795
0.306,0.795
0.306,0.811
0.306,0.795
0.346,0.827
0.393,0.843
0.48,0.843
0.519,0.843
0.535,0.843
0.535,0.843
0.535,0.843
0.535,0.843
0.535,0.843
0.535,0.843
0.535,0.843
0.535,0.843
0.535,0.843
0.535,0.843
0.535,0.843
0.535,0.843
0.535,0.843
0.535,0.843
0.535,0.843
0.535,0.843
0.535,0.843
0.535,0.827
0.535,0.827
0.535,0.827
0.535,0.827
0.535,0.827
0.535,0.827
0.519,0.827
0.495,0.827
0.48,0.827
0.464,0.827
0.464,0.827
0.448,0.827
0.48,0.827
0.448,0.827
0.448,0.827
0.48,0.827
0.464,0.811
0.464,0.724
0.432,0.653
0.432,0.638
0.432,0.622
0.464,0.606
0.464,0.606
0.464,0.582
0.464,0.582
0.464,0.582
0.464,0.582
0.464,0.567
0.464,0.567
0.464,0.567
0.464,0.535
0.464,0.551
0.464,0.535
0.464,0.567
0.464,0.535
0.464,0.551
0.464,0.567
0.464,0.567
0.464,0.582
0.464,0.551
0.464,0.551
0.464,0.551
0.464,0.551
0.464,0.551
0.464,0.551
0.464,0.551
0.464,0.551
0.464,0.551
0.464,0.551
0.464,0.535
0.464,0.535
0.464,0.567
0.464,0.567
0.464,0.567
0.464,0.567
0.464,0.567
0.464,0.567
0.464,0.567
0.464,0.567
0.464,0.567
0.464,0.567
0.464,0.567
0.464,0.567
0.464,0.567
0.464,0.567
0.464,0.567
0.464,0.567
0.464,0.567
0.464,0.567
0.464,0.567
0.464,0.567
0.464,0.567
0.464,0.567
0.464,0.567
0.464,0.567
0.464,0.567
0.464,0.567
0.464,0.567
0.464,0.567
0.464,0.567
0.464,0.567
0.464,0.567
0.464,0.567
0.464,0.567
0.464,0.567
0.464,0.567
0.464,0.567
0.464,0.535
0.464,0.519
0.464,0.519
0.464,0.519
0.464,0.535
0.432,0.551
0.409,0.519
0.432,0.519
0.377,0.495
0.377,0.535
0.377,0.535
0.393,0.519
0.361,0.519
0.361,0.519
0.361,0.519
0.361,0.519
0.361,0.495
0.346,0.495
0.346,0.495
0.346,0.495
0.322,0.495
0.361,0.519
0.346,0.495
0.346,0.495
0.346,0.48
0.346,0.495
0.346,0.519
0.322,0.495
0.346,0.48
0.322,0.48
0.346,0.48
0.346,0.48
0.346,0.48
0.322,0.48
0.346,0.48
0.322,0.48
0.322,0.48
0.322,0.48
0.322,0.48
0.322,0.48
0.322,0.519
0.322,0.519
0.322,0.519
0.322,0.519
0.322,0.519
0.322,0.519
0.322,0.519
0.322,0.519
0.322,0.519
0.322,0.519
0.322,0.495
0.322,0.519
0.322,0.495
0.322,0.495
0.322,0.495
0.322,0.495
0.322,0.495
0.322,0.495
0.322,0.495
0.322,0.495
0.322,0.495
0.322,0.495
0.322,0.495
0.322,0.519
0.275,0.495
0.275,0.495
0.275,0.519
0.275,0.495
0.259,0.495
0.235,0.519
0.219,0.519
0.219,0.519
0.219,0.519
0.204,0.519
0.235,0.519
0.235,0.519
0.235,0.519
0.235,0.519
0.235,0.519
0.204,0.519
0.204,0.519
0.204,0.495
0.204,0.519
0.204,0.519
0.204,0.495
0.204,0.519
0.204,0.48
0.204,0.48
0.204,0.432
0.204,0.393
0.204,0.409
0.204,0.377
0.235,0.361
0.235,0.393
0.235,0.432
0.235,0.409
0.235,0.409
0.235,0.377
0.235,0.361
0.235,0.393
0.235,0.393
0.235,0.393
0.235,0.393
0.235,0.393
0.235,0.393
0.235,0.393
0.204,0.393
0.204,0.393
0.204,0.393
0.204,0.393
0.204,0.393
0.204,0.393
0.204,0.393
0.204,0.377
0.204,0.393
0.204,0.393
0.204,0.346
0.204,0.322
0.204,0.306
0.204,0.306
0.204,0.306
0.204,0.306
0.204,0.306
0.204,0.306
0.204,0.306
0.204,0.346
0.204,0.346
0.204,0.346
0.204,0.346
0.204,0.346
0.204,0.346
0.204,0.322
0.204,0.322
0.204,0.346
0.204,0.346
0.204,0.346
0.204,0.346
0.204,0.346
0.204,0.346
0.204,0.346
0.204,0.346
0.204,0.346
0.204,0.346
0.204,0.346
0.204,0.346
0.204,0.346
0.204,0.346
0.204,0.346
0.204,0.346
0.204,0.346
0.204,0.346
0.204,0.346
0.204,0.346
0.204,0.346
0.204,0.346
0.204,0.346
0.204,0.346
0.204,0.346
0.188,0.346
0.188,0.346
0.188,0.346
0.188,0.346
0.188,0.322
0.188,0.322
0.188,0.346
0.188,0.322
0.188,0.346
0.188,0.322
0.188,0.29
0.188,0.322
0.188,0.322
0.188,0.322
0.188,0.322
0.188,0.322
0.188,0.322
0.188,0.322
0.188,0.322
0.188,0.322
0.188,0.322
0.188,0.306
0.148,0.275
0.03,0.204
0.0,0.188
-0.079,0.133
-0.127,0.148
-0.151,0.172
-0.175,0.172
-0.191,0.172
-0.191,0.148
-0.199,0.148
-0.199,0.148
-0.199,0.133
-0.199,0.133
-0.199,0.133
-0.199,0.133
-0.199,0.133
-0.199,0.117
-0.167,0.117
-0.095,0.148
-0.079,0.117
-0.071,0.117
-0.055,0.148
-0.047,0.148
-0.047,0.117
-0.031,0.117
-0.031,0.117
-0.055,0.117
-0.007,0.117
0.0,0.117
0.0,0.117
0.062,0.117
0.148,0.148
0.219,0.275
0.259,0.322
0.306,0.393
0.306,0.448
0.322,0.519
0.322,0.519
0.322,0.622
0.322,0.669
0.322,0.756
0.306,0.811
0.346,0.811
0.346,0.843
0.409,0.866
0.464,0.843
0.495,0.843
0.519,0.843
0.519,0.843
0.519,0.866
0.519,0.866
0.519,0.827
0.519,0.827
0.519,0.827
0.519,0.827
0.519,0.827
0.519,0.827
0.519,0.827
0.519,0.827
0.519,0.827
0.519,0.866
0.519,0.843
0.519,0.843
0.519,0.843
0.519,0.843
0.519,0.843
0.519,0.843
0.519,0.843
0.519,0.827
0.519,0.827
0.519,0.827
0.519,0.756
0.519,0.74
0.519,0.724
0.519,0.709
0.519,0.709
0.519,0.756
0.519,0.74
0.519,0.724
0.519,0.724
0.519,0.724
0.519,0.693
0.519,0.669
0.519,0.669
0.519,0.669
0.519,0.669
0.519,0.669
0.519,0.693
0.519,0.653
0.519,0.653
0.519,0.638
0.519,0.638
0.519,0.606
0.519,0.582
0.519,0.606
0.519,0.606
0.519,0.582
0.519,0.551
0.495,0.551
0.48,0.551
0.393,0.535
0.377,0.551
0.346,0.551
0.346,0.567
0.346,0.535
0.346,0.535
0.346,0.567
0.346,0.567
0.322,0.567
0.322,0.567
0.322,0.567
0.322,0.567
0.322,0.567
0.346,0.535
0.346,0.567
0.322,0.567
0.346,0.535
0.346,0.535
0.322,0.535
0.306,0.535
0.306,0.535
0.306,0.535
0.306,0.535
0.306,0.535
0.29,0.535
0.29,0.535
0.29,0.519
0.275,0.495
0.259,0.448
0.235,0.393
0.188,0.393
0.188,0.322
0.172,0.306
0.172,0.259
0.172,0.219
0.172,0.188
0.172,0.188
0.172,0.188
0.148,0.172
0.172,0.172
0.148,0.188
0.148,0.148
0.148,0.148
0.133,0.148
0.117,0.148
0.117,0.148
0.117,0.148
0.117,0.148
0.085,0.148
0.046,0.148
0.0,0.148
0.0,0.148
0.0,0.148
0.0,0.148
-0.007,0.148
-0.031,0.148
-0.047,0.148
-0.047,0.148
-0.047,0.148
-0.079,0.148
-0.095,0.148
-0.119,0.148
-0.119,0.148
-0.119,0.133
-0.119,0.133
-0.119,0.133
-0.119,0.133
-0.119,0.133
-0.119,0.133
-0.119,0.133
-0.119,0.133
-0.119,0.133
-0.119,0.133
-0.119,0.133
-0.119,0.133
-0.119,0.133
-0.119,0.133
-0.119,0.133
-0.119,0.133
-0.119,0.133
-0.119,0.133
-0.119,0.133
-0.119,0.133
-0.119,0.133
-0.119,0.133
-0.119,0.133
-0.119,0.133
-0.119,0.133
-0.127,0.133
-0.127,0.133
-0.127,0.133
-0.127,0.133
-0.127,0.133
-0.127,0.133
-0.127,0.133
-0.127,0.133
-0.127,0.133
-0.127,0.133
-0.143,0.133
-0.143,0.133
-0.143,0.133
-0.143,0.133
-0.143,0.133
-0.143,0.133
-0.143,0.133
-0.143,0.133
-0.143,0.133
-0.143,0.133
-0.143,0.133
-0.143,0.133
-0.143,0.133
-0.143,0.133
-0.143,0.133
-0.143,0.133
-0.143,0.133
-0.143,0.133
-0.143,0.133
-0.143,0.133
-0.143,0.133
-0.143,0.133
-0.143,0.133
-0.143,0.133
-0.143,0.133
-0.143,0.133
-0.143,0.133
-0.143,0.133
-0.143,0.133
-0.143,0.133
-0.143,0.133
-0.143,0.133
-0.143,0.133
-0.143,0.133
-0.143,0.133
-0.143,0.133
-0.143,0.133
-0.143,0.133
-0.151,0.133
-0.151,0.133
-0.167,0.133
-0.167,0.133
-0.167,0.133
-0.167,0.133
-0.167,0.133
-0.167,0.133
-0.167,0.133
-0.167,0.133
-0.167,0.133
-0.167,0.133
-0.167,0.133
-0.167,0.133
-0.167,0.133
-0.167,0.133
-0.167,0.133
-0.167,0.133
-0.167,0.133
-0.167,0.133
-0.167,0.133
-0.167,0.133
-0.167,0.133
-0.167,0.133
-0.143,0.133
-0.143,0.133
-0.119,0.133
-0.103,0.133
-0.071,0.133
-0.055,0.133
-0.055,0.133
-0.055,0.133
-0.047,0.133
-0.047,0.133
-0.047,0.133
-0.047,0.133
-0.047,0.133
-0.047,0.133
-0.047,0.133
-0.047,0.133
-0.047,0.133
-0.047,0.133
-0.047,0.133
-0.047,0.133
-0.047,0.133
-0.047,0.133
-0.047,0.133
-0.047,0.133
-0.047,0.133
-0.047,0.133
-0.047,0.133
-0.047,0.133
-0.047,0.133
-0.047,0.133
-0.047,0.133
-0.031,0.133
-0.031,0.148
-0.031,0.117
-0.031,0.117
-0.031,0.117
-0.031,0.148
-0.023,0.148
-0.023,0.148
-0.023,0.148
-0.007,0.148
-0.007,0.148
-0.007,0.148
-0.007,0.148
-0.007,0.148
-0.007,0.148
-0.007,0.148
-0.007,0.148
-0.007,0.148
-0.007,0.148
-0.007,0.148
-0.007,0.148
-0.007,0.148
-0.007,0.148
-0.007,0.148
-0.007,0.148
-0.007,0.148
-0.007,0.148
-0.007,0.148
-0.007,0.148
-0.007,0.148
-0.007,0.148
-0.007,0.148
-0.007,0.148
-0.007,0.148
-0.055,0.148
-0.103,0.148
-0.119,0.148
-0.119,0.148
-0.119,0.148
-0.119,0.148
-0.119,0.148
-0.119,0.148
-0.119,0.148
-0.119,0.148
-0.119,0.148
-0.119,0.148
-0.119,0.148
-0.119,0.148
-0.127,0.148
-0.127,0.148
-0.127,0.148
-0.127,0.148
-0.127,0.148
-0.127,0.148
-0.127,0.148
-0.127,0.148
-0.127,0.148
-0.127,0.148
-0.103,0.148
-0.103,0.148
-0.103,0.148
-0.103,0.148
-0.103,0.148
-0.103,0.148
-0.095,0.148
-0.079,0.148
-0.079,0.148
-0.071,0.148
-0.071,0.148
-0.071,0.148
-0.071,0.148
-0.055,0.148
-0.055,0.148
-0.055,0.117
-0.055,0.117
-0.055,0.117
-0.055,0.117
-0.055,0.117
-0.055,0.117
-0.055,0.117
-0.055,0.117
-0.055,0.117
-0.055,0.117
-0.055,0.117
-0.055,0.117
-0.055,0.117
-0.055,0.117
-0.055,0.117
-0.055,0.117
-0.055,0.117
-0.055,0.117
-0.055,0.117
-0.055,0.117
-0.055,0.117
-0.055,0.117
-0.055,0.117
-0.055,0.117
-0.055,0.117
-0.055,0.117
-0.055,0.148
-0.055,0.148
-0.055,0.148
-0.055,0.148
-0.055,0.148
-0.055,0.148
-0.055,0.148
-0.055,0.148
-0.055,0.148
-0.055,0.148
-0.055,0.148
-0.055,0.148
-0.055,0.148
-0.055,0.148
-0.055,0.148
-0.055,0.148
-0.055,0.148
-0.055,0.148
-0.055,0.148
-0.055,0.148
-0.055,0.117
-0.055,0.117
-0.055,0.117
-0.055,0.117
-0.047,0.117
-0.031,0.117
-0.007,0.117
0.0,0.117
0.0,0.117
0.0,0.117
0.0,0.117
0.0,0.117
0.0,0.117
0.0,0.117
0.0,0.117
0.0,0.117
0.0,0.117
0.0,0.117
0.0,0.117
0.0,0.117
0.0,0.117
0.0,0.117
0.0,0.117
0.0,0.117
0.0,0.117
0.0,0.117
-0.031,0.117
-0.103,0.117
-0.119,0.117
-0.127,0.117
-0.127,0.117
-0.143,0.117
-0.143,0.117
-0.143,0.117
-0.143,0.117
-0.151,0.117
-0.151,0.117
-0.151,0.117
-0.151,0.117
-0.151,0.117
-0.151,0.117
-0.151,0.117
-0.151,0.117
-0.151,0.117
-0.151,0.117
-0.151,0.101
-0.151,0.101
-0.151,0.101
-0.151,0.101
-0.151,0.085
-0.151,0.085
-0.151,0.085
-0.151,0.062
-0.151,0.062
-0.151,0.062
-0.151,0.046
-0.151,0.046
-0.151,0.046
-0.151,0.085
-0.127,0.046
-0.119,0.085
-0.103,0.062
-0.095,0.062
-0.095,0.062
-0.095,0.062
-0.095,0.03
-0.095,0.03
-0.095,0.062
-0.095,0.062
-0.095,0.062
-0.095,0.03
-0.095,0.03
-0.095,0.03
-0.095,0.014
-0.095,0.046
-0.095,0.014
-0.095,0.014
-0.095,0.0
-0.095,0.0
-0.095,0.0
-0.095,0.0
-0.095,0.0
-0.095,0.0
-0.095,0.0
-0.095,0.0
-0.095,0.0
-0.095,0.0
-0.095,0.0
-0.095,0.0
-0.095,0.0
-0.095,0.0
-0.095,0.0
-0.095,0.0
-0.095,0.0
-0.095,0.0
-0.095,0.0
-0.095,0.0
-0.095,0.0
-0.095,0.0
-0.095,0.0
-0.095,0.0
-0.095,0.0
-0.071,0.0
-0.071,0.0
-0.071,0.0
-0.071,0.0
-0.095,0.0
-0.095,0.0
-0.095,0.0
-0.095,0.0
-0.095,0.0
-0.095,0.0
-0.095,0.0
-0.095,0.046
-0.095,0.03
-0.095,0.03
-0.095,0.085
-0.095,0.085
-0.095,0.085
-0.095,0.046
-0.095,0.101
-0.095,0.101
-0.095,0.101
-0.095,0.101
-0.095,0.101
-0.095,0.101
-0.095,0.101
-0.095,0.101
-0.095,0.101
-0.095,0.101
-0.071,0.101
-0.071,0.101
-0.071,0.101
-0.055,0.101
-0.055,0.101
-0.055,0.101
-0.055,0.101
-0.055,0.101
-0.055,0.101
-0.055,0.101
-0.055,0.101
-0.055,0.101
-0.055,0.101
-0.055,0.101
-0.055,0.101
-0.055,0.101
-0.055,0.101
-0.055,0.101
-0.055,0.101
-0.055,0.101
-0.055,0.101
-0.055,0.101
-0.055,0.101
-0.055,0.101
-0.055,0.101
-0.055,0.101
-0.055,0.101
-0.055,0.101
-0.055,0.101
-0.055,0.101
-0.055,0.101
-0.055,0.101
-0.055,0.101
-0.079,0.101
-0.079,0.101
-0.079,0.085
-0.079,0.085
-0.079,0.062
-0.079,0.062
-0.079,0.062
-0.079,0.062
-0.079,0.046
-0.079,0.046
-0.079,0.046
-0.079,0.046
-0.079,0.046
-0.079,0.046
-0.079,0.046
-0.079,0.046
-0.079,0.046
-0.079,0.046
-0.079,0.046
-0.079,0.046
-0.079,0.046
-0.079,0.046
-0.079,0.046
-0.079,0.046
-0.079,0.046
-0.079,0.046
-0.079,0.046
-0.079,0.046
-0.079,0.046
-0.079,0.046
-0.079,0.046
-0.079,0.046
-0.079,0.046
-0.079,0.046
-0.079,0.046
-0.079,0.046
-0.079,0.046
-0.079,0.046
-0.079,0.03
-0.079,0.03
-0.079,0.03
-0.079,0.03
-0.079,0.03
-0.079,0.03
-0.079,0.03
-0.079,0.03
-0.079,0.03
-0.079,0.03
-0.079,0.03
-0.079,0.03
-0.079,0.03
-0.079,0.03
-0.079,0.03
-0.079,0.03
-0.095,0.03
-0.095,0.03
-0.095,0.03
-0.095,0.03
-0.095,0.03
-0.095,0.03
-0.095,0.03
-0.095,0.03
-0.095,0.03
-0.095,0.03
-0.103,0.03
-0.103,0.03
-0.103,0.03
-0.103,0.03
-0.103,0.03
-0.103,0.03
-0.103,0.03
-0.103,0.03
-0.103,0.03
-0.119,0.03
-0.119,0.03
-0.119,0.03
-0.119,0.03
-0.119,0.03
-0.119,0.03
-0.119,0.03
-0.119,0.03
-0.119,0.062
-0.119,0.062
-0.119,0.062
-0.119,0.062
-0.119,0.062
-0.119,0.062
-0.119,0.062
-0.119,0.062
-0.119,0.062
-0.119,0.062
-0.119,0.062
-0.119,0.062
-0.119,0.085
-0.119,0.085
-0.119,0.085
-0.119,0.085
-0.119,0.085
-0.119,0.085
-0.119,0.085
-0.119,0.085
-0.119,0.085
-0.119,0.085
-0.119,0.085
-0.119,0.085
-0.119,0.085
-0.119,0.085
-0.119,0.085
-0.119,0.085
-0.119,0.085
-0.119,0.085
-0.119,0.085
-0.119,0.085
-0.119,0.085
-0.119,0.085
-0.119,0.085
-0.119,0.085
-0.119,0.085
-0.119,0.085
-0.119,0.085
-0.119,0.085
-0.119,0.085
-0.119,0.085
-0.119,0.085
-0.119,0.085
-0.119,0.085
-0.119,0.085
-0.119,0.085
-0.119,0.085
-0.119,0.085
-0.119,0.085
-0.119,0.085
-0.119,0.085
-0.119,0.085
-0.119,0.085
-0.119,0.085
-0.119,0.085
-0.119,0.085
-0.119,0.085
-0.119,0.085
-0.127,0.085
-0.127,0.085
-0.127,0.085
-0.127,0.085
-0.127,0.085
-0.127,0.085
-0.127,0.085
-0.127,0.085
-0.127,0.085
-0.127,0.085
-0.127,0.085
-0.127,0.085
-0.127,0.085
-0.127,0.085
-0.127,0.085
-0.127,0.085
-0.127,0.085
-0.127,0.085
-0.127,0.085
-0.127,0.085
-0.127,0.085
-0.127,0.085
-0.127,0.085
-0.127,0.085
-0.127,0.085
-0.127,0.085
-0.127,0.085
-0.127,0.085
-0.127,0.085
-0.127,0.085
-0.127,0.085
-0.127,0.085
-0.127,0.085
-0.127,0.085
-0.127,0.085
-0.127,0.085
-0.127,0.085
-0.103,0.085
-0.103,0.085
-0.103,0.085
-0.103,0.085
-0.103,0.085
-0.103,0.085
-0.103,0.085
-0.103,0.085
-0.103,0.085
-0.103,0.085
-0.103,0.085
-0.103,0.085
-0.103,0.085
-0.103,0.085
-0.103,0.085
-0.103,0.085
-0.103,0.085
-0.103,0.085
-0.103,0.085
-0.103,0.085
-0.103,0.085
-0.103,0.085
-0.103,0.085
-0.103,0.085
-0.103,0.085
-0.103,0.085
-0.103,0.085
-0.103,0.085
-0.103,0.085
-0.103,0.085
-0.103,0.085
-0.103,0.085
-0.103,0.085
-0.103,0.085
-0.103,0.085
-0.103,0.085
-0.103,0.085
-0.103,0.062
-0.103,0.085
-0.103,0.085
-0.103,0.085
-0.103,0.085
-0.103,0.085
-0.103,0.085
-0.103,0.085
-0.103,0.085
-0.103,0.085
-0.103,0.085
-0.103,0.085
-0.103,0.085
-0.103,0.085
-0.103,0.085
-0.103,0.085
-0.103,0.085
-0.103,0.085
-0.095,0.085
-0.095,0.085
-0.095,0.085
-0.095,0.085
-0.095,0.085
-0.095,0.085
-0.095,0.085
-0.095,0.085
-0.095,0.085
-0.095,0.085
-0.095,0.062
-0.095,0.085
-0.095,0.085
-0.095,0.085
-0.095,0.085
-0.095,0.085
-0.095,0.085
-0.095,0.085
-0.119,0.085
-0.119,0.085
-0.119,0.085
-0.127,0.085
-0.127,0.085
-0.127,0.085
-0.143,0.085
-0.143,0.085
-0.143,0.085
-0.143,0.085
-0.143,0.085
-0.143,0.085
-0.143,0.085
-0.143,0.085
-0.143,0.085
-0.143,0.085
-0.143,0.085
-0.143,0.085
-0.143,0.085
-0.143,0.085
-0.143,0.085
-0.143,0.101
-0.143,0.101
-0.143,0.101
-0.143,0.101
-0.143,0.101
-0.143,0.101
-0.143,0.101
-0.143,0.101
-0.143,0.101
-0.143,0.117
-0.143,0.117
-0.143,0.117
-0.143,0.117
-0.143,0.117
-0.143,0.117
-0.143,0.117
-0.143,0.133
-0.143,0.133
-0.143,0.148
-0.143,0.148
-0.143,0.148
-0.143,0.172
-0.143,0.172
-0.143,0.172
-0.143,0.172
-0.143,0.172
-0.143,0.172
-0.143,0.204
-0.143,0.204
-0.143,0.204
-0.143,0.204
-0.143,0.204
-0.143,0.204
-0.143,0.204
-0.143,0.204
-0.143,0.204
-0.143,0.204
-0.143,0.204
-0.143,0.204
-0.143,0.204
-0.143,0.204
-0.143,0.204
-0.143,0.204
-0.143,0.204
-0.143,0.204
-0.143,0.204
-0.143,0.204
-0.143,0.204
-0.143,0.204
-0.143,0.204
-0.143,0.204
-0.143,0.204
-0.143,0.204
-0.143,0.204
-0.143,0.204
-0.143,0.204
-0.143,0.204
-0.143,0.204
-0.143,0.204
-0.143,0.204
-0.143,0.204
-0.143,0.204
-0.143,0.204
-0.143,0.204
-0.143,0.204
-0.143,0.204
-0.143,0.204
-0.143,0.204
-0.143,0.204
-0.143,0.204
-0.143,0.204
-0.119,0.204
-0.119,0.204
-0.103,0.204
-0.103,0.204
-0.095,0.204
-0.079,0.219
-0.079,0.235
-0.071,0.259
-0.055,0.322
-0.055,0.322
-0.047,0.322
-0.023,0.322
-0.023,0.322
-0.007,0.322
0.0,0.306
0.014,0.306
0.046,0.393
0.101,0.361
0.133,0.377
0.148,0.464
0.188,0.519
0.219,0.535
0.219,0.551
0.219,0.567
0.219,0.622
0.219,0.669
0.219,0.724
0.219,0.78
0.219,0.795
0.219,0.795
0.219,0.795
0.235,0.795
0.235,0.795
0.235,0.78
0.235,0.78
0.235,0.78
0.235,0.78
0.235,0.78
0.275,0.78
0.322,0.78
0.322,0.78
0.322,0.78
0.322,0.78
0.322,0.756
0.322,0.78
0.322,0.756
0.322,0.78
0.322,0.756
0.322,0.653
0.322,0.638
0.322,0.582
0.322,0.551
0.322,0.519
0.322,0.519
0.361,0.519
0.306,0.519
0.306,0.519
0.346,0.519
0.361,0.519
0.361,0.551
0.361,0.519
0.361,0.535
0.361,0.495
0.361,0.448
0.361,0.432
0.361,0.409
0.361,0.361
0.275,0.322
0.235,0.29
0.188,0.306
0.188,0.306
0.188,0.219
0.172,0.219
0.148,0.204
0.148,0.204
0.133,0.188
0.117,0.148
0.101,0.188
0.101,0.133
0.101,0.172
0.085,0.172
0.085,0.148
0.062,0.101
0.062,0.133
0.046,0.133
0.085,0.062
0.062,0.101
0.062,0.085
0.062,0.117
0.085,0.133
0.085,0.101
0.085,0.101
0.085,0.101
0.085,0.101
0.085,0.101
0.085,0.085
0.085,0.085
0.085,0.085
0.085,0.085
0.062,0.085
0.085,0.085
0.085,0.085
0.085,0.085
0.085,0.085
0.085,0.085
0.085,0.085
0.085,0.085
0.085,0.085
0.085,0.085
0.085,0.085
0.085,0.085
0.085,0.085
0.085,0.085
0.085,0.085
0.085,0.085
0.085,0.085
0.085,0.085
0.085,0.085
0.085,0.085
0.085,0.085
0.085,0.085
0.085,0.085
0.085,0.085
0.085,0.062
0.085,0.062
0.085,0.062
0.085,0.062
0.085,0.062
0.085,0.062
0.062,0.062
0.085,0.062
0.085,0.062
0.062,0.062
0.062,0.062
0.085,0.062
0.085,0.062
0.085,0.062
0.062,0.062
0.085,0.062
0.062,0.062
0.062,0.062
0.085,0.062
0.085,0.062
0.062,0.046
0.085,0.046
0.085,0.046
0.085,0.046
0.062,0.046
0.085,0.046
0.085,0.046
0.085,0.046
0.085,0.046
0.085,0.046
0.085,0.046
0.085,0.046
0.085,0.046
0.085,0.046
0.085,0.046
0.085,0.046
0.062,0.046
0.062,0.046
0.062,0.046
0.085,0.046
0.062,0.046
0.085,0.046
0.062,0.046
0.062,0.046
0.062,0.046
0.062,0.046
0.062,0.046
0.062,0.046
0.062,0.046
0.062,0.046
0.085,0.046
0.085,0.046
0.062,0.046
0.062,0.046
0.085,0.046
0.062,0.046
0.062,0.046
0.085,0.046
0.062,0.046
0.062,0.046
0.062,0.046
0.085,0.046
0.085,0.046
0.062,0.046
0.085,0.046
0.085,0.046
0.085,0.046
0.085,0.046
0.062,0.046
0.062,0.046
0.062,0.046
0.085,0.046
0.085,0.046
0.085,0.046
0.085,0.046
0.085,0.046
0.085,0.046
0.062,0.046
0.062,0.046
0.085,0.046
0.062,0.046
0.085,0.046
0.085,0.046
0.085,0.046
0.085,0.046
0.085,0.046
0.085,0.046
0.062,0.046
0.062,0.046
0.062,0.046
0.062,0.046
0.062,0.046
0.062,0.046
0.085,0.046
0.062,0.046
0.062,0.046
0.062,0.046
0.062,0.046
0.062,0.046
0.062,0.046
0.062,0.046
0.085,0.046
0.085,0.046
0.085,0.046
0.062,0.046
0.062,0.046
0.062,0.046
0.062,0.046
0.062,0.046
0.062,0.046
0.085,0.046
0.062,0.046
0.085,0.046
0.085,0.046
0.062,0.046
0.062,0.046
0.085,0.046
0.085,0.046
0.062,0.046
0.062,0.046
0.062,0.046
0.085,0.046
0.085,0.046
0.062,0.046
0.085,0.046
0.085,0.046
0.085,0.046
0.085,0.046
0.085,0.046
0.085,0.046
0.085,0.046
0.085,0.046
0.062,0.046
0.085,0.046
0.085,0.046
0.085,0.046
0.085,0.046
0.085,0.046
0.062,0.046
0.085,0.046
0.085,0.046
0.085,0.046
0.085,0.046
0.085,0.046
0.085,0.046
0.085,0.046
0.085,0.046
0.085,0.046
0.085,0.046
0.085,0.046
0.085,0.046
0.085,0.046
0.085,0.046
0.085,0.046
0.085,0.046
0.085,0.046
0.085,0.046
0.085,0.046
0.085,0.046
0.085,0.046
0.085,0.046
0.085,0.046
0.085,0.046
0.062,0.046
0.085,0.046
0.085,0.046
0.085,0.046
0.085,0.046
0.085,0.046
0.085,0.046
0.085,0.046
0.085,0.046
0.062,0.046
0.085,0.046
0.085,0.046
0.085,0.046
0.062,0.046
0.062,0.046
0.085,0.046
0.062,0.046
0.062,0.046
0.062,0.046
0.062,0.046
0.062,0.046
0.062,0.046
0.062,0.046
0.062,0.046
0.085,0.046
0.085,0.046
0.085,0.046
0.085,0.046
0.085,0.046
0.085,0.046
0.085,0.046
0.085,0.046
0.085,0.046
0.085,0.046
0.085,0.046
0.085,0.046
0.085,0.046
0.085,0.046
0.085,0.046
0.085,0.046
0.085,0.046
0.085,0.046
0.085,0.046
0.085,0.046
0.085,0.046
0.085,0.046
0.085,0.046
0.085,0.046
0.062,0.046
0.085,0.046
0.085,0.046
0.062,0.046
0.085,0.046
0.085,0.046
0.085,0.046
0.085,0.046
0.062,0.046
0.085,0.046
0.062,0.046
0.062,0.046
0.062,0.046
0.062,0.046
0.085,0.046
0.085,0.046
0.085,0.046
0.085,0.046
0.085,0.046
0.085,0.046
0.085,0.046
0.085,0.046
0.062,0.046
0.085,0.046
0.062,0.046
0.062,0.046
0.062,0.046
0.085,0.046
0.085,0.046
0.085,0.046
0.085,0.062
0.085,0.062
0.085,0.062
0.085,0.062
0.085,0.062
0.085,0.062
0.062,0.062
0.085,0.062
0.085,0.062
0.062,0.062
0.085,0.062
0.085,0.062
0.062,0.062
0.085,0.062
0.085,0.062
0.085,0.062
0.085,0.062
0.085,0.062
0.085,0.062
0.085,0.062
0.085,0.062
0.062,0.062
0.085,0.062
0.085,0.062
0.085,0.062
0.085,0.085
0.085,0.062
0.062,0.085
0.085,0.062
0.062,0.062
0.085,0.062
0.085,0.062
0.085,0.062
0.085,0.062
0.085,0.062
0.085,0.062
0.085,0.062
0.085,0.062
0.085,0.062
0.062,0.062
0.085,0.062
0.085,0.062
0.085,0.062
0.062,0.062
0.085,0.062
0.085,0.062
0.085,0.062
0.062,0.062
0.085,0.062
0.085,0.062
0.085,0.062
0.085,0.062
0.085,0.062
0.062,0.062
0.085,0.062
0.085,0.062
0.085,0.062
0.085,0.062
0.085,0.062
0.085,0.062
0.085,0.062
0.085,0.062
0.085,0.062
0.085,0.062
0.085,0.062
0.085,0.062
0.062,0.062
0.085,0.062
0.085,0.062
0.085,0.062
0.085,0.062
0.085,0.062
0.085,0.062
0.085,0.062
0.085,0.062
0.085,0.062
0.085,0.062
0.085,0.062
0.085,0.062
0.085,0.062
0.085,0.062
0.062,0.062
0.085,0.062
0.085,0.062
0.085,0.062
0.085,0.062
0.085,0.062
0.085,0.062
0.085,0.062
0.085,0.062
0.085,0.062
0.062,0.062
0.085,0.062
0.085,0.062
0.085,0.062
0.085,0.062
0.085,0.062
0.085,0.062
0.062,0.062
0.062,0.062
0.085,0.062
0.062,0.062
0.085,0.062
0.085,0.062
0.085,0.062
0.062,0.062
0.085,0.062
0.085,0.062
0.085,0.062
0.085,0.062
0.085,0.062
0.062,0.062
0.062,0.062
0.062,0.062
0.085,0.062
0.062,0.062
0.062,0.062
0.085,0.062
0.085,0.062
0.085,0.062
0.085,0.062
0.062,0.062
0.085,0.062
0.085,0.062
0.085,0.062
0.085,0.062
0.085,0.062
0.085,0.062
0.085,0.062
0.062,0.062
0.062,0.062
0.085,0.062
0.085,0.062
0.085,0.062
0.062,0.062
0.085,0.062
0.085,0.062
0.062,0.062
0.085,0.062
0.085,0.062
0.062,0.062
0.085,0.062
0.062,0.062
0.062,0.062
0.062,0.062
0.062,0.062
0.062,0.062
0.062,0.062
0.062,0.062
0.062,0.062
0.062,0.062
0.062,0.062
0.062,0.062
0.062,0.062
0.062,0.062
0.062,0.062
0.062,0.062
0.062,0.062
0.062,0.062
0.062,0.062
0.062,0.062
0.062,0.062
0.062,0.062
0.062,0.062
0.062,0.062
0.062,0.062
0.062,0.062
0.062,0.062
0.062,0.062
0.062,0.062
0.062,0.062
0.062,0.062
0.062,0.062
0.062,0.062
0.062,0.062
0.062,0.062
0.062,0.062
0.062,0.062
0.062,0.062
0.062,0.062
0.062,0.062
0.062,0.062
0.062,0.062
0.062,0.062
0.062,0.062
0.062,0.062
0.062,0.062
0.062,0.062
0.062,0.062
0.062,0.062
0.062,0.062
0.062,0.062
0.062,0.062
0.062,0.062
0.062,0.062
0.062,0.062
0.062,0.062
0.062,0.062
0.062,0.062
0.062,0.062
0.062,0.062
0.062,0.062
0.062,0.062
0.062,0.085
0.062,0.062
0.062,0.062
0.062,0.062
0.062,0.062
0.062,0.062
0.062,0.062
0.062,0.062
0.062,0.062
0.062,0.062
0.062,0.062
0.062,0.062
0.062,0.062
0.062,0.062
0.062,0.062
0.062,0.062
0.085,0.062
0.062,0.062
0.062,0.062
0.062,0.062
0.062,0.062
0.062,0.062
0.062,0.062
0.062,0.062
0.062,0.062
0.062,0.062
0.062,0.062
0.062,0.062
0.062,0.062
0.062,0.062
0.062,0.062
0.062,0.062
0.062,0.062
0.062,0.062
0.062,0.062
0.062,0.062
0.062,0.062
0.062,0.062
0.062,0.062
0.062,0.062
0.062,0.062
0.062,0.062
0.062,0.062
0.062,0.062
0.062,0.062
0.062,0.062
0.062,0.062
0.062,0.062
0.062,0.062
0.062,0.062
0.062,0.062
0.062,0.062
0.062,0.062
0.062,0.062
0.062,0.062
0.062,0.062
0.062,0.062
0.062,0.062
0.062,0.062
0.062,0.062
0.062,0.062
0.062,0.062
0.062,0.062
0.062,0.062
0.062,0.062
0.062,0.062
0.062,0.062
0.062,0.062
0.062,0.062
0.062,0.062
0.062,0.062
0.062,0.062
0.062,0.062
0.062,0.062
0.062,0.062
0.062,0.062
0.062,0.062
0.062,0.062
0.062,0.062
0.062,0.062
0.062,0.062
0.062,0.062
0.062,0.062
0.062,0.062
0.062,0.062
0.062,0.062
0.062,0.062
0.062,0.062
0.062,0.062
0.062,0.062
0.062,0.062
0.062,0.062
0.062,0.062
0.062,0.062
0.062,0.062
0.062,0.062
0.062,0.062
0.062,0.062
0.062,0.062
0.062,0.062
0.062,0.062
0.062,0.062
0.062,0.062
0.062,0.062
0.062,0.062
0.062,0.062
0.062,0.062
0.062,0.062
0.062,0.062
0.062,0.062
0.062,0.062
0.062,0.062
0.062,0.062
0.062,0.062
0.062,0.062
0.062,0.062
0.062,0.062
0.062,0.062
0.062,0.062
0.062,0.062
0.062,0.062
0.062,0.062
0.062,0.062
0.062,0.062
0.062,0.062
0.062,0.062
0.062,0.062
0.062,0.062
0.062,0.062
0.062,0.062
0.062,0.062
0.062,0.062
0.062,0.062
0.085,0.062
0.148,0.062
0.148,0.062
0.219,0.062
0.235,0.085
0.259,0.062
0.306,0.172
0.346,0.235
0.377,0.306
0.48,0.29
0.495,0.322
0.551,0.306
0.582,0.346
0.669,0.346
0.74,0.346
0.78,0.377
0.795,0.393
0.795,0.393
0.795,0.409
0.795,0.409
0.795,0.409
0.795,0.409
0.811,0.409
0.811,0.409
0.756,0.409
0.709,0.409
0.693,0.409
0.669,0.409
0.669,0.409
0.653,0.409
0.653,0.432
0.653,0.409
0.653,0.409
0.653,0.432
0.638,0.409
0.638,0.432
0.638,0.432
0.622,0.409
0.606,0.432
0.606,0.432
0.582,0.432
0.582,0.432
0.582,0.432
0.567,0.432
0.567,0.432
0.551,0.432
0.519,0.432
0.519,0.432
0.519,0.432
0.495,0.432
0.48,0.432
0.464,0.432
0.464,0.432
0.464,0.432
0.464,0.432
0.464,0.432
0.448,0.432
0.448,0.432
0.48,0.432
0.48,0.432
0.48,0.432
0.48,0.432
0.448,0.432
0.48,0.432
0.48,0.432
0.448,0.432
0.448,0.432
0.448,0.432
0.448,0.432
0.448,0.432
0.48,0.432
0.448,0.409
0.448,0.432
0.448,0.432
0.448,0.432
0.448,0.432
0.48,0.432
0.48,0.432
0.48,0.432
0.48,0.432
0.48,0.432
0.48,0.432
0.448,0.432
0.448,0.432
0.448,0.432
0.448,0.432
0.448,0.432
0.48,0.432
0.448,0.432
0.448,0.432
0.448,0.409
0.448,0.409
0.448,0.409
0.448,0.393
0.448,0.377
0.448,0.322
0.448,0.361
0.448,0.361
0.448,0.346
0.48,0.322
0.48,0.322
0.48,0.322
0.48,0.322
0.48,0.346
0.48,0.346
0.448,0.346
0.448,0.346
0.448,0.346
0.448,0.346
0.448,0.346
0.48,0.346
0.48,0.346
0.48,0.346
0.48,0.346
0.48,0.346
0.48,0.346
0.48,0.346
0.48,0.346
0.48,0.346
0.48,0.361
0.48,0.361
0.48,0.361
0.48,0.361
0.48,0.361
0.48,0.361
0.48,0.361
0.48,0.361
0.448,0.361
0.448,0.361
0.48,0.361
0.48,0.377
0.432,0.377
0.432,0.377
0.409,0.377
0.432,0.377
0.464,0.393
0.432,0.393
0.409,0.393
0.448,0.393
0.409,0.393
0.393,0.393
0.409,0.393
0.377,0.393
0.346,0.393
0.29,0.393
0.29,0.393
0.29,0.393
0.29,0.393
0.29,0.346
0.29,0.275
0.275,0.275
0.275,0.259
0.259,0.259
0.259,0.219
0.259,0.204
0.219,0.188
0.204,0.188
0.235,0.133
0.204,0.117
0.204,0.117
0.204,0.117
0.204,0.101
0.204,0.133
0.204,0.117
0.188,0.101
0.219,0.117
0.219,0.117
0.219,0.085
0.219,0.085
0.188,0.085
0.188,0.085
0.188,0.085
0.188,0.046
0.188,0.046
0.188,0.03
0.188,0.03
0.188,0.046
0.188,0.046
0.188,0.046
0.188,0.046
0.188,0.046
0.188,0.046
0.188,0.046
0.188,0.046
0.188,0.046
0.188,0.046
0.188,0.046
0.188,0.046
0.188,0.046
0.188,0.046
0.188,0.046
0.188,0.046
0.188,0.046
0.188,0.046
0.188,0.046
0.188,0.046
0.188,0.046
0.188,0.046
0.188,0.046
0.172,0.062
0.172,0.062
0.172,0.085
0.172,0.117
0.172,0.133
0.172,0.133
0.172,0.133
0.172,0.148
0.172,0.148
0.172,0.148
0.172,0.148
0.172,0.148
0.172,0.148
0.172,0.148
0.172,0.148
0.172,0.148
0.172,0.148
0.172,0.148
0.172,0.148
0.172,0.148
0.172,0.148
0.172,0.148
0.172,0.148
0.148,0.148
0.188,0.148
0.188,0.148
0.188,0.148
0.188,0.148
0.188,0.148
0.188,0.148
0.188,0.148
0.188,0.148
0.188,0.148
0.148,0.148
0.101,0.148
0.062,0.148
0.046,0.148
0.046,0.148
0.046,0.148
0.046,0.148
0.046,0.148
0.046,0.148
0.046,0.148
0.046,0.148
0.046,0.148
0.046,0.148
0.046,0.148
0.03,0.148
0.03,0.148
0.062,0.148
0.062,0.148
0.062,0.148
0.062,0.148
0.062,0.148
0.062,0.148
0.062,0.148
0.03,0.148
0.03,0.148
0.03,0.148
0.014,0.148
0.014,0.148
0.014,0.148
0.014,0.148
0.046,0.148
0.014,0.148
0.014,0.148
0.014,0.148
0.014,0.148
0.014,0.148
0.014,0.148
0.014,0.148
0.014,0.148
0.014,0.148
0.014,0.148
0.014,0.148
0.014,0.148
0.014,0.148
0.014,0.148
0.014,0.148
0.014,0.148
0.014,0.148
0.014,0.148
0.014,0.148
0.014,0.148
0.014,0.148
0.014,0.148
0.014,0.148
0.014,0.148
0.014,0.148
0.014,0.148
0.014,0.148
0.014,0.148
0.014,0.148
0.014,0.148
0.014,0.148
0.014,0.148
0.014,0.148
0.014,0.148
0.014,0.148
0.014,0.148
0.014,0.148
0.014,0.148
0.014,0.148
0.014,0.148
0.014,0.148
0.014,0.148
0.014,0.148
0.014,0.148
0.014,0.148
0.014,0.148
0.014,0.148
0.014,0.148
0.014,0.148
0.014,0.148
0.014,0.148
0.014,0.148
0.014,0.148
0.014,0.148
0.014,0.148
0.014,0.148
0.014,0.148
0.014,0.148
0.014,0.148
0.014,0.172
0.101,0.259
0.172,0.275
0.188,0.29
0.219,0.322
0.259,0.29
0.275,0.29
0.275,0.322
0.275,0.322
0.275,0.464
0.346,0.551
0.432,0.551
0.551,0.551
0.582,0.567
0.606,0.535
0.606,0.535
0.622,0.535
0.622,0.567
0.622,0.567
0.606,0.567
0.606,0.567
0.606,0.567
0.606,0.567
0.606,0.567
0.606,0.567
0.606,0.567
0.606,0.567
0.606,0.567
0.606,0.567
0.606,0.567
0.606,0.567
0.606,0.567
0.606,0.567
0.606,0.567
0.551,0.567
0.567,0.567
0.495,0.567
0.495,0.567
0.495,0.567
0.495,0.567
0.519,0.567
0.495,0.567
0.495,0.567
0.495,0.567
0.495,0.567
0.519,0.567
0.519,0.567
0.495,0.567
0.495,0.567
0.495,0.567
0.495,0.567
0.495,0.567
0.495,0.567
0.495,0.567
0.495,0.567
0.495,0.567
0.495,0.567
0.495,0.567
0.495,0.567
0.495,0.567
0.495,0.567
0.495,0.567
0.495,0.567
0.495,0.567
0.495,0.567
0.495,0.567
0.495,0.567
0.495,0.567
0.495,0.567
0.495,0.567
0.495,0.535
0.495,0.464
0.495,0.48
0.495,0.464
0.495,0.448
0.495,0.448
0.495,0.409
0.495,0.361
0.495,0.377
0.495,0.361
0.495,0.346
0.495,0.377
0.495,0.377
0.495,0.346
0.495,0.346
0.464,0.346
0.48,0.346
0.432,0.346
0.432,0.346
0.377,0.346
0.361,0.346
0.346,0.346
0.346,0.346
0.346,0.346
0.322,0.346
0.361,0.322
0.361,0.346
0.322,0.29
0.306,0.29
0.306,0.29
0.29,0.275
0.275,0.306
0.275,0.306
0.275,0.275
0.275,0.275
0.275,0.306
0.259,0.275
0.259,0.275
0.219,0.275
0.219,0.275
0.219,0.259
0.219,0.235
0.204,0.275
0.204,0.235
0.204,0.204
0.204,0.204
0.204,0.204
0.204,0.204
0.204,0.204
0.204,0.204
0.204,0.204
0.204,0.204
0.204,0.204
0.204,0.204
0.204,0.204
0.204,0.204
0.204,0.204
0.204,0.204
0.188,0.204
0.188,0.188
0.188,0.188
0.188,0.188
0.188,0.188
0.188,0.188
0.188,0.188
0.188,0.188
0.188,0.188
0.188,0.188
0.188,0.188
0.188,0.188
0.219,0.188
0.219,0.188
0.219,0.188
0.219,0.188
0.235,0.188
0.235,0.188
0.235,0.188
0.235,0.188
0.235,0.188
0.235,0.188
0.235,0.188
0.235,0.188
0.235,0.188
0.235,0.188
0.235,0.188
0.235,0.188
0.235,0.188
0.235,0.188
0.235,0.188
0.235,0.188
0.235,0.188
0.235,0.188
0.235,0.188
0.235,0.188
0.235,0.188
0.235,0.188
0.235,0.188
0.235,0.188
0.235,0.188
0.235,0.188
0.235,0.188
0.235,0.188
0.235,0.188
0.235,0.188
0.235,0.188
0.235,0.188
0.235,0.188
0.235,0.188
0.235,0.188
0.235,0.188
0.235,0.188
0.235,0.188
0.235,0.188
0.235,0.188
0.235,0.188
0.235,0.188
0.235,0.172
0.235,0.172
0.235,0.172
0.235,0.172
0.235,0.172
0.235,0.172
0.235,0.172
0.259,0.172
0.235,0.172
0.235,0.172
0.235,0.172
0.235,0.148
0.235,0.133
0.29,0.172
0.259,0.133
0.29,0.117
0.259,0.117
0.29,0.117
0.29,0.117
0.29,0.117
0.29,0.148
0.29,0.148
0.29,0.148
0.29,0.148
0.29,0.148
0.29,0.148
0.29,0.148
0.29,0.148
0.29,0.148
0.29,0.148
0.29,0.148
0.29,0.148
0.29,0.148
0.29,0.148
0.29,0.148
0.29,0.148
0.29,0.148
0.29,0.148
0.29,0.117
0.29,0.117
0.29,0.117
0.29,0.117
0.29,0.117
0.29,0.117
0.29,0.117
0.29,0.117
0.29,0.117
0.29,0.117
0.29,0.117
0.29,0.117
0.29,0.117
0.29,0.117
0.29,0.117
0.29,0.117
0.29,0.117
0.29,0.117
0.29,0.117
0.29,0.117
0.29,0.117
0.29,0.117
0.29,0.117
0.29,0.117
0.29,0.117
0.29,0.117
0.29,0.117
0.29,0.117
0.29,0.117
0.29,0.117
0.29,0.117
0.29,0.117
0.29,0.117
0.29,0.117
0.29,0.117
0.29,0.117
0.29,0.117
0.29,0.188
0.29,0.235
0.29,0.322
0.219,0.432
0.172,0.48
0.133,0.448
0.148,0.448
0.148,0.448
0.259,0.448
0.464,0.432
0.567,0.519
0.567,0.551
0.567,0.551
0.567,0.551
0.519,0.567
0.519,0.567
0.48,0.567
0.48,0.567
0.48,0.567
0.48,0.567
0.48,0.567
0.48,0.567
0.48,0.567
0.519,0.567
0.519,0.567
0.519,0.567
0.519,0.567
0.519,0.567
0.519,0.567
0.519,0.567
0.519,0.567
0.519,0.567
0.519,0.567
0.519,0.567
0.519,0.567
0.519,0.567
0.519,0.567
0.48,0.567
0.448,0.567
0.409,0.567
0.409,0.567
0.361,0.567
0.346,0.567
0.346,0.567
0.306,0.567
0.29,0.567
0.275,0.567
0.275,0.567
0.275,0.567
0.275,0.567
0.275,0.567
0.259,0.567
0.259,0.567
0.259,0.567
0.259,0.567
0.259,0.567
0.259,0.567
0.259,0.535
0.259,0.519
0.259,0.495
0.259,0.448
0.259,0.48
0.259,0.448
0.259,0.448
0.259,0.464
0.259,0.464
0.259,0.464
0.259,0.464
0.259,0.464
0.259,0.464
0.259,0.464
0.259,0.464
0.259,0.464
0.259,0.464
0.259,0.464
0.259,0.464
0.235,0.464
0.235,0.464
0.219,0.464
0.219,0.464
0.219,0.464
0.219,0.377
0.219,0.377
0.219,0.393
0.219,0.361
0.219,0.346
0.219,0.346
0.204,0.346
0.235,0.361
0.204,0.361
0.204,0.361
0.204,0.322
0.204,0.322
0.204,0.322
0.235,0.259
0.235,0.235
0.235,0.219
0.235,0.204
0.235,0.204
0.235,0.188
0.235,0.188
0.235,0.188
0.235,0.188
0.235,0.172
0.235,0.172
0.235,0.172
0.235,0.148
0.235,0.148
0.235,0.117
0.235,0.101
0.235,0.101
0.204,0.101
0.204,0.085
0.204,0.085
0.204,0.117
0.204,0.117
0.204,0.117
0.188,0.117
0.188,0.117
0.188,0.117
0.188,0.117
0.188,0.117
0.188,0.117
0.172,0.117
0.188,0.117
0.188,0.117
0.188,0.117
0.188,0.117
0.188,0.117
0.188,0.117
0.188,0.117
0.188,0.117
0.204,0.117
0.204,0.117
0.204,0.117
0.204,0.117
0.172,0.117
0.172,0.117
0.204,0.117
0.204,0.117
0.204,0.117
0.204,0.117
0.204,0.117
0.172,0.117
0.172,0.117
0.172,0.117
0.172,0.117
0.172,0.117
0.172,0.117
0.172,0.117
0.172,0.117
0.172,0.117
0.172,0.117
0.172,0.117
0.172,0.117
0.172,0.117
0.172,0.117
0.172,0.117
0.172,0.117
0.172,0.117
0.172,0.117
0.172,0.117
0.172,0.117
0.172,0.117
0.172,0.117
0.172,0.117
0.172,0.117
0.172,0.117
0.172,0.117
0.172,0.117
0.172,0.117
0.172,0.117
0.172,0.117
0.172,0.117
0.172,0.117
0.172,0.117
0.172,0.117
0.172,0.117
0.172,0.117
0.172,0.117
0.172,0.117
0.172,0.117
0.172,0.117
0.172,0.117
0.172,0.117
0.172,0.117
0.172,0.117
0.172,0.117
0.172,0.117
0.172,0.117
0.172,0.117
0.172,0.117
0.172,0.117
0.172,0.117
0.172,0.117
0.172,0.117
0.172,0.117
0.204,0.117
0.259,0.117
0.259,0.117
0.235,0.085
0.259,0.085
0.259,0.085
0.259,0.085
0.29,0.085
0.306,0.085
0.322,0.085
0.322,0.085
0.29,0.085
0.322,0.085
0.322,0.085
0.306,0.085
0.361,0.085
0.346,0.085
0.346,0.085
0.346,0.085
0.346,0.085
0.346,0.085
0.322,0.085
0.361,0.085
0.361,0.085
0.346,0.085
0.346,0.085
0.346,0.085
0.377,0.085
0.393,0.085
0.393,0.085
0.361,0.085
0.346,0.085
0.346,0.085
0.346,0.085
0.346,0.085
0.346,0.085
0.346,0.085
0.346,0.085
0.346,0.085
0.346,0.085
0.377,0.085
0.346,0.085
0.393,0.085
0.361,0.085
0.377,0.085
0.346,0.085
0.346,0.085
0.346,0.085
0.377,0.085
0.377,0.085
0.377,0.085
0.377,0.085
0.377,0.085
0.377,0.085
0.377,0.085
0.377,0.085
0.377,0.085
0.377,0.085
0.377,0.085
0.377,0.085
0.377,0.085
0.377,0.085
0.377,0.085
0.377,0.085
0.377,0.085
0.377,0.085
0.377,0.085
0.377,0.085
0.377,0.085
0.377,0.085
0.346,0.085
0.377,0.085
0.377,0.085
0.377,0.085
0.377,0.085
0.377,0.085
0.377,0.085
0.377,0.085
0.377,0.085
0.377,0.085
0.377,0.085
0.377,0.085
0.393,0.085
0.432,0.085
0.464,0.085
0.48,0.085
0.495,0.085
0.495,0.085
0.519,0.085
0.495,0.085
0.495,0.172
0.495,0.259
0.495,0.29
0.535,0.306
0.535,0.306
0.551,0.275
0.519,0.275
0.519,0.306
0.551,0.306
0.567,0.306
0.567,0.306
0.582,0.306
0.582,0.306
0.582,0.306
0.582,0.306
0.582,0.306
0.582,0.306
0.582,0.306
0.582,0.306
0.582,0.306
0.582,0.306
0.606,0.306
0.582,0.306
0.582,0.306
0.535,0.306
0.464,0.306
0.432,0.306
0.448,0.306
0.448,0.306
0.448,0.306
0.448,0.306
0.448,0.306
0.448,0.306
0.448,0.306
0.393,0.306
0.409,0.306
0.377,0.306
0.377,0.306
0.393,0.306
0.361,0.306
0.361,0.306
0.346,0.306
0.377,0.275
0.377,0.235
0.377,0.219
0.377,0.259
0.346,0.204
0.346,0.188
0.346,0.204
0.377,0.204
0.377,0.172
0.346,0.172
0.346,0.172
0.377,0.148
0.377,0.148
0.346,0.172
0.346,0.172
0.346,0.172
0.322,0.172
0.306,0.172
0.29,0.188
0.29,0.204
0.29,0.235
0.322,0.259
0.29,0.259
0.29,0.259
0.29,0.259
0.29,0.322
0.275,0.322
0.259,0.361
0.259,0.409
0.259,0.448
0.259,0.448
0.235,0.519
0.219,0.535
0.188,0.551
0.172,0.551
0.172,0.551
0.172,0.551
0.172,0.551
0.172,0.551
0.172,0.551
0.172,0.551
0.172,0.567
0.172,0.567
0.172,0.582
0.172,0.582
0.204,0.567
0.259,0.567
0.259,0.567
0.275,0.567
0.29,0.567
0.259,0.567
0.322,0.567
0.322,0.567
0.322,0.567
0.377,0.567
0.346,0.567
0.377,0.567
0.377,0.567
0.346,0.567
0.346,0.551
0.346,0.519
0.346,0.535
0.346,0.495
0.346,0.495
0.346,0.48
0.346,0.48
0.346,0.48
0.346,0.48
0.346,0.48
0.377,0.48
0.361,0.48
0.409,0.48
0.448,0.48
0.432,0.48
0.393,0.48
0.393,0.48
0.409,0.48
0.393,0.48
0.393,0.48
0.409,0.48
0.448,0.48
0.448,0.48
0.448,0.48
0.535,0.448
0.567,0.409
0.582,0.409
0.582,0.409
0.582,0.448
0.606,0.432
0.606,0.432
0.606,0.448
0.606,0.409
0.606,0.432
0.606,0.448
0.606,0.409
0.582,0.409
0.582,0.393
0.582,0.409
0.582,0.432
0.582,0.409
0.653,0.432
0.653,0.48
0.669,0.551
0.669,0.551
0.693,0.582
0.693,0.606
0.724,0.622
0.724,0.582
0.724,0.653
0.709,0.693
0.709,0.74
0.709,0.74
0.709,0.74
0.693,0.709
0.724,0.74
0.724,0.709
0.724,0.709
0.724,0.709
0.693,0.709
0.693,0.709
0.693,0.709
0.693,0.709
0.693,0.709
0.693,0.653
0.693,0.606
0.693,0.551
0.669,0.551
0.567,0.551
0.535,0.551
0.495,0.551
0.448,0.551
0.432,0.551
0.409,0.535
0.393,0.495
0.377,0.519
0.361,0.519
0.361,0.535
0.361,0.535
0.361,0.519
0.377,0.519
0.346,0.495
0.346,0.495
0.346,0.448
0.377,0.432
0.377,0.448
0.346,0.448
0.346,0.448
0.346,0.409
0.322,0.409
0.322,0.432
0.306,0.409
0.346,0.409
0.346,0.409
0.306,0.409
0.306,0.409
0.306,0.432
0.306,0.409
0.306,0.393
0.306,0.393
0.275,0.393
0.275,0.432
0.275,0.409
0.275,0.377
0.275,0.377
0.275,0.377
0.275,0.361
0.275,0.361
0.275,0.361
0.275,0.361
0.275,0.361
0.275,0.361
0.275,0.361
0.275,0.361
0.275,0.361
0.275,0.361
0.306,0.361
0.306,0.361
0.409,0.393
0.393,0.409
0.432,0.409
0.409,0.409
0.393,0.48
0.432,0.519
0.448,0.519
0.448,0.495
0.448,0.48
0.448,0.48
0.448,0.519
0.448,0.48
0.448,0.48
0.448,0.48
0.448,0.495
0.464,0.495
0.495,0.495
0.464,0.495
0.464,0.495
0.464,0.495
0.464,0.495
0.495,0.495
0.495,0.495
0.495,0.495
0.519,0.519
0.535,0.519
0.519,0.519
0.519,0.519
0.519,0.519
0.519,0.519
0.519,0.519
0.495,0.519
0.551,0.519
0.519,0.519
0.535,0.48
0.535,0.409
0.551,0.448
0.551,0.361
0.551,0.377
0.551,0.393
0.551,0.393
0.551,0.393
0.551,0.393
0.551,0.393
0.551,0.393
0.551,0.393
0.551,0.393
0.551,0.393
0.551,0.393
0.551,0.393
0.551,0.393
0.551,0.393
0.567,0.361
0.535,0.361
0.535,0.361
0.535,0.361
0.535,0.361
0.48,0.361
0.448,0.361
0.432,0.361
0.377,0.361
0.346,0.361
0.322,0.361
0.29,0.361
0.235,0.361
0.219,0.361
0.188,0.361
0.188,0.361
0.188,0.361
0.188,0.361
0.188,0.361
0.188,0.361
0.188,0.346
0.188,0.346
0.188,0.346
0.188,0.346
0.188,0.346
0.188,0.346
0.188,0.346
0.188,0.346
0.188,0.346
0.188,0.346
0.188,0.346
0.188,0.322
0.188,0.322
0.188,0.29
0.188,0.29
0.235,0.322
0.259,0.322
0.259,0.306
0.306,0.306
0.322,0.29
0.346,0.29
0.346,0.322
0.361,0.29
0.346,0.306
0.346,0.322
0.361,0.275
0.361,0.306
0.361,0.306
0.361,0.306
0.361,0.259
0.361,0.29
0.322,0.29
0.235,0.275
0.204,0.306
0.172,0.259
0.148,0.219
0.101,0.204
0.117,0.235
0.101,0.204
0.062,0.235
0.014,0.235
0.0,0.235
0.0,0.204
-0.007,0.204
-0.007,0.204
-0.007,0.204
-0.007,0.204
-0.007,0.204
-0.007,0.204
-0.007,0.204
-0.007,0.204
-0.023,0.204
-0.023,0.188
-0.023,0.188
-0.023,0.188
-0.023,0.188
