valence,arousal
-0.747,0.312
-0.747,0.313
-0.747,0.312
-0.748,0.312
-0.75,0.312
-0.752,0.312
-0.754,0.312
-0.76,0.312
-0.76,0.312
-0.754,0.312
-0.753,0.312
-0.753,0.312
-0.753,0.312
-0.754,0.312
-0.754,0.312
-0.756,0.312
-0.761,0.312
-0.763,0.312
-0.765,0.31
-0.765,0.307
-0.764,0.306
-0.764,0.304
-0.764,0.302
-0.765,0.3
-0.765,0.3
-0.765,0.3
-0.765,0.299
-0.761,0.299
-0.754,0.298
-0.759,0.297
-0.751,0.297
-0.751,0.297
-0.751,0.297
-0.75,0.297
-0.75,0.297
-0.75,0.297
-0.75,0.296
-0.727,0.295
-0.714,0.295
-0.702,0.294
-0.685,0.295
-0.683,0.294
-0.683,0.295
-0.679,0.295
-0.682,0.295
-0.699,0.294
-0.684,0.293
-0.646,0.294
-0.622,0.293
-0.615,0.292
-0.613,0.291
-0.617,0.291
-0.619,0.289
-0.63,0.288
-0.63,0.288
-0.633,0.283
-0.633,0.283
-0.635,0.283
-0.633,0.283
-0.619,0.283
-0.608,0.283
-0.612,0.283
-0.614,0.283
-0.612,0.283
-0.605,0.283
-0.599,0.284
-0.592,0.283
-0.587,0.283
-0.589,0.283
-0.589,0.283
-0.59,0.283
-0.575,0.283
-0.578,0.283
-0.58,0.283
-0.58,0.283
-0.579,0.283
-0.579,0.283
-0.58,0.283
-0.582,0.283
-0.581,0.283
-0.581,0.283
-0.583,0.283
-0.583,0.283
-0.583,0.283
-0.589,0.283
-0.594,0.283
-0.594,0.283
-0.594,0.283
-0.594,0.283
-0.594,0.283
-0.594,0.283
-0.591,0.283
-0.583,0.283
-0.586,0.283
-0.586,0.283
-0.585,0.283
-0.583,0.283
-0.583,0.283
-0.583,0.283
-0.568,0.283
-0.567,0.283
-0.568,0.283
-0.534,0.283
-0.549,0.283
-0.551,0.283
-0.553,0.283
-0.555,0.283
-0.555,0.283
-0.556,0.283
-0.556,0.283
-0.556,0.283
-0.556,0.283
-0.556,0.283
-0.557,0.283
-0.557,0.283
-0.557,0.283
-0.557,0.283
-0.556,0.283
-0.558,0.283
-0.557,0.283
-0.527,0.283
-0.527,0.283
-0.532,0.283
-0.533,0.282
-0.534,0.283
-0.532,0.284
-0.529,0.283
-0.524,0.283
-0.529,0.283
-0.534,0.283
-0.534,0.283
-0.535,0.283
-0.535,0.283
-0.536,0.283
-0.537,0.283
-0.537,0.283
-0.534,0.283
-0.538,0.283
-0.539,0.283
-0.539,0.283
-0.544,0.283
-0.549,0.283
-0.549,0.283
-0.549,0.283
-0.549,0.283
-0.549,0.283
-0.549,0.283
-0.549,0.283
-0.549,0.283
-0.57,0.283
-0.568,0.283
-0.57,0.283
-0.577,0.283
-0.578,0.283
-0.576,0.283
-0.577,0.283
-0.578,0.283
-0.592,0.283
-0.621,0.283
-0.628,0.283
-0.642,0.283
-0.667,0.283
-0.695,0.283
-0.721,0.283
-0.72,0.283
-0.726,0.283
-0.726,0.283
-0.727,0.283
-0.729,0.283
-0.734,0.283
-0.759,0.283
-0.77,0.281
-0.787,0.28
-0.786,0.278
-0.773,0.278
-0.772,0.278
-0.773,0.277
-0.773,0.277
-0.773,0.276
-0.775,0.277
-0.782,0.276
-0.808,0.276
-0.816,0.276
-0.815,0.272
-0.815,0.272
-0.816,0.262
-0.818,0.252
-0.818,0.249
-0.822,0.232
-0.821,0.229
-0.818,0.229
-0.816,0.229
-0.809,0.228
-0.806,0.23
-0.805,0.229
-0.807,0.231
-0.809,0.23
-0.809,0.231
-0.809,0.231
-0.815,0.231
-0.815,0.231
-0.816,0.232
-0.817,0.233
-0.821,0.233
-0.825,0.233
-0.822,0.233
-0.819,0.233
-0.819,0.233
-0.819,0.234
-0.819,0.234
-0.821,0.235
-0.822,0.235
-0.823,0.234
-0.824,0.234
-0.826,0.234
-0.825,0.234
-0.824,0.234
-0.822,0.234
-0.819,0.234
-0.818,0.234
-0.813,0.235
-0.807,0.235
-0.805,0.242
-0.806,0.251
-0.806,0.252
-0.806,0.26
-0.805,0.269
-0.805,0.272
-0.806,0.272
-0.805,0.272
-0.805,0.272
-0.805,0.277
-0.805,0.291
-0.805,0.341
-0.805,0.362
-0.805,0.372
-0.805,0.375
-0.805,0.374
-0.804,0.374
-0.805,0.372
-0.805,0.371
-0.805,0.371
-0.804,0.37
-0.805,0.371
-0.805,0.372
-0.804,0.377
-0.805,0.39
-0.804,0.417
-0.805,0.438
-0.805,0.509
-0.805,0.541
-0.804,0.544
-0.805,0.546
-0.804,0.544
-0.804,0.543
-0.804,0.539
-0.804,0.537
-0.804,0.524
-0.804,0.505
-0.804,0.469
-0.804,0.423
-0.804,0.393
-0.804,0.368
-0.804,0.349
-0.804,0.338
-0.804,0.319
-0.804,0.291
-0.804,0.291
-0.804,0.281
-0.804,0.276
-0.804,0.281
-0.804,0.276
-0.804,0.272
-0.804,0.277
-0.804,0.274
-0.804,0.266
-0.804,0.263
-0.804,0.266
-0.804,0.267
-0.804,0.27
-0.804,0.271
-0.804,0.272
-0.804,0.275
-0.805,0.277
-0.804,0.278
-0.804,0.275
-0.804,0.274
-0.804,0.267
-0.804,0.243
-0.804,0.252
-0.804,0.253
-0.804,0.252
-0.804,0.25
-0.804,0.251
-0.804,0.25
-0.804,0.248
-0.804,0.246
-0.804,0.25
-0.804,0.251
-0.804,0.252
-0.804,0.257
-0.804,0.256
-0.804,0.256
-0.804,0.256
-0.804,0.256
-0.804,0.255
-0.804,0.254
-0.804,0.255
-0.804,0.255
-0.804,0.255
-0.805,0.254
-0.804,0.255
-0.804,0.255
-0.804,0.256
-0.804,0.257
-0.804,0.257
-0.804,0.257
-0.808,0.258
-0.81,0.259
-0.81,0.259
-0.81,0.26
-0.81,0.259
-0.81,0.259
-0.81,0.259
-0.81,0.259
-0.81,0.259
-0.81,0.259
-0.81,0.261
-0.81,0.261
-0.812,0.261
-0.816,0.263
-0.818,0.263
-0.822,0.268
-0.822,0.274
-0.823,0.275
-0.823,0.276
-0.824,0.285
-0.826,0.289
-0.827,0.288
-0.83,0.289
-0.83,0.289
-0.829,0.289
-0.828,0.289
-0.827,0.289
-0.827,0.289
-0.827,0.289
-0.827,0.289
-0.826,0.289
-0.826,0.289
-0.825,0.289
-0.824,0.289
-0.825,0.289
-0.824,0.289
-0.821,0.28
-0.821,0.274
-0.821,0.234
-0.821,0.23
-0.821,0.23
-0.821,0.231
-0.821,0.232
-0.821,0.232
-0.821,0.236
-0.821,0.239
-0.821,0.244
-0.821,0.246
-0.821,0.246
-0.821,0.25
-0.821,0.253
-0.821,0.253
-0.821,0.255
-0.821,0.255
-0.821,0.255
-0.821,0.255
-0.82,0.255
-0.819,0.255
-0.818,0.255
-0.818,0.253
-0.817,0.254
-0.817,0.255
-0.815,0.255
-0.815,0.255
-0.815,0.255
-0.815,0.255
-0.815,0.255
-0.815,0.254
-0.815,0.255
-0.815,0.257
-0.815,0.259
-0.815,0.261
-0.815,0.262
-0.815,0.262
-0.815,0.262
-0.815,0.263
-0.815,0.263
-0.815,0.263
-0.815,0.263
-0.816,0.263
-0.815,0.263
-0.813,0.263
-0.809,0.265
-0.808,0.264
-0.808,0.264
-0.808,0.264
-0.808,0.264
-0.808,0.265
-0.808,0.264
-0.808,0.263
-0.808,0.264
-0.808,0.265
-0.808,0.265
-0.808,0.265
-0.808,0.265
-0.808,0.265
-0.808,0.265
-0.808,0.264
-0.808,0.258
-0.808,0.257
-0.8,0.257
-0.792,0.255
-0.79,0.253
-0.785,0.242
-0.769,0.221
-0.77,0.217
-0.765,0.202
-0.763,0.205
-0.763,0.208
-0.765,0.21
-0.764,0.207
-0.765,0.206
-0.765,0.206
-0.76,0.205
-0.754,0.207
-0.751,0.208
-0.748,0.209
-0.747,0.207
-0.744,0.201
-0.743,0.201
-0.742,0.201
-0.737,0.204
-0.72,0.205
-0.7,0.205
-0.658,0.207
-0.66,0.208
-0.662,0.208
-0.664,0.206
-0.664,0.209
-0.665,0.212
-0.667,0.217
-0.667,0.22
-0.668,0.226
-0.668,0.236
-0.667,0.236
-0.668,0.273
-0.667,0.278
-0.666,0.28
-0.665,0.281
-0.664,0.282
-0.665,0.282
-0.664,0.283
-0.664,0.285
-0.665,0.286
-0.664,0.308
-0.665,0.338
-0.666,0.341
-0.667,0.342
-0.666,0.342
-0.666,0.342
-0.665,0.343
-0.664,0.343
-0.665,0.347
-0.666,0.354
-0.668,0.358
-0.675,0.365
-0.696,0.366
-0.745,0.368
-0.753,0.378
-0.79,0.407
-0.812,0.432
-0.824,0.471
-0.833,0.479
-0.866,0.505
-0.922,0.527
-0.926,0.535
-0.926,0.544
-0.926,0.574
-0.926,0.591
-0.926,0.608
-0.926,0.618
-0.926,0.619
-0.926,0.623
-0.925,0.621
-0.923,0.625
-0.92,0.623
-0.915,0.62
-0.914,0.619
-0.912,0.617
-0.912,0.616
-0.912,0.61
-0.912,0.609
-0.909,0.608
-0.906,0.608
-0.906,0.605
-0.906,0.598
-0.905,0.597
-0.905,0.595
-0.905,0.586
-0.905,0.58
-0.905,0.571
-0.904,0.559
-0.904,0.559
-0.902,0.563
-0.902,0.561
-0.901,0.564
-0.9,0.565
-0.899,0.569
-0.896,0.569
-0.89,0.569
-0.89,0.566
-0.89,0.564
-0.887,0.559
-0.887,0.554
-0.887,0.523
-0.886,0.514
-0.885,0.514
-0.879,0.514
-0.871,0.508
-0.849,0.511
-0.847,0.509
-0.847,0.503
-0.849,0.502
-0.849,0.501
-0.849,0.504
-0.849,0.506
-0.849,0.507
-0.849,0.507
-0.849,0.508
-0.85,0.508
-0.85,0.509
-0.851,0.509
-0.851,0.486
-0.851,0.484
-0.852,0.481
-0.851,0.469
-0.851,0.473
-0.851,0.474
-0.851,0.482
-0.851,0.49
-0.851,0.492
-0.851,0.494
-0.852,0.5
-0.851,0.51
-0.852,0.512
-0.851,0.512
-0.851,0.514
-0.852,0.515
-0.852,0.515
-0.852,0.515
-0.851,0.514
-0.852,0.501
-0.851,0.431
-0.851,0.431
-0.851,0.404
-0.851,0.394
-0.851,0.392
-0.851,0.389
-0.851,0.385
-0.851,0.392
-0.851,0.393
-0.85,0.392
-0.85,0.393
-0.85,0.393
-0.846,0.394
-0.844,0.393
-0.845,0.393
-0.846,0.392
-0.846,0.392
-0.847,0.392
-0.847,0.392
-0.845,0.392
-0.833,0.394
-0.828,0.396
-0.832,0.397
-0.836,0.397
-0.837,0.397
-0.839,0.397
-0.839,0.398
-0.838,0.398
-0.838,0.398
-0.838,0.399
-0.834,0.398
-0.834,0.398
-0.834,0.402
-0.834,0.403
-0.834,0.406
-0.834,0.413
-0.833,0.412
-0.833,0.415
-0.831,0.414
-0.822,0.415
-0.816,0.415
-0.807,0.415
-0.804,0.415
-0.804,0.415
-0.803,0.415
-0.801,0.415
-0.801,0.407
-0.803,0.398
-0.804,0.394
-0.805,0.381
-0.806,0.374
-0.806,0.377
-0.806,0.374
-0.805,0.37
-0.8,0.358
-0.798,0.358
-0.796,0.359
-0.792,0.361
-0.791,0.36
-0.772,0.362
-0.763,0.361
-0.763,0.36
-0.765,0.362
-0.765,0.361
-0.769,0.362
-0.77,0.36
-0.771,0.36
-0.771,0.36
-0.771,0.36
-0.771,0.36
-0.772,0.359
-0.772,0.358
-0.772,0.348
-0.773,0.336
-0.773,0.33
-0.773,0.328
-0.774,0.326
-0.774,0.321
-0.774,0.322
-0.774,0.321
-0.774,0.323
-0.775,0.319
-0.774,0.314
-0.774,0.302
-0.774,0.297
-0.773,0.295
-0.773,0.294
-0.773,0.288
-0.772,0.289
-0.77,0.291
-0.766,0.293
-0.761,0.293
-0.76,0.293
-0.76,0.293
-0.756,0.292
-0.754,0.291
-0.756,0.294
-0.759,0.293
-0.759,0.293
-0.759,0.292
-0.759,0.292
-0.759,0.294
-0.759,0.294
-0.759,0.299
-0.759,0.3
-0.76,0.304
-0.759,0.304
-0.761,0.304
-0.76,0.303
-0.76,0.304
-0.76,0.304
-0.76,0.304
-0.76,0.304
-0.761,0.304
-0.761,0.305
-0.761,0.304
-0.76,0.305
-0.761,0.305
-0.761,0.306
-0.762,0.306
-0.762,0.306
-0.762,0.306
-0.762,0.306
-0.763,0.306
-0.763,0.308
-0.763,0.308
-0.763,0.309
-0.763,0.309
-0.763,0.309
-0.763,0.309
-0.763,0.31
-0.763,0.31
-0.763,0.31
-0.763,0.309
-0.763,0.31
-0.763,0.309
-0.763,0.31
-0.763,0.31
-0.763,0.31
-0.763,0.31
-0.763,0.31
-0.763,0.31
-0.763,0.31
-0.763,0.31
-0.763,0.31
-0.763,0.31
-0.763,0.31
-0.762,0.304
-0.759,0.301
-0.749,0.3
-0.741,0.3
-0.74,0.299
-0.739,0.297
-0.739,0.301
-0.737,0.293
-0.733,0.288
-0.728,0.292
-0.725,0.293
-0.727,0.287
-0.725,0.289
-0.722,0.302
-0.723,0.308
-0.723,0.305
-0.722,0.303
-0.722,0.302
-0.725,0.289
-0.725,0.27
-0.723,0.273
-0.723,0.276
-0.725,0.274
-0.725,0.278
-0.726,0.28
-0.727,0.282
-0.727,0.277
-0.728,0.255
-0.728,0.257
-0.728,0.259
-0.729,0.247
-0.729,0.251
-0.729,0.257
-0.731,0.259
-0.731,0.257
-0.734,0.255
-0.747,0.255
-0.749,0.256
-0.75,0.255
-0.75,0.255
-0.75,0.257
-0.751,0.257
-0.751,0.258
-0.751,0.258
-0.751,0.258
-0.751,0.257
-0.751,0.257
-0.751,0.255
-0.751,0.252
-0.751,0.253
-0.751,0.253
-0.751,0.252
-0.751,0.255
-0.751,0.258
-0.751,0.259
-0.751,0.258
-0.751,0.255
-0.751,0.255
-0.751,0.254
-0.751,0.254
-0.751,0.253
-0.751,0.254
-0.751,0.255
-0.751,0.256
-0.751,0.258
-0.751,0.258
-0.751,0.259
-0.751,0.259
-0.751,0.259
-0.751,0.259
-0.751,0.259
-0.751,0.259
-0.751,0.259
-0.751,0.259
-0.751,0.259
-0.751,0.259
-0.751,0.259
-0.751,0.259
-0.751,0.258
-0.752,0.259
-0.751,0.258
-0.751,0.259
-0.751,0.259
-0.752,0.259
-0.751,0.259
-0.751,0.259
-0.751,0.259
-0.751,0.259
-0.751,0.259
-0.751,0.259
-0.752,0.258
-0.751,0.257
-0.752,0.259
-0.751,0.258
-0.752,0.259
-0.752,0.258
-0.751,0.257
-0.751,0.259
-0.751,0.259
-0.752,0.259
-0.752,0.258
-0.752,0.259
-0.752,0.218
-0.751,0.214
-0.751,0.214
-0.751,0.214
-0.751,0.218
-0.751,0.216
-0.751,0.213
-0.752,0.214
-0.752,0.213
-0.752,0.214
-0.752,0.214
-0.752,0.214
-0.752,0.214
-0.747,0.213
-0.744,0.213
-0.741,0.214
-0.731,0.212
-0.716,0.21
-0.717,0.208
-0.713,0.207
-0.713,0.208
-0.702,0.211
-0.702,0.213
-0.702,0.216
-0.704,0.199
-0.705,0.196
-0.707,0.18
-0.707,0.173
-0.708,0.164
-0.71,0.165
-0.71,0.176
-0.71,0.179
-0.71,0.18
-0.71,0.178
-0.71,0.178
-0.71,0.182
-0.711,0.186
-0.711,0.21
-0.711,0.27
-0.711,0.328
-0.712,0.333
-0.711,0.334
-0.708,0.333
-0.705,0.334
-0.705,0.334
-0.706,0.336
-0.707,0.338
-0.708,0.337
-0.709,0.338
-0.71,0.335
-0.711,0.329
-0.713,0.326
-0.713,0.324
-0.713,0.325
-0.713,0.327
-0.713,0.327
-0.713,0.328
-0.712,0.328
-0.708,0.329
-0.698,0.336
-0.68,0.361
-0.668,0.389
-0.656,0.447
-0.663,0.502
-0.674,0.517
-0.685,0.536
-0.711,0.538
-0.736,0.539
-0.743,0.539
-0.79,0.54
-0.819,0.538
-0.819,0.536
-0.828,0.531
-0.834,0.525
-0.834,0.521
-0.832,0.512
-0.831,0.512
-0.831,0.511
-0.832,0.511
-0.832,0.511
-0.833,0.511
-0.833,0.511
-0.834,0.511
-0.834,0.511
-0.835,0.511
-0.834,0.506
-0.835,0.476
-0.835,0.465
-0.834,0.441
-0.834,0.436
-0.831,0.437
-0.828,0.44
-0.828,0.439
-0.828,0.439
-0.828,0.439
-0.829,0.439
-0.828,0.437
-0.829,0.437
-0.828,0.437
-0.828,0.437
-0.829,0.437
-0.83,0.437
-0.83,0.437
-0.83,0.439
-0.829,0.439
-0.828,0.439
-0.828,0.439
-0.828,0.438
-0.828,0.439
-0.828,0.438
-0.828,0.438
-0.828,0.438
-0.828,0.439
-0.828,0.428
-0.828,0.426
-0.829,0.428
-0.829,0.428
-0.829,0.43
-0.828,0.432
-0.828,0.433
-0.827,0.43
-0.827,0.431
-0.827,0.432
-0.824,0.432
-0.821,0.432
-0.821,0.431
-0.821,0.427
-0.821,0.426
-0.821,0.425
-0.821,0.425
-0.821,0.426
-0.818,0.426
-0.818,0.43
-0.817,0.431
-0.818,0.43
-0.818,0.432
-0.818,0.43
-0.817,0.43
-0.817,0.43
-0.816,0.43
-0.816,0.429
-0.816,0.43
-0.816,0.429
-0.816,0.428
-0.816,0.427
-0.815,0.428
-0.816,0.427
-0.816,0.428
-0.816,0.427
-0.816,0.426
-0.815,0.426
-0.815,0.427
-0.815,0.439
-0.815,0.462
-0.815,0.462
-0.815,0.462
-0.815,0.462
-0.815,0.463
-0.815,0.463
-0.815,0.463
-0.815,0.462
-0.815,0.464
-0.815,0.463
-0.815,0.463
-0.815,0.463
-0.815,0.464
-0.815,0.463
-0.815,0.463
-0.815,0.464
-0.815,0.463
-0.815,0.464
-0.815,0.464
-0.815,0.464
-0.815,0.463
-0.815,0.464
-0.815,0.463
-0.815,0.462
-0.815,0.464
-0.815,0.464
-0.815,0.463
-0.802,0.463
-0.79,0.462
-0.775,0.447
-0.774,0.443
-0.77,0.422
-0.767,0.389
-0.766,0.37
-0.765,0.323
-0.762,0.312
-0.763,0.3
-0.763,0.298
-0.765,0.28
-0.766,0.277
-0.766,0.262
-0.766,0.26
-0.766,0.257
-0.766,0.261
-0.766,0.261
-0.766,0.261
-0.766,0.263
-0.766,0.265
-0.766,0.265
-0.766,0.265
-0.767,0.263
-0.766,0.263
-0.766,0.262
-0.766,0.258
-0.766,0.25
-0.766,0.251
-0.766,0.251
-0.766,0.251
-0.766,0.255
-0.766,0.253
-0.766,0.249
-0.767,0.246
-0.767,0.241
-0.767,0.242
-0.767,0.238
-0.767,0.237
-0.767,0.238
-0.767,0.232
-0.767,0.229
-0.767,0.227
-0.767,0.227
-0.767,0.221
-0.767,0.221
-0.767,0.22
-0.767,0.22
-0.766,0.22
-0.766,0.221
-0.766,0.218
-0.766,0.212
-0.766,0.22
-0.766,0.219
-0.766,0.221
-0.765,0.221
-0.762,0.222
-0.762,0.223
-0.762,0.223
-0.762,0.223
-0.762,0.223
-0.762,0.224
-0.762,0.223
-0.762,0.223
-0.759,0.223
-0.756,0.224
-0.754,0.225
-0.755,0.225
-0.755,0.226
-0.756,0.226
-0.756,0.225
-0.756,0.225
-0.757,0.226
-0.757,0.225
-0.757,0.225
-0.757,0.226
-0.757,0.225
-0.757,0.226
-0.757,0.226
-0.757,0.227
-0.757,0.227
-0.757,0.227
-0.758,0.229
-0.757,0.228
-0.757,0.229
-0.757,0.229
-0.757,0.229
-0.757,0.229
-0.758,0.229
-0.758,0.228
-0.757,0.228
-0.757,0.229
-0.753,0.229
-0.749,0.229
-0.75,0.229
-0.75,0.229
-0.749,0.23
-0.75,0.231
-0.751,0.231
-0.751,0.231
-0.752,0.231
-0.752,0.231
-0.753,0.231
-0.753,0.231
-0.753,0.231
-0.753,0.231
-0.753,0.231
-0.753,0.231
-0.753,0.232
-0.753,0.232
-0.753,0.231
-0.753,0.232
-0.754,0.232
-0.754,0.231
-0.754,0.231
-0.754,0.231
-0.754,0.229
-0.754,0.229
-0.754,0.229
-0.754,0.229
-0.753,0.228
-0.753,0.229
-0.752,0.229
-0.751,0.228
-0.75,0.229
-0.75,0.229
-0.75,0.229
-0.748,0.229
-0.749,0.229
-0.75,0.229
-0.75,0.229
-0.75,0.229
-0.75,0.23
-0.75,0.229
-0.75,0.229
-0.75,0.23
-0.75,0.23
-0.75,0.23
-0.75,0.23
-0.749,0.23
-0.749,0.23
-0.75,0.23
-0.747,0.231
-0.74,0.23
-0.739,0.23
-0.741,0.229
-0.741,0.229
-0.741,0.228
-0.742,0.228
-0.742,0.228
-0.743,0.229
-0.742,0.229
-0.743,0.229
-0.743,0.228
-0.743,0.229
-0.744,0.228
-0.744,0.229
-0.744,0.228
-0.744,0.229
-0.744,0.228
-0.744,0.227
-0.744,0.227
-0.744,0.228
-0.744,0.227
-0.744,0.23
-0.744,0.231
-0.744,0.242
-0.747,0.243
-0.748,0.244
-0.759,0.244
-0.765,0.245
-0.765,0.246
-0.766,0.246
-0.766,0.276
-0.766,0.283
-0.766,0.283
-0.766,0.289
-0.766,0.32
-0.766,0.325
-0.766,0.338
-0.766,0.339
-0.766,0.345
-0.766,0.348
-0.766,0.347
-0.766,0.35
-0.766,0.351
-0.766,0.361
-0.766,0.39
-0.766,0.415
-0.766,0.42
-0.766,0.422
-0.766,0.422
-0.766,0.424
-0.766,0.423
-0.766,0.428
-0.765,0.432
-0.743,0.433
-0.729,0.434
-0.728,0.434
-0.721,0.434
-0.718,0.434
-0.723,0.432
-0.728,0.431
-0.729,0.428
-0.73,0.42
-0.731,0.416
-0.73,0.412
-0.729,0.411
-0.729,0.411
-0.729,0.411
-0.73,0.411
-0.729,0.409
-0.728,0.407
-0.727,0.405
-0.728,0.403
-0.729,0.4
-0.728,0.382
-0.728,0.372
-0.725,0.368
-0.725,0.37
-0.725,0.37
-0.726,0.374
-0.727,0.377
-0.728,0.383
-0.728,0.385
-0.728,0.388
-0.728,0.39
-0.728,0.39
-0.728,0.39
-0.728,0.391
-0.728,0.391
-0.727,0.391
-0.719,0.391
-0.718,0.391
-0.719,0.391
-0.72,0.391
-0.724,0.392
-0.728,0.391
-0.729,0.391
-0.729,0.391
-0.728,0.391
-0.728,0.392
-0.727,0.391
-0.727,0.391
-0.728,0.391
-0.731,0.39
-0.732,0.391
-0.731,0.39
-0.731,0.39
-0.73,0.391
-0.73,0.39
-0.729,0.39
-0.729,0.391
-0.728,0.39
-0.728,0.39
-0.729,0.39
-0.731,0.39
-0.731,0.39
-0.731,0.39
-0.731,0.39
-0.73,0.39
-0.731,0.389
-0.731,0.389
-0.731,0.39
-0.731,0.389
-0.731,0.389
-0.728,0.39
-0.729,0.389
-0.729,0.39
-0.73,0.391
-0.731,0.389
-0.73,0.39
-0.73,0.389
-0.73,0.39
-0.73,0.39
-0.731,0.39
-0.731,0.389
-0.73,0.39
-0.73,0.389
-0.729,0.389
-0.729,0.389
-0.73,0.389
-0.73,0.389
-0.73,0.389
-0.73,0.389
-0.73,0.389
-0.73,0.389
-0.73,0.389
-0.73,0.388
-0.731,0.387
-0.731,0.387
-0.731,0.387
-0.731,0.386
-0.731,0.385
-0.73,0.385
-0.73,0.381
-0.73,0.382
-0.732,0.381
-0.735,0.377
-0.739,0.375
-0.74,0.375
-0.74,0.374
-0.739,0.373
-0.736,0.372
-0.735,0.372
-0.735,0.372
-0.736,0.371
-0.739,0.372
-0.739,0.371
-0.74,0.371
-0.741,0.369
-0.74,0.37
-0.74,0.366
-0.741,0.366
-0.741,0.366
-0.741,0.366
-0.741,0.366
-0.741,0.364
-0.741,0.356
-0.741,0.359
-0.741,0.362
-0.74,0.36
-0.741,0.358
-0.741,0.354
-0.74,0.359
-0.741,0.356
-0.74,0.353
-0.741,0.357
-0.741,0.357
-0.741,0.358
-0.741,0.358
-0.741,0.355
-0.741,0.351
-0.741,0.348
-0.741,0.345
-0.741,0.342
-0.741,0.338
-0.741,0.33
-0.741,0.334
-0.741,0.334
-0.741,0.338
-0.741,0.339
-0.741,0.34
-0.741,0.341
-0.741,0.34
-0.741,0.34
-0.741,0.343
-0.741,0.345
-0.741,0.345
-0.741,0.346
-0.741,0.346
-0.741,0.347
-0.741,0.345
-0.741,0.345
-0.741,0.345
-0.741,0.344
-0.741,0.345
-0.741,0.344
-0.741,0.345
-0.741,0.344
-0.741,0.344
-0.741,0.345
-0.741,0.344
-0.741,0.344
-0.741,0.343
-0.741,0.344
-0.741,0.343
-0.741,0.343
-0.741,0.343
-0.741,0.343
-0.741,0.341
-0.741,0.342
-0.741,0.342
-0.741,0.341
-0.741,0.342
-0.741,0.342
-0.741,0.341
-0.741,0.338
-0.741,0.326
-0.741,0.323
-0.741,0.327
-0.741,0.328
-0.741,0.325
-0.741,0.323
-0.741,0.324
-0.741,0.325
-0.741,0.323
-0.741,0.321
-0.741,0.315
-0.741,0.317
-0.741,0.32
-0.741,0.321
-0.741,0.32
-0.741,0.317
-0.741,0.318
-0.741,0.32
-0.741,0.316
-0.741,0.319
-0.741,0.315
-0.741,0.314
-0.741,0.316
-0.741,0.315
-0.741,0.314
-0.741,0.315
-0.741,0.316
-0.741,0.316
-0.741,0.319
-0.741,0.319
-0.741,0.319
-0.741,0.319
-0.741,0.32
-0.741,0.32
-0.741,0.32
-0.741,0.32
-0.741,0.321
-0.741,0.321
-0.741,0.319
-0.741,0.319
-0.741,0.318
-0.741,0.317
-0.741,0.317
-0.741,0.315
-0.741,0.315
-0.741,0.316
-0.741,0.316
-0.741,0.317
-0.741,0.317
-0.741,0.317
-0.741,0.317
-0.741,0.317
-0.741,0.317
-0.741,0.319
-0.74,0.319
-0.741,0.319
-0.741,0.32
-0.741,0.319
-0.741,0.319
-0.74,0.319
-0.741,0.319
-0.741,0.319
-0.741,0.319
-0.741,0.321
-0.741,0.321
-0.741,0.321
-0.741,0.321
-0.741,0.32
-0.741,0.319
-0.741,0.319
-0.741,0.319
-0.741,0.319
-0.741,0.318
-0.741,0.317
-0.741,0.317
-0.741,0.317
-0.741,0.318
-0.741,0.319
-0.741,0.319
-0.741,0.318
-0.741,0.317
-0.741,0.313
-0.741,0.313
-0.741,0.313
-0.741,0.315
-0.741,0.313
-0.741,0.313
-0.741,0.311
-0.741,0.309
-0.741,0.31
-0.741,0.308
-0.741,0.307
-0.741,0.304
-0.741,0.302
-0.741,0.299
-0.741,0.301
-0.741,0.298
-0.741,0.301
-0.741,0.302
-0.741,0.302
-0.741,0.304
-0.741,0.309
-0.741,0.314
-0.741,0.319
-0.741,0.329
-0.741,0.339
-0.741,0.343
-0.741,0.343
-0.741,0.353
-0.741,0.394
-0.741,0.419
-0.741,0.449
-0.741,0.475
-0.741,0.481
-0.741,0.483
-0.741,0.505
-0.741,0.554
-0.741,0.572
-0.741,0.578
-0.741,0.585
-0.741,0.587
-0.741,0.595
-0.741,0.617
-0.741,0.623
-0.741,0.629
-0.741,0.629
-0.741,0.627
-0.741,0.637
-0.741,0.655
-0.741,0.659
-0.75,0.667
-0.788,0.673
-0.816,0.676
-0.823,0.674
-0.822,0.676
-0.822,0.675
-0.821,0.675
-0.821,0.676
-0.819,0.678
-0.819,0.681
-0.819,0.679
-0.819,0.679
-0.819,0.68
-0.819,0.68
-0.819,0.679
-0.819,0.677
-0.818,0.676
-0.819,0.675
-0.82,0.675
-0.82,0.674
-0.819,0.674
-0.82,0.672
-0.82,0.672
-0.82,0.672
-0.82,0.672
-0.82,0.673
-0.82,0.673
-0.82,0.673
-0.819,0.673
-0.819,0.673
-0.819,0.674
-0.819,0.674
-0.819,0.674
-0.819,0.674
-0.82,0.674
-0.819,0.674
-0.819,0.676
-0.819,0.681
-0.819,0.68
-0.818,0.681
-0.818,0.681
-0.819,0.682
-0.819,0.685
-0.818,0.684
-0.818,0.687
-0.818,0.687
-0.818,0.685
-0.819,0.687
-0.819,0.691
-0.819,0.71
-0.819,0.742
-0.821,0.743
-0.822,0.745
-0.823,0.745
-0.825,0.746
-0.831,0.746
-0.833,0.745
-0.844,0.747
-0.854,0.747
-0.856,0.748
-0.857,0.756
-0.857,0.76
-0.856,0.758
-0.855,0.758
-0.853,0.753
-0.847,0.746
-0.846,0.735
-0.842,0.734
-0.841,0.733
-0.841,0.734
-0.84,0.734
-0.84,0.734
-0.836,0.734
-0.803,0.734
-0.797,0.734
-0.796,0.734
-0.797,0.734
-0.796,0.734
-0.796,0.733
-0.796,0.734
-0.796,0.734
-0.796,0.733
-0.797,0.734
-0.797,0.733
-0.797,0.734
-0.798,0.73
-0.798,0.728
-0.799,0.721
-0.799,0.704
-0.799,0.684
-0.799,0.674
-0.799,0.661
-0.799,0.648
-0.799,0.643
-0.799,0.634
-0.799,0.621
-0.799,0.609
-0.799,0.589
-0.799,0.555
-0.799,0.529
-0.8,0.517
-0.8,0.497
-0.799,0.474
-0.8,0.472
-0.8,0.468
-0.799,0.473
-0.799,0.469
-0.799,0.42
-0.799,0.396
-0.799,0.374
-0.799,0.356
-0.799,0.338
-0.798,0.332
-0.797,0.332
-0.793,0.332
-0.765,0.333
-0.756,0.335
-0.739,0.334
-0.739,0.331
-0.739,0.332
-0.743,0.336
-0.745,0.34
-0.746,0.342
-0.745,0.342
-0.745,0.343
-0.735,0.344
-0.728,0.345
-0.729,0.345
-0.726,0.345
-0.72,0.345
-0.722,0.345
-0.722,0.349
-0.724,0.358
-0.725,0.36
-0.725,0.375
-0.728,0.379
-0.729,0.381
-0.729,0.381
-0.73,0.379
-0.73,0.375
-0.731,0.373
-0.732,0.372
-0.734,0.372
-0.736,0.371
-0.738,0.372
-0.739,0.371
-0.739,0.371
-0.74,0.371
-0.741,0.372
-0.747,0.372
-0.748,0.373
-0.747,0.375
-0.748,0.378
-0.748,0.381
-0.748,0.387
-0.748,0.387
-0.748,0.41
-0.748,0.426
-0.748,0.428
-0.748,0.431
-0.748,0.43
-0.747,0.426
-0.748,0.425
-0.748,0.424
-0.748,0.424
-0.748,0.425
-0.747,0.424
-0.748,0.424
-0.748,0.424
-0.748,0.425
-0.748,0.424
-0.748,0.424
-0.742,0.422
-0.716,0.419
-0.718,0.417
-0.719,0.415
-0.714,0.415
-0.708,0.415
-0.714,0.411
-0.715,0.411
-0.716,0.412
-0.715,0.412
-0.715,0.412
-0.714,0.412
-0.712,0.412
-0.709,0.411
-0.708,0.403
-0.708,0.394
-0.711,0.375
-0.711,0.347
-0.713,0.341
-0.714,0.332
-0.715,0.313
-0.715,0.275
-0.715,0.268
-0.716,0.263
-0.718,0.244
-0.735,0.246
-0.735,0.246
-0.736,0.237
-0.736,0.239
-0.736,0.232
-0.736,0.221
-0.736,0.228
-0.736,0.23
-0.736,0.215
-0.736,0.22
-0.736,0.223
-0.736,0.22
-0.737,0.218
-0.724,0.213
-0.714,0.205
-0.69,0.197
-0.666,0.201
-0.651,0.2
-0.635,0.203
-0.626,0.208
-0.606,0.209
-0.602,0.21
-0.601,0.212
-0.601,0.212
-0.602,0.215
-0.603,0.214
-0.604,0.216
-0.605,0.22
-0.606,0.228
-0.606,0.229
-0.602,0.231
-0.594,0.231
-0.592,0.231
-0.592,0.233
-0.591,0.236
-0.591,0.236
-0.592,0.236
-0.594,0.236
-0.595,0.237
-0.595,0.244
-0.597,0.244
-0.596,0.246
-0.596,0.251
-0.596,0.252
-0.596,0.253
-0.593,0.253
-0.593,0.253
-0.593,0.253
-0.594,0.253
-0.592,0.253
-0.593,0.253
-0.593,0.252
-0.594,0.252
-0.594,0.251
-0.596,0.251
-0.596,0.25
-0.596,0.249
-0.597,0.25
-0.597,0.249
-0.599,0.249
-0.604,0.249
-0.605,0.242
-0.612,0.233
-0.617,0.19
-0.616,0.205
-0.617,0.207
-0.617,0.209
-0.617,0.208
-0.617,0.209
-0.617,0.209
-0.617,0.208
-0.617,0.208
-0.617,0.21
-0.617,0.21
-0.617,0.21
-0.617,0.211
-0.617,0.211
-0.617,0.213
-0.617,0.213
-0.617,0.214
-0.617,0.215
-0.617,0.218
-0.617,0.219
-0.617,0.219
-0.617,0.22
-0.617,0.22
-0.617,0.219
-0.617,0.219
-0.617,0.219
-0.617,0.22
-0.617,0.22
-0.617,0.219
-0.617,0.218
-0.617,0.218
-0.617,0.219
-0.617,0.22
-0.617,0.22
-0.617,0.22
-0.617,0.22
-0.617,0.22
-0.618,0.22
-0.618,0.22
-0.617,0.22
-0.618,0.22
-0.617,0.22
-0.617,0.221
-0.617,0.221
-0.617,0.221
-0.617,0.221
-0.617,0.222
-0.617,0.221
-0.617,0.221
-0.618,0.222
-0.617,0.222
-0.618,0.221
-0.618,0.222
-0.618,0.221
-0.621,0.221
-0.624,0.222
-0.633,0.222
-0.639,0.222
-0.643,0.222
-0.642,0.223
-0.642,0.223
-0.642,0.223
-0.642,0.223
-0.642,0.223
-0.642,0.224
-0.643,0.223
-0.643,0.223
-0.643,0.223
-0.644,0.223
-0.643,0.224
-0.643,0.223
-0.643,0.223
-0.642,0.223
-0.643,0.224
-0.643,0.223
-0.643,0.223
-0.643,0.223
-0.642,0.223
-0.641,0.223
-0.641,0.223
-0.641,0.224
-0.641,0.225
-0.64,0.225
-0.639,0.225
-0.637,0.225
-0.637,0.225
-0.637,0.224
-0.637,0.225
-0.637,0.223
-0.637,0.215
-0.637,0.214
-0.637,0.21
-0.636,0.211
-0.636,0.212
-0.636,0.212
-0.635,0.212
-0.634,0.213
-0.635,0.214
-0.635,0.214
-0.635,0.213
-0.635,0.213
-0.635,0.214
-0.633,0.213
-0.632,0.213
-0.632,0.214
-0.632,0.213
-0.632,0.212
-0.63,0.211
-0.63,0.212
-0.629,0.21
-0.629,0.21
-0.629,0.211
-0.629,0.212
-0.629,0.211
-0.629,0.212
-0.628,0.212
-0.627,0.212
-0.627,0.214
-0.628,0.216
-0.628,0.216
-0.628,0.217
-0.627,0.217
-0.627,0.217
-0.627,0.216
-0.627,0.217
-0.628,0.217
-0.627,0.217
-0.627,0.216
-0.627,0.216
-0.627,0.216
-0.627,0.218
-0.627,0.217
-0.627,0.216
-0.627,0.216
-0.627,0.216
-0.627,0.216
-0.627,0.216
-0.627,0.216
-0.627,0.217
-0.627,0.217
-0.627,0.218
-0.628,0.218
-0.628,0.217
-0.628,0.217
-0.628,0.217
-0.627,0.216
-0.628,0.218
-0.627,0.219
-0.627,0.219
-0.627,0.22
-0.627,0.22
-0.627,0.22
-0.627,0.22
-0.627,0.221
-0.627,0.22
-0.627,0.221
-0.627,0.221
-0.627,0.222
-0.628,0.222
-0.627,0.223
-0.627,0.222
-0.627,0.222
-0.627,0.223
-0.627,0.222
-0.627,0.223
-0.627,0.223
-0.627,0.223
-0.627,0.223
-0.627,0.222
-0.627,0.222
-0.627,0.223
-0.627,0.222
-0.628,0.222
-0.627,0.223
-0.627,0.223
-0.627,0.223
-0.627,0.223
-0.627,0.223
-0.627,0.223
-0.627,0.223
-0.627,0.224
-0.627,0.223
-0.627,0.223
-0.627,0.223
-0.627,0.223
-0.627,0.223
-0.627,0.224
-0.627,0.224
-0.627,0.224
-0.627,0.223
-0.627,0.224
-0.627,0.224
-0.627,0.224
-0.627,0.224
-0.627,0.224
-0.627,0.224
-0.627,0.224
-0.627,0.224
-0.627,0.225
-0.627,0.224
-0.627,0.227
-0.627,0.232
-0.627,0.235
-0.627,0.236
-0.627,0.236
-0.627,0.237
-0.627,0.238
-0.627,0.238
-0.627,0.238
-0.627,0.24
-0.627,0.242
-0.627,0.242
-0.627,0.243
-0.627,0.244
-0.627,0.245
-0.627,0.252
-0.627,0.254
-0.628,0.259
-0.628,0.263
-0.629,0.268
-0.629,0.27
-0.63,0.273
-0.631,0.272
-0.631,0.274
-0.633,0.274
-0.635,0.274
-0.636,0.275
-0.637,0.275
-0.636,0.275
-0.637,0.275
-0.637,0.276
-0.637,0.276
-0.638,0.276
-0.642,0.275
-0.645,0.275
-0.648,0.275
-0.655,0.275
-0.655,0.274
-0.655,0.275
-0.655,0.275
-0.653,0.275
-0.653,0.275
-0.654,0.274
-0.654,0.274
-0.654,0.273
-0.654,0.274
-0.654,0.274
-0.652,0.274
-0.651,0.274
-0.65,0.273
-0.649,0.274
-0.65,0.273
-0.65,0.273
-0.651,0.272
-0.652,0.272
-0.654,0.272
-0.656,0.273
-0.656,0.273
-0.656,0.272
-0.657,0.274
-0.657,0.275
-0.657,0.281
-0.659,0.281
-0.667,0.287
-0.678,0.29
-0.687,0.293
-0.689,0.297
-0.688,0.302
-0.686,0.304
-0.683,0.314
-0.677,0.312
-0.67,0.313
-0.67,0.313
-0.67,0.313
-0.67,0.313
-0.669,0.313
-0.669,0.313
-0.652,0.314
-0.632,0.312
-0.618,0.312
-0.62,0.312
-0.624,0.31
-0.624,0.31
-0.623,0.31
-0.62,0.31
-0.62,0.309
-0.624,0.31
-0.642,0.31
-0.643,0.311
-0.644,0.314
-0.652,0.316
-0.668,0.36
-0.68,0.366
-0.684,0.37
-0.708,0.372
-0.708,0.371
-0.723,0.371
-0.744,0.372
-0.75,0.372
-0.746,0.372
-0.742,0.374
-0.735,0.375
-0.723,0.374
-0.716,0.374
-0.703,0.374
-0.692,0.372
-0.689,0.373
-0.68,0.372
-0.673,0.372
-0.667,0.372
-0.651,0.372
-0.623,0.371
-0.615,0.371
-0.611,0.37
-0.612,0.37
-0.613,0.369
-0.613,0.369
-0.613,0.369
-0.613,0.368
-0.614,0.367
-0.614,0.368
-0.614,0.367
-0.614,0.368
-0.615,0.368
-0.616,0.368
-0.616,0.367
-0.616,0.365
-0.616,0.365
-0.617,0.364
-0.617,0.365
-0.618,0.365
-0.618,0.366
-0.619,0.365
-0.619,0.365
-0.619,0.365
-0.62,0.366
-0.62,0.365
-0.621,0.366
-0.621,0.365
-0.621,0.365
-0.623,0.365
-0.623,0.364
-0.624,0.364
-0.624,0.364
-0.624,0.364
-0.627,0.364
-0.627,0.364
-0.632,0.364
-0.632,0.364
-0.633,0.364
-0.633,0.363
-0.633,0.363
-0.633,0.364
-0.633,0.363
-0.633,0.364
-0.633,0.363
-0.633,0.364
-0.633,0.363
-0.633,0.364
-0.633,0.363
-0.632,0.363
-0.632,0.364
-0.632,0.364
-0.632,0.363
-0.632,0.364
-0.632,0.364
-0.632,0.364
-0.632,0.364
-0.632,0.364
-0.632,0.364
-0.632,0.364
-0.632,0.364
-0.632,0.362
-0.633,0.362
-0.633,0.362
-0.632,0.362
-0.626,0.363
-0.609,0.366
-0.575,0.367
-0.576,0.368
-0.58,0.369
-0.589,0.371
-0.593,0.374
-0.594,0.374
-0.595,0.374
-0.594,0.374
-0.595,0.376
-0.595,0.383
-0.595,0.383
-0.595,0.387
-0.595,0.398
-0.595,0.399
-0.595,0.402
-0.595,0.403
-0.595,0.409
-0.595,0.411
-0.595,0.412
-0.595,0.414
-0.595,0.414
-0.595,0.413
-0.595,0.412
-0.595,0.413
-0.595,0.412
-0.595,0.412
-0.595,0.411
-0.595,0.41
-0.595,0.411
-0.595,0.411
-0.595,0.411
-0.595,0.41
-0.595,0.409
-0.595,0.405
-0.595,0.403
-0.595,0.4
-0.595,0.4
-0.595,0.399
-0.595,0.399
-0.595,0.399
-0.595,0.398
-0.595,0.396
-0.595,0.392
-0.595,0.389
-0.595,0.384
-0.595,0.384
-0.596,0.384
-0.595,0.385
-0.596,0.385
-0.596,0.384
-0.596,0.384
-0.596,0.385
-0.596,0.384
-0.596,0.384
-0.596,0.385
-0.596,0.384
-0.596,0.385
-0.596,0.384
-0.595,0.384
-0.596,0.384
-0.596,0.384
-0.596,0.384
-0.596,0.384
-0.596,0.385
-0.596,0.385
-0.596,0.385
-0.596,0.389
-0.596,0.41
-0.596,0.419
-0.595,0.445
-0.596,0.467
-0.596,0.47
-0.596,0.471
-0.596,0.473
-0.596,0.475
-0.596,0.476
-0.596,0.479
-0.596,0.476
-0.596,0.477
-0.596,0.477
-0.596,0.477
-0.596,0.477
-0.596,0.476
-0.596,0.475
-0.596,0.473
-0.596,0.473
-0.596,0.473
-0.596,0.473
-0.596,0.471
-0.596,0.471
-0.596,0.471
-0.596,0.471
-0.596,0.47
-0.596,0.467
-0.596,0.467
-0.596,0.467
-0.596,0.465
-0.596,0.465
-0.596,0.463
-0.596,0.462
-0.596,0.461
-0.596,0.46
-0.596,0.459
-0.596,0.458
-0.596,0.457
-0.596,0.456
-0.596,0.448
-0.596,0.445
-0.596,0.444
-0.596,0.445
-0.596,0.445
-0.596,0.444
-0.596,0.444
-0.596,0.444
-0.596,0.444
-0.604,0.445
-0.605,0.444
-0.606,0.444
-0.608,0.444
-0.609,0.444
-0.611,0.444
-0.614,0.444
-0.617,0.445
-0.621,0.444
-0.622,0.444
-0.623,0.444
-0.625,0.444
-0.626,0.444
-0.624,0.444
-0.626,0.444
-0.626,0.445
-0.627,0.445
-0.627,0.444
-0.627,0.444
-0.626,0.444
-0.627,0.444
-0.627,0.445
-0.627,0.444
-0.627,0.444
-0.627,0.444
-0.627,0.444
-0.627,0.444
-0.627,0.444
-0.627,0.443
-0.627,0.444
-0.627,0.444
-0.627,0.444
-0.627,0.444
-0.627,0.444
-0.627,0.447
-0.627,0.447
-0.627,0.447
-0.627,0.447
-0.627,0.446
-0.627,0.446
-0.627,0.445
-0.627,0.445
-0.627,0.445
-0.627,0.445
-0.626,0.445
-0.627,0.445
-0.627,0.445
-0.627,0.442
-0.627,0.433
-0.627,0.432
-0.627,0.428
-0.626,0.421
-0.627,0.413
-0.627,0.409
-0.626,0.407
-0.627,0.4
-0.627,0.385
-0.627,0.381
-0.627,0.378
-0.627,0.377
-0.628,0.373
-0.628,0.374
-0.628,0.372
-0.627,0.369
-0.627,0.37
-0.627,0.366
-0.627,0.362
-0.628,0.362
-0.627,0.363
-0.628,0.364
-0.629,0.364
-0.629,0.364
-0.629,0.366
-0.629,0.366
-0.629,0.366
-0.629,0.365
-0.629,0.366
-0.629,0.364
-0.629,0.365
-0.629,0.365
-0.629,0.365
-0.629,0.366
-0.629,0.366
-0.629,0.368
-0.629,0.367
-0.629,0.368
-0.63,0.368
-0.63,0.369
-0.629,0.368
-0.629,0.366
-0.629,0.366
-0.629,0.367
-0.629,0.367
-0.629,0.368
-0.629,0.368
-0.629,0.368
-0.629,0.368
-0.63,0.368
-0.629,0.368
-0.629,0.368
-0.629,0.367
-0.629,0.368
-0.628,0.368
-0.628,0.369
-0.628,0.369
-0.628,0.37
-0.629,0.371
-0.629,0.37
-0.629,0.371
-0.628,0.371
-0.628,0.37
-0.629,0.371
-0.628,0.371
-0.627,0.371
-0.627,0.372
-0.626,0.371
-0.626,0.371
-0.626,0.372
-0.625,0.372
-0.625,0.37
-0.624,0.372
-0.624,0.372
-0.624,0.371
-0.624,0.372
-0.623,0.372
-0.62,0.372
-0.62,0.372
-0.618,0.372
-0.617,0.372
-0.616,0.371
-0.614,0.372
-0.611,0.372
-0.611,0.371
-0.61,0.371
-0.609,0.372
-0.609,0.372
-0.609,0.372
-0.609,0.372
-0.609,0.369
-0.609,0.369
-0.609,0.369
-0.609,0.369
-0.61,0.369
-0.609,0.368
-0.609,0.368
-0.61,0.366
-0.609,0.364
-0.61,0.359
-0.61,0.355
-0.61,0.352
-0.61,0.351
-0.61,0.347
-0.611,0.349
-0.612,0.348
-0.613,0.347
-0.614,0.343
-0.614,0.338
-0.616,0.343
-0.637,0.352
-0.659,0.376
-0.689,0.379
-0.7,0.437
-0.738,0.462
-0.746,0.471
-0.745,0.473
-0.745,0.483
-0.745,0.488
-0.747,0.492
-0.753,0.492
-0.757,0.495
-0.776,0.499
-0.785,0.5
-0.796,0.497
-0.797,0.5
-0.799,0.499
-0.802,0.501
-0.804,0.5
-0.811,0.502
-0.825,0.507
-0.84,0.506
-0.885,0.515
-0.89,0.519
-0.892,0.524
-0.894,0.524
-0.893,0.522
-0.893,0.522
-0.893,0.522
-0.893,0.522
-0.893,0.523
-0.893,0.523
-0.893,0.521
-0.893,0.52
-0.895,0.52
-0.902,0.519
-0.911,0.516
-0.913,0.515
-0.915,0.515
-0.915,0.515
-0.917,0.514
-0.918,0.515
-0.918,0.514
-0.918,0.514
-0.923,0.515
-0.924,0.514
-0.927,0.514
-0.933,0.514
-0.941,0.515
-0.948,0.514
-0.953,0.514
-0.957,0.514
-0.964,0.514
-0.964,0.514
-0.964,0.515
-0.964,0.514
-0.963,0.515
-0.962,0.515
-0.962,0.516
-0.962,0.516
-0.961,0.516
-0.961,0.516
-0.959,0.516
-0.958,0.519
-0.957,0.522
-0.953,0.534
-0.952,0.551
-0.95,0.572
-0.949,0.58
-0.949,0.582
-0.943,0.589
-0.943,0.592
-0.943,0.593
-0.942,0.595
-0.942,0.6
-0.941,0.615
-0.942,0.617
-0.942,0.619
-0.942,0.621
-0.942,0.636
-0.942,0.644
-0.94,0.651
-0.942,0.666
-0.946,0.666
-0.953,0.681
-0.997,0.683
-1.0,0.682
-1.0,0.681
-1.0,0.682
-1.0,0.682
-1.0,0.683
-1.0,0.683
-1.0,0.683
-1.0,0.683
-1.0,0.68
-1.0,0.675
-1.0,0.674
-1.0,0.668
-1.0,0.666
-1.0,0.662
-1.0,0.661
-1.0,0.66
-1.0,0.66
-1.0,0.661
-1.0,0.661
-1.0,0.661
-1.0,0.661
-1.0,0.66
-1.0,0.66
-1.0,0.661
-1.0,0.661
-1.0,0.661
-1.0,0.661
-1.0,0.661
-1.0,0.661
-1.0,0.661
-1.0,0.661
-1.0,0.661
-0.997,0.661
-0.992,0.661
-0.988,0.661
-0.988,0.66
-0.986,0.661
-0.98,0.661
-0.98,0.657
-0.974,0.659
-0.965,0.658
-0.965,0.657
-0.964,0.655
-0.962,0.655
-0.961,0.655
-0.96,0.653
-0.96,0.653
-0.96,0.651
-0.96,0.653
-0.96,0.652
-0.961,0.651
-0.961,0.649
-0.961,0.644
-0.961,0.642
-0.963,0.637
-0.971,0.633
-0.98,0.633
-1.0,0.633
-1.0,0.633
-1.0,0.633
-1.0,0.633
-1.0,0.633
-1.0,0.631
-1.0,0.629
-1.0,0.628
-1.0,0.627
-0.995,0.627
-0.972,0.629
-0.96,0.636
-0.961,0.644
-0.961,0.654
-0.96,0.655
-0.946,0.654
-0.917,0.654
-0.918,0.655
-0.921,0.655
-0.923,0.655
-0.923,0.654
-0.923,0.654
-0.922,0.654
-0.92,0.652
-0.921,0.647
-0.919,0.645
-0.918,0.64
-0.918,0.639
-0.918,0.638
-0.92,0.639
-0.919,0.642
-0.92,0.644
-0.92,0.643
-0.92,0.643
-0.919,0.643
-0.92,0.643
-0.92,0.643
-0.912,0.643
-0.899,0.642
-0.88,0.642
-0.868,0.642
-0.83,0.64
-0.825,0.64
-0.828,0.64
-0.83,0.638
-0.83,0.639
-0.831,0.638
-0.833,0.638
-0.832,0.638
-0.833,0.638
-0.833,0.638
-0.835,0.637
-0.835,0.637
-0.835,0.637
-0.835,0.636
-0.835,0.635
-0.836,0.635
-0.837,0.635
-0.838,0.635
-0.838,0.634
-0.838,0.635
-0.838,0.634
-0.835,0.634
-0.829,0.634
-0.83,0.634
-0.83,0.634
-0.829,0.634
-0.827,0.634
-0.826,0.634
-0.825,0.633
-0.827,0.634
-0.83,0.634
-0.833,0.634
-0.843,0.634
-0.845,0.633
-0.845,0.633
-0.843,0.633
-0.843,0.633
-0.844,0.633
-0.844,0.633
-0.844,0.633
-0.839,0.633
-0.835,0.633
-0.833,0.633
-0.83,0.633
-0.822,0.633
-0.81,0.633
-0.81,0.633
-0.806,0.633
-0.803,0.633
-0.803,0.633
-0.805,0.633
-0.806,0.633
-0.808,0.633
-0.81,0.633
-0.809,0.633
-0.812,0.633
-0.812,0.633
-0.812,0.632
-0.812,0.631
-0.812,0.625
-0.812,0.614
-0.813,0.612
-0.812,0.616
-0.812,0.621
-0.812,0.625
-0.813,0.624
-0.813,0.623
-0.813,0.624
-0.814,0.622
-0.815,0.621
-0.816,0.618
-0.816,0.605
-0.816,0.591
-0.816,0.538
-0.816,0.538
-0.816,0.537
-0.816,0.537
-0.818,0.539
-0.819,0.538
-0.819,0.533
-0.819,0.516
-0.819,0.512
-0.82,0.511
-0.82,0.487
-0.82,0.486
-0.82,0.489
-0.82,0.484
-0.82,0.488
-0.82,0.486
-0.82,0.489
-0.821,0.491
-0.821,0.491
-0.821,0.487
-0.821,0.488
-0.821,0.489
-0.821,0.488
-0.821,0.488
-0.821,0.492
-0.821,0.489
-0.821,0.488
-0.821,0.479
-0.821,0.473
-0.821,0.47
-0.821,0.475
-0.821,0.467
-0.821,0.464
-0.821,0.469
-0.821,0.465
-0.821,0.465
-0.821,0.466
-0.821,0.468
-0.822,0.465
-0.822,0.467
-0.821,0.469
-0.821,0.469
-0.821,0.468
-0.821,0.47
-0.822,0.471
-0.821,0.471
-0.822,0.472
-0.822,0.471
-0.822,0.473
-0.821,0.473
-0.821,0.473
-0.821,0.473
-0.821,0.475
-0.821,0.472
-0.821,0.472
-0.821,0.473
-0.821,0.474
-0.821,0.475
-0.821,0.473
-0.821,0.473
-0.822,0.474
-0.821,0.475
-0.822,0.475
-0.821,0.474
-0.821,0.471
-0.821,0.473
-0.822,0.473
-0.821,0.473
-0.821,0.473
-0.821,0.469
-0.821,0.469
-0.821,0.465
-0.821,0.465
-0.821,0.467
-0.821,0.465
-0.821,0.465
-0.821,0.468
-0.821,0.467
-0.821,0.467
-0.821,0.467
-0.821,0.467
-0.821,0.466
-0.821,0.47
-0.821,0.469
-0.821,0.469
-0.821,0.467
-0.822,0.467
-0.821,0.47
-0.821,0.47
-0.821,0.471
-0.821,0.47
-0.821,0.469
-0.821,0.47
-0.821,0.469
-0.821,0.465
-0.821,0.464
-0.821,0.461
-0.821,0.458
-0.821,0.454
-0.821,0.458
-0.821,0.46
-0.821,0.462
-0.822,0.465
-0.822,0.461
-0.821,0.465
-0.822,0.465
-0.821,0.466
-0.821,0.465
-0.821,0.467
-0.822,0.466
-0.821,0.468
-0.821,0.468
-0.821,0.468
-0.821,0.468
-0.821,0.467
-0.822,0.468
-0.822,0.468
-0.821,0.468
-0.821,0.467
-0.821,0.467
-0.822,0.469
-0.821,0.471
-0.821,0.469
-0.822,0.469
-0.822,0.47
-0.821,0.47
-0.821,0.47
-0.822,0.468
-0.821,0.467
-0.822,0.465
-0.822,0.462
-0.822,0.457
-0.822,0.449
-0.822,0.448
-0.822,0.451
-0.822,0.449
-0.822,0.449
-0.822,0.45
-0.822,0.449
-0.822,0.45
-0.821,0.449
-0.822,0.453
-0.821,0.453
-0.821,0.452
-0.821,0.454
-0.821,0.456
-0.821,0.444
-0.821,0.444
-0.821,0.443
-0.821,0.447
-0.821,0.449
-0.821,0.449
-0.821,0.45
-0.821,0.45
-0.821,0.45
-0.821,0.452
-0.818,0.452
-0.817,0.452
-0.815,0.448
-0.813,0.45
-0.81,0.451
-0.806,0.449
-0.802,0.452
-0.791,0.452
-0.79,0.45
-0.785,0.452
-0.784,0.452
-0.784,0.451
-0.776,0.452
-0.763,0.453
-0.756,0.454
-0.745,0.454
-0.738,0.451
-0.739,0.451
-0.736,0.447
-0.73,0.447
-0.729,0.443
-0.722,0.443
-0.717,0.443
-0.707,0.447
-0.702,0.445
-0.68,0.444
-0.679,0.439
-0.677,0.438
-0.677,0.443
-0.677,0.439
-0.676,0.438
-0.667,0.445
-0.666,0.442
-0.667,0.434
-0.667,0.429
-0.655,0.426
-0.657,0.427
-0.654,0.425
-0.655,0.415
-0.655,0.412
-0.655,0.413
-0.655,0.405
-0.656,0.396
-0.657,0.389
-0.657,0.394
-0.657,0.394
-0.657,0.396
-0.657,0.394
-0.658,0.393
-0.658,0.393
-0.658,0.389
-0.658,0.389
-0.658,0.392
-0.658,0.39
-0.657,0.39
-0.657,0.39
-0.657,0.389
-0.656,0.39
-0.656,0.39
-0.657,0.39
-0.657,0.39
-0.657,0.39
-0.657,0.389
-0.656,0.39
-0.656,0.389
-0.655,0.39
-0.655,0.391
-0.655,0.392
-0.656,0.392
-0.657,0.392
-0.657,0.394
-0.657,0.39
-0.657,0.391
-0.657,0.391
-0.658,0.393
-0.659,0.394
-0.658,0.394
-0.658,0.394
-0.658,0.393
-0.658,0.392
-0.659,0.392
-0.66,0.392
-0.66,0.391
-0.661,0.392
-0.661,0.391
-0.662,0.39
-0.663,0.391
-0.662,0.391
-0.662,0.392
-0.661,0.391
-0.661,0.392
-0.661,0.391
-0.661,0.39
-0.661,0.388
-0.661,0.383
-0.662,0.379
-0.661,0.383
-0.662,0.382
-0.662,0.383
-0.662,0.383
-0.661,0.381
-0.662,0.383
-0.662,0.384
-0.662,0.383
-0.662,0.383
-0.663,0.381
-0.663,0.383
-0.663,0.383
-0.663,0.383
-0.663,0.383
-0.664,0.383
-0.663,0.383
-0.663,0.384
-0.663,0.385
-0.664,0.383
-0.664,0.385
-0.665,0.385
-0.668,0.384
-0.673,0.385
-0.678,0.385
-0.679,0.385
-0.679,0.386
-0.679,0.386
-0.679,0.386
-0.679,0.385
-0.679,0.385
-0.679,0.386
-0.679,0.387
-0.68,0.387
-0.679,0.386
-0.679,0.387
-0.677,0.387
-0.674,0.387
-0.668,0.386
-0.667,0.387
-0.667,0.385
-0.668,0.386
-0.668,0.386
-0.668,0.386
-0.668,0.385
-0.667,0.386
-0.666,0.386
-0.666,0.386
-0.666,0.386
-0.666,0.387
-0.665,0.387
-0.664,0.387
-0.664,0.387
-0.664,0.387
-0.664,0.387
-0.664,0.387
-0.665,0.387
-0.665,0.387
-0.665,0.386
-0.666,0.387
-0.666,0.387
-0.666,0.387
-0.666,0.387
-0.666,0.387
-0.666,0.387
-0.664,0.387
-0.664,0.387
-0.664,0.389
-0.664,0.389
-0.664,0.389
-0.664,0.388
-0.664,0.389
-0.664,0.388
-0.664,0.389
-0.664,0.388
-0.663,0.388
-0.663,0.388
-0.663,0.388
-0.661,0.389
-0.66,0.389
-0.66,0.388
-0.66,0.388
-0.66,0.388
-0.66,0.387
-0.66,0.388
-0.659,0.388
-0.659,0.389
-0.658,0.389
-0.658,0.388
-0.658,0.389
-0.658,0.388
-0.658,0.388
-0.658,0.388
-0.658,0.387
-0.658,0.388
-0.658,0.388
-0.658,0.388
-0.659,0.388
-0.659,0.388
-0.658,0.388
-0.658,0.387
-0.658,0.387
-0.66,0.387
-0.66,0.388
-0.66,0.387
-0.66,0.387
-0.66,0.387
-0.66,0.387
-0.66,0.387
-0.659,0.379
-0.659,0.386
-0.659,0.386
-0.659,0.385
-0.658,0.384
-0.659,0.385
-0.659,0.384
-0.66,0.384
-0.66,0.385
-0.66,0.385
-0.66,0.382
-0.659,0.383
-0.66,0.382
-0.659,0.382
-0.659,0.382
-0.659,0.383
-0.659,0.383
-0.659,0.383
-0.659,0.383
-0.658,0.383
-0.659,0.383
-0.658,0.383
-0.659,0.384
-0.659,0.383
-0.659,0.383
-0.659,0.383
-0.659,0.382
-0.658,0.383
-0.658,0.381
-0.657,0.381
-0.657,0.381
-0.657,0.38
-0.657,0.38
-0.657,0.381
-0.657,0.383
-0.656,0.38
-0.657,0.379
-0.657,0.379
-0.656,0.38
-0.657,0.381
-0.657,0.381
-0.657,0.38
-0.657,0.379
-0.657,0.38
-0.656,0.381
-0.656,0.382
-0.656,0.385
-0.656,0.384
-0.656,0.382
-0.657,0.383
-0.656,0.383
-0.656,0.383
-0.656,0.383
-0.656,0.383
-0.657,0.383
-0.656,0.382
-0.657,0.383
-0.656,0.381
-0.655,0.382
-0.655,0.381
-0.656,0.38
-0.656,0.383
-0.655,0.382
-0.653,0.381
-0.652,0.382
-0.651,0.382
-0.652,0.381
-0.652,0.381
-0.651,0.382
-0.651,0.383
-0.651,0.382
-0.651,0.382
-0.651,0.384
-0.651,0.384
-0.651,0.382
-0.649,0.383
-0.65,0.383
-0.651,0.377
-0.649,0.379
-0.65,0.377
-0.649,0.377
-0.648,0.378
-0.648,0.377
-0.649,0.381
-0.649,0.38
-0.649,0.378
-0.648,0.377
-0.648,0.381
-0.647,0.377
-0.646,0.377
-0.646,0.378
-0.647,0.378
-0.648,0.374
-0.649,0.375
-0.649,0.371
-0.649,0.368
-0.65,0.367
-0.651,0.367
-0.651,0.368
-0.651,0.368
-0.651,0.368
-0.651,0.369
-0.651,0.367
-0.651,0.366
-0.651,0.365
-0.65,0.367
-0.649,0.368
-0.649,0.367
-0.646,0.371
-0.646,0.372
-0.648,0.377
-0.648,0.383
-0.648,0.388
-0.648,0.392
-0.648,0.394
-0.649,0.396
-0.649,0.397
-0.649,0.398
-0.648,0.407
-0.648,0.407
-0.646,0.408
-0.646,0.408
-0.645,0.408
-0.642,0.406
-0.643,0.405
-0.643,0.405
-0.643,0.405
-0.643,0.406
-0.645,0.406
-0.645,0.406
-0.646,0.405
-0.646,0.405
-0.648,0.405
-0.648,0.405
-0.648,0.405
-0.649,0.405
-0.649,0.405
-0.649,0.405
-0.649,0.405
-0.649,0.405
-0.649,0.405
-0.649,0.405
-0.649,0.405
-0.649,0.403
-0.649,0.4
-0.649,0.397
-0.649,0.395
-0.649,0.394
-0.649,0.392
-0.649,0.392
-0.649,0.39
-0.649,0.39
-0.649,0.391
-0.649,0.393
-0.649,0.396
-0.649,0.398
-0.649,0.398
-0.649,0.399
-0.649,0.399
-0.649,0.4
-0.649,0.4
-0.649,0.4
-0.649,0.4
-0.649,0.4
-0.649,0.4
-0.649,0.4
-0.649,0.4
-0.649,0.401
-0.649,0.401
-0.649,0.4
-0.649,0.401
-0.649,0.401
-0.649,0.401
-0.649,0.401
-0.649,0.401
-0.649,0.401
-0.649,0.401
-0.649,0.401
-0.649,0.401
-0.649,0.401
-0.649,0.401
-0.649,0.402
-0.649,0.402
-0.649,0.402
-0.649,0.402
-0.649,0.402
-0.649,0.402
-0.649,0.402
-0.649,0.402
-0.649,0.402
-0.649,0.402
-0.649,0.402
-0.65,0.402
-0.649,0.402
-0.649,0.402
-0.649,0.402
-0.65,0.402
-0.65,0.402
-0.649,0.402
-0.65,0.402
-0.65,0.402
-0.649,0.402
-0.65,0.402
-0.649,0.402
-0.649,0.402
-0.649,0.402
-0.649,0.402
-0.649,0.402
-0.649,0.402
-0.649,0.402
-0.649,0.402
-0.649,0.402
-0.649,0.402
-0.649,0.402
-0.649,0.402
-0.649,0.402
-0.649,0.402
-0.649,0.402
-0.648,0.402
-0.648,0.402
-0.648,0.402
-0.648,0.402
-0.648,0.402
-0.648,0.402
-0.648,0.403
-0.648,0.402
-0.648,0.402
-0.648,0.402
-0.649,0.402
-0.649,0.402
-0.65,0.402
-0.65,0.403
-0.651,0.402
-0.651,0.402
-0.651,0.403
-0.652,0.403
-0.652,0.403
-0.652,0.402
-0.654,0.403
-0.654,0.402
-0.655,0.402
-0.657,0.403
-0.658,0.402
-0.661,0.403
-0.669,0.403
-0.672,0.402
-0.673,0.402
-0.673,0.402
-0.673,0.403
-0.673,0.403
-0.673,0.403
-0.673,0.402
-0.673,0.402
-0.674,0.402
-0.674,0.403
-0.674,0.403
-0.675,0.402
-0.675,0.402
-0.675,0.401
-0.674,0.398
-0.675,0.394
-0.675,0.393
-0.675,0.392
-0.675,0.391
-0.675,0.391
-0.675,0.392
-0.675,0.39
-0.675,0.391
-0.675,0.391
-0.676,0.388
-0.675,0.383
-0.675,0.383
-0.676,0.383
-0.676,0.38
-0.675,0.377
-0.676,0.375
-0.675,0.369
-0.676,0.358
-0.676,0.357
-0.675,0.355
-0.676,0.359
-0.676,0.358
-0.676,0.36
-0.676,0.358
-0.676,0.358
-0.676,0.358
-0.676,0.358
-0.676,0.358
-0.676,0.355
-0.676,0.354
-0.675,0.355
-0.676,0.354
-0.676,0.355
-0.676,0.357
-0.676,0.363
-0.676,0.375
-0.676,0.385
-0.676,0.387
-0.676,0.387
-0.676,0.388
-0.676,0.388
-0.676,0.388
-0.676,0.389
-0.676,0.389
-0.676,0.389
-0.676,0.389
-0.676,0.388
-0.676,0.389
-0.676,0.389
-0.676,0.389
-0.676,0.389
-0.676,0.39
-0.676,0.389
-0.676,0.39
-0.676,0.389
-0.676,0.39
-0.676,0.39
-0.676,0.39
-0.676,0.39
-0.676,0.39
-0.677,0.39
-0.677,0.39
-0.677,0.39
-0.677,0.391
-0.677,0.39
-0.677,0.39
-0.677,0.39
-0.677,0.39
-0.677,0.39
-0.677,0.39
-0.677,0.39
-0.677,0.39
-0.677,0.39
-0.677,0.39
-0.677,0.39
-0.677,0.39
-0.677,0.39
-0.677,0.39
-0.677,0.39
-0.676,0.39
-0.677,0.39
-0.677,0.39
-0.677,0.39
-0.677,0.39
-0.677,0.39
-0.677,0.39
-0.677,0.39
-0.677,0.39
-0.677,0.391
-0.677,0.39
-0.677,0.39
-0.677,0.39
-0.677,0.39
-0.677,0.392
-0.677,0.39
-0.677,0.39
-0.677,0.39
-0.677,0.391
-0.677,0.391
-0.677,0.39
-0.677,0.39
-0.677,0.39
-0.677,0.39
-0.677,0.39
-0.677,0.39
-0.677,0.39
-0.677,0.39
-0.677,0.391
-0.677,0.39
-0.677,0.39
-0.677,0.39
-0.676,0.39
-0.677,0.39
-0.677,0.39
-0.677,0.391
-0.677,0.39
-0.677,0.391
-0.677,0.39
-0.677,0.391
-0.677,0.391
-0.677,0.39
-0.677,0.391
-0.677,0.39
-0.677,0.391
-0.677,0.39
-0.677,0.39
-0.677,0.39
-0.677,0.39
-0.677,0.393
-0.677,0.396
-0.677,0.403
-0.677,0.407
-0.677,0.415
-0.677,0.413
-0.677,0.422
-0.677,0.424
-0.677,0.422
-0.677,0.422
-0.677,0.421
-0.677,0.42
-0.677,0.419
-0.677,0.417
-0.677,0.411
-0.677,0.407
-0.677,0.407
-0.677,0.406
-0.677,0.406
-0.677,0.407
-0.677,0.406
-0.677,0.406
-0.677,0.407
-0.677,0.406
-0.677,0.403
-0.677,0.4
-0.677,0.395
-0.677,0.394
-0.677,0.392
-0.677,0.392
-0.677,0.387
-0.677,0.386
-0.677,0.384
-0.677,0.383
-0.677,0.383
-0.677,0.382
-0.677,0.383
-0.677,0.382
-0.677,0.381
-0.677,0.381
-0.677,0.381
-0.677,0.381
-0.677,0.381
-0.677,0.384
-0.677,0.381
-0.677,0.381
-0.677,0.381
-0.677,0.382
-0.677,0.381
-0.677,0.382
-0.677,0.383
-0.677,0.382
-0.677,0.383
-0.677,0.383
-0.677,0.383
-0.677,0.383
-0.677,0.383
-0.677,0.383
-0.677,0.383
-0.677,0.383
-0.677,0.383
-0.677,0.382
-0.677,0.382
-0.677,0.383
-0.677,0.382
-0.677,0.382
-0.677,0.382
-0.677,0.381
-0.677,0.381
-0.677,0.382
-0.677,0.382
-0.677,0.381
-0.677,0.382
-0.677,0.381
-0.677,0.381
-0.677,0.38
-0.677,0.378
-0.677,0.377
-0.677,0.376
-0.677,0.376
-0.677,0.375
-0.677,0.376
-0.677,0.375
-0.677,0.375
-0.677,0.375
-0.677,0.375
-0.677,0.374
-0.677,0.372
-0.677,0.373
-0.677,0.373
-0.677,0.373
-0.677,0.375
-0.677,0.375
-0.677,0.375
-0.677,0.374
-0.677,0.374
-0.677,0.374
-0.677,0.374
-0.677,0.374
-0.677,0.374
-0.677,0.374
-0.677,0.374
-0.677,0.375
-0.677,0.374
-0.677,0.374
-0.677,0.374
-0.677,0.374
-0.677,0.374
-0.677,0.374
-0.677,0.372
-0.677,0.371
-0.677,0.372
-0.677,0.371
-0.677,0.372
-0.677,0.372
-0.677,0.372
-0.677,0.371
-0.677,0.371
-0.677,0.371
-0.677,0.372
-0.677,0.371
-0.677,0.371
-0.677,0.37
-0.677,0.371
-0.677,0.372
-0.677,0.372
-0.677,0.372
-0.677,0.372
-0.677,0.372
-0.677,0.372
-0.677,0.372
-0.677,0.372
-0.677,0.372
-0.677,0.372
-0.677,0.372
-0.677,0.372
-0.677,0.368
-0.677,0.367
-0.677,0.37
-0.677,0.366
-0.677,0.365
-0.677,0.368
-0.677,0.364
-0.677,0.362
-0.677,0.366
-0.677,0.363
-0.677,0.362
-0.677,0.359
-0.677,0.355
-0.677,0.352
-0.677,0.354
-0.677,0.355
-0.677,0.357
-0.677,0.355
-0.677,0.357
-0.677,0.357
-0.677,0.356
-0.677,0.355
-0.677,0.349
-0.677,0.343
-0.677,0.34
-0.677,0.344
-0.677,0.345
-0.677,0.345
-0.677,0.344
-0.677,0.344
-0.677,0.332
-0.677,0.325
-0.677,0.316
-0.677,0.281
-0.677,0.276
-0.677,0.278
-0.677,0.251
-0.677,0.257
-0.677,0.259
-0.677,0.251
-0.677,0.257
-0.677,0.255
-0.677,0.254
-0.677,0.257
-0.677,0.254
-0.677,0.257
-0.677,0.257
-0.677,0.257
-0.677,0.26
-0.677,0.258
-0.677,0.261
-0.677,0.262
-0.677,0.261
-0.677,0.261
-0.677,0.261
-0.677,0.265
-0.677,0.263
-0.677,0.266
-0.677,0.268
-0.677,0.268
-0.677,0.269
-0.677,0.27
-0.677,0.27
-0.677,0.27
-0.677,0.27
-0.677,0.271
-0.677,0.27
-0.677,0.271
-0.677,0.272
-0.677,0.272
-0.677,0.272
-0.677,0.272
-0.677,0.268
-0.677,0.264
-0.677,0.25
-0.677,0.249
-0.677,0.264
-0.677,0.276
-0.677,0.29
-0.677,0.293
-0.677,0.317
-0.677,0.32
-0.68,0.321
-0.689,0.33
-0.714,0.356
-0.742,0.4
-0.79,0.42
-0.796,0.442
-0.796,0.483
-0.802,0.507
-0.805,0.512
-0.807,0.524
-0.812,0.556
-0.821,0.585
-0.861,0.594
-0.875,0.625
-0.887,0.631
-0.946,0.637
-0.977,0.647
-0.989,0.652
-0.991,0.653
-1.0,0.653
-1.0,0.653
-0.985,0.653
-0.983,0.651
-0.975,0.649
-0.957,0.648
-0.951,0.646
-0.953,0.646
-0.951,0.646
-0.952,0.646
-0.952,0.646
-0.952,0.644
-0.952,0.64
-0.952,0.631
-0.952,0.628
-0.952,0.625
-0.952,0.621
-0.952,0.62
-0.953,0.62
-0.953,0.62
-0.953,0.621
-0.953,0.621
-0.952,0.621
-0.941,0.621
-0.927,0.621
-0.866,0.621
-0.832,0.621
-0.828,0.621
-0.825,0.621
-0.825,0.621
-0.823,0.616
-0.819,0.614
-0.821,0.603
-0.821,0.587
-0.818,0.58
-0.818,0.577
-0.818,0.556
-0.812,0.538
-0.803,0.536
-0.802,0.534
-0.799,0.534
-0.799,0.527
-0.799,0.522
-0.801,0.511
-0.802,0.499
-0.801,0.484
-0.801,0.475
-0.798,0.476
-0.77,0.478
-0.768,0.473
-0.768,0.46
-0.761,0.45
-0.757,0.451
-0.759,0.452
-0.757,0.456
-0.76,0.454
-0.761,0.462
-0.762,0.469
-0.765,0.471
-0.765,0.48
-0.765,0.492
-0.765,0.494
-0.766,0.494
-0.765,0.495
-0.765,0.492
-0.765,0.492
-0.764,0.485
-0.765,0.482
-0.765,0.471
-0.765,0.45
-0.765,0.444
-0.765,0.43
-0.766,0.426
-0.765,0.426
-0.765,0.428
-0.765,0.425
-0.765,0.418
-0.765,0.416
-0.766,0.405
-0.765,0.403
-0.765,0.401
-0.763,0.393
-0.762,0.392
-0.752,0.389
-0.752,0.39
-0.751,0.394
-0.75,0.389
-0.747,0.383
-0.748,0.388
-0.744,0.387
-0.742,0.385
-0.739,0.386
-0.742,0.385
-0.742,0.385
-0.741,0.379
-0.744,0.374
-0.744,0.366
-0.744,0.366
-0.745,0.361
-0.747,0.363
-0.747,0.358
-0.747,0.357
-0.747,0.356
-0.747,0.353
-0.748,0.347
-0.748,0.345
-0.747,0.333
-0.748,0.338
-0.748,0.33
-0.748,0.317
-0.748,0.313
-0.748,0.311
-0.749,0.312
-0.749,0.313
-0.75,0.313
-0.75,0.314
-0.75,0.314
-0.751,0.317
-0.75,0.321
-0.751,0.323
-0.751,0.324
-0.751,0.323
-0.751,0.325
-0.751,0.325
-0.751,0.325
-0.751,0.325
-0.751,0.325
-0.751,0.325
-0.751,0.325
-0.751,0.325
-0.751,0.325
-0.751,0.324
-0.751,0.326
-0.751,0.328
-0.751,0.343
-0.751,0.345
-0.751,0.345
-0.751,0.345
-0.751,0.346
-0.751,0.346
-0.751,0.345
-0.751,0.345
-0.751,0.346
-0.751,0.347
-0.751,0.347
-0.751,0.346
-0.751,0.347
-0.751,0.347
-0.751,0.347
-0.749,0.347
-0.747,0.348
-0.747,0.348
-0.746,0.348
-0.739,0.347
-0.733,0.347
-0.729,0.347
-0.728,0.348
-0.728,0.349
-0.729,0.364
-0.729,0.374
-0.732,0.381
-0.733,0.381
-0.734,0.381
-0.734,0.38
-0.735,0.379
-0.734,0.379
-0.735,0.379
-0.735,0.378
-0.735,0.377
-0.735,0.376
-0.735,0.375
-0.738,0.375
-0.74,0.376
-0.75,0.379
-0.756,0.382
-0.758,0.393
-0.808,0.433
-0.819,0.521
-0.83,0.527
-0.833,0.527
-0.85,0.524
-0.852,0.525
-0.852,0.524
-0.853,0.524
-0.855,0.524
-0.858,0.527
-0.858,0.542
-0.858,0.569
-0.858,0.589
-0.859,0.608
-0.868,0.614
-0.884,0.621
-0.886,0.639
-0.886,0.665
-0.89,0.67
-0.888,0.674
-0.884,0.684
-0.884,0.688
-0.883,0.698
-0.881,0.741
-0.88,0.745
-0.88,0.75
-0.88,0.762
-0.881,0.774
-0.878,0.775
-0.878,0.775
-0.873,0.778
-0.868,0.781
-0.866,0.785
-0.866,0.788
-0.864,0.813
-0.864,0.825
-0.864,0.826
-0.864,0.828
-0.864,0.83
-0.864,0.83
-0.861,0.832
-0.851,0.831
-0.838,0.833
-0.834,0.833
-0.816,0.835
-0.812,0.834
-0.812,0.835
-0.815,0.833
-0.815,0.835
-0.814,0.834
-0.813,0.834
-0.811,0.834
-0.791,0.836
-0.784,0.837
-0.779,0.836
-0.78,0.837
-0.774,0.838
-0.772,0.837
-0.773,0.837
-0.772,0.836
-0.767,0.835
-0.77,0.835
-0.773,0.835
-0.775,0.836
-0.786,0.836
-0.797,0.835
-0.799,0.835
-0.799,0.835
-0.802,0.835
-0.83,0.834
-0.854,0.832
-0.89,0.831
-0.889,0.829
-0.889,0.829
-0.887,0.827
-0.887,0.821
-0.887,0.821
-0.887,0.82
-0.886,0.82
-0.877,0.82
-0.868,0.82
-0.868,0.82
-0.858,0.82
-0.834,0.82
-0.816,0.819
-0.813,0.818
-0.801,0.82
-0.759,0.82
-0.756,0.819
-0.758,0.819
-0.756,0.819
-0.754,0.82
-0.755,0.82
-0.757,0.82
-0.756,0.819
-0.752,0.819
-0.744,0.82
-0.728,0.82
-0.719,0.818
-0.701,0.819
-0.679,0.819
-0.673,0.82
-0.675,0.82
-0.676,0.819
-0.676,0.819
-0.677,0.82
-0.68,0.82
-0.682,0.819
-0.683,0.82
-0.688,0.819
-0.689,0.82
-0.69,0.818
-0.69,0.818
-0.691,0.818
-0.69,0.816
-0.691,0.814
-0.691,0.808
-0.691,0.809
-0.691,0.809
-0.691,0.809
-0.691,0.809
-0.691,0.809
-0.691,0.808
-0.694,0.809
-0.697,0.809
-0.699,0.807
-0.7,0.807
-0.7,0.808
-0.7,0.808
-0.699,0.808
-0.698,0.808
-0.698,0.808
-0.698,0.808
-0.698,0.807
-0.698,0.809
-0.699,0.808
-0.7,0.807
-0.7,0.808
-0.7,0.808
-0.7,0.808
-0.7,0.809
-0.7,0.809
-0.7,0.808
-0.7,0.808
-0.7,0.808
-0.7,0.808
-0.7,0.808
-0.7,0.807
-0.7,0.808
-0.7,0.808
-0.7,0.808
-0.7,0.807
-0.7,0.808
-0.7,0.808
-0.7,0.808
-0.7,0.808
-0.7,0.801
-0.7,0.796
-0.7,0.796
-0.7,0.796
-0.7,0.795
-0.7,0.795
-0.7,0.796
-0.7,0.795
-0.7,0.795
-0.699,0.796
-0.7,0.796
-0.7,0.795
-0.7,0.795
-0.7,0.796
-0.7,0.796
-0.7,0.796
-0.7,0.796
-0.7,0.796
-0.7,0.796
-0.699,0.796
-0.7,0.796
-0.699,0.796
-0.699,0.797
-0.699,0.795
-0.699,0.796
-0.699,0.796
-0.699,0.796
-0.699,0.795
-0.699,0.796
-0.698,0.796
-0.698,0.796
-0.698,0.796
-0.698,0.796
-0.698,0.796
-0.699,0.796
-0.699,0.796
-0.699,0.796
-0.699,0.796
-0.699,0.796
-0.699,0.796
-0.699,0.796
-0.699,0.796
-0.699,0.796
-0.698,0.796
-0.699,0.795
-0.698,0.796
-0.698,0.797
-0.698,0.797
-0.699,0.8
-0.698,0.8
-0.698,0.803
-0.699,0.805
-0.698,0.832
-0.699,0.851
-0.698,0.865
-0.698,0.879
-0.697,0.88
-0.695,0.878
-0.691,0.878
-0.688,0.879
-0.686,0.884
-0.69,0.894
-0.692,0.914
-0.702,0.916
-0.715,0.922
-0.782,0.933
-0.814,0.932
-0.827,0.932
-0.826,0.932
-0.825,0.931
-0.819,0.925
-0.816,0.925
-0.816,0.914
-0.815,0.909
-0.814,0.908
-0.812,0.907
-0.809,0.907
-0.809,0.875
-0.807,0.847
-0.754,0.818
-0.731,0.771
-0.731,0.764
-0.731,0.753
-0.732,0.749
-0.734,0.7
-0.738,0.698
-0.738,0.689
-0.738,0.675
-0.738,0.672
-0.738,0.667
-0.736,0.653
-0.735,0.659
-0.732,0.657
-0.711,0.651
-0.7,0.647
-0.655,0.636
-0.654,0.634
-0.657,0.634
-0.658,0.633
-0.661,0.623
-0.661,0.631
-0.663,0.634
-0.664,0.636
-0.665,0.644
-0.666,0.646
-0.666,0.647
-0.667,0.648
-0.668,0.651
-0.668,0.652
-0.669,0.653
-0.669,0.656
-0.669,0.659
-0.669,0.663
-0.67,0.664
-0.67,0.664
-0.671,0.664
-0.674,0.665
-0.682,0.666
-0.682,0.667
-0.692,0.667
-0.732,0.667
-0.751,0.667
-0.763,0.666
-0.763,0.667
-0.765,0.667
-0.77,0.668
-0.771,0.668
-0.77,0.668
-0.771,0.683
-0.77,0.706
-0.769,0.723
-0.766,0.738
-0.765,0.74
-0.763,0.74
-0.76,0.74
-0.759,0.74
-0.756,0.738
-0.757,0.738
-0.757,0.738
-0.757,0.737
-0.757,0.736
-0.757,0.735
-0.757,0.734
-0.757,0.732
-0.757,0.734
-0.757,0.733
-0.757,0.734
-0.757,0.733
-0.757,0.733
-0.757,0.733
-0.757,0.733
-0.757,0.733
-0.757,0.732
-0.757,0.732
-0.757,0.732
-0.757,0.732
-0.757,0.732
-0.757,0.732
-0.757,0.732
-0.757,0.732
-0.757,0.732
-0.757,0.732
-0.757,0.732
-0.757,0.73
-0.757,0.729
-0.757,0.728
-0.757,0.728
-0.757,0.728
-0.757,0.728
-0.757,0.728
-0.757,0.728
-0.757,0.728
-0.757,0.728
-0.757,0.728
-0.757,0.728
-0.757,0.728
-0.757,0.728
-0.757,0.728
-0.757,0.728
-0.757,0.728
-0.757,0.729
-0.757,0.728
-0.757,0.728
-0.757,0.728
-0.757,0.728
-0.757,0.728
-0.757,0.728
-0.757,0.728
-0.757,0.728
-0.757,0.728
-0.757,0.729
-0.757,0.728
-0.757,0.728
-0.757,0.728
-0.757,0.727
-0.757,0.728
-0.757,0.728
-0.757,0.728
-0.757,0.727
-0.757,0.727
-0.757,0.726
-0.757,0.726
-0.757,0.725
-0.757,0.723
-0.757,0.721
-0.757,0.72
-0.757,0.719
-0.757,0.719
-0.757,0.719
-0.757,0.719
-0.757,0.719
-0.757,0.719
-0.757,0.719
-0.757,0.719
-0.757,0.719
-0.757,0.719
-0.757,0.718
-0.757,0.719
-0.757,0.719
-0.757,0.719
-0.757,0.719
-0.757,0.719
-0.757,0.719
-0.757,0.719
-0.757,0.719
-0.757,0.718
-0.757,0.719
-0.757,0.719
-0.757,0.719
-0.757,0.72
-0.757,0.719
-0.757,0.719
-0.765,0.719
-0.772,0.719
-0.785,0.719
-0.802,0.719
-0.813,0.719
-0.821,0.719
-0.822,0.719
-0.822,0.719
-0.822,0.719
-0.822,0.719
-0.823,0.719
-0.822,0.719
-0.822,0.719
-0.819,0.719
-0.817,0.715
-0.815,0.711
-0.814,0.706
-0.811,0.691
-0.809,0.676
-0.809,0.662
-0.809,0.664
-0.81,0.664
-0.812,0.665
-0.812,0.656
-0.812,0.655
-0.809,0.655
-0.809,0.658
-0.809,0.661
-0.808,0.659
-0.808,0.66
-0.807,0.662
-0.791,0.661
-0.782,0.657
-0.778,0.655
-0.768,0.651
-0.763,0.642
-0.76,0.64
-0.758,0.636
-0.757,0.634
-0.754,0.633
-0.755,0.636
-0.753,0.636
-0.752,0.638
-0.75,0.638
-0.75,0.64
-0.75,0.641
-0.751,0.642
-0.751,0.64
-0.752,0.64
-0.752,0.638
-0.752,0.64
-0.753,0.64
-0.754,0.645
-0.754,0.642
-0.754,0.643
-0.754,0.643
-0.754,0.645
-0.754,0.645
-0.754,0.647
-0.755,0.646
-0.754,0.646
-0.755,0.647
-0.755,0.646
-0.756,0.646
-0.756,0.645
-0.756,0.646
-0.755,0.646
-0.755,0.643
-0.755,0.634
-0.76,0.629
-0.756,0.621
-0.756,0.614
-0.756,0.612
-0.756,0.603
-0.756,0.603
-0.756,0.604
-0.756,0.595
-0.756,0.602
-0.756,0.602
-0.756,0.611
-0.756,0.617
-0.756,0.622
-0.756,0.633
-0.756,0.636
-0.756,0.638
-0.756,0.644
-0.756,0.648
-0.756,0.647
-0.756,0.647
-0.756,0.647
-0.756,0.648
-0.756,0.647
-0.756,0.648
-0.756,0.648
-0.756,0.649
-0.756,0.656
-0.756,0.667
-0.756,0.676
-0.756,0.696
-0.756,0.725
-0.757,0.726
-0.757,0.73
-0.758,0.731
-0.759,0.735
-0.76,0.736
-0.767,0.739
-0.77,0.74
-0.77,0.744
-0.779,0.746
-0.802,0.746
-0.807,0.746
-0.813,0.747
-0.82,0.748
-0.821,0.749
-0.821,0.753
-0.825,0.758
-0.827,0.77
-0.831,0.774
-0.834,0.773
-0.835,0.773
-0.838,0.773
-0.839,0.774
-0.84,0.774
-0.85,0.773
-0.854,0.772
-0.856,0.771
-0.86,0.771
-0.887,0.768
-0.906,0.767
-0.907,0.766
-0.938,0.763
-1.0,0.763
-1.0,0.764
-1.0,0.766
-1.0,0.771
-1.0,0.773
-1.0,0.775
-1.0,0.775
-1.0,0.775
-1.0,0.774
-1.0,0.775
-1.0,0.775
-1.0,0.774
-1.0,0.774
-1.0,0.774
-1.0,0.778
-1.0,0.787
-1.0,0.79
-1.0,0.802
-1.0,0.813
-1.0,0.833
-1.0,0.841
-0.953,0.839
-0.936,0.839
-0.924,0.839
-0.923,0.839
-0.92,0.838
-0.919,0.838
-0.918,0.839
-0.918,0.839
-0.918,0.838
-0.918,0.838
-0.913,0.839
-0.902,0.837
-0.895,0.837
-0.893,0.836
-0.892,0.837
-0.884,0.836
-0.884,0.835
-0.881,0.83
-0.863,0.824
-0.835,0.815
-0.831,0.815
-0.828,0.814
-0.83,0.813
-0.825,0.815
-0.822,0.815
-0.812,0.814
-0.809,0.815
-0.807,0.813
-0.802,0.814
-0.802,0.815
-0.803,0.813
-0.804,0.814
-0.805,0.813
-0.806,0.815
-0.806,0.814
-0.806,0.814
-0.806,0.814
-0.807,0.813
-0.807,0.814
-0.807,0.814
-0.808,0.814
-0.808,0.814
-0.808,0.813
-0.808,0.818
-0.808,0.818
-0.808,0.818
-0.807,0.818
-0.808,0.818
-0.808,0.818
-0.808,0.818
-0.808,0.82
-0.808,0.823
-0.808,0.835
-0.808,0.838
-0.807,0.838
-0.807,0.838
-0.807,0.839
-0.807,0.84
-0.807,0.848
-0.807,0.862
-0.807,0.912
-0.807,0.919
-0.808,0.918
-0.808,0.918
-0.808,0.919
-0.808,0.919
-0.809,0.92
-0.809,0.919
-0.809,0.92
-0.809,0.919
-0.809,0.917
-0.809,0.916
-0.81,0.914
-0.81,0.913
-0.81,0.912
-0.81,0.91
-0.81,0.903
-0.81,0.897
-0.81,0.896
-0.809,0.895
-0.809,0.896
-0.81,0.896
-0.81,0.895
-0.81,0.895
-0.813,0.895
-0.815,0.895
-0.815,0.896
-0.815,0.896
-0.815,0.895
-0.815,0.895
-0.815,0.895
-0.815,0.895
-0.818,0.895
-0.82,0.895
-0.821,0.895
-0.824,0.895
-0.826,0.895
-0.826,0.895
-0.825,0.895
-0.822,0.895
-0.823,0.895
-0.824,0.896
-0.827,0.895
-0.833,0.895
-0.833,0.896
-0.829,0.895
-0.811,0.895
-0.812,0.895
-0.813,0.895
-0.813,0.895
-0.814,0.896
-0.816,0.895
-0.817,0.895
-0.816,0.897
-0.794,0.895
-0.778,0.895
-0.765,0.895
-0.762,0.895
-0.765,0.895
-0.766,0.895
-0.766,0.895
-0.765,0.895
-0.756,0.895
-0.757,0.895
-0.759,0.895
-0.76,0.895
-0.759,0.895
-0.76,0.895
-0.76,0.89
-0.76,0.882
-0.762,0.878
-0.762,0.878
-0.763,0.877
-0.763,0.871
-0.763,0.87
-0.765,0.86
-0.767,0.862
-0.77,0.847
-0.777,0.837
-0.785,0.832
-0.785,0.829
-0.786,0.822
-0.786,0.824
-0.786,0.822
-0.786,0.821
-0.786,0.815
-0.786,0.813
-0.787,0.813
-0.786,0.813
-0.786,0.814
-0.787,0.813
-0.787,0.818
-0.787,0.816
-0.787,0.816
-0.8,0.814
-0.807,0.811
-0.811,0.809
-0.811,0.81
-0.807,0.81
-0.797,0.8
-0.796,0.786
-0.796,0.771
-0.796,0.771
-0.797,0.775
-0.794,0.779
-0.797,0.781
-0.797,0.781
-0.796,0.781
-0.796,0.782
-0.796,0.78
-0.796,0.78
-0.796,0.78
-0.796,0.779
-0.796,0.779
-0.796,0.779
-0.796,0.777
-0.796,0.776
-0.796,0.772
-0.787,0.771
-0.77,0.773
-0.766,0.769
-0.766,0.772
-0.768,0.773
-0.769,0.771
-0.769,0.771
-0.769,0.771
-0.769,0.766
-0.769,0.762
-0.769,0.764
-0.769,0.763
-0.769,0.768
-0.769,0.763
-0.77,0.767
-0.769,0.764
-0.771,0.761
-0.772,0.756
-0.773,0.752
-0.774,0.759
-0.775,0.756
-0.774,0.756
-0.772,0.753
-0.772,0.756
-0.772,0.756
-0.771,0.757
-0.77,0.757
-0.768,0.757
-0.759,0.758
-0.753,0.758
-0.749,0.761
-0.747,0.757
-0.737,0.749
-0.722,0.74
-0.702,0.739
-0.702,0.71
-0.705,0.689
-0.707,0.702
-0.708,0.708
-0.708,0.708
-0.708,0.707
-0.708,0.708
-0.71,0.709
-0.711,0.709
-0.712,0.707
-0.713,0.71
-0.713,0.706
-0.713,0.704
-0.714,0.699
-0.715,0.696
-0.715,0.694
-0.716,0.678
-0.719,0.686
-0.722,0.692
-0.726,0.693
-0.845,0.695
-0.95,0.691
-1.0,0.69
-1.0,0.69
-1.0,0.692
-1.0,0.693
-1.0,0.689
-1.0,0.684
-1.0,0.66
-1.0,0.583
-1.0,0.559
-1.0,0.574
-1.0,0.588
-1.0,1.0
-1.0,1.0
-1.0,1.0
-1.0,1.0
-1.0,1.0
-1.0,1.0
-1.0,1.0
-1.0,1.0
-1.0,1.0
-1.0,1.0
-1.0,1.0
-1.0,1.0
-1.0,1.0
-1.0,0.987
-1.0,0.948
-1.0,0.931
-1.0,0.921
-1.0,0.884
-1.0,0.842
-1.0,0.838
-1.0,0.842
-1.0,0.841
-1.0,0.841
-1.0,0.846
-1.0,0.844
-1.0,0.843
-1.0,0.842
-1.0,0.842
-1.0,0.845
-1.0,0.852
-1.0,0.851
-0.97,0.852
-0.96,0.855
-0.952,0.858
-0.952,0.862
-0.952,0.863
-0.951,0.943
-0.946,0.985
-0.944,1.0
-0.945,1.0
-0.945,1.0
-0.945,1.0
-0.946,1.0
-0.946,1.0
-0.945,1.0
-0.928,1.0
-0.931,1.0
-0.933,1.0
-0.934,1.0
-0.94,1.0
-0.952,1.0
-0.97,1.0
-1.0,1.0
-1.0,1.0
-1.0,1.0
-1.0,1.0
-1.0,1.0
-1.0,1.0
-1.0,1.0
-1.0,1.0
-1.0,1.0
-1.0,1.0
-1.0,0.993
-1.0,0.969
-1.0,0.969
-1.0,0.97
-1.0,0.972
-1.0,0.978
-1.0,0.993
-1.0,0.995
-1.0,0.996
-1.0,0.995
-1.0,0.995
-1.0,0.996
-1.0,0.997
-1.0,0.996
-1.0,0.995
-1.0,0.996
-1.0,0.999
-1.0,0.996
-1.0,0.996
-1.0,0.996
-1.0,0.996
-1.0,0.997
-1.0,0.996
-1.0,0.997
-1.0,0.997
-1.0,0.997
-1.0,0.997
-1.0,0.997
-1.0,0.997
-0.995,0.997
-0.983,0.997
-0.966,0.997
-0.929,0.997
-0.924,0.997
-0.92,0.997
-0.918,0.997
-0.909,0.997
-0.899,0.997
-0.853,0.997
-0.834,0.997
-0.824,0.997
-0.816,0.997
-0.816,0.997
-0.815,0.997
-0.813,0.997
-0.812,0.997
-0.811,0.997
-0.812,0.997
-0.8,0.997
-0.79,0.997
-0.785,0.997
-0.784,0.997
-0.773,0.997
-0.775,0.997
-0.775,0.997
-0.776,0.997
-0.776,0.997
-0.777,0.997
-0.78,0.997
-0.78,0.997
-0.78,0.997
-0.78,0.997
-0.78,0.997
-0.78,0.996
-0.781,0.997
-0.781,0.997
-0.782,0.997
-0.782,0.997
-0.783,0.999
-0.782,0.997
-0.782,0.997
-0.783,0.997
-0.783,0.997
-0.78,0.997
-0.776,0.997
-0.773,0.997
-0.772,0.997
-0.772,0.997
-0.773,0.997
-0.773,0.997
-0.773,0.997
-0.775,0.998
-0.773,0.997
-0.773,0.997
-0.774,0.998
-0.773,0.997
-0.775,0.997
-0.775,0.998
-0.775,0.997
-0.775,0.997
-0.775,0.997
-0.775,0.997
-0.775,0.997
-0.775,0.997
-0.775,0.996
-0.776,0.997
-0.776,0.997
-0.776,0.997
-0.776,0.996
-0.776,0.997
-0.776,0.997
-0.776,0.997
-0.776,0.996
-0.777,0.995
-0.777,0.995
-0.777,0.995
-0.778,0.995
-0.778,0.995
-0.778,0.994
-0.778,0.993
-0.778,0.993
-0.778,0.993
-0.778,0.991
-0.778,0.991
-0.778,0.991
-0.778,0.991
-0.778,0.991
-0.778,0.991
-0.778,0.991
-0.778,0.991
-0.778,0.991
-0.778,0.991
-0.778,0.99
-0.778,0.991
-0.778,0.99
-0.778,0.991
-0.778,0.991
-0.778,0.991
-0.778,0.991
-0.778,0.991
-0.778,0.991
-0.778,0.991
-0.778,0.991
-0.778,0.99
-0.778,0.991
-0.778,0.991
-0.779,0.991
-0.778,0.99
-0.778,0.99
-0.778,0.991
-0.778,0.991
-0.778,0.991
-0.778,0.991
-0.779,0.991
-0.779,0.991
-0.779,0.991
-0.778,0.991
-0.778,0.99
-0.778,0.991
-0.778,0.99
-0.778,0.989
-0.778,0.99
-0.778,0.988
-0.778,0.986
-0.778,0.986
-0.778,0.986
-0.778,0.987
-0.775,0.987
-0.77,0.987
-0.76,0.987
-0.762,0.986
-0.761,0.987
-0.763,0.985
-0.762,0.987
-0.763,0.986
-0.762,0.987
-0.763,0.985
-0.763,0.986
-0.764,0.983
-0.764,0.982
-0.764,0.979
-0.763,0.978
-0.763,0.972
-0.761,0.97
-0.76,0.939
-0.757,0.935
-0.741,0.915
-0.735,0.907
-0.732,0.887
-0.729,0.886
-0.728,0.885
-0.728,0.886
-0.729,0.884
-0.729,0.879
-0.729,0.877
-0.729,0.874
-0.731,0.874
-0.731,0.867
-0.732,0.861
-0.733,0.86
-0.732,0.858
-0.732,0.858
-0.733,0.858
-0.734,0.852
-0.734,0.853
-0.745,0.854
-0.753,0.845
-0.752,0.834
-0.956,0.83
-1.0,0.829
-1.0,0.826
-1.0,0.831
-1.0,0.833
-1.0,0.833
-1.0,0.833
-1.0,0.845
-1.0,0.843
-1.0,0.842
-1.0,0.844
-1.0,0.85
-1.0,0.857
-1.0,0.86
-1.0,0.862
-1.0,0.861
-1.0,0.861
-1.0,0.862
-1.0,0.862
-1.0,0.862
-1.0,0.862
-1.0,0.863
-1.0,0.863
-1.0,0.863
-1.0,0.863
-1.0,0.863
-1.0,0.863
-1.0,0.863
-1.0,0.863
-1.0,0.863
-1.0,0.864
-1.0,0.863
-1.0,0.863
-1.0,0.863
-1.0,0.863
-1.0,0.863
-1.0,0.863
-1.0,0.864
-1.0,0.864
-1.0,0.863
-1.0,0.864
-1.0,0.864
-1.0,0.863
-1.0,0.864
-1.0,0.864
-1.0,0.865
-1.0,0.864
-1.0,0.865
-1.0,0.865
-1.0,0.864
-1.0,0.864
-1.0,0.864
-1.0,0.864
-1.0,0.864
-1.0,0.864
-1.0,0.865
-1.0,0.865
-1.0,0.864
-1.0,0.865
-1.0,0.865
-1.0,0.865
-1.0,0.864
-1.0,0.864
-1.0,0.866
-1.0,0.864
-1.0,0.865
-1.0,0.865
-1.0,0.865
-1.0,0.865
-1.0,0.864
-1.0,0.864
-1.0,0.865
-1.0,0.865
-1.0,0.865
-1.0,0.865
-1.0,0.865
-1.0,0.865
-1.0,0.864
-1.0,0.864
-1.0,0.864
-1.0,0.864
-1.0,0.863
-1.0,0.865
-1.0,0.864
-1.0,0.864
-1.0,0.864
-1.0,0.864
-1.0,0.864
-1.0,0.864
-1.0,0.863
-1.0,0.864
-1.0,0.864
-1.0,0.864
-1.0,0.863
-1.0,0.864
-1.0,0.864
-1.0,0.864
-1.0,0.865
-1.0,0.864
-1.0,0.864
-1.0,0.865
-1.0,0.865
-1.0,0.865
-1.0,0.865
-1.0,0.865
-1.0,0.865
-1.0,0.865
-1.0,0.865
-0.973,0.864
-0.963,0.864
-0.96,0.865
-0.961,0.865
-0.962,0.865
-0.961,0.865
-0.961,0.865
-0.961,0.865
-0.947,0.865
-0.942,0.865
-0.93,0.865
-0.93,0.865
-0.932,0.865
-0.929,0.865
-0.923,0.864
-0.909,0.865
-0.897,0.865
-0.884,0.865
-0.881,0.865
-0.871,0.864
-0.84,0.865
-0.819,0.864
-0.799,0.864
-0.803,0.865
-0.802,0.864
-0.803,0.865
-0.804,0.865
-0.803,0.863
-0.803,0.917
-0.803,0.991
-0.799,1.0
-0.795,1.0
-0.79,1.0
-0.788,1.0
-0.785,1.0
-0.785,1.0
-0.785,1.0
-0.787,1.0
-0.787,1.0
-0.788,1.0
-0.79,1.0
-0.794,1.0
-0.797,1.0
-0.801,1.0
-0.82,1.0
-0.839,1.0
-0.886,1.0
-0.964,1.0
-0.976,1.0
-0.975,1.0
-0.974,1.0
-0.973,1.0
-0.973,1.0
-0.971,1.0
-0.973,1.0
-0.973,1.0
-0.967,1.0
-0.956,1.0
-0.956,1.0
-0.955,1.0
-0.915,1.0
-0.896,1.0
-0.89,1.0
-0.889,1.0
-0.889,1.0
-0.89,1.0
-0.89,1.0
-0.89,1.0
-0.893,1.0
-0.912,1.0
-0.951,1.0
-0.986,1.0
-1.0,1.0
-1.0,1.0
-1.0,1.0
-1.0,1.0
-1.0,1.0
-1.0,1.0
-1.0,1.0
-1.0,1.0
-1.0,1.0
-1.0,1.0
-1.0,1.0
-1.0,1.0
-1.0,1.0
-1.0,1.0
-1.0,1.0
-1.0,1.0
-1.0,1.0
-1.0,1.0
-1.0,1.0
-1.0,1.0
-1.0,1.0
-1.0,1.0
-1.0,1.0
-1.0,1.0
-1.0,1.0
-1.0,1.0
-1.0,1.0
-1.0,1.0
-1.0,1.0
-1.0,1.0
-1.0,1.0
-1.0,1.0
-1.0,1.0
-1.0,1.0
-1.0,1.0
-1.0,1.0
-1.0,1.0
-1.0,1.0
-1.0,1.0
-1.0,1.0
-1.0,1.0
-1.0,1.0
-1.0,1.0
-1.0,1.0
-1.0,1.0
-1.0,1.0
-1.0,1.0
-1.0,1.0
-1.0,1.0
-1.0,1.0
-1.0,1.0
-1.0,1.0
-1.0,1.0
-1.0,1.0
-1.0,1.0
-1.0,1.0
-1.0,1.0
-1.0,1.0
-1.0,1.0
-1.0,1.0
-1.0,1.0
-1.0,1.0
-1.0,1.0
-1.0,1.0
-1.0,1.0
-1.0,1.0
-1.0,1.0
-1.0,1.0
-1.0,1.0
-1.0,1.0
-1.0,1.0
-1.0,1.0
-1.0,1.0
-1.0,1.0
-1.0,1.0
-1.0,1.0
-1.0,1.0
-1.0,1.0
-1.0,1.0
-1.0,1.0
-1.0,1.0
-1.0,1.0
-1.0,1.0
-1.0,1.0
-1.0,1.0
-1.0,1.0
-1.0,1.0
-1.0,1.0
-1.0,1.0
-1.0,0.989
-1.0,0.967
-1.0,0.967
-1.0,0.967
-1.0,0.967
-1.0,0.966
-1.0,0.965
-1.0,0.963
-1.0,0.963
-1.0,0.967
-1.0,0.967
-1.0,0.969
-1.0,0.969
-1.0,0.969
-1.0,0.971
-1.0,0.978
-1.0,0.986
-1.0,1.0
-1.0,1.0
-1.0,1.0
-1.0,1.0
-1.0,1.0
-1.0,1.0
-1.0,1.0
-1.0,1.0
-1.0,1.0
-1.0,1.0
-1.0,1.0
-1.0,1.0
-1.0,1.0
-1.0,1.0
-1.0,1.0
-1.0,1.0
-1.0,1.0
-1.0,1.0
-1.0,1.0
-1.0,1.0
-1.0,1.0
-1.0,1.0
-1.0,1.0
-1.0,1.0
-1.0,1.0
-1.0,1.0
-1.0,1.0
-0.985,1.0
-0.974,1.0
-0.971,1.0
-0.968,1.0
-0.961,1.0
-0.959,1.0
-0.957,1.0
-0.958,1.0
-0.957,1.0
-0.957,1.0
-0.956,1.0
-0.952,1.0
-0.936,1.0
-0.922,1.0
-0.912,1.0
-0.911,1.0
-0.902,1.0
-0.892,1.0
-0.891,1.0
-0.887,1.0
-0.886,1.0
-0.883,1.0
-0.882,1.0
-0.881,1.0
-0.88,1.0
-0.878,1.0
-0.872,0.999
-0.863,0.996
-0.859,0.991
-0.856,0.99
-0.853,0.978
-0.853,0.972
-0.853,0.969
-0.853,0.969
-0.852,0.968
-0.851,0.968
-0.847,0.967
-0.847,0.963
-0.844,0.961
-0.844,0.96
-0.844,0.957
-0.845,0.956
-0.844,0.947
-0.845,0.946
-0.845,0.944
-0.845,0.933
-0.846,0.907
-0.846,0.901
-0.846,0.885
-0.845,0.88
-0.845,0.87
-0.846,0.842
-0.845,0.833
-0.845,0.831
-0.846,0.831
-0.845,0.828
-0.846,0.823
-0.844,0.811
-0.842,0.793
-0.842,0.786
-0.842,0.751
-0.842,0.743
-0.843,0.741
-0.843,0.685
-0.843,0.67
-0.842,0.635
-0.841,0.63
-0.824,0.592
-0.816,0.576
-0.795,0.542
-0.788,0.513
-0.789,0.496
-0.79,0.489
-0.79,0.486
-0.79,0.48
-0.791,0.477
-0.792,0.473
-0.793,0.47
-0.794,0.475
-0.794,0.482
-0.794,0.48
-0.796,0.482
-0.796,0.484
-0.796,0.484
-0.796,0.482
-0.796,0.482
-0.795,0.482
-0.794,0.487
-0.788,0.503
-0.784,0.503
-0.781,0.504
-0.773,0.505
-0.773,0.505
-0.773,0.506
-0.772,0.505
-0.772,0.505
-0.773,0.507
-0.773,0.507
-0.771,0.507
-0.77,0.509
-0.771,0.518
-0.77,0.52
-0.757,0.52
-0.753,0.52
-0.754,0.521
-0.754,0.522
-0.752,0.522
-0.753,0.522
-0.754,0.522
-0.751,0.522
-0.744,0.522
-0.731,0.522
-0.729,0.523
-0.726,0.522
-0.724,0.522
-0.722,0.523
-0.723,0.522
-0.723,0.52
-0.723,0.516
-0.723,0.516
-0.723,0.504
-0.724,0.495
-0.725,0.49
-0.719,0.468
-0.719,0.437
-0.72,0.442
-0.72,0.44
-0.719,0.432
-0.716,0.426
-0.711,0.419
-0.708,0.415
-0.708,0.399
-0.711,0.379
-0.71,0.364
-0.709,0.367
-0.709,0.368
-0.709,0.367
-0.709,0.368
-0.707,0.371
-0.707,0.37
-0.708,0.359
-0.705,0.355
-0.705,0.353
-0.705,0.338
-0.704,0.327
-0.705,0.308
-0.704,0.318
-0.7,0.33
-0.699,0.336
-0.699,0.336
-0.698,0.333
-0.698,0.334
-0.699,0.336
-0.7,0.34
-0.698,0.34
-0.7,0.346
-0.698,0.347
-0.698,0.347
-0.699,0.348
-0.697,0.348
-0.698,0.353
-0.698,0.357
-0.698,0.357
-0.699,0.358
-0.699,0.358
-0.699,0.358
-0.7,0.357
-0.7,0.357
-0.698,0.356
-0.699,0.356
-0.699,0.356
-0.698,0.356
-0.697,0.356
-0.697,0.356
-0.696,0.357
-0.695,0.356
-0.693,0.356
-0.691,0.351
-0.691,0.344
-0.689,0.341
-0.688,0.295
-0.688,0.276
-0.688,0.28
-0.689,0.283
-0.688,0.288
-0.691,0.291
-0.689,0.285
-0.689,0.282
-0.689,0.284
-0.689,0.285
-0.685,0.291
-0.687,0.293
-0.686,0.3
-0.685,0.301
-0.685,0.302
-0.688,0.302
-0.686,0.302
-0.687,0.302
-0.686,0.302
-0.686,0.302
-0.685,0.304
-0.686,0.305
-0.684,0.306
-0.683,0.306
-0.685,0.307
-0.684,0.307
-0.685,0.307
-0.684,0.307
-0.684,0.307
-0.685,0.306
-0.684,0.311
-0.685,0.312
-0.686,0.312
-0.685,0.312
-0.685,0.312
-0.685,0.312
-0.685,0.313
-0.684,0.313
-0.686,0.313
-0.685,0.314
-0.685,0.314
-0.685,0.317
-0.684,0.321
-0.683,0.321
-0.683,0.323
-0.683,0.323
-0.683,0.324
-0.683,0.324
-0.682,0.325
-0.683,0.324
-0.685,0.324
-0.686,0.324
-0.685,0.324
-0.685,0.325
-0.685,0.325
-0.686,0.325
-0.686,0.325
-0.685,0.325
-0.686,0.325
-0.686,0.325
-0.686,0.326
-0.685,0.325
-0.686,0.325
-0.683,0.325
-0.681,0.325
-0.68,0.326
-0.68,0.327
-0.679,0.326
-0.678,0.325
-0.679,0.325
-0.68,0.325
-0.68,0.326
-0.679,0.326
-0.679,0.325
-0.679,0.325
-0.679,0.326
-0.68,0.326
-0.68,0.325
-0.681,0.325
-0.68,0.326
-0.68,0.326
-0.68,0.326
-0.679,0.326
-0.678,0.326
-0.679,0.325
-0.674,0.325
-0.675,0.325
-0.674,0.325
-0.673,0.326
-0.674,0.326
-0.674,0.326
-0.674,0.326
-0.673,0.327
-0.673,0.327
-0.674,0.327
-0.674,0.326
-0.674,0.326
-0.674,0.327
-0.674,0.326
-0.673,0.326
-0.673,0.326
-0.674,0.326
-0.673,0.325
-0.674,0.326
-0.673,0.326
-0.674,0.327
-0.671,0.326
-0.667,0.326
-0.665,0.326
-0.662,0.326
-0.655,0.327
-0.657,0.326
-0.652,0.326
-0.656,0.326
-0.657,0.326
-0.656,0.326
-0.657,0.326
-0.653,0.325
-0.647,0.326
-0.646,0.326
-0.648,0.326
-0.647,0.326
-0.648,0.326
-0.648,0.325
-0.647,0.326
-0.647,0.326
-0.647,0.326
-0.648,0.326
-0.648,0.326
-0.648,0.326
-0.647,0.325
-0.647,0.326
-0.647,0.326
-0.645,0.326
-0.644,0.326
-0.646,0.326
-0.646,0.326
-0.646,0.326
-0.646,0.326
-0.646,0.327
-0.648,0.326
-0.649,0.326
-0.65,0.325
-0.651,0.326
-0.651,0.327
-0.652,0.327
-0.652,0.326
-0.652,0.327
-0.652,0.326
-0.649,0.326
-0.649,0.326
-0.648,0.327
-0.648,0.327
-0.647,0.327
-0.645,0.327
-0.639,0.327
-0.635,0.327
-0.633,0.326
-0.634,0.327
-0.636,0.326
-0.635,0.326
-0.636,0.327
-0.636,0.326
-0.637,0.327
-0.639,0.326
-0.639,0.327
-0.639,0.327
-0.639,0.326
-0.638,0.326
-0.639,0.327
-0.639,0.326
-0.637,0.326
-0.636,0.326
-0.633,0.326
-0.629,0.326
-0.628,0.326
-0.626,0.327
-0.623,0.327
-0.622,0.326
-0.616,0.327
-0.61,0.327
-0.601,0.327
-0.598,0.327
-0.596,0.327
-0.593,0.327
-0.592,0.327
-0.59,0.326
-0.59,0.327
-0.592,0.326
-0.596,0.327
-0.605,0.327
-0.614,0.326
-0.615,0.326
-0.615,0.326
-0.616,0.327
-0.616,0.326
-0.616,0.327
-0.616,0.325
-0.616,0.326
-0.616,0.326
-0.617,0.326
-0.616,0.326
-0.617,0.327
-0.617,0.327
-0.618,0.327
-0.618,0.326
-0.618,0.326
-0.619,0.326
-0.619,0.325
-0.623,0.326
-0.625,0.326
-0.629,0.325
-0.63,0.327
-0.63,0.326
-0.629,0.327
-0.628,0.326
-0.628,0.327
-0.629,0.327
-0.628,0.326
-0.629,0.324
-0.628,0.325
-0.629,0.325
-0.629,0.326
-0.629,0.326
-0.629,0.327
-0.629,0.326
-0.629,0.325
-0.629,0.326
-0.629,0.326
-0.629,0.325
-0.631,0.327
-0.631,0.326
-0.632,0.327
-0.632,0.327
-0.632,0.326
-0.632,0.326
-0.632,0.326
-0.632,0.325
-0.632,0.325
-0.633,0.325
-0.634,0.324
-0.635,0.323
-0.635,0.323
-0.635,0.323
-0.635,0.323
-0.635,0.323
-0.635,0.322
-0.635,0.322
-0.635,0.322
-0.633,0.316
-0.633,0.315
-0.632,0.315
-0.632,0.315
-0.632,0.315
-0.632,0.315
-0.632,0.315
-0.632,0.312
-0.632,0.306
-0.632,0.302
-0.632,0.302
-0.632,0.301
-0.632,0.3
-0.632,0.3
-0.632,0.299
-0.632,0.291
-0.632,0.272
-0.632,0.248
-0.632,0.255
-0.632,0.259
-0.632,0.265
-0.636,0.265
-0.632,0.266
-0.632,0.269
-0.632,0.267
-0.632,0.27
-0.632,0.274
-0.632,0.275
-0.632,0.277
-0.632,0.277
-0.632,0.28
-0.632,0.284
-0.632,0.287
-0.632,0.289
-0.632,0.294
-0.632,0.299
-0.632,0.3
-0.632,0.301
-0.632,0.303
-0.632,0.305
-0.632,0.306
-0.632,0.307
-0.632,0.306
-0.632,0.307
-0.632,0.307
-0.632,0.308
-0.632,0.307
-0.63,0.308
-0.63,0.308
-0.63,0.308
-0.629,0.308
-0.627,0.309
-0.626,0.309
-0.625,0.309
-0.625,0.309
-0.625,0.308
-0.625,0.309
-0.625,0.308
-0.625,0.308
-0.625,0.31
-0.624,0.309
-0.624,0.309
-0.623,0.309
-0.623,0.309
-0.623,0.309
-0.623,0.31
-0.623,0.31
-0.623,0.31
-0.623,0.31
-0.623,0.313
-0.623,0.315
-0.623,0.315
-0.623,0.319
-0.624,0.32
-0.625,0.336
-0.652,0.355
-0.691,0.37
-0.697,0.374
-0.702,0.377
-0.71,0.377
-0.744,0.381
-0.757,0.384
-0.773,0.385
-0.787,0.387
-0.796,0.39
-0.799,0.397
-0.818,0.406
-0.841,0.419
-0.879,0.424
-0.91,0.442
-0.95,0.445
-1.0,0.452
-1.0,0.462
-1.0,0.505
-1.0,0.535
-1.0,0.565
-1.0,0.567
-1.0,0.597
-1.0,0.64
-1.0,0.653
-1.0,0.658
-1.0,0.681
-1.0,0.728
-1.0,0.792
-1.0,0.801
-1.0,0.804
-1.0,0.805
-1.0,0.811
-1.0,0.822
-1.0,0.836
-1.0,0.839
-1.0,0.841
-1.0,0.865
-1.0,0.902
-1.0,0.902
-1.0,0.903
-1.0,0.903
-1.0,0.901
-1.0,0.901
-1.0,0.901
-1.0,0.901
-1.0,0.901
-1.0,0.901
-1.0,0.901
-1.0,0.901
-1.0,0.901
-1.0,0.9
-1.0,0.899
-1.0,0.897
-1.0,0.896
-1.0,0.894
-1.0,0.888
-1.0,0.884
-1.0,0.883
-1.0,0.883
-1.0,0.88
-1.0,0.878
-1.0,0.878
-1.0,0.878
-1.0,0.878
-1.0,0.878
-1.0,0.878
-1.0,0.878
-1.0,0.878
-1.0,0.878
-1.0,0.877
-0.998,0.878
-0.994,0.878
-0.986,0.878
-0.98,0.878
-0.968,0.878
-0.961,0.877
-0.94,0.878
-0.908,0.878
-0.896,0.877
-0.889,0.878
-0.889,0.878
-0.889,0.877
-0.889,0.878
-0.88,0.878
-0.87,0.878
-0.85,0.875
-0.84,0.867
-0.81,0.866
-0.802,0.86
-0.798,0.861
-0.8,0.856
-0.8,0.846
-0.797,0.845
-0.786,0.846
-0.785,0.845
-0.784,0.845
-0.772,0.845
-0.761,0.843
-0.756,0.843
-0.757,0.838
-0.758,0.82
-0.76,0.812
-0.765,0.807
-0.767,0.804
-0.771,0.803
-0.772,0.803
-0.773,0.801
-0.773,0.803
-0.775,0.8
-0.784,0.8
-0.784,0.8
-0.784,0.802
-0.785,0.803
-0.785,0.803
-0.784,0.804
-0.781,0.801
-0.763,0.794
-0.75,0.794
-0.744,0.771
-0.748,0.773
-0.765,0.777
-0.767,0.792
-0.895,0.8
-1.0,0.843
-1.0,0.898
-1.0,0.903
-1.0,0.927
-1.0,0.952
-1.0,0.984
-1.0,0.985
-1.0,0.985
-1.0,0.985
-1.0,0.989
-1.0,0.989
-1.0,0.989
-1.0,0.989
-1.0,0.989
-1.0,0.989
-1.0,0.988
-1.0,0.986
-1.0,0.985
-1.0,0.984
-1.0,0.97
-1.0,0.963
-1.0,0.942
-1.0,0.894
-1.0,0.888
-1.0,0.884
-1.0,0.865
-1.0,0.856
-1.0,0.82
-0.947,0.815
-0.865,0.796
-0.849,0.786
-0.847,0.782
-0.846,0.784
-0.844,0.786
-0.839,0.786
-0.825,0.789
-0.798,0.8
-0.786,0.805
-0.785,0.809
-0.785,0.811
-0.787,0.828
-0.778,0.83
-0.773,0.83
-0.773,0.831
-0.766,0.83
-0.762,0.828
-0.762,0.828
-0.752,0.828
-0.741,0.825
-0.714,0.76
-0.694,0.732
-0.647,0.668
-0.618,0.646
-0.605,0.584
-0.604,0.561
-0.605,0.561
-0.605,0.567
-0.603,0.571
-0.602,0.564
-0.604,0.566
-0.604,0.569
-0.604,0.567
-0.605,0.533
-0.607,0.512
-0.607,0.5
-0.607,0.513
-0.609,0.509
-0.615,0.494
-0.625,0.503
-0.63,0.508
-0.63,0.509
-0.636,0.508
-0.643,0.509
-0.644,0.511
-0.646,0.511
-0.645,0.511
-0.649,0.511
-0.652,0.507
-0.656,0.507
-0.658,0.508
-0.655,0.512
-0.655,0.512
-0.657,0.513
-0.656,0.513
-0.655,0.512
-0.656,0.513
-0.658,0.514
-0.657,0.517
-0.657,0.52
-0.657,0.52
-0.656,0.52
-0.655,0.52
-0.655,0.52
-0.655,0.52
-0.655,0.52
-0.655,0.52
-0.655,0.52
-0.655,0.52
-0.655,0.52
-0.655,0.52
-0.655,0.52
-0.655,0.519
-0.655,0.516
-0.655,0.516
-0.654,0.516
-0.654,0.516
-0.653,0.516
-0.652,0.513
-0.653,0.512
-0.653,0.511
-0.653,0.509
-0.653,0.508
-0.654,0.503
-0.654,0.495
-0.654,0.486
-0.654,0.489
-0.653,0.495
-0.654,0.495
-0.654,0.493
-0.653,0.499
-0.654,0.495
-0.654,0.497
-0.653,0.495
-0.653,0.496
-0.653,0.499
-0.653,0.497
-0.653,0.497
-0.653,0.498
-0.653,0.498
-0.653,0.501
-0.653,0.498
-0.654,0.499
-0.653,0.5
-0.653,0.502
-0.653,0.501
-0.653,0.488
-0.653,0.488
-0.654,0.49
-0.654,0.486
-0.654,0.484
-0.653,0.481
-0.653,0.49
-0.653,0.482
-0.654,0.473
-0.653,0.465
-0.654,0.46
-0.653,0.464
-0.654,0.466
-0.653,0.452
-0.653,0.46
-0.654,0.46
-0.653,0.462
-0.653,0.465
-0.654,0.467
-0.654,0.469
-0.654,0.469
-0.653,0.471
-0.654,0.47
-0.653,0.47
-0.653,0.47
-0.653,0.471
-0.652,0.471
-0.652,0.469
-0.652,0.469
-0.652,0.465
-0.652,0.465
-0.652,0.464
-0.652,0.463
-0.652,0.463
-0.652,0.462
-0.652,0.447
-0.652,0.445
-0.652,0.447
-0.652,0.448
-0.652,0.45
-0.652,0.449
-0.652,0.454
-0.652,0.451
-0.652,0.451
-0.652,0.45
-0.652,0.452
-0.652,0.452
-0.652,0.454
-0.652,0.451
-0.652,0.439
-0.652,0.439
-0.652,0.437
-0.652,0.437
-0.652,0.427
-0.652,0.426
-0.652,0.422
-0.652,0.419
-0.653,0.407
-0.653,0.397
-0.652,0.394
-0.655,0.396
-0.655,0.388
-0.655,0.364
-0.655,0.355
-0.655,0.357
-0.655,0.366
-0.654,0.368
-0.652,0.372
-0.646,0.375
-0.646,0.383
-0.624,0.388
-0.608,0.389
-0.611,0.389
-0.611,0.39
-0.613,0.39
-0.616,0.39
-0.617,0.389
-0.617,0.389
-0.617,0.39
-0.617,0.391
-0.616,0.39
-0.617,0.39
-0.615,0.39
-0.614,0.39
-0.614,0.39
-0.615,0.39
-0.617,0.39
-0.62,0.39
-0.626,0.39
-0.629,0.39
-0.634,0.39
-0.635,0.39
-0.635,0.39
-0.635,0.39
-0.643,0.391
-0.648,0.39
-0.649,0.39
-0.652,0.39
-0.653,0.39
-0.658,0.39
-0.685,0.39
-0.694,0.39
-0.7,0.39
-0.7,0.39
-0.698,0.391
-0.697,0.39
-0.697,0.39
-0.695,0.39
-0.692,0.39
-0.688,0.39
-0.686,0.391
-0.686,0.39
-0.686,0.39
-0.686,0.39
-0.686,0.39
-0.686,0.39
-0.686,0.391
-0.686,0.39
-0.685,0.391
-0.686,0.39
-0.686,0.39
-0.658,0.391
-0.613,0.39
-0.601,0.391
-0.596,0.39
-0.586,0.39
-0.577,0.39
-0.564,0.39
-0.556,0.39
-0.543,0.39
-0.521,0.391
-0.506,0.39
-0.478,0.39
-0.459,0.391
-0.455,0.39
-0.45,0.391
-0.45,0.391
-0.451,0.39
-0.452,0.391
-0.453,0.391
-0.453,0.391
-0.453,0.391
-0.452,0.391
-0.453,0.391
-0.453,0.391
-0.453,0.392
-0.453,0.39
-0.453,0.391
-0.453,0.391
-0.453,0.39
-0.453,0.39
-0.453,0.39
-0.453,0.39
-0.453,0.391
-0.454,0.391
-0.455,0.391
-0.456,0.391
-0.456,0.391
-0.456,0.39
-0.455,0.391
-0.456,0.391
-0.456,0.391
-0.455,0.391
-0.455,0.391
-0.456,0.391
-0.456,0.391
-0.456,0.391
-0.456,0.39
-0.456,0.392
-0.456,0.391
-0.456,0.391
-0.456,0.391
-0.456,0.392
-0.456,0.391
-0.456,0.391
-0.455,0.392
-0.455,0.391
-0.454,0.391
-0.454,0.39
-0.454,0.392
-0.456,0.391
-0.456,0.391
-0.458,0.391
-0.46,0.392
-0.461,0.391
-0.463,0.391
-0.465,0.392
-0.479,0.391
-0.496,0.388
-0.527,0.384
-0.532,0.385
-0.533,0.385
-0.534,0.387
-0.534,0.387
-0.534,0.387
-0.534,0.387
-0.534,0.387
-0.534,0.387
-0.533,0.387
-0.533,0.387
-0.532,0.387
-0.532,0.387
-0.532,0.387
-0.532,0.387
-0.531,0.387
-0.531,0.387
-0.53,0.387
