valence,arousal
0.0,0.0
0.014,0.0
0.022,0.0
0.022,0.0
0.022,0.0
0.022,0.0
0.022,0.0
0.022,0.0
0.022,0.0
0.022,0.0
0.046,0.0
0.054,0.0
0.069,0.0
0.085,0.0
0.117,0.022
0.14,0.038
0.148,0.109
0.172,0.148
0.172,0.18
0.172,0.188
0.172,0.188
0.172,0.196
0.172,0.196
0.172,0.196
0.172,0.196
0.172,0.196
0.172,0.196
0.172,0.196
0.172,0.196
0.172,0.14
0.172,0.109
0.172,0.077
0.172,0.069
0.172,0.054
0.172,0.054
0.172,0.054
0.172,0.046
0.172,0.046
0.172,0.046
0.172,0.046
0.172,0.046
0.172,0.046
0.172,0.046
0.172,0.046
0.172,0.046
0.172,0.046
0.172,0.046
0.172,0.046
0.172,0.046
0.172,0.046
0.172,0.046
0.172,0.046
0.172,0.069
0.172,0.069
0.172,0.069
0.172,0.069
0.172,0.069
0.172,0.069
0.172,0.069
0.172,0.069
0.172,0.069
0.172,0.069
0.172,0.069
0.172,0.069
0.172,0.077
0.172,0.085
0.172,0.093
0.18,0.093
0.188,0.093
0.188,0.093
0.188,0.093
0.188,0.093
0.188,0.093
0.188,0.093
0.196,0.093
0.196,0.093
0.196,0.093
0.196,0.093
0.196,0.093
0.196,0.093
0.196,0.093
0.196,0.093
0.14,0.093
0.117,0.093
0.093,0.093
0.077,0.093
0.054,0.093
0.077,0.093
0.038,0.093
0.022,0.093
0.014,0.093
0.0,0.093
0.0,0.093
0.0,0.093
0.0,0.093
0.0,0.093
0.0,0.093
0.0,0.093
0.0,0.093
0.0,0.093
0.0,0.093
0.0,0.093
0.0,0.093
0.0,0.093
0.0,0.093
0.0,0.093
0.0,0.093
0.0,0.093
0.0,0.093
0.0,0.093
0.0,0.093
0.0,0.093
0.0,0.093
0.0,0.093
0.0,0.093
0.0,0.093
0.0,0.093
0.0,0.093
0.0,0.093
0.0,0.093
0.0,0.093
0.0,0.093
0.0,0.093
0.0,0.093
0.0,0.093
0.0,0.093
0.0,0.093
0.0,0.093
0.0,0.093
0.0,0.093
0.0,0.093
0.0,0.093
0.0,0.093
0.0,0.093
0.0,0.093
0.0,0.093
0.0,0.093
0.0,0.093
0.0,0.093
0.0,0.093
0.0,0.093
0.0,0.093
0.0,0.069
0.0,0.046
0.0,0.038
0.0,0.022
0.0,0.014
0.0,0.014
0.0,0.014
0.0,0.006
0.0,0.006
0.0,0.006
0.0,0.006
0.0,0.006
0.0,0.006
0.0,0.006
0.0,0.006
0.0,0.006
0.0,0.006
0.0,0.006
0.0,0.006
0.0,0.006
0.0,0.006
0.0,0.006
0.0,0.006
0.0,0.006
0.0,0.006
0.0,0.006
0.0,0.006
0.0,0.006
0.0,0.006
0.0,0.006
0.0,0.006
0.0,0.006
0.0,0.006
0.0,0.006
0.0,0.006
0.0,0.006
0.0,0.006
0.0,0.006
0.0,0.006
0.0,0.006
0.0,0.006
0.0,0.006
0.0,0.006
0.0,0.006
0.0,0.006
0.0,0.006
0.0,0.006
0.0,0.006
0.0,0.006
0.0,0.006
0.0,0.006
0.0,0.006
0.0,0.038
0.0,0.038
0.0,0.038
0.0,0.038
0.0,0.038
0.0,0.038
0.0,0.038
0.0,0.038
0.0,0.038
0.0,0.038
0.0,0.038
0.0,0.038
0.0,0.038
0.0,0.038
0.0,0.038
0.0,0.038
0.0,0.038
0.0,0.038
0.0,0.046
0.0,0.077
0.0,0.14
0.022,0.148
0.038,0.148
0.085,0.148
0.125,0.148
0.196,0.148
0.219,0.148
0.219,0.148
0.219,0.148
0.219,0.148
0.219,0.148
0.219,0.156
0.219,0.156
0.219,0.156
0.219,0.156
0.219,0.156
0.219,0.156
0.219,0.156
0.219,0.156
0.219,0.156
0.219,0.156
0.219,0.172
0.219,0.18
0.219,0.18
0.219,0.18
0.219,0.18
0.219,0.18
0.219,0.18
0.219,0.18
0.219,0.18
0.219,0.18
0.219,0.18
0.219,0.18
0.219,0.125
0.219,0.093
0.219,0.085
0.219,0.077
0.219,0.077
0.219,0.069
0.219,0.069
0.219,0.069
0.219,0.069
0.219,0.054
0.219,0.054
0.18,0.054
0.148,0.046
0.125,0.046
0.125,0.046
0.109,0.022
0.109,0.014
0.109,0.014
0.109,0.006
0.093,0.006
0.093,0.006
0.085,0.006
0.077,0.006
0.077,0.006
0.069,0.006
0.054,0.006
0.046,0.0
0.038,0.0
0.022,0.0
0.014,0.0
0.022,0.0
0.022,0.0
0.022,0.0
0.022,0.0
0.022,0.0
0.022,0.0
0.022,0.0
0.022,0.0
0.022,0.0
0.022,0.0
0.022,0.0
0.022,0.0
0.022,0.0
0.022,0.0
0.022,0.0
0.022,0.0
0.022,0.0
0.022,0.0
0.022,0.0
0.022,0.0
0.022,0.0
0.022,0.0
0.022,0.0
0.022,0.0
0.022,0.0
0.022,0.0
0.022,0.0
0.022,0.0
0.022,0.0
0.022,0.0
0.022,0.0
0.022,0.0
0.022,0.0
0.022,0.0
0.022,0.0
0.022,0.0
0.022,0.0
0.022,0.0
0.022,0.0
0.022,0.0
0.022,0.0
0.022,0.0
0.022,0.0
0.022,0.0
0.022,0.0
0.022,0.0
0.022,0.0
0.022,0.0
0.022,0.0
0.022,0.0
0.022,0.0
0.022,0.0
0.022,0.0
0.022,0.0
0.022,0.0
0.022,0.0
0.022,0.0
0.022,0.0
0.022,0.0
0.022,0.0
0.022,0.0
0.022,0.0
0.0,0.0
0.0,0.0
0.0,0.0
0.0,0.0
0.0,0.0
0.0,0.0
0.0,0.0
0.0,0.0
0.0,0.0
0.0,0.0
0.0,0.0
0.0,0.0
0.0,0.0
0.0,0.0
0.0,0.0
0.0,0.0
0.0,0.0
0.0,0.0
0.0,0.0
0.0,0.0
0.0,0.0
0.0,0.0
0.0,0.0
0.0,0.0
0.0,0.0
0.0,0.0
0.0,0.0
0.0,0.0
0.0,0.0
0.0,0.0
0.0,0.0
0.0,0.0
0.0,0.0
0.0,0.0
0.0,0.0
0.0,0.0
0.0,0.0
0.0,0.0
0.0,0.0
0.0,0.0
0.0,0.0
0.0,0.0
0.0,0.0
0.0,0.0
0.0,0.0
0.0,0.0
0.0,0.0
0.0,0.0
0.0,0.0
0.0,0.0
0.0,0.0
0.0,0.0
0.0,0.0
0.0,0.0
0.0,0.0
0.0,0.0
0.0,0.0
0.0,0.0
0.0,0.0
0.0,0.0
0.0,0.0
0.0,0.0
0.0,0.0
0.0,0.0
0.0,0.0
0.0,0.0
0.0,0.0
0.0,0.0
0.0,0.0
0.0,0.0
0.0,0.014
0.0,0.014
0.0,0.014
0.0,0.014
0.0,0.014
0.0,0.014
0.0,0.022
0.0,0.022
0.0,0.038
0.0,0.038
0.0,0.038
0.0,0.038
0.0,0.046
0.0,0.046
0.0,0.046
0.0,0.046
0.0,0.046
0.0,0.046
0.0,0.046
0.0,0.046
0.0,0.046
0.0,0.046
0.0,0.046
0.0,0.046
0.0,0.046
0.0,0.046
0.0,0.046
0.0,0.046
0.0,0.046
0.0,0.046
0.0,0.046
0.0,0.046
0.0,0.046
0.0,0.046
0.0,0.046
0.0,0.077
0.038,0.093
0.046,0.117
0.054,0.117
0.069,0.117
0.069,0.117
0.069,0.117
0.069,0.117
0.069,0.117
0.069,0.117
0.046,0.117
0.069,0.117
0.077,0.117
0.093,0.117
0.125,0.117
0.172,0.117
0.196,0.117
0.211,0.14
0.219,0.196
0.219,0.298
0.227,0.33
0.275,0.33
0.314,0.33
0.361,0.33
0.369,0.33
0.385,0.33
0.385,0.346
0.385,0.346
0.385,0.346
0.385,0.346
0.385,0.346
0.385,0.346
0.385,0.346
0.385,0.346
0.385,0.346
0.385,0.346
0.385,0.346
0.385,0.346
0.385,0.346
0.385,0.346
0.385,0.346
0.385,0.346
0.385,0.346
0.353,0.298
0.322,0.282
0.282,0.282
0.275,0.282
0.211,0.282
0.211,0.282
0.211,0.282
0.211,0.282
0.211,0.282
0.211,0.282
0.211,0.282
0.188,0.282
0.188,0.275
0.188,0.275
0.188,0.259
0.188,0.251
0.188,0.251
0.188,0.251
0.188,0.251
0.188,0.251
0.188,0.251
0.188,0.251
0.188,0.243
0.188,0.243
0.188,0.243
0.188,0.243
0.188,0.243
0.188,0.243
0.188,0.243
0.188,0.227
0.18,0.227
0.18,0.227
0.18,0.227
0.18,0.227
0.156,0.227
0.125,0.219
0.125,0.211
0.125,0.211
0.125,0.211
0.125,0.196
0.125,0.196
0.117,0.188
0.085,0.18
0.085,0.18
0.069,0.18
0.054,0.172
0.054,0.172
0.038,0.172
0.038,0.156
0.022,0.148
0.022,0.148
0.014,0.125
0.006,0.117
0.006,0.093
0.006,0.077
0.006,0.077
0.006,0.069
0.006,0.069
0.006,0.054
0.006,0.054
0.006,0.046
0.006,0.069
0.006,0.046
0.006,0.046
0.006,0.046
0.006,0.046
0.006,0.046
0.006,0.046
0.006,0.046
0.006,0.046
0.006,0.046
0.006,0.046
0.006,0.046
0.006,0.046
0.006,0.046
0.006,0.046
0.006,0.038
0.006,0.046
0.006,0.046
0.0,0.046
0.0,0.046
0.0,0.046
0.0,0.046
0.0,0.046
0.0,0.046
0.0,0.046
0.0,0.046
0.0,0.046
0.0,0.046
0.0,0.046
0.0,0.046
0.0,0.046
0.0,0.046
0.0,0.046
0.0,0.046
0.0,0.046
0.0,0.046
0.0,0.046
0.0,0.046
0.0,0.046
0.0,0.046
0.0,0.046
0.0,0.046
0.0,0.046
0.0,0.046
0.0,0.046
0.0,0.046
0.0,0.046
0.0,0.046
0.0,0.046
0.0,0.046
0.0,0.046
0.0,0.046
0.0,0.046
0.0,0.046
0.0,0.046
0.0,0.046
0.0,0.046
0.0,0.046
0.0,0.046
0.0,0.046
0.0,0.046
0.0,0.046
0.0,0.046
0.0,0.054
0.0,0.054
0.0,0.077
0.0,0.085
0.0,0.093
0.0,0.093
0.0,0.093
0.0,0.093
0.0,0.093
0.0,0.093
0.0,0.093
0.0,0.093
0.0,0.093
0.0,0.093
0.0,0.093
0.0,0.093
0.0,0.093
0.0,0.093
0.0,0.093
0.0,0.093
0.0,0.093
0.0,0.093
0.0,0.093
0.0,0.093
0.0,0.093
0.0,0.093
0.0,0.093
0.0,0.093
0.0,0.093
0.0,0.093
0.0,0.093
0.0,0.093
0.0,0.093
0.0,0.093
0.0,0.093
0.0,0.093
0.0,0.093
0.0,0.093
0.0,0.093
0.0,0.093
0.0,0.093
0.0,0.093
0.0,0.093
0.0,0.093
0.0,0.093
0.0,0.093
0.0,0.093
0.0,0.093
0.0,0.093
0.0,0.093
0.0,0.093
0.0,0.093
0.038,0.093
0.054,0.093
0.085,0.14
0.14,0.188
0.172,0.211
0.251,0.211
0.298,0.211
0.353,0.211
0.369,0.219
0.369,0.275
0.369,0.298
0.369,0.298
0.369,0.314
0.369,0.314
0.369,0.314
0.385,0.314
0.401,0.33
0.401,0.361
0.417,0.369
0.417,0.385
0.417,0.385
0.417,0.401
0.369,0.401
0.29,0.401
0.18,0.401
0.093,0.401
0.085,0.401
0.069,0.401
0.046,0.401
0.069,0.401
0.069,0.401
0.046,0.401
0.038,0.401
0.022,0.353
0.022,0.211
0.022,0.125
0.022,0.077
0.022,0.077
0.022,0.046
0.022,0.038
0.022,0.038
0.022,0.038
0.022,0.038
0.022,0.022
0.014,0.046
0.014,0.022
0.014,0.022
0.014,0.022
0.014,0.022
0.014,0.022
0.014,0.014
0.014,0.014
0.006,0.014
0.022,0.014
0.022,0.014
0.0,0.014
0.0,0.014
0.0,0.014
0.0,0.014
0.0,0.014
0.0,0.014
0.0,0.014
0.0,0.014
0.0,0.014
0.0,0.014
0.0,0.014
0.0,0.014
0.0,0.014
0.0,0.014
0.0,0.014
0.0,0.006
0.0,0.0
0.0,0.0
0.0,0.0
0.0,0.0
0.0,0.0
0.0,0.0
0.0,0.0
0.0,0.0
0.0,0.0
0.0,0.0
0.0,0.0
0.0,0.0
0.0,0.0
0.0,0.0
0.0,0.0
0.0,0.0
0.0,0.0
0.0,0.0
0.0,0.0
0.0,0.0
0.0,0.0
0.0,0.0
0.0,0.0
0.0,0.0
0.0,0.0
0.0,0.0
0.0,0.0
0.0,0.0
0.0,0.0
0.0,0.0
0.0,0.0
0.0,0.0
0.0,0.0
0.0,0.0
0.0,0.0
0.0,0.0
0.0,0.0
0.0,0.0
0.0,0.0
0.0,0.0
0.0,0.0
0.0,0.0
0.0,0.0
0.0,0.0
0.0,0.0
0.0,0.0
0.0,0.0
0.0,0.0
0.0,0.0
0.022,0.0
0.038,0.0
0.046,0.0
0.046,0.0
0.054,0.0
0.054,0.0
0.069,-0.007
0.069,-0.007
0.069,-0.095
0.069,-0.143
0.069,-0.159
0.069,-0.159
0.069,-0.159
0.069,-0.159
0.069,-0.159
0.046,-0.159
0.069,-0.159
0.077,-0.159
0.085,-0.159
0.109,-0.159
0.125,-0.087
0.14,-0.039
0.148,0.0
0.148,0.0
0.148,0.0
0.148,0.014
0.148,0.022
0.148,0.038
0.148,0.038
0.148,0.022
0.148,0.046
0.148,0.046
0.148,0.054
0.148,0.077
0.148,0.085
0.148,0.085
0.148,0.085
0.148,0.085
0.148,0.093
0.148,0.093
0.148,0.093
0.148,0.093
0.148,0.093
0.148,0.093
0.148,0.093
0.148,0.093
0.148,0.093
0.148,0.093
0.148,0.093
0.148,0.093
0.148,0.093
0.148,0.093
0.148,0.093
0.148,0.093
0.148,0.093
0.148,0.093
0.148,0.093
0.148,0.093
0.148,0.093
0.148,0.093
0.148,0.093
0.148,0.093
0.148,0.093
0.148,0.093
0.148,0.093
0.148,0.093
0.148,0.093
0.148,0.093
0.148,0.093
0.148,0.117
0.148,0.125
0.148,0.125
0.148,0.14
0.148,0.14
0.148,0.14
0.148,0.14
0.148,0.14
0.148,0.14
0.148,0.148
0.148,0.148
0.148,0.156
0.148,0.156
0.148,0.18
0.156,0.188
0.156,0.196
0.172,0.219
0.188,0.243
0.211,0.282
0.243,0.322
0.275,0.322
0.29,0.33
0.298,0.33
0.322,0.33
0.33,0.346
0.353,0.361
0.385,0.369
0.401,0.393
0.401,0.424
0.401,0.448
0.401,0.456
0.417,0.456
0.417,0.456
0.417,0.464
0.417,0.464
0.424,0.472
0.432,0.472
0.448,0.472
0.472,0.472
0.495,0.472
0.535,0.472
0.574,0.472
0.606,0.472
0.63,0.472
0.63,0.472
0.638,0.472
0.638,0.472
0.638,0.472
0.638,0.472
0.638,0.472
0.653,0.472
0.653,0.472
0.653,0.472
0.653,0.472
0.653,0.472
0.653,0.472
0.653,0.472
0.653,0.472
0.653,0.472
0.661,0.472
0.661,0.472
0.661,0.472
0.669,0.472
0.669,0.472
0.669,0.472
0.669,0.472
0.669,0.472
0.669,0.472
0.669,0.472
0.669,0.472
0.669,0.472
0.669,0.472
0.669,0.472
0.669,0.472
0.669,0.472
0.669,0.448
0.669,0.401
0.677,0.385
0.701,0.385
0.724,0.385
0.732,0.369
0.74,0.369
0.74,0.369
0.748,0.369
0.748,0.361
0.748,0.353
0.748,0.353
0.748,0.353
0.748,0.353
0.748,0.353
0.74,0.353
0.803,0.353
0.843,0.353
0.882,0.353
0.898,0.346
0.898,0.33
0.906,0.314
0.929,0.314
0.937,0.314
0.945,0.314
0.945,0.314
0.953,0.314
0.953,0.314
0.953,0.314
0.953,0.314
0.953,0.314
0.953,0.314
0.953,0.314
0.953,0.314
0.953,0.353
0.953,0.361
0.953,0.361
0.953,0.361
0.953,0.361
0.953,0.361
0.953,0.361
0.953,0.385
0.953,0.393
0.953,0.401
0.953,0.417
0.953,0.417
0.953,0.417
0.953,0.417
0.953,0.417
0.953,0.417
0.929,0.424
0.906,0.424
0.898,0.432
0.882,0.448
0.843,0.448
0.811,0.456
0.795,0.464
0.764,0.464
0.732,0.464
0.709,0.464
0.693,0.472
0.669,0.472
0.653,0.472
0.638,0.472
0.606,0.472
0.598,0.472
0.574,0.472
0.551,0.472
0.527,0.472
0.495,0.472
0.488,0.472
0.464,0.472
0.448,0.472
0.448,0.472
0.448,0.472
0.448,0.472
0.448,0.472
0.448,0.472
0.448,0.472
0.448,0.472
0.448,0.472
0.448,0.472
0.432,0.472
0.432,0.448
0.417,0.432
0.401,0.432
0.401,0.424
0.424,0.417
0.424,0.401
0.424,0.393
0.401,0.385
0.401,0.385
0.401,0.369
0.401,0.369
0.401,0.369
0.401,0.369
0.401,0.369
0.401,0.369
0.424,0.369
0.424,0.417
0.448,0.464
0.488,0.488
0.559,0.535
0.574,0.551
0.622,0.559
0.661,0.567
0.732,0.574
0.811,0.59
0.866,0.606
0.937,0.622
1.0,0.622
1.0,0.622
1.0,0.622
1.0,0.653
1.0,0.653
1.0,0.693
1.0,0.701
1.0,0.701
1.0,0.701
1.0,0.701
1.0,0.701
1.0,0.701
1.0,0.701
1.0,0.701
1.0,0.701
1.0,0.701
1.0,0.701
1.0,0.701
1.0,0.701
1.0,0.701
1.0,0.701
1.0,0.701
1.0,0.701
1.0,0.701
1.0,0.709
1.0,0.709
1.0,0.709
1.0,0.709
1.0,0.709
1.0,0.709
1.0,0.709
1.0,0.709
1.0,0.709
1.0,0.709
1.0,0.709
1.0,0.709
1.0,0.709
1.0,0.724
1.0,0.724
1.0,0.724
1.0,0.724
1.0,0.724
1.0,0.724
0.977,0.724
0.811,0.724
0.74,0.724
0.669,0.724
0.669,0.724
0.669,0.724
0.669,0.724
0.669,0.724
0.669,0.732
0.669,0.732
0.669,0.732
0.669,0.732
0.669,0.732
0.669,0.732
0.669,0.732
0.669,0.732
0.669,0.732
0.669,0.732
0.669,0.732
0.669,0.74
0.669,0.74
0.669,0.74
0.669,0.74
0.851,0.74
0.977,0.74
1.0,0.74
1.0,0.74
1.0,0.74
1.0,0.764
1.0,0.78
1.0,0.795
1.0,0.795
1.0,0.795
1.0,0.795
1.0,0.795
1.0,0.795
1.0,0.795
1.0,0.795
1.0,0.795
1.0,0.795
1.0,0.795
1.0,0.795
1.0,0.795
1.0,0.795
1.0,0.795
1.0,0.795
1.0,0.795
1.0,0.795
1.0,0.795
1.0,0.795
1.0,0.795
1.0,0.795
1.0,0.795
1.0,0.795
1.0,0.795
1.0,0.795
1.0,0.795
1.0,0.795
1.0,0.795
1.0,0.795
1.0,0.795
1.0,0.795
1.0,0.795
1.0,0.795
1.0,0.795
1.0,0.795
1.0,0.795
1.0,0.764
1.0,0.764
1.0,0.732
1.0,0.724
1.0,0.724
1.0,0.724
1.0,0.724
1.0,0.724
1.0,0.724
0.977,0.724
0.882,0.709
0.772,0.709
0.732,0.709
0.724,0.709
0.724,0.701
0.724,0.677
0.709,0.677
0.693,0.669
0.669,0.669
0.653,0.669
0.63,0.661
0.606,0.653
0.59,0.653
0.59,0.638
0.527,0.622
0.488,0.606
0.472,0.606
0.472,0.606
0.464,0.598
0.464,0.598
0.456,0.598
0.456,0.598
0.456,0.598
0.456,0.598
0.456,0.598
0.456,0.598
0.456,0.598
0.456,0.598
0.448,0.598
0.448,0.598
0.495,0.598
0.551,0.598
0.559,0.598
0.574,0.598
0.59,0.598
0.59,0.598
0.59,0.598
0.59,0.598
0.59,0.598
0.598,0.598
0.598,0.598
0.598,0.598
0.598,0.598
0.598,0.598
0.598,0.598
0.598,0.598
0.598,0.598
0.598,0.598
0.598,0.598
0.598,0.598
0.598,0.622
0.598,0.63
0.598,0.63
0.598,0.63
0.598,0.63
0.598,0.63
0.598,0.63
0.598,0.638
0.598,0.669
0.606,0.669
0.606,0.669
0.606,0.669
0.606,0.669
0.606,0.669
0.606,0.669
0.606,0.669
0.606,0.677
0.606,0.693
0.606,0.709
0.606,0.732
0.606,0.748
0.606,0.748
0.606,0.748
0.606,0.748
0.638,0.748
0.709,0.748
0.78,0.748
0.827,0.748
0.835,0.748
0.835,0.748
0.835,0.748
0.835,0.764
0.835,0.724
0.803,0.709
0.772,0.701
0.764,0.701
0.748,0.701
0.693,0.701
0.661,0.701
0.653,0.701
0.653,0.701
0.653,0.669
0.653,0.661
0.653,0.653
0.653,0.638
0.653,0.638
0.653,0.63
0.653,0.63
0.653,0.63
0.653,0.63
0.653,0.63
0.653,0.622
0.653,0.622
0.653,0.606
0.63,0.574
0.606,0.567
0.598,0.559
0.598,0.559
0.598,0.535
0.598,0.535
0.598,0.527
0.598,0.527
0.598,0.519
0.574,0.519
0.574,0.519
0.574,0.519
0.574,0.503
0.574,0.503
0.574,0.503
0.574,0.503
0.574,0.503
0.574,0.495
0.574,0.495
0.574,0.495
0.574,0.495
0.574,0.488
0.574,0.488
0.574,0.488
0.574,0.488
0.574,0.488
0.574,0.488
0.574,0.488
0.574,0.488
0.574,0.488
0.574,0.488
0.574,0.488
0.574,0.488
0.574,0.488
0.574,0.488
0.574,0.488
0.574,0.488
0.574,0.488
0.574,0.488
0.574,0.488
0.574,0.488
0.574,0.488
0.574,0.488
0.574,0.488
0.574,0.488
0.567,0.488
0.567,0.488
0.559,0.488
0.559,0.488
0.551,0.488
0.551,0.488
0.551,0.488
0.535,0.488
0.535,0.488
0.535,0.488
0.527,0.488
0.527,0.488
0.519,0.488
0.503,0.488
0.503,0.488
0.503,0.488
0.503,0.488
0.503,0.535
0.503,0.535
0.503,0.535
0.503,0.535
0.503,0.535
0.503,0.535
0.503,0.535
0.503,0.535
0.503,0.535
0.527,0.535
0.527,0.535
0.535,0.535
0.551,0.535
0.551,0.574
0.567,0.622
0.574,0.638
0.59,0.638
0.59,0.638
0.598,0.638
0.598,0.638
0.598,0.638
0.598,0.638
0.606,0.638
0.606,0.638
0.606,0.638
0.606,0.638
0.622,0.638
0.622,0.638
0.63,0.638
0.63,0.638
0.63,0.638
0.63,0.638
0.63,0.638
0.63,0.638
0.63,0.638
0.638,0.638
0.638,0.638
0.638,0.638
0.653,0.653
0.653,0.661
0.653,0.661
0.653,0.661
0.653,0.661
0.653,0.661
0.653,0.669
0.653,0.669
0.661,0.677
0.661,0.677
0.661,0.677
0.661,0.677
0.661,0.701
0.661,0.701
0.661,0.709
0.669,0.709
0.693,0.709
0.732,0.724
0.78,0.732
0.803,0.748
0.803,0.748
0.803,0.748
0.803,0.764
0.811,0.764
0.843,0.764
0.874,0.772
0.937,0.772
1.0,0.772
1.0,0.772
1.0,0.78
1.0,0.835
1.0,0.898
1.0,0.977
1.0,0.985
1.0,0.985
1.0,0.985
1.0,0.985
1.0,0.985
1.0,1.0
1.0,1.0
1.0,1.0
1.0,1.0
1.0,1.0
1.0,1.0
1.0,1.0
1.0,1.0
1.0,1.0
1.0,1.0
1.0,1.0
1.0,1.0
1.0,1.0
1.0,1.0
1.0,1.0
1.0,1.0
1.0,1.0
1.0,1.0
1.0,1.0
1.0,1.0
1.0,1.0
1.0,1.0
1.0,1.0
1.0,1.0
1.0,1.0
1.0,1.0
1.0,0.977
1.0,0.914
1.0,0.882
0.914,0.874
0.882,0.874
0.874,0.866
0.843,0.866
0.803,0.866
0.78,0.835
0.78,0.772
0.732,0.709
0.709,0.669
0.693,0.693
0.693,0.669
0.677,0.669
0.677,0.701
0.677,0.811
0.677,0.969
0.677,1.0
0.677,1.0
0.677,1.0
0.677,1.0
0.677,1.0
0.677,1.0
0.701,1.0
0.764,1.0
0.866,1.0
0.874,1.0
0.906,1.0
1.0,1.0
1.0,1.0
1.0,1.0
1.0,1.0
1.0,1.0
1.0,1.0
1.0,1.0
1.0,1.0
1.0,1.0
1.0,1.0
1.0,1.0
1.0,1.0
1.0,1.0
1.0,1.0
1.0,1.0
1.0,1.0
1.0,1.0
1.0,1.0
1.0,1.0
1.0,1.0
1.0,1.0
1.0,1.0
1.0,1.0
1.0,1.0
1.0,1.0
1.0,1.0
1.0,1.0
1.0,1.0
1.0,1.0
1.0,1.0
1.0,1.0
1.0,1.0
1.0,1.0
1.0,1.0
1.0,1.0
1.0,1.0
1.0,1.0
1.0,1.0
1.0,1.0
1.0,1.0
1.0,1.0
1.0,1.0
1.0,1.0
1.0,1.0
1.0,1.0
1.0,1.0
1.0,1.0
1.0,1.0
1.0,1.0
1.0,1.0
1.0,1.0
1.0,1.0
1.0,1.0
1.0,1.0
1.0,1.0
1.0,1.0
1.0,1.0
1.0,1.0
1.0,1.0
1.0,1.0
1.0,1.0
1.0,1.0
1.0,1.0
1.0,1.0
1.0,1.0
1.0,1.0
1.0,1.0
1.0,0.898
1.0,0.898
1.0,0.898
1.0,0.898
1.0,0.898
0.827,0.898
0.803,0.882
0.709,0.866
0.693,0.866
0.653,0.851
0.653,0.851
0.638,0.851
0.63,0.843
0.63,0.843
0.622,0.843
0.598,0.835
0.567,0.835
0.559,0.827
0.559,0.827
0.559,0.827
0.559,0.827
0.559,0.803
0.559,0.78
0.559,0.74
0.559,0.724
0.559,0.724
0.559,0.724
0.559,0.724
0.559,0.724
0.551,0.827
0.59,1.0
0.669,1.0
0.701,1.0
0.835,1.0
0.874,1.0
0.937,1.0
0.977,1.0
1.0,1.0
1.0,1.0
1.0,1.0
1.0,1.0
1.0,1.0
1.0,1.0
1.0,1.0
1.0,1.0
1.0,1.0
1.0,1.0
1.0,1.0
1.0,1.0
1.0,1.0
1.0,1.0
1.0,1.0
1.0,1.0
1.0,1.0
1.0,1.0
1.0,1.0
1.0,1.0
1.0,1.0
1.0,1.0
1.0,1.0
1.0,1.0
1.0,1.0
1.0,1.0
1.0,1.0
1.0,1.0
1.0,1.0
1.0,1.0
1.0,1.0
1.0,1.0
1.0,1.0
1.0,1.0
1.0,1.0
1.0,1.0
1.0,1.0
1.0,1.0
1.0,1.0
1.0,1.0
1.0,1.0
1.0,1.0
1.0,1.0
1.0,1.0
1.0,1.0
1.0,1.0
1.0,1.0
1.0,1.0
1.0,1.0
1.0,1.0
1.0,1.0
1.0,1.0
1.0,1.0
1.0,1.0
1.0,1.0
1.0,1.0
1.0,1.0
1.0,1.0
1.0,1.0
1.0,1.0
1.0,1.0
1.0,1.0
1.0,1.0
1.0,1.0
1.0,1.0
1.0,1.0
1.0,1.0
1.0,1.0
1.0,1.0
1.0,1.0
1.0,1.0
1.0,1.0
1.0,1.0
1.0,1.0
1.0,1.0
1.0,1.0
1.0,1.0
1.0,1.0
1.0,1.0
1.0,1.0
1.0,1.0
1.0,1.0
1.0,1.0
1.0,1.0
1.0,1.0
1.0,1.0
1.0,1.0
1.0,1.0
1.0,1.0
1.0,1.0
1.0,1.0
1.0,1.0
1.0,1.0
1.0,1.0
1.0,1.0
1.0,1.0
1.0,1.0
1.0,1.0
1.0,1.0
1.0,1.0
1.0,1.0
1.0,1.0
1.0,1.0
1.0,1.0
1.0,1.0
1.0,1.0
1.0,1.0
1.0,1.0
1.0,1.0
1.0,1.0
1.0,1.0
1.0,1.0
1.0,1.0
1.0,1.0
1.0,1.0
1.0,1.0
1.0,1.0
1.0,1.0
1.0,1.0
1.0,1.0
1.0,1.0
1.0,1.0
1.0,1.0
1.0,1.0
1.0,1.0
1.0,1.0
1.0,1.0
1.0,1.0
1.0,1.0
1.0,1.0
1.0,1.0
1.0,1.0
1.0,1.0
1.0,1.0
1.0,1.0
1.0,1.0
1.0,1.0
0.937,1.0
0.851,1.0
0.827,1.0
0.827,1.0
0.827,1.0
0.827,1.0
0.827,1.0
0.827,1.0
0.827,1.0
0.827,0.874
0.827,0.827
0.827,0.811
0.827,0.811
0.827,0.811
0.827,0.811
0.827,0.811
0.827,0.811
0.811,0.811
0.811,0.811
0.811,0.811
0.811,0.811
0.811,0.811
0.811,0.811
0.811,0.811
0.811,0.811
0.811,0.811
0.811,0.811
0.811,0.811
0.811,0.811
0.811,0.811
0.811,0.811
0.811,0.811
0.811,0.811
0.811,0.811
0.811,0.811
0.78,0.811
0.732,0.811
0.724,0.835
0.724,0.851
0.724,0.937
0.724,1.0
0.724,1.0
0.724,1.0
0.724,1.0
0.724,1.0
0.724,1.0
0.724,1.0
0.724,1.0
0.724,1.0
0.724,1.0
0.724,1.0
0.709,1.0
0.709,1.0
0.701,1.0
0.701,1.0
0.701,1.0
0.693,1.0
0.693,1.0
0.669,1.0
0.661,1.0
0.661,1.0
0.661,1.0
0.661,1.0
0.661,1.0
0.661,0.937
0.661,0.898
0.661,0.866
0.661,0.866
0.661,0.866
0.661,0.866
0.653,0.866
0.653,0.866
0.638,0.866
0.63,0.866
0.622,0.851
0.606,0.835
0.598,0.835
0.59,0.827
0.59,0.803
0.59,0.78
0.59,0.78
0.59,0.764
0.59,0.764
0.59,0.748
0.59,0.74
0.59,0.732
0.59,0.724
0.59,0.709
0.59,0.709
0.59,0.709
0.59,0.709
0.59,0.701
0.59,0.701
0.59,0.693
0.59,0.693
0.59,0.677
0.59,0.653
0.59,0.638
0.59,0.606
0.59,0.574
0.59,0.551
0.59,0.527
0.59,0.519
0.59,0.519
0.59,0.519
0.59,0.519
0.59,0.519
0.59,0.503
0.59,0.503
0.59,0.503
0.59,0.495
0.59,0.488
0.59,0.488
0.59,0.472
0.59,0.472
0.574,0.472
0.574,0.472
0.574,0.472
0.574,0.472
0.559,0.464
0.527,0.464
0.488,0.464
0.488,0.464
0.464,0.464
0.456,0.464
0.448,0.464
0.432,0.464
0.424,0.464
0.393,0.448
0.369,0.417
0.369,0.369
0.361,0.353
0.361,0.346
0.361,0.33
0.361,0.33
0.361,0.322
0.361,0.314
0.361,0.29
0.361,0.282
0.361,0.282
0.346,0.282
0.33,0.282
0.29,0.282
0.29,0.275
0.282,0.275
0.282,0.275
0.282,0.275
0.282,0.275
0.282,0.275
0.282,0.275
0.282,0.275
0.282,0.275
0.275,0.275
0.259,0.275
0.243,0.243
0.211,0.227
0.188,0.227
0.188,0.227
0.18,0.227
0.18,0.227
0.18,0.227
0.18,0.227
0.18,0.227
0.18,0.227
0.18,0.227
0.18,0.227
0.18,0.227
0.172,0.227
0.148,0.227
0.14,0.18
0.125,0.117
0.125,0.069
0.117,0.054
0.117,0.038
0.117,0.038
0.117,0.038
0.117,0.022
0.117,0.006
0.117,0.006
0.117,0.006
0.085,0.006
0.054,0.006
0.038,0.006
0.038,0.006
0.014,0.006
0.006,0.006
0.006,0.006
0.006,0.006
0.006,0.006
0.006,0.006
0.006,0.046
0.006,0.069
0.006,0.109
0.006,0.14
0.006,0.172
0.006,0.18
0.006,0.188
0.006,0.188
0.006,0.188
0.006,0.188
0.006,0.188
0.006,0.188
0.006,0.188
0.006,0.188
0.006,0.188
0.006,0.188
0.006,0.188
0.006,0.188
0.006,0.188
0.006,0.188
0.006,0.188
0.006,0.188
0.006,0.188
0.006,0.188
0.006,0.188
0.006,0.188
0.006,0.188
0.006,0.188
0.006,0.188
0.006,0.188
0.006,0.188
0.006,0.188
0.006,0.188
0.006,0.188
0.006,0.188
0.006,0.188
0.006,0.188
0.006,0.188
0.006,0.188
0.006,0.188
0.006,0.188
0.006,0.188
0.006,0.188
0.006,0.188
0.006,0.188
0.006,0.188
0.006,0.188
0.006,0.188
0.006,0.188
0.006,0.188
0.006,0.188
0.006,0.188
0.006,0.188
0.006,0.188
0.006,0.188
0.006,0.188
0.006,0.188
0.006,0.188
0.006,0.188
0.006,0.188
0.006,0.188
0.006,0.188
0.046,0.188
0.085,0.188
0.117,0.188
0.125,0.188
0.125,0.188
0.125,0.188
0.125,0.188
0.125,0.188
0.125,0.188
0.125,0.188
0.125,0.188
0.125,0.188
0.125,0.188
0.125,0.188
0.125,0.188
0.125,0.188
0.125,0.188
0.125,0.188
0.125,0.188
0.125,0.188
0.125,0.188
0.125,0.188
0.125,0.188
0.125,0.188
0.125,0.188
0.125,0.188
0.125,0.188
0.125,0.188
0.125,0.188
0.125,0.188
0.125,0.188
0.125,0.188
0.125,0.188
0.125,0.188
0.125,0.188
0.125,0.188
0.125,0.188
0.125,0.188
0.125,0.188
0.125,0.188
0.125,0.188
0.125,0.188
0.125,0.188
0.125,0.188
0.125,0.188
0.125,0.188
0.125,0.188
0.125,0.188
0.125,0.188
0.125,0.188
0.125,0.188
0.125,0.188
0.125,0.188
0.125,0.188
0.125,0.188
0.125,0.188
0.125,0.188
0.125,0.188
0.125,0.188
0.125,0.188
0.125,0.188
0.125,0.188
0.125,0.188
0.125,0.188
0.125,0.188
0.125,0.188
0.125,0.188
0.125,0.156
0.125,0.156
0.125,0.156
0.125,0.156
0.125,0.156
0.125,0.156
0.125,0.156
0.125,0.156
0.125,0.156
0.125,0.156
0.125,0.156
0.125,0.156
0.125,0.156
0.125,0.156
0.125,0.156
0.125,0.156
0.125,0.156
0.125,0.156
0.125,0.156
0.125,0.156
0.125,0.156
0.125,0.156
0.125,0.156
0.125,0.156
0.125,0.156
0.125,0.156
0.125,0.156
0.125,0.156
0.125,0.156
0.125,0.156
0.125,0.156
0.125,0.156
0.125,0.156
0.125,0.156
0.125,0.156
0.125,0.156
0.125,0.156
0.125,0.156
0.125,0.156
0.125,0.156
0.125,0.156
0.125,0.156
0.125,0.156
0.125,0.156
0.125,0.156
0.125,0.156
0.125,0.156
0.125,0.156
0.125,0.156
0.125,0.156
0.125,0.156
0.125,0.156
0.125,0.156
0.125,0.156
0.125,0.156
0.125,0.156
0.125,0.156
0.125,0.156
0.125,0.156
0.125,0.156
0.125,0.156
0.125,0.156
0.125,0.156
0.125,0.156
0.125,0.156
0.125,0.156
0.125,0.156
0.125,0.156
0.125,0.156
0.125,0.156
0.125,0.156
0.125,0.156
0.125,0.156
0.125,0.156
0.125,0.18
0.125,0.188
0.125,0.196
0.125,0.196
0.125,0.196
0.125,0.196
0.156,0.188
0.172,0.211
0.18,0.219
0.18,0.219
0.18,0.227
0.18,0.243
0.18,0.243
0.18,0.251
0.18,0.259
0.18,0.259
0.18,0.259
0.18,0.259
0.18,0.259
0.18,0.259
0.18,0.259
0.18,0.219
0.18,0.109
0.156,0.069
0.156,0.069
0.148,0.046
0.148,0.046
0.148,0.022
0.148,0.054
0.148,0.022
0.148,0.022
0.148,0.022
0.148,0.014
0.148,0.0
0.148,0.0
0.14,0.0
0.14,0.0
0.14,0.0
0.14,0.0
0.14,0.0
0.14,0.0
0.14,0.0
0.14,0.0
0.14,0.0
0.14,0.0
0.14,0.0
0.14,0.0
0.14,0.0
0.14,0.0
0.14,0.0
0.14,0.0
0.14,0.0
0.14,0.0
0.14,0.0
0.14,0.0
0.14,0.0
0.14,0.0
0.14,0.0
0.14,0.0
0.14,0.0
0.14,0.0
0.14,0.0
0.14,0.0
0.14,0.0
0.14,0.0
0.14,0.0
0.14,-0.007
0.14,-0.063
0.14,-0.111
0.14,-0.119
0.14,-0.135
0.14,-0.143
0.14,-0.167
0.14,-0.183
0.14,-0.191
0.14,-0.207
0.14,-0.231
0.14,-0.247
0.14,-0.255
0.14,-0.255
0.14,-0.255
0.14,-0.271
0.14,-0.271
0.14,-0.271
0.14,-0.271
0.14,-0.271
0.14,-0.271
0.14,-0.271
0.14,-0.271
0.14,-0.271
0.14,-0.295
0.14,-0.303
0.14,-0.319
0.14,-0.319
0.14,-0.319
0.14,-0.319
0.14,-0.319
0.14,-0.319
0.14,-0.319
0.14,-0.319
0.14,-0.319
0.14,-0.319
0.14,-0.319
0.14,-0.319
0.14,-0.319
0.14,-0.279
0.14,-0.191
0.14,-0.007
0.14,0.014
0.14,0.0
0.14,0.014
0.14,0.014
0.14,0.046
0.14,0.085
0.14,0.109
0.14,0.117
0.14,0.117
0.14,0.125
0.14,0.14
0.14,0.148
0.14,0.172
0.14,0.172
0.14,0.172
0.14,0.18
0.14,0.18
0.14,0.18
0.14,0.18
0.14,0.18
0.14,0.18
0.14,0.18
0.14,0.18
0.14,0.18
0.14,0.18
0.14,0.18
0.14,0.18
0.14,0.18
0.14,0.18
0.14,0.18
0.14,0.18
0.14,0.18
0.14,0.18
0.14,0.18
0.14,0.18
0.14,0.18
0.14,0.18
0.14,0.18
0.14,0.18
0.14,0.18
0.14,0.18
0.14,0.18
0.14,0.18
0.14,0.18
0.14,0.18
0.14,0.18
0.14,0.18
0.14,0.18
0.14,0.18
0.14,0.18
0.14,0.18
0.14,0.18
0.14,0.18
0.14,0.18
0.14,0.18
0.14,0.18
0.14,0.18
0.14,0.18
0.14,0.18
0.14,0.18
0.14,0.18
0.14,0.18
0.14,0.18
0.14,0.18
0.14,0.18
0.14,0.18
0.14,0.18
0.14,0.18
0.14,0.18
0.14,0.18
0.14,0.18
0.14,0.18
0.14,0.18
0.14,0.18
0.14,0.18
0.14,0.18
0.14,0.18
0.14,0.18
0.14,0.18
0.14,0.18
0.14,0.18
0.14,0.18
0.14,0.18
0.14,0.18
0.14,0.18
0.14,0.18
0.14,0.18
0.14,0.18
0.14,0.18
0.14,0.18
0.14,0.18
0.14,0.18
0.14,0.18
0.14,0.18
0.14,0.18
0.14,0.18
0.14,0.18
0.14,0.18
0.14,0.18
0.14,0.18
0.14,0.18
0.14,0.18
0.14,0.18
0.14,0.18
0.14,0.18
0.14,0.18
0.14,0.18
0.14,0.18
0.14,0.18
0.14,0.18
0.14,0.18
0.14,0.18
0.14,0.18
0.14,0.18
0.14,0.18
0.14,0.18
0.14,0.18
0.14,0.18
0.14,0.18
0.14,0.18
0.14,0.18
0.14,0.18
0.14,0.18
0.14,0.18
0.14,0.18
0.14,0.18
0.14,0.18
0.14,0.18
0.14,0.18
0.14,0.18
0.14,0.18
0.14,0.18
0.14,0.18
0.18,0.18
0.251,0.18
0.29,0.18
0.322,0.18
0.353,0.18
0.393,0.18
0.448,0.18
0.559,0.18
0.661,0.18
0.701,0.18
0.811,0.18
1.0,0.18
1.0,0.18
1.0,0.18
1.0,0.18
1.0,0.18
1.0,0.18
1.0,0.18
1.0,0.18
1.0,0.18
1.0,0.18
1.0,0.18
1.0,0.18
1.0,0.18
1.0,0.18
1.0,0.18
1.0,0.18
1.0,0.18
1.0,0.196
1.0,0.219
1.0,0.29
1.0,0.353
1.0,0.385
1.0,0.417
1.0,0.464
1.0,0.503
1.0,0.59
1.0,0.669
1.0,0.709
1.0,0.748
1.0,0.748
1.0,0.764
1.0,0.772
1.0,0.78
1.0,0.78
1.0,0.78
1.0,0.78
1.0,0.795
1.0,0.795
1.0,0.795
1.0,0.835
1.0,0.906
1.0,1.0
1.0,1.0
0.929,1.0
0.803,1.0
0.669,1.0
0.638,1.0
0.63,1.0
0.63,1.0
0.63,1.0
0.622,1.0
0.606,1.0
0.59,1.0
0.59,1.0
0.574,1.0
0.574,1.0
0.567,0.953
0.567,0.929
0.567,0.898
0.567,0.851
0.567,0.803
0.559,0.709
0.551,0.677
0.535,0.653
0.535,0.606
0.527,0.59
0.519,0.551
0.519,0.495
0.519,0.424
0.519,0.385
0.503,0.385
0.503,0.353
0.488,0.353
0.472,0.353
0.472,0.353
0.472,0.353
0.472,0.346
0.495,0.322
0.527,0.314
0.567,0.298
0.606,0.298
0.638,0.298
0.638,0.298
0.638,0.298
0.653,0.298
0.669,0.298
0.677,0.298
0.732,0.298
0.74,0.298
0.764,0.33
0.78,0.353
0.827,0.401
0.843,0.59
0.843,0.63
0.851,0.661
0.851,0.661
0.866,0.661
0.874,0.661
0.874,0.669
0.906,0.669
0.977,0.709
0.977,0.803
0.977,0.803
0.977,0.803
0.977,0.803
0.977,0.803
0.977,0.803
0.977,0.803
0.977,0.803
0.977,0.748
0.977,0.677
0.977,0.661
0.977,0.638
0.977,0.622
0.977,0.598
0.977,0.551
0.953,0.519
0.929,0.488
0.914,0.472
0.898,0.472
0.882,0.464
0.874,0.464
0.874,0.456
0.866,0.456
0.866,0.456
0.851,0.456
0.851,0.456
0.851,0.456
0.851,0.456
0.851,0.448
0.851,0.448
0.851,0.424
0.851,0.417
0.851,0.401
0.851,0.401
0.851,0.401
0.851,0.401
0.851,0.401
0.851,0.401
0.851,0.401
0.851,0.401
0.851,0.393
0.843,0.393
0.843,0.393
0.835,0.393
0.835,0.393
0.835,0.393
0.827,0.393
0.827,0.393
0.827,0.393
0.827,0.393
0.827,0.393
0.827,0.393
0.772,0.393
0.724,0.393
0.701,0.393
0.701,0.393
0.701,0.393
0.693,0.432
0.701,0.464
0.677,0.519
0.669,0.567
0.653,0.59
0.638,0.598
0.638,0.606
0.638,0.63
0.638,0.653
0.638,0.669
0.638,0.677
0.638,0.74
0.638,0.78
0.638,0.803
0.638,0.811
0.638,0.985
0.638,1.0
0.638,1.0
0.638,1.0
0.638,1.0
0.638,1.0
0.638,1.0
0.638,1.0
0.638,1.0
0.638,1.0
0.638,1.0
0.638,1.0
0.638,1.0
0.638,1.0
0.638,1.0
0.661,0.882
0.709,0.843
0.78,0.811
0.843,0.748
0.866,0.701
0.866,0.653
0.866,0.653
0.866,0.638
0.866,0.638
0.866,0.622
0.874,0.598
0.874,0.574
0.874,0.567
0.874,0.551
0.874,0.527
0.874,0.519
0.874,0.503
0.874,0.472
0.874,0.472
0.874,0.472
0.874,0.472
0.874,0.464
0.874,0.464
0.874,0.456
0.874,0.456
0.874,0.432
0.874,0.432
0.874,0.424
0.882,0.424
0.882,0.424
0.882,0.424
0.882,0.424
0.882,0.401
0.882,0.385
0.882,0.385
0.882,0.369
0.882,0.369
0.882,0.369
0.882,0.369
0.882,0.369
0.882,0.369
0.882,0.361
0.882,0.361
0.882,0.361
0.882,0.361
0.882,0.361
0.882,0.361
0.882,0.361
0.882,0.361
0.882,0.361
0.882,0.361
0.882,0.361
0.882,0.361
0.882,0.361
0.882,0.361
0.882,0.361
0.882,0.361
0.882,0.361
0.882,0.361
0.882,0.361
0.882,0.361
0.882,0.361
0.882,0.361
0.882,0.361
0.882,0.361
0.882,0.361
0.882,0.361
0.827,0.361
0.827,0.361
0.827,0.361
0.811,0.361
0.811,0.361
0.811,0.361
0.795,0.361
0.772,0.361
0.732,0.361
0.732,0.361
0.724,0.361
0.724,0.361
0.724,0.361
0.724,0.361
0.724,0.361
0.724,0.361
0.724,0.361
0.724,0.361
0.724,0.361
0.724,0.361
0.724,0.361
0.724,0.361
0.724,0.361
0.724,0.361
0.724,0.361
0.709,0.361
0.709,0.361
0.732,0.361
0.732,0.361
0.732,0.361
0.74,0.361
0.74,0.361
0.74,0.361
0.74,0.361
0.748,0.361
0.748,0.361
0.748,0.361
0.748,0.361
0.764,0.361
0.764,0.361
0.764,0.361
0.772,0.361
0.772,0.361
0.772,0.361
0.772,0.361
0.772,0.361
0.772,0.361
0.772,0.361
0.772,0.361
0.772,0.361
0.772,0.361
0.772,0.361
0.772,0.361
0.772,0.361
0.772,0.361
0.772,0.361
0.772,0.361
0.772,0.361
0.772,0.361
0.772,0.361
0.772,0.361
0.772,0.361
0.772,0.361
0.772,0.361
0.772,0.361
0.772,0.361
0.772,0.361
0.772,0.361
0.772,0.361
0.772,0.361
0.772,0.361
0.772,0.385
0.772,0.385
0.772,0.393
0.772,0.401
0.772,0.401
0.772,0.401
0.772,0.417
0.772,0.401
0.74,0.424
0.724,0.432
0.701,0.456
0.701,0.456
0.701,0.464
0.693,0.464
0.693,0.464
0.693,0.472
0.693,0.472
0.677,0.472
0.677,0.472
0.677,0.472
0.677,0.472
0.677,0.472
0.677,0.472
0.677,0.472
0.677,0.472
0.677,0.472
0.677,0.472
0.677,0.472
0.677,0.472
0.677,0.472
0.669,0.472
0.669,0.472
0.669,0.472
0.669,0.472
0.669,0.472
0.669,0.472
0.669,0.472
0.669,0.472
0.669,0.472
0.669,0.472
0.661,0.472
0.661,0.472
0.653,0.472
0.653,0.472
0.653,0.472
0.638,0.472
0.638,0.472
0.638,0.472
0.638,0.472
0.638,0.472
0.638,0.472
0.638,0.472
0.638,0.472
0.638,0.472
0.638,0.472
0.638,0.472
0.638,0.472
0.638,0.472
0.638,0.488
0.661,0.503
0.661,0.551
0.669,0.559
0.709,0.559
0.709,0.567
0.724,0.567
0.748,0.574
0.764,0.574
0.764,0.574
0.772,0.574
0.772,0.574
0.78,0.574
0.795,0.574
0.811,0.574
0.851,0.574
0.882,0.574
0.898,0.606
0.929,0.63
1.0,0.638
1.0,0.653
1.0,0.653
1.0,0.653
1.0,0.653
1.0,0.653
1.0,0.653
1.0,0.653
1.0,0.653
1.0,0.653
0.953,0.622
0.866,0.535
0.835,0.472
0.803,0.385
0.764,0.353
0.732,0.33
0.709,0.322
0.693,0.322
0.661,0.314
0.63,0.314
0.598,0.314
0.574,0.314
0.527,0.298
0.495,0.282
0.456,0.282
0.432,0.251
0.393,0.211
0.353,0.188
0.282,0.188
0.251,0.188
0.227,0.18
0.211,0.18
0.188,0.18
0.18,0.18
0.18,0.18
0.18,0.18
0.18,0.18
0.18,0.18
0.148,0.18
0.125,0.18
0.117,0.18
0.117,0.18
0.117,0.18
0.117,0.18
0.117,0.18
0.117,0.18
0.117,0.172
0.117,0.172
0.117,0.172
0.117,0.172
0.117,0.172
0.085,0.172
0.069,0.172
0.069,0.172
0.069,0.172
0.069,0.172
0.069,0.172
0.054,0.172
0.054,0.172
0.054,0.172
0.054,0.172
0.054,0.172
0.054,0.172
0.077,0.172
0.077,0.172
0.077,0.172
0.077,0.172
0.077,0.172
0.085,0.172
0.085,0.172
0.085,0.172
0.085,0.172
0.085,0.172
0.085,0.172
0.085,0.172
0.085,0.172
0.085,0.172
0.085,0.172
0.085,0.172
0.085,0.172
0.085,0.172
0.085,0.172
0.085,0.172
0.085,0.172
0.085,0.172
0.085,0.172
0.085,0.172
0.085,0.172
0.085,0.172
0.085,0.172
0.085,0.172
0.085,0.172
0.085,0.172
0.085,0.172
0.085,0.172
0.085,0.172
0.085,0.172
0.085,0.172
0.085,0.172
0.085,0.172
0.085,0.172
0.085,0.172
0.085,0.172
0.085,0.172
0.085,0.172
0.085,0.172
0.085,0.172
0.085,0.172
0.085,0.172
0.085,0.172
0.085,0.172
0.085,0.172
0.085,0.172
0.085,0.172
0.085,0.172
0.085,0.172
0.085,0.172
0.085,0.172
0.085,0.172
0.085,0.172
0.085,0.172
0.085,0.172
0.085,0.172
0.085,0.172
0.085,0.172
0.085,0.172
0.085,0.172
0.085,0.172
0.085,0.172
0.085,0.172
0.085,0.172
0.085,0.172
0.085,0.172
0.085,0.172
0.085,0.172
0.085,0.172
0.085,0.172
0.085,0.172
0.085,0.172
0.085,0.172
0.085,0.172
0.085,0.172
0.085,0.172
0.085,0.172
0.085,0.172
0.085,0.172
0.085,0.172
0.085,0.172
0.085,0.172
0.093,0.172
0.117,0.172
0.117,0.172
0.117,0.172
0.117,0.172
0.117,0.172
0.117,0.172
0.117,0.172
0.117,0.172
0.117,0.172
0.117,0.172
0.117,0.172
0.117,0.172
0.117,0.172
0.117,0.172
0.117,0.172
0.117,0.172
0.117,0.172
0.117,0.172
0.117,0.172
0.117,0.172
0.117,0.172
0.117,0.172
0.117,0.172
0.117,0.172
0.117,0.172
0.125,0.172
0.156,0.172
0.196,0.172
0.219,0.172
0.219,0.172
0.219,0.172
0.243,0.211
0.401,0.275
0.488,0.33
0.527,0.353
0.598,0.361
0.772,0.369
0.898,0.369
0.977,0.393
1.0,0.417
1.0,0.519
1.0,0.622
1.0,0.724
1.0,0.748
1.0,0.803
1.0,0.866
1.0,1.0
1.0,1.0
1.0,1.0
1.0,1.0
1.0,1.0
1.0,1.0
1.0,1.0
1.0,1.0
1.0,1.0
1.0,1.0
1.0,1.0
1.0,1.0
1.0,1.0
1.0,1.0
1.0,1.0
1.0,1.0
1.0,1.0
1.0,1.0
1.0,1.0
1.0,1.0
1.0,1.0
1.0,1.0
1.0,1.0
1.0,1.0
1.0,1.0
1.0,1.0
1.0,0.969
1.0,0.929
1.0,0.914
1.0,0.914
1.0,0.898
1.0,0.898
1.0,0.898
1.0,0.898
1.0,0.898
1.0,0.898
1.0,0.898
1.0,0.898
1.0,0.898
1.0,0.882
1.0,0.882
1.0,0.882
1.0,0.882
1.0,0.874
1.0,0.874
1.0,0.874
1.0,0.874
1.0,0.866
1.0,0.866
1.0,0.866
1.0,0.866
1.0,0.866
1.0,0.866
1.0,0.866
1.0,0.866
1.0,0.866
1.0,0.866
1.0,0.866
1.0,0.866
1.0,0.866
1.0,0.866
1.0,0.866
1.0,0.866
1.0,0.866
1.0,0.866
1.0,0.866
1.0,0.866
1.0,0.866
1.0,0.898
1.0,0.914
1.0,0.937
1.0,0.953
1.0,0.969
1.0,0.969
1.0,0.977
1.0,0.977
1.0,0.985
1.0,0.985
1.0,0.985
1.0,0.985
1.0,0.985
1.0,0.985
1.0,0.985
1.0,0.985
1.0,0.985
1.0,0.985
1.0,0.985
1.0,0.985
1.0,0.985
1.0,0.985
1.0,0.985
1.0,0.985
1.0,0.985
1.0,0.985
1.0,0.985
1.0,0.985
1.0,0.985
1.0,0.985
1.0,0.985
1.0,0.985
1.0,0.985
1.0,0.985
1.0,0.985
1.0,0.985
1.0,0.985
1.0,0.985
1.0,0.985
1.0,0.985
1.0,0.985
1.0,0.985
1.0,0.985
1.0,0.985
1.0,0.985
1.0,0.985
1.0,0.985
1.0,0.985
1.0,0.985
1.0,0.985
1.0,0.985
1.0,0.985
1.0,0.985
1.0,0.985
1.0,0.985
1.0,0.985
1.0,0.985
1.0,0.985
1.0,0.985
1.0,0.985
1.0,0.985
1.0,0.985
1.0,0.985
1.0,0.985
1.0,0.985
1.0,0.985
1.0,0.985
1.0,0.985
1.0,0.985
1.0,0.985
1.0,0.985
1.0,0.985
1.0,0.985
1.0,0.985
1.0,0.953
1.0,0.953
1.0,0.953
1.0,0.953
1.0,0.953
1.0,0.953
1.0,0.953
1.0,0.953
1.0,0.953
1.0,0.953
1.0,0.953
1.0,0.953
1.0,0.953
1.0,0.953
1.0,0.953
1.0,0.953
1.0,0.953
1.0,0.953
1.0,0.953
1.0,0.953
1.0,0.953
1.0,0.953
1.0,0.953
1.0,0.953
1.0,0.953
1.0,0.953
1.0,0.953
1.0,0.953
1.0,0.953
1.0,0.953
1.0,0.953
1.0,0.953
1.0,0.953
1.0,0.953
1.0,0.953
1.0,0.953
1.0,0.953
1.0,0.953
1.0,0.953
1.0,0.937
1.0,0.914
1.0,0.914
1.0,0.914
1.0,0.914
1.0,0.914
1.0,0.914
1.0,0.914
1.0,0.914
1.0,0.914
1.0,0.914
1.0,0.914
1.0,0.914
1.0,0.906
1.0,0.906
1.0,0.906
1.0,0.906
1.0,0.906
1.0,0.906
1.0,0.906
1.0,0.906
1.0,0.906
1.0,0.906
1.0,1.0
1.0,1.0
1.0,1.0
1.0,1.0
1.0,1.0
1.0,1.0
1.0,1.0
1.0,1.0
1.0,1.0
1.0,1.0
1.0,1.0
1.0,1.0
1.0,1.0
1.0,1.0
1.0,1.0
1.0,1.0
1.0,1.0
1.0,1.0
1.0,1.0
1.0,1.0
1.0,1.0
1.0,1.0
1.0,1.0
1.0,1.0
0.969,1.0
0.866,1.0
0.827,1.0
0.811,1.0
0.803,1.0
0.803,1.0
0.803,1.0
0.803,1.0
0.803,1.0
0.803,1.0
0.803,1.0
0.803,1.0
0.803,1.0
0.835,1.0
0.906,1.0
0.985,1.0
1.0,1.0
1.0,1.0
1.0,1.0
1.0,1.0
1.0,1.0
1.0,1.0
1.0,1.0
1.0,1.0
1.0,1.0
0.969,1.0
0.969,1.0
0.953,1.0
0.953,1.0
0.953,1.0
0.953,1.0
0.953,1.0
0.953,1.0
0.953,1.0
0.953,1.0
0.953,1.0
0.953,1.0
0.953,1.0
0.953,1.0
0.953,0.898
0.953,0.851
0.953,0.843
0.953,0.843
0.953,0.843
0.953,0.843
0.953,0.843
0.953,0.835
0.953,0.803
0.953,0.74
0.953,0.709
0.953,0.677
0.953,0.669
0.953,0.653
0.953,0.63
0.953,0.622
0.953,0.59
0.953,0.559
0.953,0.527
0.929,0.527
0.898,0.527
0.898,0.527
0.898,0.527
0.898,0.519
0.874,0.519
0.851,0.519
0.843,0.519
0.835,0.519
0.835,0.519
0.827,0.519
0.827,0.519
0.811,0.519
0.811,0.551
0.811,0.559
0.811,0.559
0.811,0.567
0.811,0.567
0.811,0.567
0.811,0.567
0.803,0.567
0.803,0.574
0.803,0.574
0.803,0.574
0.843,0.574
0.929,0.574
0.977,0.574
0.985,0.574
0.985,0.606
1.0,0.677
1.0,0.709
1.0,0.709
1.0,0.74
1.0,0.764
1.0,0.772
1.0,0.803
1.0,0.827
1.0,0.835
1.0,0.843
1.0,0.851
1.0,0.898
1.0,0.937
1.0,0.953
1.0,0.953
1.0,0.953
1.0,0.953
1.0,0.953
1.0,0.953
1.0,0.969
1.0,0.969
1.0,1.0
1.0,1.0
1.0,1.0
1.0,1.0
1.0,1.0
1.0,1.0
1.0,1.0
1.0,1.0
1.0,1.0
1.0,1.0
1.0,1.0
1.0,1.0
1.0,1.0
1.0,1.0
1.0,1.0
1.0,1.0
1.0,1.0
1.0,1.0
1.0,1.0
1.0,1.0
1.0,1.0
1.0,1.0
1.0,1.0
1.0,1.0
1.0,1.0
1.0,1.0
1.0,1.0
1.0,1.0
1.0,1.0
1.0,1.0
1.0,1.0
1.0,1.0
1.0,1.0
1.0,1.0
1.0,1.0
1.0,1.0
1.0,1.0
1.0,1.0
1.0,1.0
1.0,1.0
1.0,1.0
1.0,1.0
1.0,1.0
1.0,1.0
1.0,1.0
1.0,1.0
1.0,1.0
1.0,1.0
1.0,1.0
1.0,1.0
1.0,1.0
1.0,1.0
1.0,1.0
1.0,1.0
1.0,1.0
1.0,1.0
1.0,1.0
1.0,1.0
1.0,1.0
1.0,1.0
1.0,1.0
0.945,1.0
0.914,1.0
0.866,1.0
0.851,1.0
0.835,1.0
0.827,1.0
0.827,1.0
0.827,1.0
0.811,1.0
0.811,1.0
0.811,1.0
0.811,1.0
0.811,1.0
0.811,1.0
0.811,1.0
0.811,1.0
0.811,1.0
0.811,1.0
0.811,1.0
0.811,1.0
0.811,1.0
0.811,1.0
0.811,1.0
0.811,1.0
0.811,1.0
0.811,1.0
0.811,1.0
0.811,1.0
0.811,1.0
0.811,1.0
0.811,1.0
0.811,1.0
0.811,1.0
0.811,1.0
0.811,1.0
0.811,1.0
0.811,1.0
0.811,1.0
0.811,1.0
0.811,1.0
0.811,1.0
0.811,1.0
0.811,1.0
0.811,1.0
0.835,1.0
0.835,1.0
0.835,1.0
0.835,1.0
0.835,1.0
0.835,1.0
0.843,1.0
0.843,1.0
0.843,1.0
0.843,1.0
0.843,1.0
0.843,1.0
0.843,1.0
0.843,1.0
0.843,1.0
0.843,1.0
0.843,1.0
0.843,1.0
0.843,1.0
0.843,1.0
0.843,1.0
0.843,1.0
0.843,1.0
0.843,1.0
0.843,1.0
0.843,1.0
0.843,1.0
0.843,1.0
0.843,1.0
0.843,1.0
0.843,1.0
0.843,1.0
0.843,1.0
0.843,1.0
0.843,1.0
0.843,1.0
0.843,1.0
0.843,1.0
0.843,1.0
0.843,1.0
0.843,1.0
0.843,1.0
0.843,1.0
0.843,1.0
0.843,1.0
0.843,1.0
0.843,1.0
0.843,1.0
0.843,1.0
0.843,1.0
0.843,1.0
0.843,1.0
0.843,1.0
0.843,1.0
0.843,1.0
0.843,1.0
0.843,1.0
0.843,1.0
0.843,1.0
0.843,1.0
0.843,1.0
0.843,1.0
0.843,1.0
0.843,1.0
0.843,1.0
0.843,0.969
0.843,0.937
0.843,0.937
0.843,0.937
0.843,0.937
0.843,0.937
0.843,0.937
0.843,0.937
0.843,0.937
0.843,0.937
0.843,0.937
0.843,0.937
0.843,0.937
0.843,0.937
0.843,0.937
0.843,0.937
0.843,0.937
0.843,0.937
0.843,0.937
0.795,0.937
0.78,0.937
0.748,0.937
0.74,0.937
0.74,0.937
0.74,0.937
0.74,0.937
0.74,0.914
0.74,0.914
0.74,0.914
0.74,0.914
0.74,0.914
0.74,0.914
0.74,0.914
0.764,0.914
0.827,0.914
0.827,0.914
0.835,0.914
0.835,0.914
0.835,0.914
0.843,0.914
0.866,0.914
0.898,0.914
0.914,0.914
0.969,0.914
1.0,0.914
1.0,0.914
1.0,0.914
1.0,0.914
1.0,0.914
1.0,0.914
1.0,0.914
1.0,0.914
1.0,0.914
1.0,0.914
1.0,0.914
1.0,0.914
1.0,0.914
1.0,0.914
1.0,0.914
1.0,0.914
1.0,0.914
1.0,0.914
1.0,0.914
1.0,0.953
1.0,1.0
1.0,1.0
1.0,1.0
1.0,1.0
1.0,1.0
1.0,1.0
1.0,1.0
1.0,1.0
1.0,1.0
1.0,1.0
1.0,1.0
1.0,1.0
1.0,1.0
1.0,1.0
1.0,1.0
1.0,1.0
1.0,1.0
1.0,1.0
1.0,1.0
1.0,1.0
1.0,1.0
1.0,1.0
1.0,1.0
1.0,0.977
1.0,0.906
1.0,0.851
1.0,0.748
1.0,0.724
1.0,0.677
1.0,0.638
1.0,0.535
1.0,0.448
0.914,0.417
0.827,0.393
0.74,0.385
0.701,0.369
0.59,0.361
0.527,0.361
0.495,0.361
0.448,0.33
0.369,0.322
0.346,0.282
0.33,0.227
0.298,0.172
0.211,0.125
0.188,0.125
0.188,0.125
0.172,0.125
0.172,0.125
0.172,0.125
0.172,0.125
0.172,0.125
0.172,0.125
0.172,0.125
0.172,0.125
0.172,0.125
0.172,0.125
0.172,0.125
0.172,0.125
0.172,0.125
0.172,0.125
0.172,0.125
0.172,0.125
0.172,0.125
0.172,0.125
0.172,0.125
0.172,0.125
0.172,0.125
0.172,0.125
0.172,0.125
0.172,0.125
0.172,0.125
0.172,0.125
0.172,0.125
0.148,0.125
0.125,0.125
0.125,0.125
0.125,0.125
0.125,0.125
0.125,0.125
0.125,0.125
0.125,0.125
0.125,0.125
0.125,0.125
0.125,0.125
0.125,0.125
0.125,0.125
0.125,0.125
0.125,0.125
0.148,0.125
0.172,0.125
0.196,0.125
0.219,0.125
0.227,0.125
0.227,0.148
0.243,0.188
0.259,0.211
0.282,0.227
0.282,0.251
0.282,0.251
0.282,0.259
0.282,0.259
0.282,0.259
0.282,0.259
0.282,0.259
0.282,0.259
0.282,0.259
0.282,0.259
0.29,0.259
0.29,0.275
0.29,0.275
0.298,0.298
0.298,0.314
0.314,0.346
0.314,0.346
0.314,0.346
0.314,0.346
0.314,0.346
0.314,0.353
0.322,0.353
0.33,0.369
0.346,0.385
0.353,0.417
0.369,0.424
0.385,0.472
0.385,0.495
0.385,0.495
0.393,0.503
0.393,0.503
0.393,0.503
0.393,0.519
0.393,0.527
0.393,0.535
0.393,0.535
0.393,0.551
0.393,0.551
0.393,0.551
0.393,0.551
0.393,0.551
0.393,0.551
0.393,0.551
0.393,0.551
0.393,0.551
0.393,0.551
0.393,0.551
0.393,0.551
0.393,0.551
0.393,0.551
0.393,0.551
0.393,0.551
0.393,0.551
0.393,0.551
0.393,0.551
0.393,0.551
0.393,0.551
0.393,0.551
0.393,0.551
0.393,0.551
0.393,0.551
0.393,0.551
0.393,0.551
0.393,0.551
0.393,0.551
0.393,0.551
0.417,0.551
0.448,0.551
0.456,0.551
0.464,0.551
0.464,0.551
0.464,0.551
0.464,0.551
0.472,0.551
0.495,0.551
0.519,0.551
0.535,0.551
0.551,0.551
0.559,0.551
0.567,0.519
0.567,0.503
0.567,0.495
0.567,0.495
0.567,0.488
0.567,0.488
0.567,0.488
0.567,0.488
0.574,0.535
0.574,0.59
0.574,0.661
0.574,0.677
0.574,0.677
0.574,0.701
0.574,0.709
0.574,0.709
0.574,0.709
0.574,0.709
0.535,0.709
0.527,0.709
0.527,0.709
0.527,0.709
0.527,0.709
0.527,0.709
0.527,0.709
0.527,0.709
0.519,0.709
0.519,0.709
0.519,0.709
0.519,0.709
0.519,0.709
0.519,0.709
0.519,0.709
0.519,0.709
0.519,0.709
0.519,0.709
0.519,0.709
0.519,0.709
0.519,0.709
0.519,0.709
0.503,0.709
0.495,0.709
0.495,0.709
0.488,0.709
0.464,0.709
0.424,0.669
0.361,0.622
0.322,0.574
0.314,0.567
0.314,0.567
0.314,0.567
0.314,0.559
0.314,0.551
0.314,0.527
0.314,0.488
0.298,0.488
0.275,0.488
0.259,0.488
0.251,0.464
0.251,0.464
0.251,0.464
0.251,0.464
0.251,0.464
0.251,0.456
0.243,0.456
0.227,0.424
0.227,0.393
0.227,0.393
0.227,0.385
0.219,0.385
0.196,0.369
0.18,0.369
0.18,0.361
0.156,0.361
0.148,0.361
0.148,0.361
0.14,0.361
0.117,0.353
0.109,0.353
0.077,0.353
0.054,0.353
0.038,0.353
0.0,0.353
0.0,0.353
0.0,0.353
0.0,0.353
0.0,0.353
0.0,0.353
0.0,0.353
0.0,0.353
0.0,0.353
0.0,0.353
-0.007,0.353
-0.023,0.353
-0.071,0.353
-0.111,0.353
-0.135,0.353
-0.135,0.353
-0.143,0.353
-0.143,0.353
-0.143,0.33
-0.159,0.33
-0.159,0.33
-0.159,0.33
-0.159,0.33
-0.159,0.322
-0.159,0.29
-0.159,0.29
-0.167,0.29
-0.167,0.29
-0.167,0.29
-0.167,0.29
-0.167,0.29
-0.167,0.29
-0.167,0.282
-0.167,0.282
-0.167,0.282
-0.167,0.259
-0.167,0.243
-0.167,0.243
-0.167,0.243
-0.167,0.243
-0.167,0.243
-0.167,0.243
-0.167,0.243
-0.167,0.227
-0.167,0.227
-0.167,0.227
-0.167,0.227
-0.191,0.227
-0.191,0.227
-0.191,0.227
-0.191,0.227
-0.191,0.227
-0.191,0.227
-0.191,0.227
-0.191,0.227
-0.191,0.227
-0.191,0.227
-0.191,0.227
-0.191,0.227
-0.191,0.227
-0.207,0.227
-0.207,0.227
-0.215,0.227
-0.215,0.227
-0.095,0.227
-0.007,0.227
0.0,0.227
0.014,0.275
0.077,0.322
0.117,0.401
0.196,0.448
0.33,0.456
0.369,0.519
0.401,0.574
0.401,0.59
0.401,0.598
0.401,0.598
0.401,0.598
0.401,0.598
0.401,0.598
0.401,0.598
0.401,0.598
0.401,0.598
0.401,0.567
0.401,0.535
0.346,0.503
0.314,0.456
0.275,0.424
0.243,0.417
0.243,0.401
0.243,0.401
0.243,0.401
0.227,0.401
0.227,0.401
0.219,0.401
0.219,0.393
0.243,0.393
0.243,0.393
0.243,0.369
0.243,0.353
0.243,0.353
0.243,0.353
0.243,0.353
0.243,0.353
0.243,0.353
0.243,0.353
0.243,0.353
0.243,0.322
0.243,0.298
0.243,0.29
0.243,0.282
0.243,0.282
0.243,0.282
0.243,0.282
0.243,0.282
0.243,0.282
0.243,0.282
0.243,0.282
0.243,0.282
0.243,0.282
0.243,0.282
0.243,0.282
0.243,0.282
0.243,0.282
0.243,0.282
0.243,0.282
0.243,0.282
0.243,0.282
0.243,0.282
0.243,0.282
0.243,0.282
0.243,0.282
0.243,0.314
0.243,0.346
0.243,0.346
0.282,0.361
0.322,0.369
0.361,0.369
0.369,0.369
0.369,0.369
0.369,0.369
0.401,0.369
0.424,0.369
0.448,0.369
0.448,0.369
0.448,0.369
0.448,0.369
0.448,0.369
0.448,0.369
0.448,0.369
0.448,0.369
0.448,0.369
0.448,0.369
0.417,0.369
0.424,0.369
0.424,0.369
0.401,0.369
0.401,0.369
0.393,0.369
0.393,0.369
0.393,0.369
0.393,0.369
0.393,0.369
0.393,0.369
0.393,0.369
0.393,0.369
0.393,0.369
0.393,0.369
0.393,0.369
0.393,0.369
0.385,0.369
0.369,0.369
0.361,0.369
0.353,0.369
0.353,0.369
0.353,0.369
0.353,0.369
0.353,0.369
0.353,0.369
0.353,0.369
0.353,0.369
0.353,0.369
0.353,0.369
0.353,0.369
0.353,0.369
0.353,0.369
0.353,0.369
0.353,0.369
0.353,0.369
0.353,0.369
0.353,0.369
0.353,0.369
0.353,0.369
0.353,0.369
0.353,0.369
0.353,0.369
0.353,0.369
0.353,0.369
0.353,0.369
0.346,0.369
0.33,0.33
0.322,0.322
0.322,0.29
0.322,0.275
0.322,0.251
0.314,0.251
0.314,0.251
0.314,0.251
0.314,0.251
0.298,0.251
0.282,0.251
0.275,0.251
0.259,0.251
0.259,0.251
0.251,0.251
0.251,0.243
0.251,0.243
0.243,0.227
0.243,0.227
0.227,0.227
0.219,0.227
0.219,0.227
0.219,0.227
0.211,0.227
0.196,0.227
0.196,0.227
0.196,0.227
0.196,0.227
0.196,0.227
0.196,0.227
0.196,0.227
0.196,0.227
0.18,0.227
0.18,0.227
0.18,0.227
0.18,0.227
0.18,0.227
0.18,0.227
0.18,0.227
0.211,0.227
0.211,0.227
0.219,0.227
0.227,0.227
0.275,0.227
0.298,0.227
0.322,0.227
0.33,0.227
0.361,0.227
0.385,0.227
0.401,0.227
0.448,0.227
0.456,0.227
0.488,0.227
0.519,0.227
0.527,0.227
0.535,0.227
0.551,0.227
0.559,0.227
0.559,0.275
0.559,0.314
0.567,0.346
0.567,0.385
0.567,0.393
0.567,0.401
0.574,0.424
0.574,0.448
0.574,0.464
0.574,0.488
0.574,0.495
0.574,0.503
0.574,0.503
0.59,0.503
0.59,0.503
0.59,0.503
0.59,0.503
0.59,0.503
0.59,0.503
0.59,0.503
0.59,0.503
0.598,0.503
0.598,0.503
0.598,0.503
0.598,0.503
0.598,0.503
0.598,0.503
0.598,0.503
0.598,0.503
0.574,0.503
0.598,0.503
0.598,0.503
0.598,0.503
0.606,0.519
0.606,0.527
0.606,0.535
0.622,0.551
0.622,0.574
0.661,0.59
0.709,0.598
0.709,0.606
0.724,0.622
0.724,0.63
0.732,0.653
0.732,0.661
0.732,0.661
0.732,0.669
0.748,0.669
0.748,0.701
0.764,0.709
0.795,0.709
0.803,0.709
0.811,0.709
0.811,0.709
0.811,0.709
0.811,0.724
0.811,0.724
0.811,0.724
0.811,0.724
0.811,0.724
0.811,0.724
0.811,0.724
0.811,0.724
0.811,0.724
0.811,0.724
0.827,0.724
0.827,0.724
0.827,0.724
0.835,0.724
0.835,0.724
0.835,0.724
0.835,0.724
0.835,0.724
0.835,0.724
0.835,0.724
0.835,0.724
0.835,0.724
0.835,0.724
0.835,0.724
0.835,0.724
0.835,0.724
0.835,0.724
0.835,0.724
0.835,0.724
0.835,0.724
0.835,0.724
0.835,0.724
0.843,0.724
0.843,0.701
0.843,0.701
0.843,0.701
0.843,0.693
0.803,0.677
0.78,0.677
0.78,0.661
0.772,0.661
0.748,0.661
0.748,0.653
0.74,0.653
0.732,0.638
0.724,0.63
0.677,0.606
0.661,0.598
0.653,0.551
0.653,0.503
0.638,0.488
0.63,0.472
0.622,0.472
0.622,0.472
0.606,0.456
0.598,0.448
0.574,0.432
0.574,0.417
0.574,0.393
0.567,0.393
0.567,0.393
0.567,0.393
0.567,0.393
0.567,0.385
0.567,0.424
0.567,0.495
0.567,0.551
0.567,0.551
0.567,0.551
0.567,0.551
0.567,0.551
0.638,0.551
0.677,0.551
0.693,0.551
0.693,0.551
0.693,0.551
0.701,0.551
0.701,0.551
0.701,0.551
0.701,0.551
0.701,0.551
0.701,0.551
0.701,0.551
0.701,0.551
0.701,0.551
0.701,0.551
0.701,0.551
0.701,0.551
0.701,0.551
0.701,0.551
0.701,0.551
0.709,0.551
0.811,0.551
0.882,0.551
0.969,0.551
0.977,0.551
0.977,0.551
0.977,0.551
0.977,0.551
0.977,0.551
0.977,0.551
0.977,0.551
0.977,0.551
0.977,0.527
0.977,0.527
0.977,0.527
0.953,0.527
0.945,0.527
0.914,0.527
0.882,0.527
0.866,0.527
0.866,0.527
0.866,0.527
0.866,0.527
0.866,0.527
0.866,0.527
0.866,0.527
0.866,0.527
0.866,0.527
0.866,0.527
0.866,0.503
0.866,0.503
0.866,0.503
0.866,0.503
0.866,0.503
0.866,0.503
0.866,0.503
0.866,0.495
0.866,0.495
0.866,0.495
0.866,0.495
0.866,0.495
0.866,0.495
0.866,0.495
0.866,0.495
0.866,0.495
0.929,0.495
1.0,0.495
1.0,0.495
1.0,0.495
1.0,0.495
1.0,0.495
1.0,0.495
1.0,0.495
1.0,0.495
1.0,0.495
1.0,0.495
1.0,0.495
1.0,0.495
1.0,0.495
1.0,0.495
1.0,0.495
1.0,0.495
1.0,0.495
1.0,0.495
1.0,0.495
1.0,0.495
1.0,0.495
1.0,0.495
1.0,0.495
1.0,0.495
1.0,0.495
1.0,0.495
1.0,0.495
1.0,0.495
1.0,0.495
1.0,0.495
1.0,0.495
1.0,0.495
1.0,0.495
1.0,0.495
1.0,0.495
1.0,0.495
1.0,0.535
1.0,0.59
1.0,0.653
1.0,0.677
1.0,0.693
1.0,0.693
1.0,0.701
1.0,0.701
1.0,0.709
1.0,0.709
1.0,0.709
1.0,0.724
1.0,0.724
1.0,0.724
1.0,0.724
1.0,0.724
1.0,0.724
1.0,0.724
1.0,0.724
1.0,0.724
1.0,0.724
1.0,0.724
1.0,0.724
1.0,0.724
1.0,0.724
1.0,0.724
1.0,0.724
1.0,0.724
1.0,0.724
1.0,0.724
1.0,0.724
1.0,0.724
1.0,0.724
1.0,0.724
1.0,0.724
1.0,0.724
1.0,0.724
1.0,0.724
1.0,0.724
1.0,0.724
1.0,0.724
1.0,0.724
1.0,0.724
1.0,0.724
1.0,0.724
0.977,0.724
0.898,0.724
0.843,0.724
0.827,0.724
0.827,0.724
0.827,0.724
0.795,0.724
0.795,0.724
0.764,0.724
0.709,0.724
0.638,0.724
0.574,0.724
0.559,0.724
0.535,0.724
0.495,0.724
0.472,0.724
0.472,0.724
0.456,0.724
0.424,0.724
0.369,0.677
0.369,0.661
0.385,0.653
0.385,0.63
0.361,0.622
0.361,0.622
0.353,0.606
0.346,0.606
0.346,0.606
0.322,0.606
0.298,0.606
0.275,0.606
0.251,0.606
0.227,0.606
0.211,0.606
0.188,0.606
0.172,0.606
0.148,0.606
0.14,0.598
0.14,0.574
0.14,0.535
0.14,0.495
0.125,0.472
0.125,0.464
0.117,0.456
0.117,0.417
0.117,0.393
0.117,0.353
0.117,0.251
0.117,0.227
0.117,0.085
0.117,0.069
0.117,0.054
0.117,0.046
0.117,0.038
0.117,0.014
0.093,0.006
0.077,0.006
0.069,0.006
0.069,0.006
0.054,0.006
0.046,0.006
0.046,0.006
0.046,0.006
0.046,0.006
0.046,0.006
0.038,0.006
0.014,0.006
0.038,0.006
0.014,0.006
0.014,0.006
0.014,0.006
0.014,0.006
0.014,0.006
0.014,0.006
0.014,0.038
0.014,0.046
0.014,0.046
0.014,0.054
0.014,0.054
0.014,0.077
0.014,0.085
0.014,0.093
0.014,0.109
0.014,0.109
0.014,0.117
0.038,0.117
0.038,0.117
0.038,0.117
0.038,0.117
0.038,0.117
0.038,0.117
0.038,0.117
0.038,0.117
0.046,0.117
0.054,0.117
0.054,0.117
0.069,0.117
0.077,0.117
0.077,0.117
0.077,0.117
0.077,0.117
0.077,0.117
0.077,0.117
0.093,0.117
0.117,0.117
0.125,0.117
0.14,0.117
0.148,0.117
0.148,0.117
0.148,0.117
0.148,0.117
0.148,0.125
0.148,0.125
0.148,0.14
0.148,0.14
0.148,0.148
0.148,0.148
0.148,0.148
0.148,0.148
0.148,0.156
0.148,0.156
0.148,0.156
0.148,0.156
0.148,0.156
0.148,0.156
0.148,0.156
0.148,0.156
0.148,0.156
0.148,0.156
0.148,0.156
0.148,0.156
0.148,0.156
0.148,0.156
0.148,0.156
0.148,0.156
0.148,0.156
0.148,0.156
0.148,0.156
0.148,0.156
0.148,0.156
0.148,0.156
0.148,0.156
0.148,0.156
0.148,0.156
0.148,0.156
0.148,0.156
0.148,0.156
0.148,0.156
0.148,0.156
0.148,0.156
0.148,0.156
0.148,0.156
0.148,0.156
0.148,0.156
0.148,0.156
0.148,0.156
0.148,0.156
0.148,0.156
0.148,0.156
0.148,0.156
0.148,0.156
0.148,0.156
0.148,0.156
0.148,0.156
0.148,0.156
0.148,0.156
0.148,0.156
0.148,0.156
0.148,0.156
0.148,0.156
0.148,0.156
0.148,0.156
0.148,0.156
0.148,0.156
0.148,0.156
0.148,0.156
0.148,0.156
0.148,0.156
0.148,0.156
0.148,0.156
0.148,0.156
0.148,0.156
0.148,0.156
0.148,0.156
0.148,0.156
0.148,0.156
0.148,0.156
0.148,0.156
0.148,0.156
0.148,0.156
0.148,0.156
0.148,0.156
0.148,0.156
0.148,0.156
0.148,0.156
0.148,0.156
0.148,0.156
0.148,0.156
0.148,0.156
0.148,0.156
0.148,0.156
0.148,0.156
0.148,0.156
0.148,0.156
0.148,0.156
0.148,0.156
0.148,0.156
0.148,0.156
0.148,0.156
0.148,0.156
0.148,0.156
0.148,0.156
0.148,0.156
0.148,0.156
0.148,0.156
0.148,0.156
0.125,0.156
0.125,0.156
0.125,0.156
0.125,0.156
0.125,0.156
0.125,0.156
0.125,0.156
0.125,0.156
0.125,0.156
0.125,0.156
0.125,0.156
0.125,0.156
0.125,0.156
0.117,0.156
0.109,0.156
0.109,0.156
0.117,0.156
0.093,0.156
0.093,0.156
0.093,0.156
0.093,0.156
0.093,0.156
0.093,0.156
0.093,0.156
0.093,0.156
0.093,0.156
0.093,0.156
0.093,0.156
0.093,0.156
0.093,0.156
0.093,0.156
0.093,0.156
0.093,0.156
0.093,0.156
0.093,0.156
0.093,0.156
0.093,0.156
0.093,0.156
0.093,0.156
0.093,0.156
0.093,0.156
0.093,0.156
0.093,0.156
0.093,0.156
0.093,0.156
0.093,0.156
0.093,0.156
0.093,0.156
0.093,0.156
0.093,0.156
0.093,0.156
0.093,0.156
0.093,0.156
0.093,0.156
0.093,0.156
0.093,0.156
0.093,0.156
0.093,0.156
0.093,0.156
0.093,0.156
0.093,0.156
0.093,0.156
0.093,0.156
0.093,0.156
0.093,0.156
0.093,0.156
0.093,0.156
0.093,0.156
0.093,0.156
0.093,0.156
0.093,0.156
0.093,0.156
0.093,0.156
0.093,0.156
0.093,0.156
0.093,0.156
0.093,0.156
0.093,0.156
0.093,0.156
0.093,0.156
0.093,0.156
0.093,0.156
0.093,0.156
0.117,0.156
0.125,0.156
0.14,0.156
0.14,0.156
0.148,0.156
0.148,0.156
0.148,0.156
0.148,0.156
0.148,0.156
0.148,0.156
0.148,0.156
0.148,0.156
0.148,0.156
0.148,0.156
0.148,0.156
0.148,0.156
0.148,0.156
0.148,0.156
0.148,0.156
0.148,0.156
0.148,0.156
0.148,0.156
0.148,0.156
0.148,0.156
0.148,0.156
0.148,0.156
0.148,0.156
0.148,0.156
0.148,0.156
0.148,0.156
0.148,0.156
0.148,0.156
0.148,0.125
0.148,0.125
0.148,0.125
0.148,0.125
0.148,0.125
0.148,0.125
0.148,0.125
0.148,0.125
0.148,0.125
0.148,0.125
0.148,0.125
0.148,0.125
0.148,0.125
0.148,0.125
0.148,0.125
0.148,0.125
0.148,0.125
0.148,0.125
0.148,0.125
0.148,0.125
0.148,0.117
0.148,0.117
0.148,0.117
0.148,0.117
0.148,0.117
0.148,0.117
0.148,0.117
0.148,0.117
0.148,0.117
0.148,0.117
0.148,0.117
0.148,0.117
0.148,0.117
0.148,0.117
0.148,0.117
0.148,0.117
0.148,0.117
0.148,0.117
0.148,0.117
0.148,0.117
0.148,0.117
0.148,0.117
0.148,0.117
0.148,0.117
0.148,0.117
0.148,0.117
0.148,0.117
0.148,0.117
0.156,0.117
0.156,0.117
0.156,0.117
0.156,0.117
0.156,0.117
0.156,0.117
0.156,0.117
0.156,0.117
0.156,0.117
0.156,0.117
0.188,0.117
0.211,0.117
0.227,0.117
0.259,0.117
0.361,0.117
0.448,0.117
0.488,0.117
0.527,0.117
0.567,0.14
0.574,0.18
0.59,0.196
0.59,0.243
0.574,0.322
0.622,0.369
0.638,0.417
0.661,0.432
0.701,0.456
0.764,0.519
0.795,0.567
0.811,0.606
0.882,0.63
0.977,0.638
1.0,0.638
1.0,0.638
1.0,0.638
1.0,0.638
1.0,0.638
1.0,0.638
1.0,0.661
1.0,0.693
1.0,0.701
1.0,0.709
1.0,0.732
1.0,0.732
1.0,0.74
1.0,0.74
1.0,0.748
1.0,0.74
1.0,0.764
1.0,0.764
1.0,0.772
1.0,0.772
1.0,0.795
1.0,0.827
1.0,0.851
1.0,0.882
1.0,0.906
1.0,0.906
1.0,0.906
1.0,0.914
1.0,0.929
1.0,0.937
1.0,0.977
1.0,1.0
1.0,1.0
1.0,1.0
1.0,1.0
1.0,1.0
1.0,1.0
1.0,1.0
1.0,1.0
1.0,1.0
1.0,1.0
1.0,1.0
1.0,1.0
1.0,1.0
1.0,1.0
1.0,1.0
1.0,1.0
1.0,1.0
1.0,1.0
1.0,1.0
1.0,1.0
1.0,1.0
1.0,1.0
1.0,1.0
1.0,1.0
1.0,1.0
1.0,1.0
1.0,1.0
1.0,1.0
1.0,1.0
1.0,1.0
1.0,1.0
1.0,1.0
1.0,1.0
1.0,1.0
1.0,1.0
1.0,1.0
1.0,1.0
1.0,1.0
1.0,1.0
1.0,1.0
1.0,1.0
1.0,1.0
1.0,1.0
1.0,1.0
1.0,1.0
1.0,1.0
1.0,1.0
1.0,1.0
1.0,1.0
1.0,1.0
1.0,1.0
1.0,1.0
1.0,1.0
1.0,1.0
1.0,1.0
1.0,1.0
1.0,1.0
1.0,1.0
1.0,1.0
1.0,1.0
1.0,1.0
1.0,1.0
1.0,1.0
1.0,1.0
1.0,1.0
1.0,1.0
1.0,1.0
1.0,1.0
1.0,1.0
1.0,1.0
1.0,1.0
1.0,1.0
1.0,1.0
1.0,1.0
1.0,1.0
1.0,1.0
1.0,1.0
1.0,1.0
1.0,1.0
1.0,1.0
1.0,1.0
1.0,1.0
1.0,1.0
1.0,1.0
1.0,1.0
1.0,1.0
1.0,1.0
1.0,1.0
1.0,1.0
1.0,1.0
1.0,1.0
1.0,1.0
1.0,1.0
1.0,1.0
1.0,1.0
1.0,1.0
1.0,1.0
1.0,1.0
1.0,1.0
1.0,1.0
1.0,1.0
1.0,1.0
1.0,1.0
1.0,1.0
1.0,1.0
1.0,1.0
1.0,1.0
1.0,1.0
1.0,1.0
1.0,1.0
1.0,1.0
1.0,1.0
1.0,1.0
1.0,1.0
1.0,1.0
1.0,1.0
1.0,1.0
1.0,1.0
1.0,1.0
1.0,1.0
1.0,1.0
1.0,1.0
1.0,1.0
1.0,1.0
1.0,1.0
1.0,1.0
1.0,1.0
1.0,1.0
1.0,1.0
1.0,1.0
1.0,1.0
1.0,1.0
1.0,1.0
1.0,1.0
1.0,1.0
1.0,1.0
1.0,1.0
1.0,1.0
1.0,1.0
1.0,1.0
1.0,1.0
1.0,1.0
1.0,1.0
1.0,1.0
1.0,1.0
1.0,1.0
1.0,1.0
1.0,1.0
1.0,1.0
1.0,1.0
1.0,1.0
1.0,1.0
1.0,1.0
1.0,1.0
1.0,1.0
1.0,1.0
1.0,1.0
1.0,1.0
1.0,1.0
1.0,1.0
1.0,1.0
1.0,1.0
1.0,1.0
1.0,1.0
1.0,1.0
1.0,1.0
1.0,1.0
1.0,1.0
1.0,1.0
1.0,1.0
1.0,1.0
1.0,1.0
1.0,1.0
1.0,1.0
1.0,1.0
1.0,1.0
1.0,1.0
1.0,1.0
1.0,1.0
1.0,1.0
1.0,1.0
1.0,1.0
1.0,1.0
1.0,1.0
1.0,1.0
1.0,1.0
1.0,1.0
1.0,1.0
1.0,1.0
1.0,1.0
1.0,1.0
1.0,1.0
1.0,1.0
1.0,1.0
1.0,1.0
1.0,1.0
1.0,1.0
1.0,1.0
1.0,1.0
1.0,1.0
1.0,1.0
1.0,1.0
1.0,1.0
1.0,1.0
1.0,1.0
1.0,1.0
1.0,1.0
1.0,1.0
1.0,1.0
1.0,1.0
1.0,1.0
1.0,1.0
1.0,1.0
1.0,1.0
1.0,1.0
1.0,1.0
1.0,1.0
1.0,1.0
1.0,1.0
1.0,1.0
1.0,1.0
1.0,1.0
1.0,1.0
1.0,1.0
1.0,1.0
1.0,1.0
1.0,1.0
1.0,1.0
1.0,1.0
1.0,1.0
1.0,1.0
1.0,1.0
1.0,0.977
1.0,0.969
1.0,0.953
1.0,0.953
1.0,0.953
1.0,0.953
1.0,0.953
1.0,0.953
1.0,0.953
1.0,0.953
1.0,0.945
1.0,0.945
1.0,0.945
1.0,0.945
1.0,0.945
1.0,0.945
1.0,0.945
1.0,0.945
1.0,0.945
1.0,0.945
1.0,0.945
1.0,0.945
1.0,0.945
1.0,0.945
1.0,0.945
1.0,0.977
1.0,1.0
1.0,1.0
1.0,1.0
1.0,1.0
1.0,1.0
1.0,1.0
1.0,1.0
1.0,1.0
1.0,1.0
1.0,1.0
1.0,1.0
1.0,1.0
1.0,1.0
1.0,1.0
1.0,1.0
1.0,1.0
1.0,1.0
1.0,1.0
1.0,1.0
1.0,1.0
1.0,1.0
1.0,1.0
1.0,1.0
1.0,1.0
1.0,1.0
1.0,1.0
1.0,1.0
1.0,1.0
1.0,1.0
1.0,1.0
1.0,1.0
1.0,1.0
1.0,1.0
1.0,1.0
1.0,1.0
1.0,1.0
1.0,1.0
1.0,1.0
1.0,1.0
1.0,1.0
1.0,1.0
1.0,1.0
1.0,1.0
1.0,1.0
1.0,1.0
1.0,1.0
1.0,1.0
1.0,1.0
1.0,1.0
1.0,1.0
1.0,1.0
1.0,1.0
1.0,1.0
1.0,1.0
1.0,1.0
1.0,1.0
1.0,1.0
1.0,1.0
1.0,1.0
1.0,1.0
1.0,1.0
1.0,0.977
1.0,0.977
1.0,0.969
1.0,0.953
1.0,0.953
1.0,0.953
1.0,0.953
1.0,0.953
1.0,0.953
1.0,0.929
1.0,0.898
1.0,0.898
1.0,0.898
1.0,0.898
1.0,0.898
1.0,0.898
1.0,0.898
1.0,0.898
1.0,0.898
1.0,0.898
1.0,0.898
1.0,0.898
1.0,0.898
1.0,0.898
1.0,0.898
1.0,0.898
1.0,0.898
1.0,0.898
1.0,0.898
1.0,0.898
1.0,0.898
1.0,0.898
1.0,0.898
1.0,0.898
1.0,0.898
1.0,0.898
1.0,0.898
1.0,0.898
1.0,0.898
1.0,0.898
1.0,0.898
1.0,0.898
1.0,0.898
1.0,0.898
1.0,0.898
1.0,0.898
1.0,0.898
1.0,0.898
1.0,0.898
1.0,0.898
1.0,0.898
1.0,0.898
1.0,0.898
1.0,0.898
1.0,0.898
1.0,0.898
1.0,0.898
1.0,0.898
1.0,0.898
1.0,0.898
1.0,0.898
1.0,0.898
1.0,0.898
1.0,0.898
1.0,0.898
1.0,0.898
1.0,0.898
1.0,0.898
1.0,0.898
1.0,0.898
1.0,0.898
1.0,0.898
1.0,0.898
1.0,0.898
1.0,0.898
1.0,0.898
1.0,0.898
1.0,0.898
1.0,0.898
1.0,0.898
1.0,0.898
1.0,0.898
1.0,0.898
1.0,0.898
1.0,0.898
1.0,0.898
1.0,0.898
1.0,0.898
1.0,0.898
1.0,0.898
1.0,0.898
1.0,0.898
1.0,0.898
1.0,0.898
1.0,0.898
1.0,0.898
1.0,0.898
1.0,0.898
1.0,0.898
1.0,0.898
1.0,0.898
1.0,0.898
1.0,0.898
1.0,0.898
1.0,0.898
1.0,0.898
1.0,0.898
1.0,0.898
1.0,0.898
1.0,0.898
1.0,0.898
1.0,0.898
1.0,0.898
1.0,0.898
1.0,0.898
1.0,0.898
1.0,0.898
1.0,0.898
1.0,0.898
1.0,0.898
1.0,0.898
1.0,0.898
1.0,0.898
1.0,0.898
1.0,0.898
1.0,0.898
1.0,0.898
1.0,0.898
1.0,0.898
1.0,0.882
0.977,0.866
0.898,0.843
0.764,0.827
0.567,0.795
0.29,0.748
0.148,0.724
0.077,0.677
0.054,0.59
0.038,0.551
0.014,0.519
0.0,0.503
-0.039,0.503
-0.143,0.503
-0.191,0.503
-0.271,0.503
-0.319,0.503
-0.327,0.503
-0.319,0.503
-0.343,0.495
-0.343,0.495
-0.343,0.495
-0.351,0.495
-0.367,0.495
-0.375,0.495
-0.375,0.495
-0.375,0.495
-0.391,0.495
-0.399,0.495
-0.399,0.495
-0.399,0.495
-0.399,0.495
-0.399,0.495
-0.399,0.495
-0.399,0.495
-0.415,0.495
-0.415,0.495
-0.431,0.495
-0.431,0.495
-0.431,0.495
-0.439,0.495
-0.455,0.495
-0.455,0.495
-0.463,0.495
-0.487,0.495
-0.503,0.495
-0.503,0.488
-0.511,0.472
-0.511,0.472
-0.511,0.495
-0.511,0.495
-0.511,0.495
-0.511,0.495
-0.511,0.503
-0.511,0.519
-0.511,0.567
-0.527,0.574
-0.527,0.59
-0.527,0.59
-0.527,0.59
-0.527,0.59
-0.535,0.59
-0.575,0.59
-0.623,0.59
-0.647,0.59
-0.671,0.598
-0.743,0.598
-0.791,0.606
-0.791,0.606
-0.791,0.622
-0.807,0.638
-0.807,0.669
-0.807,0.764
-0.807,0.772
-0.807,0.795
-0.807,0.795
-0.807,0.795
-0.807,0.795
-0.807,0.795
-0.807,0.795
-0.807,0.795
-0.807,0.795
-0.823,0.795
-0.823,0.795
-0.823,0.795
-0.823,0.795
-0.823,0.795
-0.823,0.795
-0.823,0.795
-0.823,0.795
-0.823,0.795
-0.823,0.803
-0.823,0.803
-0.823,0.803
-0.823,0.803
-0.823,0.803
-0.831,0.803
-0.831,0.811
-0.871,0.811
-0.903,0.843
-0.903,0.906
-0.927,0.929
-0.975,0.937
-0.991,0.969
-0.991,1.0
-1.0,1.0
-1.0,1.0
-1.0,1.0
-1.0,1.0
-1.0,1.0
-1.0,1.0
-1.0,1.0
-1.0,1.0
-1.0,1.0
-1.0,1.0
-1.0,1.0
-1.0,1.0
-1.0,1.0
-1.0,1.0
-1.0,1.0
-1.0,1.0
-1.0,1.0
-1.0,1.0
-1.0,1.0
-1.0,1.0
-1.0,1.0
-1.0,1.0
-1.0,1.0
-1.0,1.0
-1.0,1.0
-1.0,1.0
-1.0,1.0
-1.0,1.0
-1.0,1.0
-1.0,1.0
-1.0,1.0
-1.0,1.0
-1.0,1.0
-1.0,1.0
-1.0,1.0
-1.0,1.0
-1.0,1.0
-1.0,1.0
-1.0,1.0
-1.0,1.0
-1.0,1.0
-1.0,1.0
-1.0,1.0
-1.0,1.0
-1.0,1.0
-1.0,1.0
-1.0,1.0
-1.0,1.0
-1.0,1.0
-1.0,1.0
-1.0,1.0
-1.0,1.0
-1.0,1.0
-1.0,1.0
-1.0,1.0
-1.0,1.0
-1.0,1.0
-1.0,1.0
-1.0,1.0
-1.0,1.0
-1.0,1.0
-1.0,1.0
-1.0,1.0
-1.0,1.0
-1.0,1.0
-1.0,1.0
-1.0,1.0
-1.0,1.0
-1.0,1.0
-1.0,1.0
-1.0,1.0
-1.0,1.0
-1.0,1.0
-1.0,1.0
-1.0,1.0
-1.0,1.0
-1.0,1.0
-1.0,1.0
-1.0,1.0
-1.0,1.0
-1.0,1.0
-1.0,1.0
-1.0,1.0
-1.0,1.0
-1.0,1.0
-1.0,1.0
-1.0,1.0
-1.0,1.0
-1.0,1.0
-1.0,1.0
-1.0,1.0
-1.0,1.0
-1.0,1.0
-1.0,1.0
-1.0,1.0
-1.0,1.0
-1.0,1.0
-1.0,1.0
-1.0,1.0
-1.0,1.0
-1.0,1.0
-1.0,1.0
-1.0,1.0
-1.0,1.0
-1.0,1.0
-1.0,1.0
-1.0,1.0
-1.0,1.0
-0.975,1.0
-1.0,1.0
-1.0,1.0
-1.0,1.0
-1.0,1.0
-1.0,1.0
-1.0,1.0
-1.0,1.0
-1.0,1.0
-1.0,1.0
-1.0,1.0
-1.0,1.0
-0.975,1.0
-0.975,1.0
-0.975,1.0
-0.975,1.0
-0.975,1.0
-0.967,0.977
-0.967,0.945
-0.967,0.929
-0.967,0.929
-0.967,0.929
-0.967,0.929
-0.967,0.929
-0.967,0.929
-0.967,0.929
-0.967,0.929
-0.967,0.929
-0.951,0.929
-0.943,0.929
-0.943,0.929
-0.943,0.929
-0.943,0.929
-0.927,0.929
-0.919,0.929
-0.919,0.929
-0.919,0.929
-0.919,0.914
-0.919,0.906
-0.919,0.898
-0.919,0.866
-0.919,0.866
-0.919,0.866
-0.919,0.851
-0.919,0.843
-0.919,0.843
-0.903,0.843
-0.879,0.811
-0.855,0.803
-0.823,0.764
-0.823,0.764
-0.807,0.748
-0.807,0.74
-0.807,0.74
-0.807,0.74
-0.807,0.74
-0.807,0.732
-0.807,0.732
-0.807,0.724
-0.807,0.709
-0.807,0.709
-0.807,0.709
-0.807,0.701
-0.783,0.701
-0.735,0.693
-0.663,0.693
-0.639,0.693
-0.639,0.693
-0.639,0.693
-0.639,0.693
-0.639,0.693
-0.639,0.693
-0.623,0.693
-0.623,0.693
-0.623,0.677
-0.623,0.677
-0.623,0.677
-0.623,0.677
-0.623,0.677
-0.623,0.677
-0.623,0.677
-0.623,0.677
-0.623,0.677
-0.623,0.677
-0.623,0.677
-0.623,0.677
-0.623,0.677
-0.623,0.677
-0.623,0.661
-0.623,0.661
-0.647,0.653
-0.647,0.653
-0.671,0.653
-0.687,0.638
-0.687,0.638
-0.695,0.638
-0.695,0.638
-0.711,0.638
-0.711,0.638
-0.711,0.638
-0.711,0.638
-0.711,0.638
-0.711,0.638
-0.711,0.638
-0.719,0.638
-0.719,0.638
-0.719,0.638
-0.719,0.638
-0.719,0.638
-0.719,0.638
-0.719,0.638
-0.719,0.638
-0.719,0.638
-0.719,0.638
-0.719,0.638
-0.719,0.638
-0.719,0.638
-0.719,0.638
-0.719,0.638
-0.719,0.638
-0.719,0.638
-0.719,0.638
-0.719,0.638
-0.719,0.638
-0.719,0.638
-0.719,0.638
-0.719,0.638
-0.719,0.638
-0.719,0.638
-0.719,0.638
-0.719,0.638
-0.719,0.638
-0.719,0.638
-0.719,0.638
-0.719,0.638
-0.719,0.638
-0.695,0.638
-0.687,0.63
-0.671,0.606
-0.671,0.574
-0.663,0.567
-0.663,0.535
-0.647,0.535
-0.639,0.503
-0.607,0.488
-0.551,0.456
-0.535,0.432
-0.535,0.417
-0.535,0.393
-0.535,0.393
-0.535,0.393
-0.535,0.393
-0.535,0.393
-0.535,0.393
-0.535,0.393
-0.535,0.393
-0.535,0.424
-0.535,0.424
-0.527,0.424
-0.431,0.432
-0.319,0.456
-0.159,0.488
-0.087,0.472
0.006,0.495
0.109,0.495
0.156,0.495
0.219,0.495
0.322,0.495
0.393,0.495
0.472,0.495
0.551,0.495
0.574,0.495
0.59,0.495
0.622,0.495
0.709,0.495
0.74,0.495
0.74,0.495
0.74,0.495
0.74,0.495
0.74,0.495
0.74,0.495
0.74,0.495
0.74,0.495
0.74,0.495
0.74,0.464
0.74,0.432
0.74,0.393
0.74,0.361
0.74,0.353
0.748,0.353
0.748,0.353
0.748,0.353
0.764,0.353
0.795,0.353
0.795,0.353
0.803,0.353
0.803,0.346
0.803,0.33
0.811,0.322
0.827,0.314
0.827,0.298
0.827,0.29
0.827,0.282
0.835,0.275
0.843,0.275
0.843,0.259
0.866,0.251
0.874,0.243
0.874,0.243
0.874,0.219
0.874,0.219
0.906,0.196
0.977,0.196
0.977,0.196
0.977,0.196
0.977,0.196
0.977,0.196
0.953,0.196
0.874,0.227
0.866,0.227
0.851,0.227
0.851,0.243
0.851,0.275
0.843,0.275
0.772,0.275
0.732,0.275
0.701,0.282
0.677,0.282
0.669,0.282
0.669,0.282
0.661,0.282
0.653,0.282
0.653,0.282
0.638,0.282
0.622,0.282
0.622,0.282
0.622,0.259
0.606,0.259
0.606,0.259
0.606,0.259
0.606,0.259
0.606,0.259
0.598,0.259
0.598,0.259
0.598,0.259
0.598,0.259
0.598,0.259
0.598,0.259
0.598,0.259
0.598,0.259
0.598,0.259
0.598,0.259
0.598,0.259
0.598,0.259
0.598,0.251
0.598,0.251
0.574,0.251
0.551,0.251
0.519,0.251
0.464,0.251
0.456,0.251
0.456,0.251
0.456,0.251
0.456,0.251
0.456,0.251
0.456,0.251
0.456,0.251
0.456,0.251
0.456,0.251
0.456,0.251
0.456,0.251
0.456,0.251
0.456,0.251
0.456,0.251
0.456,0.251
0.456,0.251
0.488,0.251
0.488,0.227
0.448,0.196
0.424,0.188
0.417,0.188
0.417,0.188
0.417,0.188
0.417,0.188
0.417,0.188
0.417,0.188
0.417,0.18
0.361,0.18
0.33,0.18
0.282,0.18
0.275,0.18
0.259,0.18
0.251,0.18
0.243,0.18
0.243,0.18
0.243,0.172
0.243,0.172
0.243,0.172
0.243,0.156
0.211,0.156
0.18,0.148
0.18,0.148
0.172,0.148
0.172,0.14
0.156,0.125
0.156,0.125
0.148,0.125
0.148,0.125
0.148,0.125
0.148,0.125
0.14,0.117
0.14,0.117
0.14,0.109
0.14,0.109
0.125,0.093
0.125,0.093
0.125,0.093
0.125,0.093
0.125,0.093
0.117,0.093
0.085,0.093
0.077,0.093
0.054,0.085
0.038,0.085
0.022,0.077
0.014,0.077
0.0,0.077
0.0,0.077
0.0,0.077
0.0,0.077
0.0,0.077
0.0,0.077
0.0,0.077
0.0,0.077
0.0,0.077
0.0,0.077
0.0,0.077
0.0,0.077
0.0,0.077
0.0,0.077
0.0,0.077
0.0,0.077
0.022,0.077
0.046,0.077
0.069,0.077
0.069,0.077
0.069,0.077
0.077,0.077
0.077,0.077
0.054,0.077
0.077,0.077
0.077,0.109
0.077,0.125
0.077,0.148
0.077,0.148
0.077,0.148
0.077,0.148
0.077,0.148
0.077,0.148
0.077,0.148
0.077,0.148
0.077,0.148
0.077,0.148
0.077,0.148
0.077,0.148
0.077,0.148
0.077,0.148
0.077,0.148
0.077,0.148
0.077,0.148
0.077,0.148
0.077,0.148
0.077,0.148
0.077,0.148
0.077,0.148
0.077,0.148
0.077,0.148
0.077,0.148
0.077,0.148
0.077,0.148
0.077,0.148
0.077,0.148
0.077,0.148
0.077,0.148
0.077,0.148
0.077,0.148
0.077,0.148
0.077,0.148
0.077,0.148
0.077,0.148
0.077,0.148
0.077,0.148
0.077,0.125
0.077,0.117
0.077,0.117
0.077,0.117
0.077,0.109
0.077,0.109
0.077,0.109
0.077,0.109
0.077,0.109
0.077,0.109
0.077,0.109
0.077,0.109
0.077,0.109
0.077,0.109
0.054,0.109
0.054,0.109
0.054,0.109
0.046,0.093
0.046,0.093
0.046,0.093
0.046,0.085
0.046,0.077
0.038,0.077
0.038,0.069
0.038,0.054
0.038,0.054
0.038,0.046
0.038,0.046
0.038,0.038
0.038,0.038
0.038,0.038
0.038,0.038
0.038,0.038
0.038,0.038
0.038,0.038
0.038,0.038
0.038,0.038
0.038,0.038
0.038,0.038
0.038,0.038
0.038,0.038
0.038,0.038
0.038,0.038
0.038,0.038
0.038,0.038
0.038,0.038
0.038,0.038
