valence,arousal
0.0,-0.147
0.0,-0.147
0.0,-0.147
0.0,-0.147
0.0,-0.147
0.0,-0.147
0.0,-0.147
0.0,-0.147
0.0,-0.147
0.0,-0.147
0.0,-0.147
0.0,-0.147
0.0,-0.147
0.0,-0.141
0.0,-0.147
0.0,-0.147
0.0,-0.135
0.0,-0.147
0.0,-0.147
0.0,-0.141
0.0,-0.147
0.0,-0.147
0.0,-0.147
0.0,-0.147
0.0,-0.147
0.0,-0.147
0.0,-0.141
-0.023,-0.147
-0.047,-0.141
-0.023,-0.147
-0.047,-0.147
-0.047,-0.147
-0.047,-0.147
-0.047,-0.147
-0.047,-0.147
-0.047,-0.147
-0.047,-0.147
-0.047,-0.147
-0.047,-0.147
-0.047,-0.147
-0.047,-0.147
-0.047,-0.141
-0.047,-0.147
-0.047,-0.147
-0.047,-0.147
-0.047,-0.147
-0.047,-0.147
-0.047,-0.147
-0.047,-0.147
-0.047,-0.147
-0.047,-0.147
-0.047,-0.147
-0.047,-0.147
-0.047,-0.147
-0.047,-0.147
-0.047,-0.147
-0.047,-0.135
-0.063,-0.147
-0.063,-0.147
-0.071,-0.147
-0.071,-0.147
-0.087,-0.147
-0.087,-0.147
-0.087,-0.147
-0.087,-0.147
-0.087,-0.147
-0.095,-0.147
-0.095,-0.147
-0.095,-0.147
-0.111,-0.147
-0.111,-0.147
-0.111,-0.147
-0.111,-0.141
-0.111,-0.147
-0.111,-0.147
-0.111,-0.147
-0.111,-0.147
-0.111,-0.147
-0.111,-0.147
-0.063,-0.147
-0.007,-0.147
0.0,-0.147
0.0,-0.147
0.0,-0.147
0.0,-0.147
0.0,-0.147
0.0,-0.147
0.0,-0.135
0.0,-0.147
0.0,-0.147
0.0,-0.147
0.0,-0.147
0.0,-0.147
0.0,-0.147
0.0,-0.147
0.0,-0.147
0.0,-0.147
0.0,-0.147
-0.007,-0.147
-0.031,-0.147
-0.071,-0.147
-0.071,-0.147
-0.087,-0.135
-0.087,-0.147
-0.087,-0.147
-0.087,-0.147
-0.087,-0.147
-0.087,-0.135
-0.087,-0.147
-0.087,-0.147
-0.087,-0.147
-0.087,-0.147
-0.087,-0.147
-0.087,-0.147
-0.087,-0.147
-0.087,-0.141
-0.087,-0.147
-0.087,-0.147
-0.087,-0.147
-0.087,-0.147
-0.087,-0.147
-0.087,-0.147
-0.087,-0.147
-0.087,-0.147
-0.087,-0.147
-0.087,-0.147
-0.087,-0.147
-0.087,-0.147
-0.087,-0.141
-0.087,-0.147
-0.087,-0.147
-0.087,-0.147
-0.087,-0.147
-0.087,-0.135
-0.087,-0.147
-0.087,-0.147
-0.087,-0.141
-0.087,-0.147
-0.087,-0.147
-0.087,-0.147
-0.087,-0.147
-0.087,-0.147
-0.087,-0.147
-0.087,-0.147
-0.087,-0.147
-0.087,-0.135
-0.087,-0.147
-0.087,-0.147
-0.087,-0.147
-0.087,-0.147
-0.087,-0.147
-0.087,-0.147
-0.087,-0.141
-0.087,-0.147
-0.087,-0.147
-0.087,-0.147
-0.087,-0.147
-0.087,-0.147
-0.087,-0.147
-0.087,-0.147
-0.087,-0.135
-0.087,-0.147
-0.087,-0.147
-0.087,-0.147
-0.087,-0.147
-0.087,-0.147
-0.087,-0.147
-0.087,-0.147
0.0,-0.147
0.0,-0.147
0.0,-0.147
0.0,-0.147
0.0,-0.147
0.0,-0.135
0.0,-0.147
0.0,-0.147
0.0,-0.147
0.0,-0.147
0.0,-0.135
0.0,-0.147
0.0,-0.147
-0.031,-0.147
-0.063,-0.147
-0.071,-0.141
-0.071,-0.147
-0.127,-0.147
-0.135,-0.147
-0.111,-0.147
-0.135,-0.147
-0.135,-0.147
-0.135,-0.147
-0.135,-0.135
-0.135,-0.147
-0.135,-0.147
-0.135,-0.147
-0.135,-0.147
-0.135,-0.147
-0.135,-0.147
-0.135,-0.147
-0.135,-0.147
-0.135,-0.147
-0.135,-0.147
-0.135,-0.147
-0.135,-0.147
-0.135,-0.147
-0.135,-0.147
-0.135,-0.147
-0.135,-0.147
-0.135,-0.147
-0.135,-0.147
-0.135,-0.147
-0.135,-0.147
-0.135,-0.147
-0.135,-0.147
-0.135,-0.147
-0.135,-0.147
-0.135,-0.147
-0.151,-0.147
-0.151,-0.147
-0.151,-0.147
-0.151,-0.147
-0.159,-0.147
-0.159,-0.147
-0.159,-0.147
-0.159,-0.147
-0.159,-0.147
-0.159,-0.147
-0.159,-0.147
-0.159,-0.147
-0.159,-0.147
-0.159,-0.147
-0.159,-0.147
-0.159,-0.147
-0.159,-0.147
-0.159,-0.147
-0.159,-0.147
-0.159,-0.147
-0.159,-0.147
-0.159,-0.147
-0.159,-0.147
-0.175,-0.135
-0.175,-0.147
-0.175,-0.147
-0.151,-0.147
-0.151,-0.147
-0.151,-0.147
-0.151,-0.147
-0.151,-0.147
-0.151,-0.147
-0.151,-0.147
-0.151,-0.147
-0.151,-0.147
-0.151,-0.147
-0.151,-0.147
-0.151,-0.147
-0.151,-0.147
-0.151,-0.147
-0.151,-0.147
-0.151,-0.147
-0.151,-0.147
-0.151,-0.147
-0.151,-0.147
-0.151,-0.147
-0.151,-0.147
-0.151,-0.141
-0.151,-0.147
-0.151,-0.147
-0.151,-0.147
-0.151,-0.147
-0.151,-0.147
-0.151,-0.147
-0.151,-0.147
-0.151,-0.147
-0.151,-0.147
-0.151,-0.147
-0.151,-0.147
-0.151,-0.147
-0.151,-0.147
-0.151,-0.147
-0.151,-0.147
-0.151,-0.147
-0.151,-0.147
-0.151,-0.147
-0.151,-0.147
-0.151,-0.147
-0.151,-0.147
-0.151,-0.147
-0.151,-0.147
-0.151,-0.147
-0.151,-0.147
-0.151,-0.147
-0.151,-0.147
-0.151,-0.147
-0.151,-0.147
-0.151,-0.147
-0.151,-0.147
-0.151,-0.147
-0.151,-0.147
-0.151,-0.147
-0.151,-0.147
-0.151,-0.147
-0.151,-0.147
-0.151,-0.147
-0.151,-0.147
-0.151,-0.147
-0.047,-0.147
0.0,-0.147
0.0,-0.147
0.0,-0.147
0.0,-0.147
0.0,-0.147
0.0,-0.147
0.0,-0.147
0.0,-0.147
0.0,-0.147
0.0,-0.141
0.0,-0.147
0.0,-0.147
0.0,-0.135
0.0,-0.147
0.0,-0.147
0.0,-0.147
0.0,-0.147
0.0,-0.147
0.0,-0.147
-0.023,-0.147
-0.023,-0.147
-0.007,-0.147
-0.031,-0.147
-0.047,-0.147
-0.063,-0.147
-0.063,-0.147
-0.063,-0.147
-0.063,-0.147
-0.063,-0.147
-0.087,-0.147
-0.087,-0.147
-0.087,-0.147
-0.087,-0.147
-0.087,-0.147
-0.087,-0.147
-0.087,-0.147
-0.087,-0.147
-0.087,-0.147
-0.087,-0.147
-0.087,-0.147
-0.087,-0.147
-0.087,-0.147
-0.087,-0.147
-0.087,-0.141
-0.087,-0.147
-0.087,-0.147
-0.087,-0.147
-0.087,-0.147
-0.087,-0.147
-0.087,-0.147
-0.095,-0.147
-0.095,-0.147
-0.095,-0.147
-0.111,-0.147
-0.111,-0.147
-0.095,-0.147
-0.095,-0.147
-0.095,-0.147
-0.095,-0.147
-0.095,-0.147
-0.095,-0.147
-0.095,-0.147
-0.095,-0.147
-0.095,-0.135
-0.095,-0.147
-0.095,-0.147
-0.095,-0.147
-0.127,-0.147
-0.127,-0.147
-0.127,-0.147
-0.127,-0.147
-0.127,-0.147
-0.127,-0.147
-0.127,-0.147
-0.127,-0.147
-0.127,-0.147
-0.127,-0.147
-0.127,-0.147
-0.127,-0.147
-0.127,-0.141
-0.127,-0.147
-0.127,-0.147
-0.127,-0.147
-0.127,-0.147
-0.135,-0.147
-0.111,-0.141
-0.135,-0.147
-0.135,-0.147
-0.111,-0.147
-0.135,-0.147
-0.135,-0.147
-0.135,-0.147
-0.135,-0.147
-0.135,-0.147
-0.135,-0.141
-0.135,-0.147
-0.135,-0.147
-0.135,-0.147
-0.135,-0.147
-0.135,-0.147
-0.135,-0.147
-0.135,-0.147
-0.135,-0.147
-0.135,-0.147
-0.135,-0.147
-0.135,-0.147
-0.135,-0.147
-0.135,-0.147
-0.135,-0.147
-0.135,-0.135
-0.135,-0.147
-0.135,-0.163
-0.135,-0.163
-0.135,-0.163
-0.135,-0.163
-0.135,-0.143
-0.135,-0.028
-0.135,-0.028
-0.135,-0.004
-0.135,-0.004
-0.159,-0.004
-0.199,-0.004
-0.223,-0.004
-0.263,-0.028
-0.263,-0.068
-0.263,-0.083
-0.263,-0.107
-0.263,-0.107
-0.239,-0.107
-0.239,-0.123
-0.239,-0.123
-0.239,-0.123
-0.239,-0.123
-0.239,-0.123
-0.223,-0.123
-0.183,-0.123
-0.095,-0.068
-0.071,-0.044
-0.047,-0.044
0.0,-0.044
0.0,-0.044
0.0,-0.044
0.0,-0.028
0.0,-0.083
0.0,-0.123
0.0,-0.163
0.0,-0.163
0.0,-0.163
0.0,-0.163
0.0,-0.163
0.0,-0.163
0.0,-0.163
0.0,-0.163
0.0,-0.163
0.0,-0.107
0.0,-0.056
0.0,-0.028
0.0,-0.028
0.0,-0.028
0.0,-0.028
0.0,-0.028
0.0,-0.028
-0.007,-0.028
-0.087,-0.08
-0.087,-0.123
-0.087,-0.123
-0.087,-0.123
-0.087,-0.123
-0.087,-0.123
-0.087,-0.123
-0.087,-0.08
-0.087,-0.044
-0.087,-0.028
-0.087,-0.028
-0.087,-0.028
-0.087,-0.028
-0.087,-0.028
-0.087,-0.068
-0.087,-0.107
-0.087,-0.107
-0.087,-0.107
-0.087,-0.107
-0.087,-0.107
-0.087,-0.044
-0.087,-0.028
-0.087,-0.028
-0.087,-0.028
-0.087,-0.028
-0.087,-0.028
-0.087,-0.028
-0.087,-0.048
-0.087,-0.083
-0.087,-0.083
-0.087,-0.107
-0.087,-0.107
-0.087,-0.107
-0.087,-0.107
-0.087,-0.123
-0.087,-0.123
-0.087,-0.123
-0.087,-0.123
-0.087,-0.123
-0.087,-0.123
-0.087,-0.123
-0.087,-0.123
-0.087,-0.123
-0.087,-0.123
-0.087,-0.123
-0.087,-0.123
-0.087,-0.123
-0.111,-0.123
-0.127,-0.123
-0.095,-0.123
-0.127,-0.123
-0.135,-0.123
-0.135,-0.123
-0.151,-0.123
-0.151,-0.123
-0.151,-0.083
-0.151,-0.101
-0.151,-0.107
-0.151,-0.068
-0.151,-0.044
-0.151,-0.028
-0.151,-0.004
-0.127,-0.004
-0.047,-0.004
-0.007,-0.004
0.0,-0.004
0.0,-0.004
0.0,-0.004
0.0,-0.004
0.0,0.0
0.0,0.0
0.0,0.0
0.0,-0.028
0.0,-0.028
0.0,-0.028
0.0,-0.044
0.0,-0.083
0.0,-0.107
0.0,-0.107
0.0,-0.107
0.0,-0.107
0.0,-0.107
0.0,-0.107
0.0,-0.111
0.0,-0.107
0.0,-0.107
0.0,-0.107
0.0,-0.107
-0.023,-0.107
-0.071,-0.107
-0.087,-0.068
-0.087,-0.028
-0.087,-0.028
-0.087,-0.028
-0.087,-0.028
-0.095,-0.028
-0.095,-0.028
-0.095,-0.028
-0.095,-0.01
-0.095,-0.028
-0.095,-0.028
-0.095,-0.028
-0.095,-0.022
-0.095,-0.028
-0.095,-0.028
-0.095,-0.044
-0.095,-0.044
-0.095,-0.068
-0.095,-0.068
-0.095,-0.078
-0.095,-0.107
-0.095,-0.111
-0.095,-0.123
-0.095,-0.123
-0.095,-0.123
-0.095,-0.123
-0.095,-0.123
-0.095,-0.123
-0.071,-0.123
-0.007,-0.123
0.0,-0.068
0.0,-0.028
0.0,-0.028
0.0,-0.028
0.0,-0.028
0.0,-0.028
0.0,-0.028
0.0,-0.016
0.0,-0.028
0.0,-0.028
0.0,-0.028
0.0,-0.028
0.0,-0.022
0.0,0.0
0.0,0.0
0.0,0.0
0.0,0.0
-0.031,0.0
-0.071,0.0
-0.071,0.0
-0.071,0.0
-0.071,0.0
-0.071,0.0
-0.071,-0.028
-0.071,-0.028
-0.071,-0.028
-0.071,-0.028
-0.071,-0.044
-0.071,-0.044
-0.071,-0.068
-0.071,-0.083
-0.071,-0.083
-0.071,-0.107
-0.071,-0.107
-0.071,-0.107
-0.071,-0.123
-0.071,-0.123
-0.071,-0.123
-0.071,-0.123
-0.071,-0.123
-0.071,-0.123
-0.071,-0.123
-0.071,-0.123
-0.071,-0.123
-0.071,-0.123
-0.071,-0.123
-0.071,-0.123
-0.071,-0.123
-0.087,-0.123
-0.087,-0.123
-0.095,-0.123
-0.111,-0.123
-0.111,-0.123
-0.087,-0.123
-0.111,-0.123
-0.111,-0.123
-0.111,-0.123
-0.111,-0.123
-0.111,-0.123
-0.111,-0.123
-0.111,-0.123
-0.111,-0.123
-0.111,-0.123
-0.111,-0.123
-0.111,-0.123
-0.111,-0.123
-0.111,-0.123
-0.111,-0.123
-0.111,-0.123
-0.111,-0.123
-0.111,-0.123
-0.111,-0.123
-0.111,-0.123
-0.111,-0.123
-0.127,-0.123
-0.095,-0.123
-0.095,-0.083
-0.095,-0.068
-0.095,-0.068
-0.127,-0.068
-0.127,-0.05
-0.127,-0.028
-0.127,-0.028
-0.127,-0.028
-0.127,-0.028
-0.127,-0.028
-0.127,-0.028
-0.127,-0.028
-0.127,-0.028
-0.127,-0.028
-0.127,-0.028
-0.127,-0.028
-0.127,-0.028
-0.127,-0.028
-0.135,-0.022
-0.135,-0.028
-0.135,-0.028
-0.135,-0.028
-0.135,-0.028
-0.135,-0.028
-0.135,-0.016
-0.135,-0.028
-0.135,-0.028
-0.135,-0.028
-0.135,-0.044
-0.095,-0.068
-0.007,-0.068
0.0,-0.044
0.0,-0.05
0.0,-0.068
0.0,-0.05
0.0,-0.068
0.0,-0.056
0.0,-0.044
0.0,-0.034
0.0,-0.004
0.0,0.0
0.0,0.0
0.0,0.172
0.0,0.271
0.0,0.298
0.0,0.298
-0.023,0.322
-0.031,0.298
-0.063,0.129
-0.087,0.0
-0.127,0.0
-0.127,-0.028
-0.135,-0.044
-0.159,-0.056
-0.135,-0.044
-0.135,-0.068
-0.159,-0.068
-0.159,-0.083
-0.159,-0.083
-0.159,-0.083
-0.159,-0.101
-0.135,-0.107
-0.063,-0.123
0.0,-0.163
0.0,-0.163
0.0,-0.163
0.0,-0.163
0.0,-0.163
0.0,-0.163
0.0,-0.163
0.0,-0.163
0.0,-0.163
0.0,-0.163
0.0,-0.163
0.0,-0.163
0.0,-0.163
0.0,-0.163
0.0,-0.163
0.0,-0.123
0.0,-0.107
0.0,-0.101
0.0,-0.068
0.0,-0.068
0.0,-0.068
0.0,-0.068
0.0,-0.068
0.0,-0.068
0.0,-0.068
0.0,-0.068
0.0,-0.068
0.0,-0.068
0.0,-0.068
0.0,-0.068
0.0,-0.068
0.0,-0.068
0.0,-0.068
0.0,-0.068
0.0,-0.068
0.0,-0.068
0.0,-0.068
0.0,-0.068
0.0,-0.068
0.0,-0.068
0.0,-0.068
0.0,-0.068
0.0,-0.068
0.0,-0.068
0.0,-0.068
0.0,-0.068
0.0,-0.068
0.0,-0.044
0.0,-0.028
0.0,-0.028
0.0,-0.028
0.0,-0.028
0.0,-0.028
0.0,-0.028
0.0,-0.028
0.0,-0.028
0.0,-0.028
0.0,-0.068
-0.031,-0.068
-0.071,-0.068
-0.063,-0.068
-0.087,-0.083
-0.071,-0.107
-0.095,-0.101
-0.095,-0.107
-0.095,-0.107
-0.095,-0.101
-0.095,-0.095
-0.095,-0.083
-0.095,-0.107
-0.095,-0.089
-0.095,-0.083
-0.095,-0.083
-0.095,-0.107
-0.095,-0.095
-0.095,-0.107
-0.095,-0.083
-0.095,-0.044
-0.095,-0.028
-0.095,-0.028
-0.095,-0.022
-0.095,-0.028
-0.095,-0.028
-0.095,-0.028
-0.095,-0.028
-0.095,-0.028
-0.095,-0.028
-0.095,-0.028
-0.095,-0.028
-0.095,-0.044
-0.095,-0.05
-0.095,-0.068
-0.095,-0.083
-0.095,-0.083
-0.095,-0.107
-0.095,-0.107
-0.095,-0.107
-0.095,-0.107
-0.095,-0.107
-0.095,-0.123
-0.111,-0.123
-0.127,-0.123
-0.127,-0.123
-0.127,-0.123
-0.135,-0.123
-0.151,-0.123
-0.151,-0.123
-0.151,-0.123
-0.151,-0.123
-0.151,-0.123
-0.151,-0.123
-0.151,-0.123
-0.151,-0.123
-0.151,-0.083
-0.151,-0.068
-0.151,-0.068
-0.151,-0.044
-0.151,-0.032
-0.151,-0.004
-0.151,0.0
-0.151,0.0
-0.151,0.0
-0.151,0.0
-0.151,0.0
-0.151,0.0
-0.151,0.0
-0.151,0.0
-0.151,0.0
-0.159,0.0
-0.135,0.0
-0.135,0.0
-0.135,0.0
-0.135,0.0
-0.135,0.0
-0.135,0.0
-0.135,0.0
-0.135,0.022
-0.135,0.03
-0.135,0.044
-0.135,0.077
-0.135,0.117
-0.135,0.135
-0.135,0.14
-0.135,0.164
-0.135,0.176
-0.135,0.18
-0.135,0.18
-0.135,0.18
-0.135,0.18
-0.159,0.18
-0.159,0.15
-0.159,0.065
-0.159,0.0
-0.159,0.0
-0.159,0.0
-0.159,0.0
-0.159,0.0
-0.159,0.0
-0.159,-0.004
-0.159,-0.004
-0.159,-0.028
-0.159,-0.016
-0.159,-0.028
-0.159,-0.028
-0.159,-0.028
-0.159,-0.028
-0.159,-0.028
-0.159,-0.028
-0.159,-0.028
-0.159,-0.028
-0.159,-0.044
-0.159,-0.068
-0.159,-0.072
-0.159,-0.083
-0.159,-0.083
-0.159,-0.107
-0.159,-0.095
-0.159,-0.095
-0.159,-0.107
-0.159,-0.107
-0.159,-0.107
-0.135,-0.107
-0.087,-0.107
-0.031,-0.107
0.0,-0.095
0.0,-0.107
0.0,-0.095
0.0,-0.107
0.0,-0.107
0.0,-0.107
0.0,-0.107
0.0,-0.107
0.0,-0.107
0.0,-0.107
0.0,-0.107
0.0,-0.107
0.0,-0.107
0.0,-0.107
0.0,-0.107
0.0,-0.107
0.0,-0.107
0.0,-0.072
0.0,-0.028
0.0,0.0
0.0,0.0
0.0,0.0
0.0,0.089
0.0,0.14
0.0,0.14
0.0,0.14
0.0,0.152
0.0,0.146
0.0,0.14
0.0,0.14
0.0,0.158
-0.007,0.164
-0.023,0.14
-0.095,0.14
-0.127,0.089
-0.095,0.026
-0.127,0.0
-0.127,0.0
-0.135,-0.004
-0.135,-0.028
-0.135,-0.028
-0.135,-0.028
-0.135,-0.022
-0.135,-0.028
-0.135,-0.044
-0.135,-0.044
-0.135,-0.062
-0.135,-0.068
-0.135,-0.068
-0.135,-0.068
-0.135,-0.068
-0.135,-0.068
-0.135,-0.068
-0.135,-0.068
-0.135,-0.068
-0.135,-0.068
-0.135,-0.083
-0.135,-0.083
-0.135,-0.083
-0.135,-0.083
-0.135,-0.083
-0.135,-0.083
-0.135,-0.107
-0.135,-0.107
-0.135,-0.107
-0.135,-0.107
-0.135,-0.123
-0.135,-0.123
-0.135,-0.123
-0.135,-0.123
-0.135,-0.123
-0.135,-0.123
-0.135,-0.123
-0.135,-0.123
-0.135,-0.123
-0.135,-0.123
-0.135,-0.123
-0.135,-0.123
-0.135,-0.123
-0.135,-0.123
-0.135,-0.123
-0.135,-0.123
-0.135,-0.123
-0.135,-0.123
-0.135,-0.123
-0.135,-0.123
-0.135,-0.123
-0.135,-0.123
-0.135,-0.123
-0.135,-0.123
-0.135,-0.123
-0.135,-0.123
-0.135,-0.123
-0.135,-0.123
-0.135,-0.123
-0.135,-0.123
-0.135,-0.123
-0.135,-0.123
-0.135,-0.123
-0.135,-0.123
-0.135,-0.123
-0.135,-0.123
-0.135,-0.123
-0.135,-0.123
-0.135,-0.123
-0.135,-0.123
-0.135,-0.123
-0.135,-0.123
-0.135,-0.123
-0.135,-0.123
-0.135,-0.123
-0.135,-0.123
-0.135,-0.123
-0.135,-0.123
-0.135,-0.123
-0.135,-0.123
-0.135,-0.123
-0.135,-0.123
-0.135,-0.123
-0.135,-0.123
-0.135,-0.123
-0.135,-0.123
-0.135,-0.123
-0.135,-0.123
-0.135,-0.123
-0.135,-0.123
-0.135,-0.123
-0.135,-0.123
-0.135,-0.123
-0.135,-0.123
-0.135,-0.123
-0.135,-0.123
-0.135,-0.123
-0.135,-0.123
-0.135,-0.123
-0.135,-0.123
-0.135,-0.123
-0.135,-0.123
-0.135,-0.123
-0.135,-0.123
-0.135,-0.123
-0.135,-0.123
-0.135,-0.123
-0.135,-0.123
-0.135,-0.123
-0.135,-0.123
-0.135,-0.123
-0.135,-0.123
-0.135,-0.123
-0.135,-0.123
-0.135,-0.113
-0.135,-0.004
-0.135,0.0
-0.135,0.146
-0.135,0.211
-0.135,0.219
-0.135,0.219
-0.151,0.219
-0.159,0.225
-0.183,0.219
-0.159,0.219
-0.159,0.243
-0.159,0.259
-0.159,0.259
-0.159,0.277
-0.159,0.259
-0.159,0.277
-0.159,0.282
-0.159,0.265
-0.159,0.259
-0.159,0.211
-0.183,0.056
-0.183,0.0
-0.183,-0.004
-0.183,-0.107
-0.183,-0.123
-0.183,-0.123
-0.183,-0.123
-0.183,-0.123
-0.183,-0.123
-0.183,-0.123
-0.183,-0.123
-0.183,-0.123
-0.183,-0.123
-0.183,-0.123
-0.183,-0.123
-0.183,-0.123
-0.183,-0.123
-0.183,-0.123
-0.183,-0.123
-0.183,-0.123
-0.183,-0.123
-0.183,-0.123
-0.183,-0.123
-0.183,-0.123
-0.183,-0.107
-0.183,-0.107
-0.183,-0.083
-0.151,-0.068
-0.127,-0.068
-0.095,-0.068
-0.095,-0.068
-0.095,-0.068
-0.095,-0.068
-0.095,-0.068
-0.095,-0.044
-0.095,-0.044
-0.095,-0.044
-0.095,-0.044
-0.095,-0.044
-0.095,-0.044
-0.095,-0.044
-0.095,-0.044
-0.095,-0.044
-0.095,-0.044
-0.095,-0.044
-0.095,-0.044
-0.095,-0.044
-0.095,-0.044
-0.095,-0.044
-0.095,-0.044
-0.095,-0.028
-0.095,-0.028
-0.095,-0.028
-0.095,-0.028
-0.095,-0.028
-0.095,-0.028
-0.095,-0.028
-0.095,-0.028
-0.095,-0.028
-0.095,-0.028
-0.095,-0.028
-0.095,-0.028
-0.095,-0.028
-0.095,-0.028
-0.095,-0.028
-0.095,-0.028
-0.095,-0.028
-0.095,-0.028
-0.095,-0.028
-0.095,-0.028
-0.095,-0.028
-0.095,-0.028
-0.095,-0.028
-0.095,-0.028
-0.095,-0.028
-0.095,-0.028
-0.095,-0.028
-0.095,-0.028
-0.095,-0.028
-0.095,-0.028
-0.095,-0.028
-0.095,-0.028
-0.095,-0.028
-0.095,-0.028
-0.095,-0.028
-0.095,-0.028
-0.095,-0.028
-0.095,-0.028
-0.095,-0.028
-0.095,-0.028
-0.095,-0.028
-0.095,-0.028
-0.095,-0.028
-0.095,-0.028
-0.095,-0.028
-0.095,-0.028
-0.095,-0.028
-0.095,-0.028
-0.095,-0.028
-0.095,-0.028
-0.095,-0.028
-0.095,-0.028
-0.095,-0.028
-0.095,-0.028
-0.095,-0.028
-0.095,-0.028
-0.095,-0.028
-0.095,-0.028
-0.095,-0.028
-0.095,-0.028
-0.095,-0.028
-0.095,-0.028
-0.095,-0.028
-0.095,-0.028
-0.095,-0.028
-0.095,-0.028
-0.095,-0.028
-0.095,-0.028
-0.095,-0.028
-0.095,-0.016
-0.095,0.0
-0.095,0.0
-0.095,0.077
-0.095,0.14
-0.095,0.192
-0.095,0.204
-0.095,0.219
-0.095,0.219
-0.095,0.219
-0.095,0.219
-0.087,0.219
-0.047,0.259
0.0,0.277
0.0,0.282
0.0,0.298
0.0,0.298
0.0,0.298
0.0,0.298
0.0,0.219
0.0,0.186
0.0,0.123
0.0,0.0
0.0,0.0
0.0,0.0
0.0,0.0
0.0,0.0
0.0,0.0
0.0,0.0
0.0,0.0
0.0,-0.004
0.0,-0.004
0.0,-0.004
0.0,-0.004
0.0,-0.004
0.0,-0.004
0.0,-0.004
0.0,-0.004
0.0,-0.004
0.0,-0.004
0.0,-0.004
0.0,-0.028
0.0,-0.028
0.0,-0.028
0.0,-0.028
0.0,-0.028
0.0,-0.028
0.0,-0.028
-0.047,-0.028
-0.071,-0.028
-0.071,-0.028
-0.071,-0.028
-0.071,-0.016
-0.071,-0.028
-0.071,-0.028
-0.071,-0.028
-0.071,-0.028
-0.071,-0.01
-0.071,0.0
-0.071,0.0
-0.071,0.026
-0.071,0.135
-0.071,0.18
-0.071,0.18
-0.071,0.18
-0.087,0.18
-0.087,0.18
-0.087,0.18
-0.087,0.18
-0.095,0.18
-0.095,0.18
-0.095,0.18
-0.111,0.18
-0.111,0.18
-0.111,0.18
-0.111,0.089
-0.111,0.0
-0.111,-0.004
-0.111,-0.04
-0.111,-0.068
-0.111,-0.056
-0.111,-0.044
-0.111,-0.044
-0.111,-0.044
-0.111,-0.044
-0.111,-0.044
-0.111,-0.044
-0.111,-0.044
-0.111,-0.044
-0.111,-0.028
-0.111,-0.028
-0.111,-0.028
-0.111,-0.028
-0.087,-0.028
-0.087,-0.028
-0.087,-0.028
-0.087,-0.028
-0.087,-0.028
-0.087,-0.028
-0.111,-0.028
-0.111,-0.028
-0.111,-0.028
-0.111,-0.028
-0.111,-0.028
-0.111,-0.016
-0.111,-0.028
-0.111,-0.028
-0.111,-0.028
-0.111,-0.028
-0.111,-0.028
-0.111,-0.028
-0.111,-0.028
-0.111,-0.028
-0.111,-0.028
-0.111,-0.028
-0.111,-0.044
-0.111,-0.083
-0.111,-0.083
-0.111,-0.083
-0.127,-0.083
-0.127,-0.083
-0.127,-0.083
-0.095,-0.083
-0.095,-0.083
-0.095,-0.083
-0.095,-0.083
-0.095,-0.083
-0.095,-0.083
-0.095,-0.083
-0.095,-0.083
-0.095,-0.083
-0.095,-0.083
-0.095,-0.083
-0.095,-0.107
-0.095,-0.107
-0.095,-0.123
-0.095,-0.123
-0.095,-0.123
-0.095,-0.123
-0.095,-0.123
-0.127,-0.123
-0.127,-0.123
-0.127,-0.123
-0.127,-0.028
-0.127,0.0
-0.127,0.0
-0.127,0.089
-0.127,0.14
-0.127,0.18
-0.127,0.18
-0.127,0.18
-0.127,0.083
-0.127,0.0
-0.127,0.0
-0.127,-0.062
-0.127,-0.107
-0.127,-0.107
-0.087,-0.107
0.0,-0.107
0.0,-0.107
0.0,-0.107
0.0,-0.107
0.0,-0.107
0.0,-0.107
0.0,-0.107
0.0,-0.107
0.0,-0.107
0.0,-0.107
0.0,-0.107
0.0,-0.107
0.0,-0.107
0.0,-0.107
0.0,-0.107
0.0,-0.107
0.0,-0.107
0.0,-0.107
0.0,-0.107
0.0,-0.107
0.0,-0.107
0.0,-0.107
0.0,-0.101
0.0,-0.107
0.0,-0.107
0.0,-0.107
0.0,-0.107
0.0,-0.107
0.0,-0.123
0.0,-0.123
0.0,-0.147
0.0,-0.163
0.0,-0.163
0.0,-0.163
0.0,-0.186
0.0,-0.186
0.0,-0.186
0.0,-0.186
0.0,-0.186
0.0,-0.186
0.0,-0.186
0.0,-0.186
0.0,-0.186
0.0,-0.186
0.0,-0.186
0.0,-0.186
0.0,-0.186
0.0,-0.174
0.0,-0.186
0.0,-0.186
0.0,-0.186
0.0,-0.186
0.0,-0.186
0.0,-0.186
0.0,-0.186
0.0,-0.186
0.0,-0.131
0.0,0.0
0.0,0.225
0.0,0.397
0.0,0.48
0.0,0.519
0.0,0.519
0.0,0.468
-0.063,0.31
-0.095,0.237
-0.111,0.146
-0.127,0.026
-0.135,0.0
-0.111,0.0
-0.111,-0.028
-0.111,-0.068
-0.111,-0.083
-0.111,-0.083
-0.111,-0.083
-0.111,-0.083
-0.111,-0.107
-0.111,-0.107
-0.111,-0.147
-0.111,-0.163
-0.111,-0.186
-0.111,-0.186
-0.111,-0.186
-0.111,-0.186
-0.047,-0.186
-0.007,-0.186
0.0,-0.186
0.0,-0.186
0.0,-0.186
0.0,-0.186
0.0,-0.186
0.0,-0.186
0.0,-0.186
0.0,-0.186
0.0,-0.186
0.0,-0.186
0.0,-0.186
0.0,-0.186
-0.023,-0.186
-0.071,-0.186
-0.111,-0.186
-0.127,-0.186
-0.127,-0.186
-0.127,-0.186
-0.127,-0.186
-0.127,-0.186
-0.127,-0.186
-0.127,-0.186
-0.127,-0.186
-0.127,-0.186
-0.127,-0.186
-0.127,-0.186
-0.127,-0.186
-0.135,-0.186
-0.135,-0.186
-0.135,-0.186
-0.135,-0.186
-0.135,-0.186
-0.135,-0.186
-0.135,-0.186
-0.135,-0.186
-0.135,-0.186
-0.135,-0.18
-0.135,-0.186
-0.135,-0.186
-0.135,-0.186
-0.135,-0.186
-0.135,-0.186
-0.135,-0.186
-0.135,-0.186
-0.135,-0.186
-0.135,-0.186
-0.135,-0.186
-0.135,-0.186
-0.135,-0.186
-0.135,-0.186
-0.135,-0.186
-0.135,-0.186
-0.135,-0.163
-0.135,-0.163
-0.135,-0.163
-0.135,-0.163
-0.135,-0.159
-0.135,-0.147
-0.135,-0.147
-0.135,-0.147
-0.135,-0.141
-0.135,-0.147
-0.135,-0.147
-0.135,-0.135
-0.135,-0.147
-0.135,-0.147
-0.135,-0.147
-0.135,-0.147
-0.135,-0.147
-0.135,-0.147
-0.135,-0.147
-0.135,-0.147
-0.135,-0.147
-0.135,-0.147
-0.135,-0.147
-0.135,-0.147
-0.135,-0.147
-0.135,-0.147
-0.135,-0.147
-0.135,-0.147
-0.135,-0.147
-0.135,-0.147
-0.135,-0.147
-0.135,-0.147
-0.135,-0.147
-0.135,-0.147
-0.135,-0.147
-0.135,-0.135
-0.135,-0.147
-0.135,-0.147
-0.135,-0.147
-0.135,-0.147
-0.135,-0.147
-0.135,-0.147
-0.135,-0.022
-0.135,0.0
-0.135,0.152
-0.151,0.298
-0.151,0.379
-0.151,0.361
-0.151,0.261
-0.151,0.109
-0.151,-0.085
-0.151,-0.186
-0.151,-0.186
-0.151,-0.186
-0.151,-0.186
-0.151,-0.141
-0.151,-0.107
-0.151,-0.107
-0.151,-0.107
-0.151,-0.107
-0.151,-0.107
-0.151,-0.107
-0.151,-0.107
-0.087,-0.107
-0.023,-0.107
0.0,-0.107
0.0,-0.107
0.0,-0.107
0.0,-0.107
0.0,-0.107
0.0,-0.107
0.0,-0.107
0.0,-0.107
0.0,-0.107
0.0,-0.107
0.0,-0.107
0.0,-0.107
0.0,-0.107
0.0,-0.107
0.0,-0.107
0.0,-0.107
0.0,-0.107
0.0,-0.101
0.0,-0.107
0.0,-0.107
0.0,-0.107
0.0,-0.107
0.0,-0.107
0.0,-0.107
0.0,-0.107
0.0,-0.107
0.0,-0.107
-0.031,-0.107
-0.063,-0.107
-0.071,-0.107
-0.071,-0.107
-0.087,-0.107
-0.087,-0.107
-0.087,-0.107
-0.111,-0.107
-0.111,-0.107
-0.111,-0.107
-0.127,-0.107
-0.127,-0.107
-0.127,-0.107
-0.127,-0.107
-0.127,-0.028
-0.127,0.0
-0.127,0.089
-0.127,0.219
-0.127,0.231
-0.127,0.243
-0.127,0.259
-0.127,0.192
-0.127,0.034
-0.127,0.0
-0.127,-0.004
-0.127,-0.083
-0.127,-0.107
-0.127,-0.107
-0.127,-0.107
-0.127,-0.107
-0.127,-0.107
-0.127,-0.107
-0.127,-0.123
-0.127,-0.147
-0.127,-0.163
-0.127,-0.186
-0.127,-0.186
-0.127,-0.21
-0.127,-0.226
-0.127,-0.226
-0.127,-0.226
-0.127,-0.226
-0.127,-0.226
-0.127,-0.226
-0.127,-0.226
-0.127,-0.226
-0.127,-0.226
-0.127,-0.226
-0.127,-0.226
-0.127,-0.226
-0.127,-0.226
-0.127,-0.226
-0.127,-0.226
-0.127,-0.226
-0.127,-0.226
-0.127,-0.226
-0.127,-0.226
-0.127,-0.226
-0.127,-0.226
-0.127,-0.226
-0.127,-0.226
-0.127,-0.226
-0.127,-0.226
-0.127,-0.226
-0.127,-0.226
-0.127,-0.226
-0.127,-0.226
-0.127,-0.226
-0.127,-0.226
-0.127,-0.226
-0.135,-0.226
-0.135,-0.226
-0.135,-0.226
-0.135,-0.226
-0.135,-0.226
-0.135,-0.226
-0.135,-0.216
-0.135,-0.163
-0.135,-0.107
-0.135,-0.044
-0.135,-0.028
-0.135,-0.004
-0.135,0.0
-0.135,0.0
-0.135,0.0
-0.135,0.044
-0.135,0.077
-0.135,0.077
-0.135,0.077
-0.135,0.077
-0.135,0.0
-0.135,0.0
-0.135,0.0
-0.135,-0.044
-0.135,-0.111
-0.135,-0.163
-0.135,-0.186
-0.135,-0.186
-0.135,-0.186
-0.135,-0.186
-0.135,-0.192
-0.135,-0.226
-0.135,-0.226
-0.135,-0.25
-0.135,-0.25
-0.135,-0.266
-0.135,-0.266
-0.135,-0.266
-0.135,-0.266
-0.135,-0.266
-0.135,-0.266
-0.135,-0.266
-0.135,-0.266
-0.135,-0.266
-0.135,-0.266
-0.135,-0.266
-0.135,-0.266
-0.135,-0.266
-0.135,-0.266
-0.135,-0.266
-0.135,-0.266
-0.135,-0.266
-0.135,-0.266
-0.135,-0.266
-0.135,-0.266
-0.135,-0.266
-0.135,-0.076
-0.135,0.0
-0.135,0.063
-0.135,0.219
-0.135,0.282
-0.135,0.298
-0.135,0.298
-0.135,0.192
-0.135,0.0
-0.135,-0.028
-0.135,-0.174
-0.135,-0.226
-0.135,-0.226
-0.135,-0.226
-0.135,-0.226
-0.135,-0.226
-0.135,-0.226
-0.135,-0.226
-0.135,-0.226
-0.135,-0.226
-0.135,-0.226
-0.135,-0.226
-0.135,-0.226
-0.135,-0.226
-0.135,-0.226
-0.135,-0.226
-0.135,-0.226
-0.135,-0.226
-0.135,-0.226
-0.135,-0.226
-0.135,-0.226
-0.135,-0.226
-0.135,-0.226
-0.135,-0.226
-0.135,-0.226
-0.135,-0.226
-0.087,-0.226
-0.023,-0.226
0.0,-0.226
0.0,-0.226
0.0,-0.226
0.0,-0.226
0.0,-0.226
0.0,-0.226
0.0,-0.226
0.0,-0.226
0.0,-0.226
0.0,-0.226
0.0,-0.198
0.0,-0.186
0.0,-0.186
0.0,-0.186
0.0,-0.186
0.0,-0.174
0.0,-0.186
0.0,-0.186
0.0,-0.186
0.0,-0.186
0.0,-0.18
0.0,-0.186
0.0,-0.186
0.0,-0.174
0.0,-0.186
0.0,-0.186
0.0,-0.169
0.0,-0.186
0.0,-0.163
0.0,-0.163
0.0,-0.163
0.0,-0.163
0.0,-0.163
0.0,-0.163
-0.031,-0.163
-0.063,-0.163
-0.095,-0.163
-0.111,-0.163
-0.111,-0.163
-0.111,-0.147
-0.111,-0.147
-0.111,-0.147
-0.111,-0.147
-0.111,-0.147
-0.127,-0.147
-0.127,-0.147
-0.127,-0.147
-0.127,-0.147
-0.127,-0.147
-0.127,-0.147
-0.127,-0.147
-0.127,-0.147
-0.127,-0.147
-0.127,-0.147
-0.127,-0.147
-0.127,-0.147
-0.127,-0.147
-0.127,-0.147
-0.127,-0.147
-0.127,-0.147
-0.127,-0.147
-0.127,-0.147
-0.127,-0.147
-0.127,-0.147
-0.127,-0.147
-0.127,-0.147
-0.127,-0.147
-0.127,-0.147
-0.127,-0.147
-0.127,-0.147
-0.127,-0.147
-0.127,-0.147
-0.127,-0.147
-0.127,-0.147
-0.127,-0.147
-0.127,-0.147
-0.127,-0.147
-0.095,-0.147
-0.031,-0.147
0.0,-0.147
0.0,-0.147
0.0,-0.147
0.0,-0.147
0.0,-0.147
0.0,-0.147
0.0,-0.147
0.0,-0.147
0.0,-0.147
0.0,-0.147
0.0,-0.147
0.0,-0.147
0.0,-0.147
0.0,-0.147
0.0,-0.147
0.0,-0.147
0.0,-0.147
0.0,-0.147
0.0,-0.147
0.0,-0.147
0.0,-0.147
0.0,-0.147
0.0,-0.147
0.0,-0.147
0.0,-0.147
0.0,-0.147
0.0,-0.147
0.0,-0.147
0.0,-0.147
-0.023,-0.147
-0.031,-0.147
-0.047,-0.147
-0.047,-0.147
-0.063,-0.147
-0.063,-0.147
-0.063,-0.147
-0.063,-0.147
-0.063,-0.147
-0.063,-0.147
-0.063,-0.147
-0.063,-0.147
-0.063,-0.147
-0.063,-0.147
-0.063,-0.147
-0.063,-0.147
-0.063,-0.147
-0.063,-0.147
-0.071,-0.147
-0.071,-0.147
-0.071,-0.147
-0.071,-0.147
-0.071,-0.147
-0.071,-0.147
-0.071,-0.147
-0.071,-0.147
-0.071,-0.147
-0.071,-0.147
-0.071,-0.147
-0.071,-0.147
-0.071,-0.147
-0.071,-0.147
-0.071,-0.147
-0.071,-0.147
-0.071,-0.147
-0.071,-0.147
-0.071,-0.147
-0.071,-0.147
-0.071,-0.147
-0.071,-0.147
-0.071,-0.147
-0.071,-0.147
-0.071,-0.147
-0.071,-0.147
-0.071,-0.147
-0.071,-0.147
-0.071,-0.147
-0.071,-0.147
-0.071,-0.147
-0.071,-0.147
-0.071,-0.147
-0.071,-0.147
-0.071,-0.147
-0.071,-0.147
-0.071,-0.147
-0.071,-0.147
-0.071,-0.147
-0.071,-0.147
-0.071,-0.147
-0.071,-0.147
-0.071,-0.147
-0.071,-0.147
-0.071,-0.147
-0.071,-0.147
-0.071,-0.147
-0.071,-0.147
-0.071,-0.147
-0.071,-0.147
-0.071,-0.147
-0.071,-0.147
-0.071,-0.147
-0.071,-0.147
-0.071,-0.147
-0.071,-0.147
-0.071,-0.147
-0.087,-0.147
-0.087,-0.147
-0.087,-0.147
-0.087,-0.147
-0.087,-0.147
-0.087,-0.147
-0.087,-0.147
-0.087,-0.147
-0.087,-0.147
-0.087,-0.147
-0.087,-0.147
-0.087,-0.147
-0.087,-0.147
-0.087,-0.147
-0.087,-0.147
-0.087,-0.147
-0.087,-0.147
-0.087,-0.147
-0.087,-0.147
-0.087,-0.147
-0.087,-0.147
-0.087,-0.147
-0.087,-0.147
-0.087,-0.147
-0.087,-0.147
-0.087,-0.147
-0.087,-0.147
-0.087,-0.147
-0.087,-0.147
-0.087,-0.147
-0.087,-0.147
-0.087,-0.147
-0.087,-0.147
-0.087,-0.147
-0.087,-0.147
-0.087,-0.147
-0.087,-0.147
-0.087,-0.147
-0.087,-0.147
-0.087,-0.147
-0.087,-0.147
-0.087,-0.147
-0.087,-0.147
-0.087,-0.147
-0.087,-0.147
-0.087,-0.147
-0.087,-0.147
-0.087,-0.147
-0.087,-0.147
-0.087,-0.147
-0.087,-0.147
-0.087,-0.147
-0.087,-0.147
-0.087,-0.147
-0.087,-0.147
-0.087,-0.147
-0.087,-0.147
-0.087,-0.147
-0.087,-0.147
-0.087,-0.147
-0.087,-0.147
-0.087,-0.147
-0.087,-0.147
-0.087,-0.147
-0.087,-0.147
-0.087,-0.147
-0.087,-0.147
-0.087,-0.147
-0.087,-0.147
-0.087,-0.147
-0.087,-0.147
-0.087,-0.147
-0.087,-0.147
-0.087,-0.147
-0.087,-0.147
-0.087,-0.147
-0.087,-0.147
-0.087,-0.147
-0.087,-0.147
-0.087,-0.147
-0.087,-0.147
-0.087,-0.147
-0.087,-0.147
-0.087,-0.147
-0.087,-0.147
-0.087,-0.147
-0.087,-0.147
-0.087,-0.147
-0.087,-0.147
-0.087,-0.147
-0.087,-0.147
-0.087,-0.147
-0.087,-0.147
-0.087,-0.147
-0.087,-0.147
-0.087,-0.147
-0.087,-0.147
-0.087,-0.147
-0.031,-0.147
0.0,-0.147
0.0,-0.147
0.0,-0.147
0.0,-0.147
0.0,-0.147
0.0,-0.147
0.0,-0.147
0.0,-0.147
0.0,-0.147
0.0,-0.147
0.0,-0.147
0.0,-0.147
0.0,-0.147
0.0,-0.147
0.0,-0.147
0.0,-0.147
0.0,-0.147
0.0,-0.147
0.0,-0.147
0.0,-0.147
0.0,-0.147
0.0,-0.147
0.0,-0.147
0.0,-0.147
0.0,-0.147
0.0,-0.147
0.0,-0.147
0.0,-0.147
0.0,-0.147
0.0,-0.147
0.0,-0.147
0.0,-0.147
0.0,-0.147
0.0,-0.147
0.0,-0.147
0.0,-0.147
0.0,-0.147
0.0,-0.147
0.0,-0.147
0.0,-0.147
0.0,-0.147
0.0,-0.147
0.0,-0.147
0.0,-0.147
0.0,-0.147
0.0,-0.147
0.0,-0.147
0.0,-0.147
0.0,-0.147
-0.023,-0.147
-0.023,-0.147
-0.023,-0.147
-0.031,-0.147
-0.031,-0.147
-0.031,-0.147
-0.031,-0.147
-0.031,-0.147
-0.031,-0.147
-0.047,-0.147
-0.047,-0.147
-0.047,-0.147
-0.047,-0.147
-0.063,-0.147
-0.071,-0.147
-0.071,-0.147
-0.071,-0.147
-0.071,-0.147
-0.071,-0.147
-0.071,-0.147
-0.071,-0.147
-0.071,-0.147
-0.071,-0.147
-0.071,-0.147
-0.071,-0.147
-0.071,-0.147
-0.071,-0.147
-0.071,-0.147
-0.071,-0.147
-0.071,-0.147
-0.071,-0.147
-0.071,-0.147
-0.071,-0.147
-0.071,-0.147
-0.071,-0.147
-0.071,-0.147
-0.071,-0.147
-0.071,-0.147
-0.071,-0.147
-0.071,-0.147
-0.071,-0.147
-0.071,-0.147
-0.071,-0.147
-0.071,-0.147
-0.071,-0.147
-0.071,-0.147
-0.071,-0.147
-0.071,-0.147
-0.071,-0.147
-0.071,-0.147
-0.047,-0.147
-0.023,-0.147
0.0,-0.147
0.0,-0.147
0.0,-0.147
0.0,-0.147
0.0,-0.147
0.0,-0.147
0.0,-0.147
0.0,-0.147
0.0,-0.147
0.0,-0.147
0.0,-0.147
0.0,-0.147
0.0,-0.147
0.0,-0.147
0.0,-0.147
0.0,-0.147
0.0,-0.147
0.0,-0.147
0.0,-0.147
0.0,-0.147
0.0,-0.147
0.0,-0.147
0.0,-0.147
0.0,-0.147
0.0,-0.147
0.0,-0.147
0.0,-0.147
0.0,-0.147
0.0,-0.147
0.0,-0.147
0.0,-0.147
0.0,-0.147
0.0,-0.147
0.0,-0.147
0.0,-0.147
0.0,-0.147
0.0,-0.147
0.0,-0.147
0.0,-0.147
0.0,-0.147
0.0,-0.147
0.0,-0.147
0.0,-0.147
0.0,-0.147
0.0,-0.147
0.0,-0.147
0.0,-0.147
0.0,-0.147
0.0,-0.147
0.0,-0.147
0.0,-0.147
0.0,-0.147
0.0,-0.147
0.0,-0.147
0.0,-0.147
0.0,-0.147
0.0,-0.147
0.0,-0.147
0.0,-0.147
0.0,-0.147
0.0,-0.147
0.0,-0.147
0.0,-0.147
0.0,-0.147
0.0,-0.147
0.0,-0.147
0.0,-0.147
0.0,-0.147
0.0,-0.147
0.0,-0.147
0.0,-0.147
0.0,-0.147
0.0,-0.147
-0.007,-0.147
-0.023,-0.147
-0.023,-0.147
-0.047,-0.147
-0.063,-0.147
-0.063,-0.147
-0.063,-0.147
-0.063,-0.147
-0.063,-0.147
-0.063,-0.147
-0.063,-0.147
-0.063,-0.147
-0.063,-0.147
-0.063,-0.147
-0.063,-0.147
-0.063,-0.147
-0.063,-0.147
-0.063,-0.147
-0.063,-0.147
-0.063,-0.147
-0.071,-0.147
-0.071,-0.147
-0.071,-0.147
-0.071,-0.147
-0.071,-0.147
-0.071,-0.147
-0.071,-0.147
-0.071,-0.147
-0.071,-0.147
-0.071,-0.147
-0.071,-0.147
-0.071,-0.147
-0.071,-0.147
-0.071,-0.147
-0.071,-0.147
-0.071,-0.147
-0.071,-0.147
-0.071,-0.147
-0.071,-0.147
-0.071,-0.147
-0.071,-0.147
-0.071,-0.147
-0.071,-0.147
-0.071,-0.147
-0.071,-0.147
-0.071,-0.147
-0.071,-0.147
-0.071,-0.147
-0.071,-0.147
-0.071,-0.147
-0.071,-0.147
-0.071,-0.147
-0.071,-0.147
-0.071,-0.147
-0.071,-0.147
-0.071,-0.147
-0.071,-0.147
-0.071,-0.147
-0.071,-0.147
-0.071,-0.147
-0.071,-0.147
-0.071,-0.147
-0.071,-0.147
-0.071,-0.147
-0.071,-0.147
-0.071,-0.147
-0.071,-0.147
-0.071,-0.147
-0.071,-0.147
-0.071,-0.147
-0.071,-0.147
-0.071,-0.147
-0.071,-0.147
-0.071,-0.147
-0.071,-0.147
-0.071,-0.147
-0.071,-0.147
-0.087,-0.147
-0.087,-0.147
-0.087,-0.147
-0.087,-0.147
-0.087,-0.147
-0.087,-0.147
-0.087,-0.147
-0.087,-0.123
-0.087,-0.123
-0.087,-0.123
-0.087,-0.123
-0.087,-0.123
-0.087,-0.123
-0.087,-0.123
-0.087,-0.123
-0.087,-0.123
-0.087,-0.107
-0.087,-0.107
-0.087,-0.107
-0.087,-0.107
-0.087,-0.107
-0.087,-0.107
-0.087,-0.107
-0.087,-0.107
-0.087,-0.107
-0.087,-0.107
-0.087,-0.107
-0.087,-0.107
-0.087,-0.107
-0.087,-0.107
-0.087,-0.107
-0.087,-0.107
-0.087,-0.107
-0.087,-0.107
-0.087,-0.107
-0.087,-0.107
-0.087,-0.107
-0.087,-0.107
-0.063,-0.107
-0.063,-0.107
-0.063,-0.107
-0.063,-0.107
-0.063,-0.107
-0.063,-0.107
-0.063,-0.107
-0.063,-0.107
-0.063,-0.107
-0.063,-0.107
-0.063,-0.107
-0.063,-0.107
-0.063,-0.107
-0.063,-0.107
-0.063,-0.107
-0.063,-0.107
-0.063,-0.107
-0.063,-0.107
-0.063,-0.101
-0.063,-0.107
-0.063,-0.107
-0.063,-0.101
-0.063,-0.107
-0.063,-0.107
-0.063,-0.107
-0.063,-0.107
-0.063,-0.083
-0.063,-0.083
-0.063,-0.101
-0.063,-0.101
-0.063,-0.107
-0.063,-0.107
-0.063,-0.107
-0.063,-0.095
-0.063,-0.107
-0.063,-0.107
-0.063,-0.107
-0.063,-0.095
-0.063,-0.107
-0.063,-0.107
-0.063,-0.107
-0.063,-0.095
-0.063,-0.107
-0.063,-0.107
-0.063,-0.147
-0.063,-0.163
-0.063,-0.186
-0.087,-0.186
-0.031,-0.186
0.0,-0.186
0.0,-0.186
0.0,-0.186
0.0,-0.186
0.0,-0.186
0.0,-0.186
0.0,-0.186
0.0,-0.186
0.0,-0.186
0.0,-0.186
0.0,-0.186
0.0,-0.186
0.0,-0.186
0.0,-0.186
0.0,-0.186
0.0,-0.186
0.0,-0.186
0.0,-0.186
0.0,-0.186
0.0,-0.186
0.0,-0.186
0.0,-0.186
0.0,-0.186
0.0,-0.186
0.0,-0.186
0.0,-0.186
0.0,-0.186
0.0,-0.186
0.0,-0.186
0.0,-0.186
0.0,-0.186
0.0,-0.186
0.0,-0.186
0.0,-0.186
0.0,-0.186
0.0,-0.186
0.0,-0.186
0.0,-0.186
0.0,-0.186
0.0,-0.186
0.0,-0.186
0.0,-0.186
0.0,-0.186
0.0,-0.186
0.0,-0.186
0.0,-0.186
0.0,-0.186
-0.007,-0.186
-0.047,-0.186
-0.031,-0.186
-0.063,-0.186
-0.063,-0.186
-0.063,-0.186
-0.063,-0.186
-0.063,-0.186
-0.063,-0.186
-0.063,-0.186
-0.063,-0.186
-0.063,-0.186
-0.063,-0.186
-0.063,-0.186
-0.063,-0.186
-0.063,-0.204
-0.063,-0.226
-0.063,-0.226
-0.063,-0.25
-0.063,-0.25
-0.063,-0.266
-0.063,-0.266
-0.063,-0.266
-0.063,-0.266
-0.063,-0.266
-0.063,-0.266
-0.063,-0.266
-0.063,-0.266
-0.063,-0.266
-0.063,-0.266
-0.063,-0.266
-0.063,-0.266
-0.063,-0.266
-0.063,-0.266
-0.063,-0.266
-0.063,-0.266
-0.063,-0.266
-0.063,-0.266
-0.063,-0.266
-0.063,-0.266
-0.063,-0.266
-0.063,-0.266
-0.063,-0.266
-0.063,-0.266
-0.063,-0.266
-0.063,-0.266
-0.063,-0.266
-0.063,-0.266
-0.063,-0.266
-0.063,-0.266
-0.063,-0.266
-0.063,-0.266
-0.063,-0.266
-0.063,-0.266
-0.063,-0.266
-0.063,-0.266
-0.063,-0.266
-0.063,-0.266
-0.063,-0.266
-0.063,-0.266
-0.063,-0.266
-0.063,-0.266
-0.063,-0.266
-0.063,-0.266
-0.063,-0.266
-0.063,-0.266
-0.063,-0.266
-0.063,-0.266
-0.063,-0.266
-0.063,-0.266
-0.063,-0.266
-0.063,-0.266
-0.063,-0.266
-0.063,-0.266
-0.063,-0.266
-0.063,-0.266
-0.063,-0.266
-0.063,-0.266
-0.063,-0.266
-0.063,-0.266
-0.063,-0.266
-0.063,-0.266
-0.063,-0.266
-0.063,-0.266
-0.063,-0.266
-0.063,-0.266
-0.063,-0.266
-0.063,-0.266
-0.063,-0.266
-0.063,-0.266
-0.063,-0.266
-0.063,-0.266
-0.063,-0.266
-0.063,-0.266
-0.063,-0.266
-0.063,-0.266
-0.063,-0.266
-0.063,-0.266
-0.063,-0.266
-0.063,-0.266
-0.063,-0.266
-0.063,-0.266
-0.063,-0.266
-0.063,-0.266
-0.063,-0.266
-0.063,-0.266
-0.063,-0.266
-0.063,-0.266
-0.063,-0.266
-0.063,-0.266
-0.063,-0.266
-0.063,-0.266
-0.063,-0.266
-0.063,-0.266
-0.063,-0.266
-0.063,-0.266
-0.063,-0.266
-0.063,-0.266
-0.063,-0.266
-0.063,-0.266
-0.063,-0.266
-0.063,-0.266
-0.063,-0.266
-0.063,-0.266
-0.063,-0.266
-0.063,-0.266
-0.063,-0.266
-0.063,-0.266
-0.063,-0.266
-0.063,-0.266
-0.063,-0.266
-0.063,-0.266
-0.063,-0.266
-0.063,-0.266
-0.063,-0.266
-0.063,-0.266
-0.063,-0.266
-0.063,-0.266
-0.063,-0.266
-0.063,-0.266
-0.063,-0.266
-0.063,-0.266
-0.063,-0.266
-0.063,-0.266
-0.063,-0.266
-0.063,-0.266
-0.063,-0.266
-0.063,-0.266
-0.063,-0.266
-0.063,-0.266
-0.063,-0.266
-0.063,-0.266
-0.063,-0.266
-0.063,-0.266
-0.063,-0.266
-0.063,-0.266
-0.063,-0.266
-0.063,-0.266
-0.063,-0.266
-0.063,-0.266
-0.063,-0.266
-0.063,-0.266
-0.063,-0.266
-0.063,-0.266
-0.063,-0.266
-0.063,-0.266
-0.063,-0.266
-0.063,-0.266
-0.063,-0.266
-0.063,-0.266
-0.063,-0.266
-0.063,-0.266
-0.063,-0.266
-0.063,-0.266
-0.063,-0.266
-0.063,-0.266
-0.063,-0.266
-0.063,-0.266
-0.063,-0.266
-0.063,-0.266
-0.063,-0.266
-0.063,-0.266
-0.063,-0.266
-0.063,-0.266
-0.063,-0.266
-0.071,-0.266
-0.071,-0.266
-0.071,-0.266
-0.071,-0.266
-0.071,-0.266
-0.071,-0.266
-0.071,-0.266
-0.071,-0.266
-0.071,-0.266
-0.071,-0.266
-0.071,-0.266
-0.071,-0.266
-0.071,-0.266
-0.071,-0.266
-0.071,-0.266
-0.071,-0.266
-0.071,-0.266
-0.071,-0.266
-0.071,-0.266
-0.071,-0.266
-0.071,-0.266
-0.071,-0.266
-0.071,-0.266
-0.071,-0.266
-0.071,-0.266
-0.071,-0.266
-0.071,-0.266
-0.071,-0.266
-0.071,-0.266
-0.071,-0.266
-0.071,-0.266
-0.071,-0.266
-0.071,-0.266
-0.071,-0.266
-0.071,-0.266
-0.071,-0.266
-0.071,-0.266
-0.071,-0.266
-0.071,-0.266
-0.071,-0.266
-0.071,-0.266
-0.071,-0.266
-0.071,-0.266
-0.071,-0.266
-0.071,-0.266
-0.071,-0.266
-0.071,-0.266
-0.071,-0.266
-0.071,-0.266
-0.071,-0.266
-0.071,-0.266
-0.071,-0.266
-0.071,-0.266
-0.071,-0.266
-0.071,-0.266
-0.071,-0.266
-0.071,-0.266
-0.071,-0.266
-0.071,-0.266
-0.071,-0.266
-0.071,-0.266
-0.071,-0.266
-0.071,-0.266
-0.071,-0.266
-0.071,-0.266
-0.071,-0.266
-0.071,-0.266
-0.071,-0.266
-0.071,-0.266
-0.071,-0.266
-0.071,-0.266
-0.071,-0.266
-0.071,-0.266
-0.071,-0.266
-0.071,-0.266
-0.071,-0.266
-0.071,-0.266
-0.071,-0.266
-0.071,-0.266
-0.071,-0.266
-0.071,-0.266
-0.071,-0.266
-0.071,-0.266
-0.071,-0.266
-0.071,-0.266
-0.071,-0.266
-0.071,-0.266
-0.071,-0.266
-0.071,-0.266
-0.071,-0.266
-0.071,-0.266
-0.071,-0.266
-0.071,-0.266
-0.071,-0.266
-0.071,-0.266
-0.071,-0.266
-0.071,-0.266
-0.071,-0.266
-0.071,-0.266
-0.071,-0.266
-0.071,-0.266
-0.071,-0.266
-0.071,-0.266
-0.071,-0.266
-0.071,-0.266
-0.071,-0.266
-0.071,-0.266
-0.071,-0.266
-0.071,-0.266
-0.071,-0.266
-0.071,-0.266
-0.071,-0.266
-0.071,-0.266
-0.071,-0.266
-0.071,-0.266
-0.071,-0.266
-0.071,-0.266
-0.071,-0.266
-0.071,-0.266
-0.071,-0.266
-0.071,-0.266
-0.071,-0.266
-0.071,-0.266
-0.071,-0.266
-0.071,-0.266
-0.071,-0.266
-0.071,-0.266
-0.071,-0.266
-0.071,-0.266
-0.071,-0.266
-0.071,-0.266
-0.047,-0.266
-0.047,-0.266
-0.047,-0.266
-0.047,-0.266
-0.047,-0.266
-0.047,-0.266
-0.047,-0.266
-0.047,-0.266
-0.047,-0.266
-0.047,-0.266
-0.047,-0.266
-0.047,-0.266
-0.047,-0.266
-0.047,-0.266
-0.071,-0.266
-0.071,-0.266
-0.071,-0.266
-0.071,-0.266
-0.071,-0.266
-0.071,-0.266
-0.087,-0.266
-0.087,-0.266
-0.087,-0.266
-0.087,-0.266
0.0,-0.266
0.0,-0.266
0.0,-0.266
0.0,-0.266
0.0,-0.266
0.0,-0.266
0.0,-0.266
0.0,-0.266
0.0,-0.266
0.0,-0.266
0.0,-0.266
0.0,-0.266
0.0,-0.266
0.0,-0.266
0.0,-0.266
0.0,-0.266
0.0,-0.266
0.0,-0.266
0.0,-0.266
0.0,-0.266
0.0,-0.293
0.0,-0.329
0.0,-0.368
0.0,-0.396
0.0,-0.432
0.0,-0.432
0.0,-0.432
0.0,-0.432
0.0,-0.432
0.0,-0.432
0.0,-0.432
0.0,-0.402
0.0,-0.402
0.0,-0.345
0.0,-0.317
0.0,-0.293
0.0,-0.25
0.0,-0.226
0.0,-0.226
0.0,-0.21
0.0,-0.186
0.0,-0.186
0.0,-0.186
0.0,-0.186
0.0,-0.186
0.0,-0.186
0.0,-0.186
0.0,-0.186
0.0,-0.186
0.0,-0.186
0.0,-0.186
0.0,-0.186
0.0,-0.186
0.0,-0.186
0.0,-0.186
0.0,-0.186
0.0,-0.186
0.0,-0.186
0.0,-0.186
0.0,-0.186
0.0,-0.186
0.0,-0.186
0.0,-0.186
0.0,-0.186
0.0,-0.186
0.0,-0.186
0.0,-0.186
0.0,-0.186
0.0,-0.186
0.0,-0.186
0.0,-0.186
0.0,-0.186
0.0,-0.186
0.0,-0.186
0.0,-0.186
0.0,-0.186
0.0,-0.186
0.0,-0.186
0.0,-0.186
0.0,-0.186
0.0,-0.186
0.0,-0.186
0.0,-0.186
0.0,-0.186
0.0,-0.186
0.0,-0.186
0.0,-0.186
0.0,-0.186
0.0,-0.186
0.0,-0.186
0.0,-0.186
0.0,-0.186
0.0,-0.186
0.0,-0.186
0.0,-0.186
0.0,-0.186
0.0,-0.186
0.0,-0.186
-0.007,-0.186
-0.031,-0.174
-0.031,-0.186
-0.047,-0.21
-0.047,-0.21
-0.063,-0.226
-0.063,-0.226
-0.063,-0.226
-0.063,-0.238
-0.063,-0.25
-0.063,-0.25
-0.063,-0.258
-0.063,-0.277
-0.063,-0.289
-0.063,-0.305
-0.063,-0.305
-0.063,-0.305
-0.063,-0.305
-0.063,-0.305
-0.063,-0.305
-0.063,-0.329
-0.063,-0.329
-0.063,-0.329
-0.063,-0.329
-0.063,-0.329
-0.063,-0.329
-0.063,-0.329
-0.063,-0.329
-0.071,-0.329
-0.071,-0.329
-0.071,-0.329
-0.071,-0.329
-0.071,-0.329
-0.071,-0.329
-0.071,-0.329
-0.071,-0.329
-0.071,-0.329
-0.071,-0.329
-0.071,-0.329
-0.071,-0.329
-0.071,-0.329
-0.071,-0.329
-0.071,-0.329
-0.071,-0.329
-0.071,-0.329
-0.071,-0.329
-0.071,-0.329
-0.071,-0.329
-0.071,-0.329
-0.071,-0.329
-0.071,-0.329
-0.071,-0.329
-0.071,-0.329
-0.071,-0.329
-0.071,-0.329
-0.071,-0.329
-0.071,-0.329
-0.071,-0.329
-0.047,-0.329
-0.007,-0.329
0.0,-0.329
0.0,-0.329
0.0,-0.329
0.0,-0.329
0.0,-0.329
0.0,-0.329
0.0,-0.329
0.0,-0.329
0.0,-0.329
0.0,-0.329
0.0,-0.329
0.0,-0.329
0.0,-0.329
0.0,-0.329
0.0,-0.329
0.0,-0.329
0.0,-0.329
0.0,-0.329
0.0,-0.329
0.0,-0.329
0.0,-0.329
0.0,-0.329
0.0,-0.329
0.006,-0.329
0.006,-0.329
0.006,-0.329
0.006,-0.329
0.006,-0.329
0.006,-0.329
0.006,-0.329
0.006,-0.329
0.006,-0.329
0.006,-0.329
0.006,-0.329
0.006,-0.329
0.006,-0.329
0.006,-0.329
0.006,-0.329
0.006,-0.329
0.006,-0.329
0.006,-0.329
0.006,-0.329
0.006,-0.329
0.006,-0.329
0.006,-0.329
0.006,-0.329
0.006,-0.329
0.006,-0.329
0.006,-0.329
0.006,-0.329
0.006,-0.329
0.0,-0.329
-0.023,-0.329
-0.023,-0.329
-0.031,-0.329
-0.071,-0.329
-0.071,-0.329
-0.071,-0.329
-0.071,-0.329
-0.071,-0.329
-0.071,-0.329
-0.071,-0.329
-0.071,-0.329
-0.071,-0.329
-0.071,-0.329
-0.071,-0.329
-0.071,-0.329
-0.071,-0.329
-0.071,-0.329
-0.071,-0.329
-0.071,-0.329
-0.071,-0.329
-0.071,-0.329
-0.071,-0.329
-0.071,-0.329
-0.071,-0.329
-0.071,-0.329
-0.071,-0.329
-0.071,-0.329
-0.071,-0.323
-0.071,-0.329
-0.071,-0.329
-0.071,-0.329
-0.047,-0.329
-0.047,-0.329
-0.047,-0.329
-0.047,-0.329
-0.047,-0.329
-0.023,-0.329
0.0,-0.329
0.0,-0.329
0.0,-0.329
0.0,-0.329
0.0,-0.329
0.0,-0.329
0.0,-0.329
0.0,-0.329
0.0,-0.329
0.0,-0.329
0.0,-0.329
0.0,-0.329
0.0,-0.329
0.0,-0.329
0.0,-0.329
0.0,-0.329
0.0,-0.329
0.0,-0.329
0.0,-0.329
0.0,-0.329
0.0,-0.329
0.006,-0.329
0.006,-0.329
0.006,-0.329
0.014,-0.329
0.014,-0.329
0.014,-0.329
0.014,-0.329
0.014,-0.329
0.014,-0.329
0.014,-0.329
0.014,-0.329
0.014,-0.329
0.014,-0.329
0.0,-0.329
0.0,-0.329
0.0,-0.329
0.0,-0.329
-0.007,-0.329
-0.007,-0.329
-0.007,-0.329
-0.007,-0.329
-0.007,-0.329
-0.007,-0.329
-0.007,-0.329
-0.007,-0.329
-0.007,-0.329
-0.007,-0.329
-0.007,-0.329
-0.007,-0.329
-0.007,-0.329
-0.007,-0.329
-0.007,-0.329
-0.023,-0.329
-0.023,-0.329
-0.023,-0.329
-0.023,-0.329
-0.023,-0.329
-0.023,-0.329
-0.023,-0.329
-0.023,-0.329
-0.023,-0.329
-0.023,-0.329
-0.023,-0.329
-0.023,-0.329
-0.023,-0.329
-0.023,-0.329
-0.023,-0.329
-0.023,-0.329
-0.023,-0.329
-0.031,-0.329
-0.031,-0.329
-0.047,-0.329
-0.047,-0.329
-0.063,-0.329
-0.063,-0.329
-0.063,-0.329
-0.063,-0.329
-0.063,-0.329
-0.071,-0.329
-0.071,-0.329
-0.071,-0.329
-0.071,-0.329
-0.071,-0.329
-0.071,-0.329
-0.071,-0.329
-0.071,-0.329
-0.071,-0.329
-0.071,-0.329
-0.071,-0.329
-0.071,-0.329
-0.071,-0.329
-0.071,-0.329
-0.071,-0.329
-0.071,-0.329
-0.071,-0.329
-0.071,-0.329
-0.071,-0.329
-0.071,-0.329
-0.071,-0.329
-0.071,-0.329
-0.071,-0.329
-0.071,-0.329
-0.071,-0.329
-0.071,-0.329
-0.071,-0.329
-0.071,-0.329
-0.071,-0.329
-0.071,-0.329
-0.071,-0.329
-0.071,-0.329
-0.071,-0.329
-0.071,-0.329
-0.071,-0.329
-0.071,-0.329
-0.071,-0.329
-0.071,-0.329
-0.071,-0.329
-0.071,-0.329
-0.071,-0.329
-0.071,-0.329
-0.071,-0.329
-0.071,-0.329
-0.071,-0.329
-0.071,-0.329
-0.071,-0.329
-0.071,-0.329
-0.071,-0.329
-0.071,-0.329
-0.071,-0.329
-0.071,-0.329
-0.087,-0.329
-0.087,-0.329
-0.087,-0.329
-0.087,-0.329
-0.063,-0.329
-0.063,-0.329
-0.063,-0.329
-0.063,-0.329
-0.063,-0.329
-0.063,-0.329
-0.063,-0.329
-0.063,-0.329
-0.063,-0.329
-0.063,-0.329
-0.063,-0.329
-0.063,-0.329
-0.063,-0.329
-0.063,-0.329
-0.063,-0.329
-0.063,-0.329
-0.063,-0.329
-0.063,-0.329
-0.063,-0.329
-0.063,-0.329
-0.063,-0.329
-0.063,-0.329
-0.063,-0.329
-0.063,-0.329
-0.063,-0.329
-0.063,-0.329
-0.063,-0.329
-0.063,-0.329
-0.063,-0.329
-0.063,-0.329
-0.063,-0.329
-0.063,-0.329
-0.063,-0.329
-0.063,-0.329
-0.063,-0.329
-0.063,-0.329
-0.063,-0.329
-0.063,-0.329
-0.063,-0.329
-0.063,-0.329
-0.063,-0.329
-0.063,-0.329
-0.063,-0.329
-0.063,-0.329
-0.063,-0.329
-0.063,-0.329
-0.063,-0.329
-0.063,-0.329
-0.063,-0.329
-0.063,-0.329
-0.063,-0.329
-0.063,-0.329
-0.063,-0.329
-0.063,-0.329
-0.063,-0.329
-0.063,-0.329
-0.063,-0.329
-0.063,-0.329
-0.063,-0.329
-0.063,-0.329
-0.063,-0.329
-0.063,-0.329
-0.063,-0.329
-0.047,-0.329
-0.007,-0.329
0.0,-0.329
0.0,-0.329
0.0,-0.329
0.0,-0.329
0.0,-0.329
0.0,-0.329
0.0,-0.329
0.0,-0.329
0.0,-0.329
0.0,-0.329
0.0,-0.329
0.0,-0.329
0.0,-0.329
0.0,-0.329
0.0,-0.329
0.0,-0.329
0.0,-0.329
0.0,-0.329
0.0,-0.329
0.0,-0.329
0.0,-0.329
0.0,-0.329
0.0,-0.329
0.0,-0.329
0.0,-0.329
0.0,-0.329
0.0,-0.329
0.0,-0.329
0.0,-0.329
0.0,-0.329
0.0,-0.329
0.0,-0.329
0.0,-0.329
0.0,-0.329
0.0,-0.329
0.0,-0.329
0.0,-0.329
0.0,-0.329
0.0,-0.329
0.0,-0.329
0.0,-0.329
0.0,-0.329
0.0,-0.329
0.0,-0.329
0.0,-0.329
0.0,-0.329
0.0,-0.329
0.0,-0.329
0.0,-0.329
0.0,-0.329
0.0,-0.329
0.006,-0.329
0.006,-0.329
0.014,-0.329
0.014,-0.329
0.014,-0.329
0.014,-0.329
0.014,-0.329
0.014,-0.329
0.014,-0.329
0.014,-0.329
0.022,-0.329
0.014,-0.329
0.038,-0.329
0.038,-0.329
0.046,-0.329
0.054,-0.329
0.054,-0.329
0.054,-0.329
0.054,-0.323
0.054,-0.329
0.054,-0.329
0.054,-0.329
0.054,-0.329
0.054,-0.329
0.054,-0.329
0.054,-0.329
0.054,-0.329
0.054,-0.329
0.054,-0.329
0.054,-0.329
0.054,-0.329
0.054,-0.317
0.054,-0.329
0.054,-0.329
0.054,-0.329
0.054,-0.329
0.054,-0.329
0.054,-0.329
0.054,-0.329
0.054,-0.329
0.054,-0.329
0.054,-0.329
0.054,-0.329
0.054,-0.329
0.054,-0.329
0.054,-0.329
0.054,-0.329
0.054,-0.329
0.006,-0.329
0.0,-0.329
0.0,-0.329
0.0,-0.329
0.0,-0.329
0.0,-0.329
0.0,-0.329
0.0,-0.329
0.0,-0.329
0.0,-0.317
0.0,-0.329
0.0,-0.329
0.0,-0.329
0.0,-0.329
0.0,-0.323
0.0,-0.329
0.0,-0.329
0.0,-0.329
0.0,-0.329
0.0,-0.329
0.0,-0.329
0.0,-0.329
0.0,-0.329
0.0,-0.329
0.0,-0.329
0.0,-0.329
0.0,-0.329
0.0,-0.329
0.0,-0.329
0.0,-0.329
0.0,-0.329
0.0,-0.329
0.0,-0.329
0.0,-0.329
0.0,-0.329
0.0,-0.317
0.0,-0.329
0.0,-0.329
0.0,-0.329
0.0,-0.329
0.0,-0.329
0.0,-0.329
0.0,-0.329
0.0,-0.329
0.0,-0.323
0.0,-0.329
0.0,-0.329
0.0,-0.329
0.0,-0.329
0.0,-0.329
0.0,-0.329
0.0,-0.329
0.0,-0.329
0.0,-0.329
0.0,-0.329
0.0,-0.329
0.0,-0.329
0.0,-0.329
0.0,-0.329
0.0,-0.329
0.0,-0.329
0.0,-0.329
0.0,-0.329
0.0,-0.329
0.0,-0.329
0.0,-0.329
0.0,-0.329
0.0,-0.329
0.0,-0.329
0.0,-0.329
0.0,-0.329
0.0,-0.329
0.0,-0.329
0.0,-0.329
0.0,-0.329
0.0,-0.329
0.0,-0.329
0.0,-0.329
0.014,-0.329
0.014,-0.329
0.022,-0.329
0.038,-0.317
0.022,-0.329
0.046,-0.329
0.046,-0.329
0.062,-0.329
0.062,-0.329
0.062,-0.329
0.062,-0.329
0.062,-0.329
0.062,-0.329
0.062,-0.323
0.062,-0.329
0.062,-0.329
0.062,-0.329
0.062,-0.329
0.062,-0.329
0.062,-0.329
0.062,-0.329
0.062,-0.329
0.077,-0.329
0.077,-0.329
0.077,-0.329
0.054,-0.329
0.054,-0.329
0.054,-0.329
0.054,-0.329
0.054,-0.329
0.054,-0.329
0.054,-0.329
0.054,-0.329
0.054,-0.329
0.054,-0.329
0.054,-0.329
0.054,-0.329
0.054,-0.329
0.054,-0.329
0.054,-0.329
0.054,-0.317
0.054,-0.317
0.054,-0.329
0.054,-0.329
0.054,-0.329
0.054,-0.329
0.054,-0.329
0.054,-0.323
0.054,-0.329
0.054,-0.329
0.054,-0.329
0.054,-0.329
0.054,-0.329
0.054,-0.329
0.054,-0.329
0.054,-0.329
0.054,-0.329
0.054,-0.323
0.054,-0.329
0.054,-0.329
0.054,-0.329
0.054,-0.329
0.054,-0.329
0.054,-0.323
0.054,-0.329
0.054,-0.329
0.054,-0.329
0.054,-0.329
0.054,-0.329
0.054,-0.329
0.054,-0.329
0.054,-0.329
0.054,-0.329
0.054,-0.329
0.054,-0.329
0.077,-0.329
0.077,-0.329
0.077,-0.329
0.077,-0.329
0.077,-0.329
0.077,-0.329
0.054,-0.329
0.054,-0.329
0.054,-0.329
0.054,-0.329
0.054,-0.329
0.054,-0.329
0.054,-0.329
0.054,-0.329
0.054,-0.329
0.054,-0.329
0.054,-0.329
0.054,-0.329
0.054,-0.329
0.054,-0.329
0.054,-0.329
0.054,-0.329
0.054,-0.317
0.054,-0.329
0.054,-0.329
0.054,-0.329
0.054,-0.329
0.054,-0.329
0.054,-0.329
0.054,-0.329
0.054,-0.329
0.054,-0.329
0.054,-0.329
0.054,-0.329
0.054,-0.329
0.054,-0.329
0.054,-0.329
0.054,-0.329
0.054,-0.329
0.054,-0.329
0.054,-0.329
0.054,-0.329
0.054,-0.329
0.054,-0.329
0.054,-0.329
0.054,-0.329
0.054,-0.329
0.054,-0.317
0.054,-0.329
0.054,-0.329
0.054,-0.329
0.054,-0.329
0.054,-0.329
0.054,-0.329
0.054,-0.329
0.054,-0.329
0.054,-0.329
0.054,-0.329
0.054,-0.329
0.054,-0.329
0.054,-0.329
0.054,-0.329
0.054,-0.329
0.054,-0.323
0.054,-0.305
0.054,-0.305
0.054,-0.305
0.054,-0.305
0.054,-0.277
0.054,-0.289
0.054,-0.289
0.054,-0.289
0.054,-0.289
0.054,-0.289
0.054,-0.289
0.054,-0.289
0.054,-0.289
0.054,-0.289
0.054,-0.277
0.054,-0.289
0.054,-0.289
0.054,-0.289
0.054,-0.289
0.054,-0.277
0.054,-0.289
0.054,-0.289
0.054,-0.289
0.054,-0.289
0.054,-0.289
0.054,-0.289
0.054,-0.289
0.054,-0.289
0.054,-0.289
0.054,-0.289
0.054,-0.289
0.054,-0.289
0.054,-0.289
0.054,-0.289
0.054,-0.289
0.054,-0.289
0.054,-0.289
0.054,-0.289
0.046,-0.289
0.046,-0.289
0.046,-0.289
0.046,-0.289
0.046,-0.283
0.046,-0.289
0.046,-0.289
0.022,-0.289
0.006,-0.289
0.0,-0.289
0.0,-0.283
0.0,-0.289
0.0,-0.289
0.0,-0.289
0.0,-0.289
0.0,-0.289
0.0,-0.289
0.0,-0.289
0.0,-0.289
0.0,-0.289
0.0,-0.289
0.0,-0.289
0.0,-0.289
0.0,-0.283
0.0,-0.289
0.0,-0.289
0.0,-0.289
0.0,-0.289
0.0,-0.289
0.0,-0.289
0.0,-0.289
0.0,-0.289
0.0,-0.289
0.0,-0.289
0.0,-0.289
0.0,-0.289
0.0,-0.289
0.0,-0.289
0.0,-0.289
0.0,-0.289
0.0,-0.289
0.0,-0.289
0.0,-0.289
0.0,-0.289
0.0,-0.289
0.0,-0.283
0.0,-0.289
0.0,-0.289
0.0,-0.277
0.0,-0.289
0.0,-0.289
0.0,-0.277
0.0,-0.289
0.0,-0.289
0.0,-0.289
0.0,-0.289
0.0,-0.289
0.0,-0.289
0.0,-0.289
0.014,-0.289
0.022,-0.289
0.022,-0.289
0.022,-0.289
0.022,-0.289
0.038,-0.289
0.038,-0.289
0.046,-0.289
0.046,-0.283
0.062,-0.289
0.077,-0.289
0.054,-0.289
0.054,-0.289
0.077,-0.289
0.077,-0.289
0.077,-0.289
0.054,-0.289
0.054,-0.289
0.054,-0.289
0.054,-0.289
0.054,-0.289
0.054,-0.289
0.054,-0.289
0.054,-0.289
0.054,-0.289
0.054,-0.289
0.054,-0.289
0.054,-0.289
0.054,-0.289
0.054,-0.289
0.054,-0.289
0.054,-0.289
0.054,-0.289
0.054,-0.289
0.054,-0.289
0.054,-0.289
0.077,-0.289
0.085,-0.283
0.077,-0.289
0.077,-0.289
0.077,-0.289
0.077,-0.289
0.077,-0.289
0.077,-0.289
0.077,-0.289
0.077,-0.289
0.077,-0.289
0.077,-0.289
0.077,-0.289
0.077,-0.289
0.125,-0.283
0.14,-0.289
0.156,-0.289
0.133,-0.289
0.133,-0.289
0.133,-0.289
0.133,-0.277
0.133,-0.289
0.133,-0.289
0.133,-0.277
0.133,-0.289
0.133,-0.289
0.133,-0.289
0.133,-0.289
0.133,-0.289
0.133,-0.289
0.133,-0.289
0.133,-0.289
0.133,-0.289
0.133,-0.289
0.133,-0.289
0.133,-0.25
0.133,-0.18
0.133,-0.076
0.133,-0.016
0.133,0.0
0.133,0.0
0.133,0.0
0.133,0.0
0.133,0.0
0.133,0.0
0.133,0.0
0.133,0.0
0.133,0.0
0.133,0.0
0.133,0.0
0.133,0.0
0.133,-0.028
0.133,-0.028
0.133,-0.028
0.133,-0.028
0.133,-0.028
0.133,-0.028
0.133,-0.028
0.133,-0.044
0.133,-0.05
0.133,-0.068
0.133,-0.068
0.133,-0.068
0.133,-0.083
0.133,-0.083
0.133,-0.107
0.133,-0.107
0.133,-0.107
0.133,-0.107
0.133,-0.107
0.133,-0.107
0.133,-0.147
0.133,-0.163
0.133,-0.163
0.133,-0.186
0.133,-0.174
0.117,-0.186
0.093,-0.186
0.077,-0.186
0.054,-0.186
0.077,-0.186
0.046,-0.186
0.022,-0.186
0.022,-0.186
0.014,-0.186
0.038,-0.186
0.038,-0.186
0.046,-0.186
0.006,-0.186
0.014,-0.186
0.006,-0.186
0.006,-0.186
0.006,-0.135
0.006,-0.044
0.006,-0.028
0.006,-0.028
0.006,-0.028
0.006,-0.028
0.006,-0.028
0.006,-0.028
0.038,-0.028
0.046,-0.028
0.046,-0.076
0.062,-0.115
0.077,-0.155
0.085,-0.186
0.085,-0.186
0.085,-0.186
0.085,-0.186
0.085,-0.186
0.085,-0.186
0.093,-0.186
0.093,-0.186
0.093,-0.186
0.093,-0.186
0.093,-0.186
0.101,-0.186
0.125,-0.186
0.14,-0.186
0.14,-0.123
0.14,-0.107
0.14,-0.068
0.14,-0.044
0.14,-0.044
0.14,-0.044
0.14,-0.044
0.14,-0.044
0.14,-0.044
0.14,-0.044
0.14,-0.044
0.14,-0.044
0.14,-0.083
0.14,-0.107
0.14,-0.129
0.14,-0.155
0.14,-0.163
0.14,-0.163
0.14,-0.186
0.14,-0.186
0.14,-0.186
0.14,-0.21
0.14,-0.226
0.14,-0.226
0.14,-0.226
0.14,-0.226
0.14,-0.226
0.14,-0.226
0.14,-0.226
0.14,-0.226
0.14,-0.226
0.14,-0.226
0.14,-0.226
0.14,-0.226
0.14,-0.226
0.14,-0.226
0.14,-0.226
0.14,-0.238
0.14,-0.25
0.14,-0.25
0.14,-0.25
0.14,-0.25
0.14,-0.25
0.14,-0.244
0.14,-0.25
0.14,-0.25
0.14,-0.25
0.14,-0.25
0.14,-0.238
0.14,-0.186
0.14,-0.163
0.14,-0.129
0.14,-0.123
0.14,-0.123
0.14,-0.123
0.14,-0.107
0.14,-0.107
0.14,-0.083
0.14,-0.107
0.14,-0.107
0.14,-0.101
0.14,-0.107
0.14,-0.107
0.14,-0.107
0.14,-0.107
0.14,-0.089
0.14,-0.107
0.14,-0.107
0.14,-0.107
0.14,-0.107
0.14,-0.107
0.14,-0.107
0.14,-0.107
0.14,-0.107
0.14,-0.101
0.14,-0.083
0.14,-0.107
0.14,-0.107
0.14,-0.107
0.14,-0.107
0.14,-0.107
0.14,-0.115
0.14,-0.18
0.14,-0.186
0.14,-0.186
0.14,-0.226
0.14,-0.226
0.14,-0.226
0.14,-0.226
0.14,-0.226
0.14,-0.226
0.14,-0.226
0.085,-0.226
0.062,-0.226
0.046,-0.226
0.014,-0.226
0.038,-0.226
0.014,-0.226
0.014,-0.226
0.014,-0.226
0.014,-0.226
0.014,-0.226
0.014,-0.226
0.014,-0.186
0.006,-0.163
0.006,-0.107
0.006,-0.107
0.006,-0.107
0.046,-0.101
0.054,-0.107
0.054,-0.083
0.054,-0.083
0.062,-0.083
0.062,-0.083
0.077,-0.056
0.164,-0.068
0.227,-0.068
0.243,-0.068
0.211,-0.068
0.085,-0.068
0.062,-0.068
0.038,-0.068
0.038,-0.068
0.022,-0.068
0.022,-0.068
0.014,-0.068
0.014,-0.062
0.014,-0.068
0.014,-0.068
0.014,-0.068
0.014,-0.068
0.014,-0.068
0.014,-0.068
0.006,-0.062
0.006,-0.068
0.006,-0.068
0.006,-0.068
0.006,-0.068
0.006,-0.068
0.006,-0.068
0.006,-0.068
0.006,-0.068
0.006,-0.068
0.0,-0.068
0.0,-0.068
0.0,-0.068
0.0,-0.068
0.0,-0.068
0.022,-0.068
0.014,-0.068
0.038,-0.056
0.054,-0.068
0.054,-0.068
0.046,-0.068
0.077,-0.068
0.077,-0.068
0.077,-0.068
0.077,-0.068
0.077,-0.068
0.077,-0.068
0.077,-0.068
0.077,-0.068
0.077,-0.068
0.077,-0.068
0.077,-0.068
0.077,-0.089
0.077,-0.107
0.077,-0.123
0.077,-0.123
0.077,-0.123
0.077,-0.123
0.085,-0.123
0.093,-0.123
0.117,-0.123
0.133,-0.123
0.14,-0.028
0.14,0.0
0.14,0.0
0.14,0.164
0.14,0.198
0.14,0.204
0.14,0.204
0.14,0.14
0.14,0.004
0.156,0.0
0.156,-0.107
0.156,-0.163
0.156,-0.163
0.156,-0.163
0.156,-0.163
0.156,-0.163
0.156,-0.163
0.164,-0.163
0.164,-0.163
0.164,-0.163
0.164,-0.163
0.164,-0.163
0.164,-0.163
0.164,-0.163
0.164,-0.163
0.164,-0.163
0.117,-0.163
0.093,-0.163
0.077,-0.163
0.054,-0.163
0.054,-0.163
0.038,-0.163
0.022,-0.123
0.022,-0.123
0.022,-0.111
0.014,-0.107
0.006,-0.107
0.0,-0.08
0.0,-0.068
0.0,-0.028
0.0,-0.028
0.0,-0.028
0.0,-0.028
0.0,-0.028
0.0,-0.028
0.0,-0.028
0.0,-0.028
0.0,-0.028
0.0,-0.028
0.0,-0.028
0.0,-0.028
0.0,-0.028
0.0,-0.028
0.0,-0.028
0.0,-0.028
0.0,-0.028
0.0,-0.028
0.0,-0.028
0.0,-0.028
0.0,-0.028
0.0,-0.028
0.0,-0.028
0.0,-0.028
0.0,-0.028
0.0,-0.028
0.0,-0.028
0.014,-0.028
0.022,-0.028
0.038,-0.028
0.046,-0.028
0.046,-0.028
0.046,-0.016
0.054,-0.028
0.062,-0.028
0.077,-0.028
0.054,-0.028
0.077,-0.028
0.077,-0.028
0.077,-0.028
0.077,-0.028
0.077,-0.028
0.077,-0.028
0.077,-0.028
0.077,-0.028
0.077,-0.028
0.077,-0.028
0.077,-0.028
0.077,-0.028
0.077,-0.028
0.077,-0.028
0.085,-0.028
0.085,-0.028
0.085,-0.028
0.062,-0.028
0.062,-0.028
0.062,-0.028
0.085,-0.028
0.085,-0.028
0.085,-0.028
0.085,-0.028
0.085,-0.028
0.085,-0.028
0.085,-0.028
0.085,-0.028
0.085,-0.028
0.085,-0.028
0.085,-0.028
0.085,-0.028
0.085,-0.028
0.085,-0.028
0.085,-0.028
0.085,-0.028
0.085,-0.028
0.085,-0.028
0.085,-0.028
0.085,-0.028
0.085,-0.028
0.085,-0.028
0.085,-0.028
0.085,-0.028
0.085,-0.028
0.085,-0.028
0.085,-0.028
0.085,-0.028
0.085,-0.028
0.085,-0.028
0.085,-0.028
0.085,-0.028
0.085,-0.028
0.085,-0.028
0.085,-0.028
0.085,-0.028
0.085,-0.028
0.085,-0.028
0.085,-0.028
0.085,-0.028
0.085,-0.028
0.085,-0.028
0.085,-0.028
0.085,-0.028
0.085,-0.028
0.085,-0.028
0.085,-0.028
0.085,-0.028
0.085,-0.028
0.085,-0.028
0.085,-0.028
0.085,-0.028
0.085,-0.028
0.085,-0.028
0.085,-0.028
0.085,-0.028
0.085,-0.028
0.085,-0.022
0.085,-0.028
0.085,-0.028
0.085,-0.028
0.085,-0.028
0.085,-0.028
0.085,-0.028
0.085,-0.028
0.085,-0.028
0.085,-0.028
0.093,-0.028
0.093,-0.028
0.093,-0.028
0.093,-0.028
0.093,-0.028
0.093,-0.028
0.093,-0.028
0.093,-0.028
0.093,-0.028
0.093,-0.028
0.093,-0.028
0.093,-0.028
0.093,-0.028
0.093,-0.028
0.093,-0.028
0.093,-0.028
0.093,-0.028
0.093,-0.028
0.093,-0.028
0.093,-0.028
0.093,-0.028
0.093,-0.028
0.101,-0.028
0.101,-0.028
0.101,-0.028
0.117,-0.028
0.117,-0.022
0.117,-0.028
0.117,-0.028
0.117,-0.028
0.093,-0.028
0.093,-0.028
0.093,-0.022
0.093,-0.028
0.093,-0.028
0.093,-0.028
0.093,-0.028
0.093,-0.028
0.093,-0.028
0.093,-0.028
0.093,-0.028
0.093,-0.028
0.093,-0.028
0.093,-0.028
0.093,-0.028
0.093,-0.028
0.093,-0.028
0.093,-0.028
0.093,-0.028
0.093,-0.028
0.093,-0.028
0.093,-0.028
0.093,-0.028
0.093,-0.028
0.093,-0.028
0.117,-0.028
0.117,-0.022
0.117,-0.028
0.117,-0.028
0.117,-0.028
0.117,-0.028
0.117,-0.028
0.117,-0.028
0.117,-0.028
0.117,-0.028
0.117,-0.028
0.117,-0.028
0.117,-0.028
0.117,-0.028
0.117,-0.028
0.117,-0.028
0.117,-0.022
0.117,-0.028
0.117,-0.028
0.117,-0.028
0.117,-0.028
0.117,-0.028
0.117,-0.028
0.117,-0.028
0.117,-0.028
0.117,-0.028
0.117,-0.028
0.117,-0.028
0.093,-0.028
0.133,-0.028
0.156,-0.028
0.156,-0.028
0.156,-0.028
0.156,-0.028
0.156,-0.028
0.156,-0.028
0.156,-0.028
0.156,-0.028
0.156,-0.028
0.156,-0.028
0.156,-0.028
0.156,-0.028
0.156,-0.028
0.156,-0.028
0.156,-0.028
0.156,-0.028
0.156,-0.028
0.156,-0.028
0.156,-0.028
0.156,-0.028
0.156,-0.028
0.156,-0.022
0.156,-0.028
0.156,-0.028
0.156,-0.016
0.156,-0.028
0.164,-0.028
0.164,-0.028
0.164,-0.028
0.164,-0.028
0.164,-0.028
0.164,-0.028
0.164,-0.028
0.164,-0.028
0.164,-0.028
0.164,-0.028
0.164,-0.022
0.164,-0.028
0.164,-0.028
0.093,-0.028
0.085,-0.028
0.046,-0.028
0.022,-0.022
0.014,-0.028
0.014,-0.028
0.006,-0.028
0.006,-0.028
0.0,-0.028
0.0,-0.028
0.0,-0.028
0.0,-0.028
0.0,-0.028
0.0,-0.028
0.0,-0.028
0.0,-0.028
0.0,-0.028
0.0,-0.022
0.0,-0.028
0.0,-0.028
0.0,-0.028
0.0,-0.028
0.0,-0.028
0.0,-0.028
0.0,-0.028
0.0,-0.028
0.0,-0.028
0.0,-0.028
0.0,-0.028
0.0,-0.028
0.0,-0.028
0.0,-0.028
0.0,-0.022
0.0,-0.028
0.0,-0.028
0.0,-0.016
0.0,-0.022
0.0,-0.028
0.0,-0.022
0.0,-0.028
0.0,-0.028
0.0,-0.028
0.0,-0.028
0.0,-0.028
0.0,-0.028
0.0,-0.028
0.0,-0.028
0.0,-0.028
0.0,-0.028
0.0,-0.028
0.0,-0.028
0.014,-0.028
0.014,-0.028
0.038,-0.028
0.038,-0.028
0.038,-0.028
0.038,-0.028
0.022,-0.028
0.046,-0.016
0.054,-0.028
0.054,-0.028
0.054,-0.028
0.054,-0.028
0.054,-0.028
0.054,-0.028
0.054,-0.028
0.054,-0.028
0.054,-0.028
0.054,-0.028
0.054,-0.028
0.054,-0.028
0.062,-0.022
0.062,-0.028
0.062,-0.028
0.062,-0.028
0.062,-0.028
0.062,-0.028
0.062,-0.028
0.062,-0.028
0.062,-0.028
0.062,-0.028
0.062,-0.028
0.062,-0.028
0.062,-0.028
0.062,-0.028
0.062,-0.028
0.062,-0.028
0.062,-0.028
0.062,-0.028
0.062,-0.028
0.062,-0.028
0.062,-0.016
0.062,-0.022
0.062,-0.028
0.062,-0.028
0.062,-0.028
0.062,-0.028
0.062,-0.028
0.062,-0.028
0.062,-0.028
0.062,-0.028
0.062,-0.028
0.062,-0.028
0.062,-0.028
0.062,-0.028
0.062,-0.016
0.062,-0.028
0.062,-0.028
0.062,-0.028
0.062,-0.028
0.062,-0.016
0.062,-0.004
0.062,-0.004
0.062,-0.004
0.062,-0.004
0.062,-0.004
0.062,-0.004
0.062,-0.004
0.077,-0.004
0.077,-0.004
0.085,-0.004
0.093,-0.004
0.093,-0.004
0.093,-0.004
0.093,0.0
0.093,0.0
0.093,0.0
0.093,0.0
0.093,0.0
0.093,0.0
0.093,0.0
0.093,0.0
0.093,0.0
0.093,0.0
0.093,0.0
0.093,0.022
0.093,0.022
0.093,0.022
0.093,0.022
0.093,0.022
0.093,0.038
0.093,0.056
0.093,0.062
0.093,0.077
0.093,0.077
0.093,0.101
0.093,0.105
0.093,0.117
0.093,0.117
0.093,0.117
0.093,0.117
0.093,0.117
0.093,0.117
0.093,0.117
0.093,0.117
0.093,0.117
0.093,0.117
0.093,0.117
0.093,0.117
0.093,0.117
0.093,0.117
0.093,0.117
0.093,0.117
0.093,0.117
0.093,0.117
0.093,0.117
0.093,0.117
0.093,0.117
0.093,0.117
0.093,0.117
0.093,0.117
0.093,0.117
0.093,0.117
0.093,0.117
0.093,0.117
0.093,0.117
0.093,0.117
0.093,0.117
0.093,0.117
0.093,0.117
0.093,0.117
0.093,0.117
0.093,0.117
0.093,0.117
0.093,0.117
0.093,0.117
0.093,0.117
0.093,0.117
0.093,0.117
0.093,0.117
0.093,0.123
0.093,0.117
0.093,0.117
0.093,0.117
0.093,0.117
0.093,0.117
0.093,0.117
0.093,0.117
0.093,0.117
0.093,0.117
0.093,0.109
0.093,0.117
0.101,0.117
0.101,0.117
0.101,0.117
0.117,0.117
0.117,0.117
0.117,0.117
0.117,0.117
0.117,0.117
0.117,0.117
0.117,0.117
0.117,0.113
0.125,0.117
0.125,0.117
0.133,0.117
0.133,0.109
0.133,0.083
0.14,0.062
0.156,0.038
0.156,0.03
0.156,0.016
0.156,0.0
0.156,0.0
0.156,0.0
0.156,0.0
0.156,0.0
0.156,0.0
0.156,0.0
0.156,0.0
0.156,0.0
0.156,0.0
0.156,0.0
0.156,0.0
0.156,0.0
0.156,0.0
0.125,0.0
0.085,0.0
0.085,0.0
0.062,0.0
0.046,0.0
0.046,0.0
0.046,0.0
0.014,0.0
0.0,0.0
0.0,0.0
0.0,0.0
0.0,0.0
0.0,0.0
0.0,0.0
0.0,0.0
0.0,0.0
0.0,0.0
0.0,0.0
0.0,0.0
0.0,0.0
0.0,0.0
0.0,0.0
0.0,0.0
0.0,0.0
0.0,0.0
0.006,0.0
0.006,0.0
0.014,0.0
0.014,0.0
0.022,0.0
0.022,0.0
0.038,0.0
0.046,0.0
0.054,0.0
0.085,0.0
0.085,0.0
0.093,0.0
0.093,0.0
0.093,0.0
0.093,-0.004
0.093,-0.004
0.093,-0.004
0.093,-0.004
0.093,-0.004
0.093,-0.004
0.101,-0.004
0.117,-0.004
0.125,-0.004
0.125,-0.004
0.133,0.0
0.14,0.0
0.14,0.03
0.133,0.077
0.156,0.14
0.164,0.164
0.164,0.18
0.164,0.18
0.164,0.18
0.164,0.18
0.164,0.18
0.164,0.095
0.164,0.004
0.164,0.0
0.164,0.0
0.172,0.0
0.172,-0.004
0.172,-0.004
0.172,-0.004
0.172,-0.004
0.172,-0.004
0.172,-0.004
0.172,-0.004
0.172,-0.004
0.172,-0.004
0.172,-0.004
0.172,-0.004
0.172,-0.004
0.172,-0.004
0.172,-0.004
0.172,-0.004
0.172,-0.004
0.172,-0.004
0.172,-0.004
0.172,-0.004
0.172,-0.004
0.172,-0.004
0.172,-0.004
0.172,-0.004
0.172,-0.004
0.172,-0.004
0.172,-0.004
0.117,-0.004
0.093,-0.004
0.093,-0.004
0.046,-0.004
0.038,-0.004
0.022,-0.004
0.006,-0.004
0.0,-0.004
0.0,-0.004
0.0,-0.004
0.0,-0.004
0.0,-0.004
0.0,-0.004
0.0,-0.004
0.0,-0.004
0.0,-0.004
0.0,-0.004
0.0,-0.004
0.0,-0.004
0.0,-0.004
0.0,-0.004
0.0,0.0
0.0,0.0
0.014,0.0
0.046,0.0
0.062,0.0
0.077,0.0
0.077,0.0
0.085,0.0
0.085,0.0
0.085,0.0
0.085,0.004
0.093,0.022
0.093,0.022
0.101,0.022
0.117,0.022
0.14,0.022
0.156,0.022
0.156,0.022
0.156,0.022
0.156,0.032
0.156,0.038
0.156,0.062
0.156,0.077
0.156,0.077
0.156,0.077
0.156,0.101
0.156,0.117
0.164,0.14
0.164,0.14
0.164,0.164
0.164,0.18
0.164,0.18
0.164,0.204
0.164,0.204
0.164,0.204
0.172,0.219
0.172,0.219
0.188,0.219
0.188,0.219
0.188,0.219
0.196,0.251
0.204,0.282
0.211,0.286
0.235,0.298
0.243,0.298
0.243,0.298
0.251,0.361
0.251,0.385
0.275,0.401
0.282,0.424
0.306,0.44
0.322,0.464
0.346,0.48
0.346,0.48
0.346,0.486
0.353,0.503
0.353,0.515
0.353,0.519
0.353,0.519
0.353,0.519
0.361,0.519
0.361,0.519
0.377,0.519
0.377,0.519
0.385,0.519
0.385,0.519
0.393,0.519
0.401,0.519
0.417,0.519
0.417,0.519
0.417,0.519
0.424,0.519
0.432,0.519
0.44,0.519
0.44,0.519
0.44,0.519
0.432,0.519
0.432,0.519
0.432,0.519
0.432,0.519
0.432,0.519
0.432,0.519
0.432,0.519
0.432,0.519
0.432,0.519
0.432,0.519
0.432,0.497
0.432,0.48
0.432,0.48
0.432,0.48
0.432,0.472
0.432,0.464
0.432,0.464
0.432,0.452
0.432,0.44
0.432,0.44
0.432,0.44
0.432,0.44
0.432,0.44
0.432,0.44
0.432,0.44
0.432,0.44
0.432,0.44
0.432,0.44
0.432,0.44
0.432,0.44
0.417,0.44
0.385,0.44
0.377,0.44
0.361,0.44
0.353,0.44
0.353,0.44
0.346,0.44
0.338,0.44
0.338,0.44
0.338,0.44
0.338,0.44
0.338,0.446
0.338,0.44
0.338,0.44
0.338,0.44
0.338,0.44
0.338,0.44
0.338,0.44
0.338,0.44
0.338,0.452
0.338,0.452
0.338,0.44
0.338,0.44
0.338,0.44
0.338,0.44
0.338,0.44
0.322,0.446
0.322,0.44
0.314,0.44
0.29,0.44
0.275,0.44
0.275,0.44
0.275,0.44
0.267,0.44
0.267,0.44
0.251,0.44
0.251,0.44
0.251,0.424
0.251,0.424
0.251,0.424
0.251,0.424
0.251,0.424
0.251,0.424
0.251,0.424
0.251,0.424
0.251,0.424
0.251,0.424
0.251,0.424
0.251,0.424
0.251,0.424
0.275,0.424
0.29,0.419
0.282,0.401
0.282,0.401
0.322,0.401
0.338,0.385
0.346,0.385
0.346,0.344
0.346,0.298
0.306,0.259
0.251,0.207
0.227,0.152
0.227,0.062
0.211,0.038
0.211,0.038
0.243,0.038
0.282,0.038
0.306,0.038
0.314,0.038
0.314,0.073
0.314,0.105
0.314,0.117
0.314,0.117
0.314,0.164
0.314,0.204
0.314,0.219
0.314,0.259
0.314,0.304
0.314,0.385
0.314,0.424
0.314,0.44
0.314,0.464
0.267,0.48
0.156,0.48
0.093,0.48
0.022,0.48
0.0,0.48
0.0,0.48
0.0,0.48
0.0,0.48
0.0,0.48
0.0,0.48
0.0,0.48
0.0,0.48
0.0,0.492
0.0,0.48
0.0,0.48
0.0,0.486
0.0,0.48
0.0,0.48
0.0,0.48
0.0,0.48
0.0,0.48
0.0,0.48
0.0,0.48
0.0,0.48
0.0,0.48
0.0,0.48
0.0,0.48
0.0,0.464
0.0,0.44
0.0,0.419
0.0,0.298
0.0,0.243
0.0,0.204
0.0,0.18
0.0,0.164
0.0,0.146
0.0,0.14
0.0,0.14
0.0,0.14
0.0,0.14
0.0,0.14
0.0,0.14
0.0,0.14
0.0,0.14
0.0,0.14
0.0,0.152
0.0,0.14
0.0,0.14
0.0,0.14
0.0,0.14
0.0,0.152
0.0,0.146
0.0,0.14
-0.023,0.14
-0.127,0.146
-0.183,0.158
-0.199,0.14
-0.199,0.146
-0.199,0.14
-0.199,0.204
-0.199,0.251
-0.199,0.385
-0.135,0.424
-0.047,0.48
0.0,0.503
0.0,0.503
0.0,0.503
0.0,0.507
0.0,0.519
0.0,0.519
0.0,0.519
0.0,0.519
0.0,0.519
0.0,0.519
0.0,0.519
0.0,0.48
0.0,0.464
0.0,0.464
0.0,0.464
0.0,0.446
0.0,0.44
0.0,0.424
0.0,0.424
0.0,0.397
0.0,0.379
0.0,0.322
0.0,0.322
0.0,0.298
0.0,0.298
0.0,0.282
0.0,0.282
0.0,0.282
0.0,0.282
0.0,0.282
0.0,0.271
0.0,0.259
0.0,0.259
0.0,0.259
0.0,0.259
0.0,0.259
0.0,0.298
0.0,0.33
0.0,0.385
0.006,0.424
0.038,0.424
0.062,0.424
0.125,0.424
0.164,0.424
0.164,0.44
0.172,0.44
0.188,0.44
0.188,0.44
0.188,0.44
0.188,0.44
0.188,0.44
0.188,0.44
0.188,0.44
0.188,0.44
0.188,0.44
0.188,0.401
0.188,0.401
0.188,0.401
0.188,0.401
0.188,0.401
0.188,0.401
0.117,0.401
0.085,0.401
0.077,0.407
0.062,0.401
0.046,0.401
0.014,0.401
0.0,0.389
0.0,0.385
0.0,0.361
0.0,0.361
0.0,0.361
0.0,0.322
0.0,0.322
0.014,0.322
0.006,0.322
0.054,0.298
0.062,0.298
0.085,0.298
0.085,0.361
0.117,0.401
0.164,0.424
0.164,0.44
0.172,0.44
0.188,0.44
0.188,0.44
0.188,0.44
0.196,0.385
0.196,0.322
0.172,0.298
0.172,0.298
0.196,0.282
0.196,0.265
0.196,0.259
0.211,0.259
0.227,0.271
0.243,0.259
0.243,0.259
0.243,0.259
0.188,0.265
0.117,0.259
0.093,0.259
0.022,0.259
0.0,0.259
0.0,0.259
0.0,0.259
0.0,0.259
0.0,0.259
0.0,0.259
-0.127,0.259
-0.223,0.259
-0.247,0.259
-0.247,0.259
-0.247,0.259
-0.247,0.259
-0.247,0.259
-0.247,0.259
-0.247,0.259
-0.247,0.259
-0.247,0.259
-0.247,0.259
-0.247,0.259
-0.247,0.259
-0.263,0.277
-0.263,0.259
-0.263,0.259
-0.263,0.259
-0.263,0.298
-0.263,0.298
-0.263,0.338
-0.263,0.338
-0.263,0.35
-0.263,0.338
-0.263,0.338
-0.263,0.338
-0.263,0.338
-0.263,0.338
-0.263,0.338
-0.263,0.338
-0.263,0.361
-0.263,0.385
-0.263,0.385
-0.263,0.385
-0.263,0.385
-0.263,0.385
-0.263,0.385
-0.263,0.385
-0.263,0.385
-0.263,0.389
-0.263,0.401
-0.263,0.401
-0.263,0.401
-0.263,0.401
-0.263,0.401
-0.263,0.401
-0.263,0.401
-0.263,0.401
-0.263,0.401
-0.279,0.401
-0.287,0.401
-0.303,0.401
-0.343,0.401
-0.343,0.401
-0.367,0.401
-0.367,0.401
-0.367,0.401
-0.367,0.401
-0.375,0.401
-0.351,0.401
-0.351,0.401
-0.375,0.401
-0.391,0.401
-0.391,0.401
-0.415,0.401
-0.439,0.401
-0.471,0.401
-0.471,0.401
-0.471,0.401
-0.471,0.401
-0.471,0.401
-0.471,0.401
-0.391,0.401
-0.047,0.401
0.0,0.401
0.0,0.401
0.0,0.401
0.0,0.424
0.0,0.507
0.0,0.555
0.0,0.628
-0.127,0.661
-0.159,0.661
-0.175,0.661
-0.183,0.661
-0.239,0.661
-0.239,0.661
-0.247,0.661
-0.311,0.622
-0.343,0.606
-0.351,0.606
-0.439,0.559
-0.471,0.543
-0.471,0.519
-0.471,0.519
-0.471,0.503
-0.479,0.48
-0.495,0.424
-0.495,0.385
-0.471,0.361
-0.471,0.304
-0.471,0.298
-0.471,0.298
-0.471,0.282
-0.215,0.259
-0.111,0.259
-0.071,0.219
-0.007,0.219
0.0,0.204
0.0,0.204
0.0,0.204
0.0,0.204
0.0,0.204
0.0,0.204
0.0,0.204
0.0,0.204
0.0,0.204
0.0,0.204
0.0,0.204
0.0,0.18
0.0,0.164
0.0,0.164
0.0,0.152
0.0,0.14
0.0,0.14
0.0,0.129
0.0,0.129
0.0,0.117
0.0,0.101
0.0,0.101
0.0,0.101
0.0,0.101
0.0,0.101
0.0,0.101
0.0,0.101
0.0,0.101
0.0,0.101
0.0,0.101
0.0,0.101
0.0,0.101
0.0,0.101
0.0,0.101
0.0,0.101
0.0,0.101
0.0,0.101
0.0,0.101
0.0,0.101
0.0,0.101
0.0,0.101
0.0,0.101
0.0,0.101
0.0,0.101
0.0,0.101
0.0,0.101
0.0,0.101
0.0,0.101
0.0,0.077
0.0,0.062
0.0,0.038
0.0,0.022
0.0,0.0
0.0,0.0
0.0,0.0
0.0,0.0
0.0,0.0
0.0,0.0
0.0,0.0
0.0,0.0
0.0,0.0
0.0,0.0
0.0,0.0
0.0,0.0
0.0,0.0
-0.047,0.0
-0.095,0.0
-0.159,0.0
-0.175,0.0
-0.175,0.0
-0.175,0.0
-0.175,0.0
-0.175,0.0
-0.175,0.056
-0.175,0.172
-0.175,0.282
-0.175,0.407
-0.175,0.44
-0.175,0.44
-0.175,0.44
-0.175,0.44
-0.175,0.44
-0.175,0.44
-0.175,0.401
-0.175,0.385
-0.175,0.385
-0.175,0.385
-0.135,0.367
-0.087,0.338
-0.087,0.316
-0.071,0.298
-0.071,0.282
-0.071,0.259
-0.071,0.259
-0.071,0.243
-0.071,0.243
-0.071,0.243
-0.071,0.243
-0.071,0.243
-0.071,0.243
-0.063,0.243
-0.007,0.243
0.0,0.243
0.0,0.243
0.0,0.243
0.0,0.243
0.0,0.243
0.0,0.243
0.0,0.243
0.0,0.243
0.0,0.243
0.0,0.243
0.0,0.243
0.0,0.243
0.0,0.243
0.0,0.243
0.0,0.243
0.0,0.243
0.0,0.243
0.0,0.243
0.0,0.243
0.0,0.243
0.0,0.243
0.0,0.243
0.0,0.243
0.0,0.243
0.0,0.243
0.0,0.243
0.0,0.243
0.0,0.243
0.0,0.243
0.0,0.243
0.0,0.243
0.0,0.243
0.0,0.243
0.0,0.243
0.0,0.243
0.0,0.243
-0.047,0.243
-0.095,0.243
-0.095,0.243
-0.111,0.219
-0.111,0.204
-0.087,0.192
-0.063,0.146
-0.063,0.05
-0.031,0.0
-0.007,0.0
0.0,0.0
0.0,0.0
0.0,0.0
0.0,0.0
0.0,0.0
0.0,0.0
0.0,0.0
0.0,0.0
0.0,0.0
0.0,0.0
0.0,0.0
0.0,0.0
0.0,0.0
0.0,0.0
0.0,0.0
0.0,0.0
0.0,-0.004
0.006,-0.004
0.006,-0.004
0.006,-0.004
0.006,-0.004
0.006,-0.004
0.006,-0.004
0.006,-0.004
0.006,-0.004
0.006,-0.004
0.006,-0.004
0.006,-0.004
0.006,-0.004
0.006,-0.004
0.006,-0.004
0.006,-0.004
0.006,-0.004
0.006,-0.004
0.006,-0.004
0.006,-0.004
0.006,-0.004
0.006,-0.004
0.006,-0.004
0.006,-0.004
0.006,-0.004
0.006,-0.004
0.006,-0.004
0.006,-0.004
0.006,-0.004
0.006,-0.004
0.006,-0.004
0.006,-0.004
0.006,-0.004
0.006,-0.004
0.006,-0.004
0.006,-0.004
0.006,-0.004
0.006,-0.004
0.006,-0.004
0.006,-0.004
0.006,-0.004
0.006,-0.004
0.006,-0.004
0.006,-0.004
0.006,-0.004
0.006,-0.004
0.006,-0.004
-0.023,-0.004
-0.031,-0.004
-0.031,-0.004
-0.047,-0.004
-0.047,-0.004
-0.047,-0.004
-0.047,-0.004
-0.047,-0.004
-0.047,-0.004
-0.047,-0.004
-0.047,-0.004
-0.047,-0.004
-0.047,-0.004
-0.047,-0.004
-0.047,-0.004
-0.047,-0.004
-0.047,-0.004
-0.047,-0.004
-0.047,-0.004
-0.047,-0.004
-0.063,-0.004
-0.063,-0.004
-0.071,-0.022
-0.087,-0.028
-0.095,-0.016
-0.095,-0.028
-0.127,-0.028
-0.135,-0.028
-0.135,-0.028
-0.151,-0.01
-0.175,-0.028
-0.159,-0.028
-0.183,-0.004
-0.183,-0.028
-0.183,-0.028
-0.183,-0.028
-0.183,-0.028
-0.199,-0.028
-0.239,-0.028
-0.223,-0.028
-0.247,-0.028
-0.247,-0.028
-0.263,-0.028
-0.279,-0.028
-0.279,-0.028
-0.279,-0.028
-0.279,-0.028
-0.279,-0.028
-0.279,-0.028
-0.279,-0.028
-0.279,-0.028
-0.279,-0.028
-0.279,-0.028
-0.287,-0.022
-0.287,-0.028
-0.287,-0.028
-0.287,-0.028
-0.287,-0.022
-0.287,-0.01
-0.287,-0.028
-0.287,-0.028
-0.287,-0.01
-0.287,-0.028
-0.287,-0.028
-0.287,-0.028
-0.287,-0.028
-0.287,-0.016
-0.263,-0.028
-0.287,-0.028
-0.303,-0.016
-0.303,-0.004
-0.303,0.0
-0.303,0.135
-0.279,0.219
-0.311,0.259
-0.343,0.298
-0.351,0.298
-0.351,0.298
-0.351,0.298
-0.351,0.298
-0.351,0.298
-0.351,0.298
-0.375,0.298
-0.431,0.298
-0.431,0.298
-0.471,0.298
-0.479,0.298
-0.495,0.298
-0.503,0.298
-0.535,0.298
-0.543,0.298
-0.543,0.316
-0.607,0.298
-0.647,0.31
-0.655,0.298
-0.655,0.298
-0.655,0.304
-0.671,0.298
-0.671,0.298
-0.671,0.298
-0.671,0.298
-0.671,0.298
-0.671,0.298
-0.671,0.298
-0.671,0.298
-0.671,0.298
-0.671,0.298
-0.671,0.298
-0.671,0.298
-0.671,0.298
-0.671,0.304
-0.671,0.298
-0.671,0.298
-0.671,0.298
-0.671,0.31
-0.671,0.304
-0.671,0.298
-0.671,0.298
-0.671,0.298
-0.671,0.298
-0.671,0.298
-0.671,0.298
-0.671,0.298
-0.671,0.298
-0.671,0.298
-0.671,0.298
-0.671,0.298
-0.671,0.298
-0.671,0.298
-0.671,0.298
-0.671,0.304
-0.671,0.298
-0.671,0.31
-0.671,0.298
-0.671,0.298
-0.671,0.298
-0.671,0.298
-0.671,0.298
-0.671,0.298
-0.671,0.304
-0.671,0.298
-0.671,0.298
-0.671,0.298
-0.671,0.298
-0.671,0.298
-0.671,0.31
-0.671,0.298
-0.671,0.298
-0.671,0.298
-0.671,0.298
-0.671,0.298
-0.671,0.298
-0.671,0.298
-0.671,0.298
-0.671,0.298
-0.583,0.298
-0.543,0.298
-0.439,0.298
-0.375,0.298
-0.375,0.298
-0.407,0.31
-0.407,0.298
-0.375,0.298
-0.375,0.298
-0.375,0.298
-0.375,0.298
-0.375,0.298
-0.375,0.298
-0.375,0.298
-0.375,0.31
-0.375,0.298
-0.375,0.298
-0.375,0.316
-0.375,0.385
-0.375,0.428
-0.455,0.472
-0.479,0.48
-0.535,0.519
-0.607,0.531
-0.607,0.519
-0.607,0.519
-0.607,0.519
-0.607,0.519
-0.607,0.519
-0.607,0.519
-0.607,0.519
-0.607,0.519
-0.607,0.519
-0.607,0.519
-0.623,0.519
-0.623,0.519
-0.623,0.519
-0.623,0.519
-0.623,0.519
-0.623,0.519
-0.623,0.519
-0.623,0.519
-0.623,0.519
-0.623,0.519
-0.623,0.525
-0.567,0.519
-0.543,0.519
-0.535,0.519
-0.519,0.519
-0.455,0.519
-0.391,0.519
-0.391,0.519
-0.375,0.519
-0.351,0.519
-0.351,0.519
-0.343,0.519
-0.327,0.519
-0.327,0.519
-0.327,0.519
-0.311,0.511
-0.303,0.503
-0.303,0.486
-0.287,0.464
-0.279,0.44
-0.247,0.424
-0.215,0.385
-0.183,0.361
-0.183,0.322
-0.183,0.31
-0.183,0.31
-0.175,0.298
-0.175,0.298
-0.175,0.298
-0.175,0.298
-0.175,0.316
-0.175,0.298
-0.175,0.31
-0.175,0.298
-0.175,0.298
-0.175,0.298
-0.175,0.298
-0.175,0.298
-0.175,0.298
-0.175,0.298
-0.175,0.298
-0.175,0.298
-0.175,0.304
-0.175,0.298
-0.175,0.338
-0.175,0.385
-0.175,0.385
-0.175,0.424
-0.175,0.424
-0.175,0.424
-0.175,0.44
-0.175,0.44
-0.175,0.44
-0.175,0.464
-0.175,0.464
-0.175,0.464
-0.175,0.48
-0.175,0.48
-0.175,0.48
-0.199,0.48
-0.247,0.48
-0.311,0.48
-0.343,0.48
-0.375,0.48
-0.375,0.48
-0.391,0.48
-0.391,0.48
-0.391,0.48
-0.415,0.48
-0.407,0.48
-0.439,0.48
-0.471,0.48
-0.479,0.48
-0.455,0.48
-0.455,0.48
-0.479,0.48
-0.479,0.48
-0.495,0.48
-0.519,0.48
-0.583,0.48
-0.647,0.48
-0.735,0.48
-0.759,0.48
-0.759,0.48
-0.759,0.48
-0.775,0.48
-0.775,0.48
-0.775,0.519
-0.775,0.519
-0.775,0.543
-0.775,0.543
-0.775,0.543
-0.775,0.543
-0.775,0.543
-0.775,0.543
-0.775,0.543
-0.775,0.559
-0.775,0.519
-0.775,0.492
-0.751,0.464
-0.695,0.424
-0.479,0.385
-0.431,0.334
-0.343,0.298
-0.287,0.271
-0.111,0.243
-0.063,0.219
-0.047,0.219
0.0,0.219
0.0,0.219
0.0,0.219
0.0,0.219
0.0,0.219
0.0,0.219
0.0,0.219
0.0,0.219
0.0,0.219
0.0,0.219
0.0,0.219
0.0,0.219
0.0,0.219
0.0,0.219
0.0,0.219
0.0,0.219
0.0,0.219
0.0,0.219
0.0,0.219
0.0,0.219
0.0,0.219
0.0,0.219
0.0,0.219
0.0,0.231
0.0,0.219
0.0,0.219
0.0,0.219
0.0,0.219
0.0,0.219
0.0,0.219
0.0,0.225
0.0,0.219
0.0,0.219
0.0,0.219
0.0,0.219
0.0,0.219
0.0,0.219
0.0,0.219
-0.031,0.219
-0.095,0.219
-0.159,0.219
-0.199,0.219
-0.199,0.219
-0.199,0.219
-0.239,0.219
-0.279,0.219
-0.303,0.219
-0.303,0.219
-0.311,0.219
-0.327,0.219
-0.327,0.219
-0.327,0.219
-0.343,0.219
-0.327,0.219
-0.327,0.219
-0.327,0.219
-0.327,0.219
-0.327,0.219
-0.327,0.219
-0.327,0.204
-0.327,0.204
-0.327,0.164
-0.327,0.135
-0.327,0.101
-0.327,0.101
-0.327,0.089
-0.327,0.077
-0.327,0.077
-0.327,0.083
-0.327,0.077
-0.327,0.083
-0.327,0.077
-0.327,0.077
-0.327,0.109
-0.327,0.192
-0.327,0.225
-0.327,0.282
-0.351,0.338
-0.351,0.361
-0.351,0.367
-0.351,0.385
-0.351,0.385
-0.351,0.367
-0.351,0.379
-0.351,0.379
-0.351,0.385
-0.351,0.385
-0.351,0.361
-0.351,0.379
-0.351,0.379
-0.351,0.367
-0.351,0.361
-0.351,0.373
-0.351,0.361
-0.351,0.379
-0.351,0.361
-0.351,0.361
-0.351,0.367
-0.351,0.373
-0.351,0.361
-0.351,0.361
-0.351,0.367
-0.351,0.361
-0.351,0.361
-0.351,0.379
-0.351,0.361
-0.351,0.367
-0.351,0.361
-0.351,0.361
-0.351,0.373
-0.351,0.385
-0.351,0.385
-0.351,0.401
-0.351,0.424
-0.351,0.44
-0.351,0.44
-0.351,0.44
-0.351,0.458
-0.351,0.44
-0.351,0.446
-0.351,0.458
-0.351,0.44
-0.351,0.44
-0.351,0.44
-0.351,0.44
-0.351,0.44
-0.351,0.421
-0.351,0.361
-0.351,0.298
-0.351,0.259
-0.351,0.243
-0.351,0.219
-0.351,0.204
-0.351,0.204
-0.351,0.204
-0.351,0.204
-0.351,0.18
-0.351,0.164
-0.351,0.164
-0.351,0.14
-0.351,0.14
-0.351,0.129
-0.351,0.117
-0.351,0.101
-0.351,0.101
-0.351,0.101
-0.351,0.101
-0.351,0.101
-0.351,0.101
-0.351,0.101
-0.351,0.101
-0.351,0.101
-0.351,0.101
-0.351,0.101
-0.351,0.101
-0.351,0.101
-0.351,0.101
-0.351,0.101
-0.351,0.111
-0.351,0.204
-0.351,0.219
-0.351,0.219
-0.351,0.237
-0.351,0.259
-0.351,0.259
-0.351,0.259
-0.351,0.259
-0.351,0.259
-0.351,0.271
-0.351,0.259
-0.351,0.259
-0.351,0.259
-0.351,0.259
-0.351,0.259
-0.351,0.259
-0.351,0.259
-0.351,0.259
-0.351,0.259
-0.351,0.259
-0.351,0.259
-0.327,0.259
-0.327,0.259
-0.327,0.259
-0.311,0.259
-0.311,0.259
-0.311,0.259
-0.311,0.259
-0.311,0.259
-0.311,0.259
-0.311,0.259
-0.311,0.259
-0.287,0.259
-0.279,0.259
-0.263,0.259
-0.247,0.259
-0.279,0.259
-0.247,0.259
-0.247,0.259
-0.247,0.259
-0.247,0.259
-0.247,0.259
-0.247,0.259
-0.247,0.259
-0.247,0.259
-0.247,0.259
-0.247,0.259
-0.247,0.259
-0.247,0.259
-0.247,0.259
-0.247,0.259
-0.247,0.259
-0.247,0.259
-0.247,0.259
-0.247,0.259
-0.247,0.259
-0.247,0.259
-0.247,0.259
-0.247,0.259
-0.247,0.259
-0.247,0.259
-0.247,0.259
-0.247,0.259
-0.247,0.259
-0.247,0.259
-0.247,0.259
-0.247,0.259
-0.247,0.259
-0.247,0.259
-0.247,0.259
-0.247,0.259
-0.247,0.259
-0.247,0.259
-0.247,0.259
-0.247,0.259
-0.247,0.259
-0.247,0.259
-0.247,0.259
-0.247,0.259
-0.247,0.259
-0.247,0.259
-0.247,0.259
-0.247,0.259
-0.247,0.259
-0.247,0.259
-0.247,0.259
-0.247,0.294
-0.247,0.385
-0.247,0.424
-0.247,0.44
-0.279,0.44
-0.367,0.44
-0.455,0.44
-0.535,0.44
-0.535,0.44
-0.535,0.44
-0.535,0.44
-0.535,0.44
-0.535,0.44
-0.535,0.44
-0.559,0.44
-0.607,0.44
-0.623,0.44
-0.623,0.446
-0.623,0.44
-0.623,0.44
-0.623,0.44
-0.623,0.44
-0.623,0.44
-0.623,0.44
-0.623,0.44
-0.623,0.44
-0.623,0.44
-0.623,0.44
-0.623,0.44
-0.631,0.44
-0.631,0.44
-0.631,0.44
-0.631,0.446
-0.631,0.44
-0.631,0.44
-0.631,0.44
-0.631,0.44
-0.631,0.44
-0.631,0.44
-0.631,0.44
-0.631,0.44
-0.631,0.44
-0.631,0.44
-0.631,0.44
-0.631,0.44
-0.631,0.44
-0.631,0.44
-0.631,0.44
-0.631,0.44
-0.631,0.44
-0.631,0.44
-0.631,0.44
-0.631,0.44
-0.631,0.44
-0.631,0.446
-0.631,0.44
-0.631,0.44
-0.631,0.44
-0.631,0.44
-0.631,0.44
-0.631,0.44
-0.631,0.44
-0.631,0.452
-0.631,0.44
-0.631,0.44
-0.631,0.458
-0.631,0.48
-0.631,0.48
-0.631,0.48
-0.631,0.48
-0.631,0.48
-0.607,0.48
-0.607,0.48
-0.607,0.48
-0.607,0.48
-0.607,0.48
-0.607,0.48
-0.591,0.48
-0.567,0.48
-0.559,0.48
-0.479,0.48
-0.367,0.48
-0.223,0.48
-0.151,0.48
-0.127,0.48
-0.095,0.48
-0.087,0.48
-0.087,0.48
-0.087,0.48
-0.047,0.48
0.0,0.48
0.0,0.48
0.0,0.48
0.0,0.48
0.0,0.48
0.0,0.48
0.0,0.48
0.0,0.48
0.0,0.48
0.0,0.48
0.0,0.48
0.0,0.48
0.0,0.48
0.0,0.48
0.0,0.48
0.0,0.48
0.0,0.48
0.0,0.48
0.0,0.424
0.0,0.401
0.0,0.385
0.0,0.338
0.0,0.322
0.0,0.298
0.0,0.304
0.0,0.298
0.0,0.298
0.0,0.298
0.0,0.282
0.0,0.282
0.0,0.282
0.0,0.282
0.0,0.282
0.0,0.282
0.0,0.282
0.006,0.282
0.014,0.282
0.014,0.282
0.022,0.282
0.038,0.282
0.014,0.282
0.014,0.282
0.038,0.282
0.038,0.282
0.022,0.282
0.046,0.282
0.054,0.282
0.054,0.282
0.054,0.282
0.054,0.282
0.054,0.282
0.054,0.282
0.054,0.282
0.054,0.282
0.054,0.282
0.054,0.282
0.054,0.282
0.054,0.282
0.054,0.282
0.054,0.282
0.054,0.282
0.054,0.282
0.054,0.282
0.054,0.282
0.054,0.282
0.054,0.282
0.054,0.282
0.054,0.282
0.054,0.282
0.054,0.282
0.054,0.265
0.054,0.259
0.054,0.259
0.054,0.259
0.054,0.259
0.054,0.259
0.022,0.259
0.0,0.259
0.0,0.259
-0.031,0.259
-0.111,0.259
-0.135,0.259
-0.183,0.259
-0.183,0.259
-0.199,0.255
-0.287,0.259
-0.311,0.259
-0.343,0.243
-0.351,0.243
-0.367,0.243
-0.367,0.243
-0.367,0.243
-0.375,0.243
-0.351,0.243
-0.351,0.243
-0.351,0.259
-0.351,0.259
-0.351,0.259
-0.351,0.259
-0.351,0.259
-0.351,0.259
-0.351,0.259
-0.351,0.259
-0.351,0.259
-0.351,0.259
-0.351,0.259
-0.351,0.259
-0.351,0.259
-0.351,0.259
-0.351,0.259
-0.351,0.259
-0.351,0.259
-0.351,0.259
-0.375,0.259
-0.351,0.259
-0.351,0.259
-0.343,0.259
-0.303,0.259
-0.303,0.259
-0.303,0.259
-0.303,0.259
-0.279,0.259
-0.279,0.259
-0.263,0.259
-0.215,0.259
-0.151,0.259
-0.111,0.259
-0.087,0.243
-0.031,0.243
-0.007,0.243
0.0,0.243
0.0,0.253
0.0,0.259
0.0,0.259
0.0,0.259
0.0,0.259
0.0,0.259
0.0,0.259
0.0,0.259
0.0,0.259
0.0,0.259
0.0,0.243
0.0,0.243
0.0,0.219
0.0,0.215
0.0,0.204
0.0,0.204
0.0,0.204
0.0,0.204
0.0,0.282
0.0,0.361
-0.047,0.385
-0.063,0.419
-0.063,0.424
-0.063,0.424
-0.063,0.424
-0.063,0.424
-0.063,0.424
-0.063,0.44
-0.063,0.44
-0.063,0.44
-0.063,0.44
-0.063,0.44
-0.095,0.44
-0.095,0.44
-0.111,0.44
-0.135,0.44
-0.175,0.44
-0.239,0.44
-0.311,0.44
-0.327,0.44
-0.367,0.44
-0.343,0.44
-0.343,0.44
-0.343,0.44
-0.343,0.401
-0.343,0.401
-0.343,0.401
-0.367,0.401
-0.367,0.401
-0.367,0.401
-0.367,0.389
-0.367,0.385
-0.367,0.385
-0.375,0.385
-0.375,0.361
-0.351,0.361
-0.375,0.322
-0.375,0.322
-0.351,0.298
-0.375,0.31
-0.375,0.298
-0.407,0.298
-0.415,0.31
-0.431,0.31
-0.455,0.298
-0.519,0.298
-0.535,0.298
-0.535,0.298
-0.535,0.298
-0.543,0.298
-0.543,0.298
-0.543,0.298
-0.543,0.298
-0.543,0.298
-0.543,0.298
-0.543,0.298
-0.543,0.298
-0.543,0.298
-0.543,0.298
-0.543,0.298
-0.543,0.298
-0.543,0.298
-0.543,0.298
-0.543,0.298
-0.543,0.298
-0.543,0.298
-0.543,0.298
-0.543,0.298
-0.543,0.298
-0.543,0.298
-0.543,0.298
-0.543,0.298
-0.543,0.298
-0.543,0.298
-0.543,0.298
-0.543,0.298
-0.543,0.298
-0.543,0.298
-0.543,0.298
-0.543,0.298
-0.543,0.298
-0.455,0.298
-0.263,0.298
-0.111,0.298
-0.111,0.298
-0.111,0.298
-0.063,0.298
-0.031,0.298
0.0,0.298
-0.007,0.298
0.0,0.298
0.0,0.298
0.0,0.298
0.0,0.298
0.0,0.298
0.0,0.298
0.0,0.298
0.0,0.298
0.0,0.298
0.0,0.298
0.0,0.298
0.0,0.298
0.0,0.298
0.006,0.265
0.014,0.243
0.014,0.219
0.014,0.207
0.014,0.204
0.022,0.18
0.022,0.164
0.022,0.14
0.022,0.14
0.022,0.123
0.022,0.117
0.014,0.129
0.014,0.14
0.014,0.14
0.0,0.14
0.0,0.14
-0.111,0.204
-0.151,0.219
-0.183,0.259
-0.287,0.298
-0.343,0.298
-0.375,0.355
-0.375,0.361
-0.375,0.361
-0.375,0.361
-0.375,0.361
-0.375,0.373
-0.375,0.385
-0.375,0.385
-0.391,0.385
-0.391,0.385
-0.391,0.424
-0.391,0.424
-0.391,0.424
-0.391,0.424
-0.391,0.424
-0.391,0.424
-0.391,0.424
-0.391,0.424
-0.391,0.44
-0.391,0.44
-0.391,0.44
-0.391,0.344
-0.391,0.286
-0.391,0.219
-0.391,0.204
-0.391,0.164
-0.391,0.164
-0.391,0.164
-0.391,0.164
-0.391,0.164
-0.391,0.164
-0.391,0.164
-0.407,0.164
-0.407,0.164
-0.407,0.164
-0.375,0.164
-0.375,0.164
-0.375,0.164
-0.375,0.164
-0.375,0.164
-0.375,0.164
-0.375,0.164
-0.375,0.164
-0.375,0.219
-0.375,0.259
-0.375,0.361
-0.375,0.389
-0.375,0.424
-0.375,0.44
-0.375,0.44
-0.375,0.458
-0.375,0.44
-0.375,0.44
-0.375,0.44
-0.375,0.44
-0.375,0.44
-0.375,0.44
-0.375,0.44
-0.375,0.44
-0.367,0.44
-0.303,0.452
-0.303,0.44
-0.303,0.44
-0.303,0.44
-0.287,0.44
-0.311,0.44
-0.311,0.44
-0.311,0.44
-0.311,0.44
-0.311,0.44
-0.311,0.44
-0.311,0.44
-0.279,0.44
-0.215,0.44
-0.111,0.44
-0.047,0.44
-0.031,0.44
0.0,0.44
0.0,0.452
0.0,0.44
0.0,0.458
0.0,0.44
0.0,0.44
0.0,0.446
0.006,0.44
0.014,0.44
0.014,0.44
0.022,0.44
0.022,0.44
0.022,0.44
0.062,0.44
0.125,0.44
0.156,0.44
0.164,0.44
0.164,0.452
0.164,0.44
0.164,0.44
0.164,0.44
0.164,0.44
0.164,0.446
0.164,0.44
0.164,0.44
0.164,0.44
0.164,0.44
0.164,0.44
0.164,0.44
0.164,0.44
0.164,0.44
0.164,0.44
0.164,0.44
0.125,0.464
0.054,0.446
0.022,0.452
0.038,0.44
0.006,0.44
0.0,0.446
0.0,0.44
0.0,0.44
0.0,0.44
0.0,0.44
0.0,0.44
0.0,0.44
0.0,0.44
0.0,0.44
0.0,0.44
0.0,0.44
0.0,0.44
-0.023,0.44
-0.063,0.44
-0.087,0.44
-0.087,0.44
-0.095,0.44
-0.095,0.44
-0.095,0.44
-0.111,0.44
-0.111,0.44
-0.111,0.44
-0.111,0.44
-0.127,0.44
-0.127,0.44
-0.127,0.44
-0.127,0.44
-0.127,0.44
-0.127,0.44
-0.127,0.44
-0.127,0.452
-0.127,0.44
-0.127,0.44
-0.127,0.44
-0.127,0.44
-0.127,0.44
-0.127,0.44
-0.127,0.44
-0.127,0.44
-0.135,0.44
-0.135,0.44
-0.135,0.44
-0.135,0.44
-0.135,0.44
-0.135,0.44
-0.135,0.44
-0.135,0.44
-0.135,0.446
-0.135,0.452
-0.135,0.446
-0.135,0.44
-0.135,0.44
-0.135,0.44
-0.135,0.44
-0.135,0.44
-0.135,0.44
-0.135,0.44
-0.135,0.44
-0.135,0.44
-0.135,0.44
-0.135,0.452
-0.135,0.44
-0.135,0.44
-0.135,0.44
-0.135,0.44
-0.071,0.446
-0.095,0.44
-0.063,0.44
-0.023,0.44
-0.007,0.44
0.0,0.44
-0.007,0.44
-0.007,0.44
-0.007,0.44
-0.007,0.44
-0.007,0.44
-0.007,0.44
-0.023,0.44
-0.071,0.44
-0.087,0.44
-0.095,0.44
-0.095,0.446
-0.111,0.44
-0.127,0.446
-0.135,0.44
-0.159,0.44
-0.183,0.44
-0.183,0.44
-0.215,0.44
-0.223,0.44
-0.247,0.44
-0.279,0.44
-0.247,0.44
-0.247,0.44
-0.247,0.452
-0.247,0.44
-0.247,0.44
-0.247,0.44
-0.247,0.44
