valence,arousal
0.101,0.117
0.101,0.117
0.101,0.117
0.101,0.117
0.101,0.117
0.101,0.117
0.101,0.117
0.101,0.117
0.101,0.117
0.101,0.117
0.101,0.117
0.101,0.117
0.101,0.117
0.101,0.117
0.101,0.117
0.101,0.117
0.101,0.117
0.101,0.117
0.101,0.117
0.101,0.117
0.101,0.117
0.101,0.117
0.101,0.117
0.101,0.117
0.101,0.117
0.101,0.117
0.101,0.117
0.101,0.117
0.101,0.117
0.101,0.117
0.101,0.123
0.101,0.158
0.101,0.18
0.101,0.207
0.101,0.219
0.101,0.219
0.117,0.219
0.101,0.219
0.14,0.219
0.14,0.219
0.14,0.219
0.14,0.219
0.14,0.219
0.14,0.219
0.14,0.219
0.14,0.219
0.14,0.219
0.14,0.219
0.14,0.219
0.156,0.219
0.164,0.219
0.204,0.219
0.204,0.219
0.204,0.219
0.204,0.219
0.204,0.219
0.204,0.219
0.204,0.219
0.204,0.219
0.204,0.219
0.204,0.219
0.204,0.219
0.204,0.219
0.204,0.219
0.204,0.219
0.204,0.219
0.204,0.219
0.204,0.219
0.204,0.219
0.204,0.219
0.204,0.219
0.204,0.219
0.204,0.219
0.204,0.219
0.204,0.219
0.204,0.164
0.204,0.14
0.204,0.089
0.204,0.062
0.204,0.038
0.204,0.038
0.204,0.038
0.204,0.022
0.204,0.022
0.204,0.01
0.204,0.016
0.204,0.0
0.204,0.0
0.204,0.0
0.204,0.0
0.204,0.0
0.204,0.0
0.204,0.0
0.204,0.0
0.204,0.0
0.204,0.0
0.204,0.0
0.164,0.0
0.133,0.0
0.117,0.0
0.077,0.0
0.062,0.0
0.062,0.0
0.085,0.0
0.085,0.0
0.085,0.0
0.085,0.0
0.062,0.0
0.062,0.0
0.062,0.0
0.062,0.0
0.062,0.0
0.062,0.0
0.062,0.0
0.062,0.0
0.062,0.0
0.062,0.0
0.062,0.0
0.062,0.0
0.062,0.0
0.062,0.0
0.062,0.0
0.062,0.0
0.062,0.0
0.062,0.0
0.062,0.0
0.062,0.0
0.062,0.0
0.085,0.0
0.101,0.0
0.164,0.0
0.188,0.0
0.196,0.0
0.196,0.0
0.204,0.0
0.204,0.0
0.204,0.0
0.204,0.0
0.204,0.0
0.204,0.0
0.204,0.004
0.204,0.089
0.204,0.129
0.204,0.164
0.204,0.164
0.227,0.18
0.243,0.18
0.243,0.204
0.243,0.219
0.243,0.219
0.243,0.219
0.243,0.219
0.243,0.219
0.243,0.219
0.243,0.219
0.243,0.219
0.243,0.219
0.267,0.243
0.267,0.243
0.267,0.259
0.243,0.259
0.243,0.259
0.243,0.259
0.267,0.259
0.267,0.259
0.267,0.259
0.267,0.259
0.267,0.259
0.267,0.259
0.267,0.259
0.267,0.259
0.267,0.259
0.267,0.259
0.267,0.259
0.243,0.219
0.243,0.204
0.243,0.204
0.243,0.204
0.204,0.204
0.196,0.204
0.188,0.18
0.188,0.18
0.164,0.164
0.164,0.14
0.164,0.14
0.156,0.117
0.156,0.117
0.156,0.117
0.156,0.101
0.156,0.077
0.14,0.062
0.14,0.056
0.14,0.038
0.14,0.038
0.101,0.038
0.117,0.038
0.093,0.022
0.117,0.022
0.093,0.022
0.093,0.022
0.093,0.004
0.093,0.0
0.085,0.0
0.085,0.01
0.077,0.0
0.077,0.0
0.077,0.0
0.077,0.01
0.077,0.0
0.077,0.022
0.101,0.022
0.164,0.038
0.172,0.089
0.172,0.105
0.172,0.14
0.172,0.18
0.172,0.204
0.172,0.204
0.172,0.204
0.172,0.219
0.14,0.219
0.14,0.219
0.093,0.219
0.046,0.219
0.062,0.219
0.062,0.219
0.062,0.219
0.062,0.219
0.062,0.219
0.062,0.219
0.062,0.219
0.062,0.219
0.062,0.219
0.062,0.219
0.062,0.219
0.062,0.219
0.062,0.204
0.062,0.18
0.062,0.18
0.062,0.164
0.062,0.164
0.062,0.164
0.062,0.164
0.062,0.14
0.062,0.14
0.062,0.14
0.062,0.14
0.062,0.117
0.062,0.117
0.062,0.101
0.062,0.101
0.062,0.101
0.133,0.101
0.133,0.077
0.133,0.077
0.133,0.062
0.133,0.062
0.133,0.062
0.133,0.062
0.133,0.062
0.133,0.038
0.133,0.038
0.133,0.038
0.133,0.038
0.133,0.038
0.133,0.038
0.133,0.022
0.133,0.022
0.133,0.022
0.133,0.022
0.133,0.022
0.133,0.022
0.133,0.022
0.133,0.022
0.133,0.022
0.133,0.022
0.133,0.022
0.133,0.004
0.133,0.0
0.133,0.0
0.133,0.0
0.133,0.0
0.133,0.0
0.133,0.0
0.133,0.0
0.133,0.0
0.133,0.0
0.133,0.0
0.133,0.0
0.133,0.0
0.133,0.0
0.133,0.0
0.133,0.0
0.133,0.0
0.133,0.0
0.133,0.0
0.133,0.0
0.133,0.0
0.133,0.0
0.133,0.0
0.133,0.0
0.133,0.0
0.133,0.0
0.133,0.0
0.133,0.0
0.077,0.022
0.054,0.022
0.054,0.056
0.046,0.101
0.038,0.129
0.038,0.14
0.046,0.14
0.006,0.14
0.0,0.14
0.0,0.14
0.0,0.14
0.0,0.14
0.0,0.117
0.0,0.101
0.0,0.101
0.0,0.101
0.0,0.077
0.0,0.062
0.0,0.062
0.0,0.062
0.0,0.05
0.0,0.038
0.0,0.038
0.0,0.038
0.0,0.05
0.0,0.038
0.0,0.038
0.0,0.022
0.0,0.022
0.0,0.022
0.0,0.022
0.0,0.022
0.0,0.022
0.0,0.004
0.0,0.0
0.0,0.016
0.022,0.0
0.022,0.0
0.022,0.0
0.022,0.0
0.022,0.0
0.038,0.0
0.022,0.0
0.022,0.0
0.046,0.0
0.046,0.0
0.046,0.0
0.046,0.0
0.046,0.0
0.046,0.0
0.046,0.0
0.046,0.0
0.046,0.0
0.046,0.0
0.046,-0.028
0.046,-0.044
0.046,-0.107
0.046,-0.107
0.046,-0.107
0.046,-0.123
0.046,-0.163
0.046,-0.186
0.046,-0.226
0.046,-0.25
0.046,-0.25
0.046,-0.266
0.046,-0.266
0.046,-0.289
0.046,-0.305
0.046,-0.305
0.046,-0.305
0.046,-0.329
0.046,-0.329
0.046,-0.317
0.046,-0.329
0.046,-0.329
0.046,-0.329
0.046,-0.329
0.046,-0.329
0.046,-0.329
0.046,-0.329
0.046,-0.329
0.046,-0.329
0.046,-0.317
0.046,-0.329
0.046,-0.329
0.046,-0.329
0.046,-0.329
0.046,-0.329
0.046,-0.329
0.046,-0.329
0.046,-0.329
0.046,-0.329
0.046,-0.329
0.046,-0.329
0.046,-0.329
0.046,-0.329
0.046,-0.329
0.046,-0.329
0.046,-0.329
0.046,-0.329
0.046,-0.329
0.046,-0.329
0.046,-0.329
0.046,-0.329
0.046,-0.329
0.046,-0.329
0.046,-0.329
0.046,-0.301
0.046,-0.25
0.046,-0.226
0.046,-0.204
0.046,-0.174
0.046,-0.147
0.046,-0.107
0.046,-0.107
0.046,-0.044
0.046,-0.028
0.046,-0.004
0.046,0.0
0.046,0.0
0.046,0.0
0.046,0.0
0.046,0.0
0.046,0.0
0.046,0.0
0.046,0.0
0.046,0.0
0.046,0.0
0.046,0.0
0.046,0.0
0.046,0.0
0.046,0.0
0.046,0.0
0.046,0.0
0.046,0.0
0.046,0.0
0.046,0.0
0.046,0.0
0.046,0.0
0.046,0.0
0.022,0.0
0.022,0.0
0.022,0.0
0.022,0.0
0.022,0.0
0.022,0.0
0.022,0.0
0.022,0.0
0.022,0.0
0.022,0.0
0.022,0.0
0.022,-0.004
0.022,-0.044
0.022,-0.068
0.022,-0.083
0.022,-0.107
0.022,-0.123
0.022,-0.163
0.022,-0.186
0.022,-0.186
0.022,-0.186
0.022,-0.186
0.046,-0.18
0.046,-0.186
0.062,-0.186
0.077,-0.186
0.085,-0.174
0.062,-0.186
0.085,-0.186
0.085,-0.186
0.085,-0.186
0.085,-0.186
0.085,-0.186
0.085,-0.186
0.085,-0.186
0.085,-0.186
0.093,-0.186
0.093,-0.18
0.093,-0.186
0.093,-0.169
0.093,-0.123
0.093,-0.068
0.093,-0.028
0.093,-0.028
0.093,-0.004
0.093,0.0
0.093,0.0
0.093,0.0
0.093,0.0
0.093,0.0
0.093,0.0
0.093,0.0
0.093,0.0
0.093,0.0
0.093,0.0
0.093,0.0
0.093,0.0
0.093,-0.107
0.093,-0.226
0.093,-0.226
0.093,-0.226
0.093,-0.226
0.062,-0.226
0.038,-0.226
0.046,-0.25
0.046,-0.266
0.022,-0.289
0.022,-0.289
0.022,-0.289
0.022,-0.289
0.022,-0.218
0.022,-0.095
0.022,-0.004
0.022,0.0
0.014,0.0
0.014,0.0
0.014,0.0
0.006,0.0
0.006,0.0
0.006,0.0
0.006,0.0
0.006,0.0
0.006,0.0
0.006,0.0
0.006,0.0
0.006,0.0
0.006,0.0
0.006,0.0
0.006,0.0
0.006,0.0
0.006,0.0
0.006,0.0
0.006,0.0
0.006,0.0
0.006,0.0
0.006,0.0
0.006,0.0
0.006,-0.044
0.006,-0.107
0.006,-0.186
0.006,-0.226
0.006,-0.305
0.006,-0.341
0.006,-0.384
0.006,-0.408
0.006,-0.408
0.006,-0.408
0.006,-0.402
0.006,-0.408
0.006,-0.408
0.006,-0.408
0.006,-0.408
0.006,-0.408
0.006,-0.408
0.006,-0.408
0.006,-0.408
0.006,-0.408
0.006,-0.408
0.006,-0.408
0.006,-0.408
0.006,-0.408
0.006,-0.396
0.006,-0.408
0.006,-0.408
0.006,-0.408
0.006,-0.408
0.006,-0.408
0.006,-0.408
0.006,-0.408
0.006,-0.345
0.006,-0.323
0.006,-0.226
0.006,-0.169
0.006,-0.123
0.0,-0.107
0.0,-0.107
0.0,-0.107
0.0,-0.05
0.0,-0.028
0.0,-0.028
0.0,-0.028
0.0,-0.028
0.0,-0.028
0.0,-0.028
0.0,-0.028
0.0,-0.004
0.0,-0.004
0.0,-0.004
0.0,-0.004
0.0,0.0
0.0,0.0
0.0,0.0
0.0,0.0
0.0,0.0
0.0,0.0
0.0,0.0
0.0,0.0
0.0,0.0
0.0,0.0
0.0,0.0
0.0,0.0
0.0,0.0
0.0,0.0
0.0,0.0
0.0,0.0
0.0,0.01
0.0,0.022
0.022,0.038
0.038,0.062
0.054,0.077
0.062,0.101
0.085,0.129
0.062,0.164
0.101,0.18
0.125,0.18
0.164,0.18
0.172,0.18
0.172,0.204
0.172,0.204
0.172,0.204
0.211,0.219
0.211,0.219
0.211,0.219
0.211,0.219
0.211,0.219
0.211,0.219
0.211,0.219
0.211,0.219
0.211,0.219
0.188,0.14
0.125,0.077
0.085,0.038
0.046,0.038
0.046,0.044
0.046,0.038
0.022,0.022
0.006,0.004
0.006,0.0
0.006,0.0
0.0,0.0
0.0,0.0
0.0,0.0
0.0,0.0
0.0,0.0
0.0,0.0
0.0,0.0
0.0,0.0
0.0,0.0
0.0,0.0
0.0,0.0
0.0,0.0
0.0,0.0
0.0,0.0
0.0,0.0
0.0,0.0
0.0,0.0
0.0,0.0
0.0,0.0
0.0,0.0
0.0,0.0
0.0,0.0
0.0,0.0
0.0,0.0
0.0,0.0
0.0,0.0
0.0,0.0
0.0,0.0
0.0,0.0
0.0,0.0
0.0,0.0
0.0,0.0
0.0,0.0
0.0,0.0
0.0,0.0
0.0,0.0
0.0,0.0
0.0,0.0
0.0,0.0
0.0,0.0
0.0,0.0
0.0,0.0
0.0,0.0
0.0,0.0
0.014,0.0
0.022,0.0
0.022,0.0
0.022,0.0
0.022,0.0
0.022,0.022
0.022,0.065
0.022,0.117
0.022,0.117
0.022,0.14
0.022,0.14
0.022,0.14
0.022,0.14
0.022,0.14
0.022,0.14
0.022,0.14
0.022,0.14
0.022,0.14
0.022,0.14
0.022,0.14
0.022,0.14
0.022,0.14
0.022,0.14
0.022,0.14
0.022,0.14
0.022,0.14
0.022,0.152
0.022,0.14
0.022,0.14
0.022,0.14
0.022,0.14
0.022,0.14
0.022,0.14
0.022,0.14
0.0,0.14
0.0,0.14
0.0,0.14
0.0,0.14
0.0,0.14
0.0,0.14
0.0,0.14
0.0,0.14
0.0,0.14
0.0,0.14
0.0,0.14
0.0,0.14
0.0,0.14
0.0,0.14
0.0,0.14
0.0,0.14
0.0,0.14
0.0,0.14
0.0,0.14
0.0,0.14
0.0,0.14
0.0,0.14
0.0,0.14
0.0,0.14
0.0,0.14
0.0,0.152
0.0,0.14
0.0,0.14
0.0,0.14
0.0,0.14
0.0,0.14
0.0,0.152
0.0,0.14
0.0,0.14
0.0,0.14
0.0,0.14
0.0,0.14
0.0,0.14
0.0,0.14
0.0,0.14
0.0,0.14
0.0,0.146
0.0,0.14
0.0,0.14
0.0,0.14
0.0,0.14
0.0,0.14
0.0,0.14
0.0,0.117
0.0,0.117
0.0,0.101
0.0,0.101
0.0,0.101
0.0,0.083
0.0,0.077
0.0,0.077
0.0,0.083
0.0,0.077
0.0,0.077
0.0,0.077
0.0,0.083
0.0,0.077
0.0,0.077
0.0,0.077
0.0,0.077
0.0,0.077
0.0,0.077
0.0,0.083
0.0,0.077
0.0,0.077
0.0,0.077
0.0,0.077
0.0,0.077
0.0,0.077
0.0,0.077
0.0,0.083
0.0,0.077
0.0,0.083
0.022,0.095
0.022,0.101
0.038,0.077
0.038,0.083
0.022,0.077
0.046,0.077
0.022,0.089
0.046,0.077
0.046,0.077
0.054,0.038
0.054,0.0
0.054,0.0
0.054,0.0
0.054,0.0
0.054,0.0
0.054,0.0
0.054,0.0
0.054,0.0
0.054,0.0
0.054,0.0
0.054,0.0
0.054,0.0
0.054,0.0
0.054,0.0
0.054,0.0
0.054,0.0
0.054,0.0
0.054,0.0
0.054,0.0
0.054,0.0
0.054,0.0
0.054,0.0
0.054,0.0
0.054,0.0
0.054,0.0
0.054,0.0
0.054,0.0
0.054,0.0
0.054,0.0
0.054,0.0
0.054,0.0
0.054,0.0
0.054,0.0
0.054,0.0
0.054,0.0
0.054,0.0
0.054,0.0
0.054,0.0
0.054,0.0
0.054,0.0
0.054,0.0
0.054,0.0
0.054,0.0
0.054,0.0
0.054,0.0
0.054,0.0
0.054,0.0
0.054,0.0
0.054,0.0
0.054,0.0
0.054,0.0
0.054,0.0
0.054,0.0
0.054,0.0
0.054,0.0
0.054,0.0
0.054,0.0
0.054,0.0
0.054,0.022
0.054,0.038
0.054,0.062
0.054,0.05
0.054,0.056
0.054,0.05
0.054,0.044
0.085,0.062
0.117,0.062
0.14,0.062
0.156,0.062
0.156,0.117
0.156,0.14
0.156,0.164
0.156,0.164
0.156,0.18
0.156,0.18
0.156,0.18
0.156,0.18
0.156,0.18
0.156,0.18
0.156,0.18
0.156,0.18
0.156,0.18
0.156,0.192
0.156,0.18
0.172,0.18
0.196,0.18
0.196,0.18
0.196,0.192
0.196,0.18
0.196,0.18
0.196,0.18
0.196,0.18
0.196,0.18
0.196,0.18
0.196,0.18
0.172,0.18
0.172,0.18
0.172,0.186
0.172,0.18
0.172,0.18
0.172,0.18
0.172,0.18
0.172,0.18
0.164,0.18
0.133,0.18
0.133,0.18
0.117,0.192
0.117,0.18
0.117,0.18
0.101,0.18
0.101,0.18
0.101,0.18
0.101,0.18
0.101,0.18
0.093,0.18
0.093,0.192
0.093,0.18
0.093,0.164
0.093,0.113
0.093,0.062
0.093,0.038
0.093,0.038
0.093,0.038
0.093,0.038
0.093,0.038
0.093,0.038
0.093,0.038
0.093,0.022
0.093,0.0
0.093,0.0
0.093,0.0
0.093,0.0
0.093,0.0
0.093,0.0
0.093,0.0
0.093,-0.004
0.093,-0.01
0.093,-0.028
0.093,-0.028
0.093,-0.028
0.093,-0.028
0.093,-0.044
0.093,-0.044
0.093,-0.044
0.093,-0.044
0.093,-0.044
0.093,-0.044
0.093,-0.044
0.093,-0.044
0.093,-0.107
0.093,-0.123
0.093,-0.186
0.093,-0.204
0.093,-0.226
0.093,-0.226
0.093,-0.226
0.093,-0.226
0.093,-0.226
0.093,-0.226
0.093,-0.226
0.093,-0.226
0.093,-0.226
0.093,-0.226
0.093,-0.226
0.093,-0.226
0.093,-0.226
0.077,-0.226
0.085,-0.226
0.062,-0.226
0.077,-0.226
0.054,-0.226
0.054,-0.226
0.054,-0.226
0.046,-0.226
0.046,-0.226
0.046,-0.226
0.046,-0.226
0.038,-0.226
0.038,-0.226
0.038,-0.226
0.038,-0.226
0.038,-0.226
0.038,-0.226
0.038,-0.226
0.022,-0.226
0.014,-0.226
0.022,-0.226
0.014,-0.226
0.014,-0.226
0.0,-0.226
0.0,-0.226
0.0,-0.226
0.0,-0.226
0.0,-0.226
0.0,-0.206
0.0,-0.05
0.0,-0.004
0.0,0.0
0.0,0.0
0.0,0.0
0.0,0.0
0.0,0.0
0.0,0.0
0.0,0.0
0.0,0.0
0.062,0.0
0.077,0.0
0.093,0.0
0.101,0.022
0.101,0.077
0.101,0.117
0.101,0.164
0.101,0.204
0.101,0.219
0.101,0.259
0.101,0.259
0.101,0.265
0.101,0.265
0.101,0.282
0.101,0.282
0.101,0.282
0.101,0.282
0.101,0.282
0.101,0.298
0.101,0.298
0.101,0.298
0.101,0.298
0.101,0.298
0.101,0.298
0.101,0.298
0.101,0.298
0.101,0.298
0.101,0.298
0.101,0.298
0.101,0.298
0.101,0.298
0.101,0.298
0.101,0.298
0.101,0.298
0.101,0.298
0.101,0.298
0.101,0.298
0.101,0.298
0.101,0.298
0.101,0.298
0.101,0.298
0.101,0.298
0.101,0.298
0.101,0.298
0.077,0.298
0.054,0.298
0.046,0.298
0.046,0.298
0.046,0.298
0.046,0.298
0.062,0.298
0.022,0.298
0.054,0.298
0.054,0.298
0.054,0.298
0.054,0.298
0.054,0.298
0.054,0.298
0.054,0.298
0.054,0.298
0.054,0.298
0.054,0.298
0.054,0.298
0.022,0.298
0.0,0.298
0.0,0.298
0.0,0.298
0.0,0.298
0.0,0.298
0.0,0.298
0.0,0.298
0.0,0.298
0.0,0.298
0.0,0.298
0.0,0.298
0.0,0.298
0.0,0.259
0.0,0.247
0.0,0.231
0.0,0.219
0.0,0.204
0.0,0.204
0.0,0.204
0.0,0.204
0.0,0.204
0.0,0.204
0.0,0.204
0.0,0.204
0.0,0.204
0.0,0.204
0.0,0.204
0.0,0.204
0.0,0.204
0.0,0.204
0.0,0.204
0.0,0.204
0.0,0.204
0.0,0.204
0.0,0.204
0.0,0.204
0.0,0.204
0.0,0.204
0.0,0.204
0.0,0.204
0.0,0.204
0.0,0.204
0.0,0.204
0.0,0.204
0.0,0.204
0.0,0.204
0.0,0.204
0.0,0.204
0.0,0.204
0.0,0.204
0.0,0.204
0.0,0.204
0.0,0.204
0.0,0.204
0.0,0.204
0.0,0.204
0.0,0.204
0.0,0.204
0.0,0.204
0.0,0.204
0.0,0.204
0.0,0.204
0.0,0.204
0.0,0.204
0.0,0.186
0.0,0.164
0.0,0.101
0.0,0.038
0.0,0.0
0.0,0.0
0.0,0.0
0.0,0.0
0.0,0.0
0.0,0.0
0.0,0.0
0.0,0.0
0.0,0.0
0.0,0.0
0.0,0.0
0.0,0.0
0.0,0.0
0.0,0.0
0.0,0.0
0.0,0.0
0.0,0.0
0.0,0.0
0.0,0.0
0.0,0.0
0.0,0.0
0.0,-0.004
0.0,-0.004
0.0,-0.004
0.0,-0.028
0.0,-0.083
0.0,-0.18
0.0,-0.226
0.0,-0.25
0.0,-0.25
0.0,-0.25
0.0,-0.25
0.0,-0.25
0.0,-0.25
0.0,-0.25
0.0,-0.25
0.0,-0.25
0.0,-0.25
0.0,-0.25
0.0,-0.25
0.0,-0.25
0.0,-0.25
0.0,-0.25
0.0,-0.25
0.0,-0.25
0.0,-0.244
0.0,-0.25
0.0,-0.25
0.0,-0.25
0.0,-0.25
0.0,-0.238
0.0,-0.25
0.0,-0.25
0.0,-0.25
0.0,-0.226
0.0,-0.186
0.0,-0.186
0.0,-0.163
0.0,-0.163
0.0,-0.163
0.0,-0.163
0.0,-0.163
0.0,-0.147
0.0,-0.147
0.0,-0.147
0.0,-0.147
0.0,-0.147
0.0,-0.147
0.0,-0.147
0.0,-0.147
0.0,-0.147
0.0,-0.147
0.0,-0.147
0.0,-0.147
0.0,-0.147
0.0,-0.147
0.0,-0.147
0.0,-0.147
0.0,-0.147
0.0,-0.147
0.0,-0.147
0.0,-0.147
0.0,-0.147
0.0,-0.147
0.0,-0.147
0.0,-0.147
0.0,-0.147
0.0,-0.147
0.0,-0.147
0.0,-0.147
0.0,-0.147
0.0,-0.147
0.0,-0.147
0.0,-0.147
0.0,-0.147
0.0,-0.147
0.0,-0.147
0.0,-0.147
0.0,-0.147
0.0,-0.147
0.0,-0.147
0.0,-0.147
0.0,-0.147
0.0,-0.147
0.0,-0.147
0.0,-0.147
0.0,-0.147
0.0,-0.123
0.0,-0.044
0.0,-0.01
0.0,0.0
0.0,0.0
0.0,0.0
0.0,0.0
0.0,0.0
0.0,0.0
0.0,0.0
0.0,0.0
0.0,0.0
0.0,0.0
0.0,0.0
0.0,0.0
0.0,0.0
0.0,0.0
0.0,0.0
0.0,0.0
0.0,0.0
0.0,0.0
0.0,0.0
0.0,0.0
0.0,0.0
0.0,0.0
0.0,0.0
0.0,0.0
0.0,0.0
0.0,0.0
0.0,0.0
0.0,0.0
0.0,0.0
0.0,0.0
0.0,0.0
0.0,0.0
0.0,0.172
0.0,0.29
0.0,0.385
0.0,0.401
0.0,0.401
0.0,0.401
-0.199,0.401
-0.647,0.401
-0.735,0.401
-0.735,0.401
-0.735,0.401
-0.711,0.401
-0.655,0.401
-0.591,0.401
-0.591,0.401
-0.591,0.401
-0.567,0.401
-0.567,0.401
-0.567,0.401
-0.591,0.401
-0.591,0.401
-0.591,0.401
-0.591,0.401
-0.591,0.401
-0.591,0.401
-0.591,0.401
-0.591,0.401
-0.591,0.401
-0.591,0.401
-0.591,0.401
-0.591,0.322
-0.591,0.298
-0.591,0.282
-0.591,0.231
-0.591,0.204
-0.543,0.18
-0.535,0.164
-0.495,0.14
-0.391,0.117
-0.351,0.101
-0.279,0.062
-0.135,0.038
-0.127,0.038
-0.151,0.038
-0.151,0.038
-0.151,0.038
-0.151,0.038
-0.151,0.038
-0.151,0.038
-0.127,0.022
-0.127,0.022
-0.127,0.022
-0.127,0.022
-0.127,0.022
-0.127,0.022
-0.111,0.022
-0.095,0.022
-0.071,0.022
-0.063,0.022
-0.047,0.022
-0.031,0.0
-0.031,0.0
-0.023,0.0
-0.023,0.0
0.0,0.0
0.0,0.0
0.0,0.0
0.0,0.0
0.0,0.0
0.0,0.0
0.0,0.0
0.0,0.0
0.0,0.0
0.0,0.0
0.0,0.0
0.0,0.0
0.0,0.0
0.0,0.0
0.0,0.0
0.0,0.0
0.0,0.0
0.0,0.0
0.0,0.0
0.0,0.0
0.0,0.0
0.0,0.0
0.0,0.0
0.0,0.0
0.0,0.0
0.0,0.0
0.0,0.0
0.0,0.0
0.0,0.0
0.0,0.0
0.0,0.0
0.0,0.0
0.0,0.0
0.0,0.0
0.0,0.0
0.0,0.0
0.0,0.0
0.0,0.0
0.0,0.0
0.0,0.0
0.0,0.0
0.0,0.0
0.0,0.0
0.0,0.0
0.0,0.0
0.0,0.0
0.0,0.0
0.0,0.0
-0.087,0.0
-0.111,0.0
-0.127,0.022
-0.127,0.038
-0.127,0.077
-0.135,0.101
-0.175,0.129
-0.223,0.164
-0.287,0.164
-0.303,0.164
-0.287,0.164
-0.287,0.164
-0.311,0.164
-0.311,0.18
-0.311,0.18
-0.311,0.18
-0.311,0.18
-0.311,0.18
-0.311,0.18
-0.375,0.18
-0.415,0.18
-0.455,0.18
-0.455,0.18
-0.455,0.18
-0.455,0.18
-0.455,0.18
-0.455,0.18
-0.455,0.18
-0.455,0.18
-0.455,0.18
-0.455,0.18
-0.455,0.18
-0.455,0.18
-0.455,0.18
-0.455,0.18
-0.455,0.18
-0.455,0.18
-0.455,0.18
-0.455,0.18
-0.455,0.18
-0.455,0.18
-0.455,0.18
-0.455,0.18
-0.455,0.18
-0.455,0.18
-0.455,0.18
-0.455,0.18
-0.455,0.18
-0.455,0.18
-0.455,0.18
-0.455,0.18
-0.367,0.18
-0.375,0.18
-0.367,0.18
-0.343,0.18
-0.351,0.18
-0.327,0.18
-0.303,0.18
-0.311,0.18
-0.263,0.18
-0.263,0.18
-0.263,0.18
-0.247,0.18
-0.223,0.18
-0.215,0.18
-0.183,0.14
-0.215,0.14
-0.215,0.14
-0.215,0.14
-0.215,0.14
-0.215,0.117
-0.215,0.117
-0.215,0.062
-0.215,0.038
-0.215,0.022
-0.215,0.022
-0.215,0.022
-0.215,0.022
-0.215,0.0
-0.215,0.0
-0.215,0.0
-0.215,0.0
-0.215,0.0
-0.215,0.0
-0.215,0.0
-0.215,0.0
-0.215,0.0
-0.215,0.0
-0.215,0.0
-0.215,0.0
-0.215,0.0
-0.215,0.0
-0.215,0.0
-0.215,0.0
-0.151,0.0
-0.127,0.0
-0.111,0.0
-0.095,-0.004
-0.095,-0.004
-0.095,-0.004
-0.095,-0.004
-0.095,-0.004
-0.095,0.022
-0.095,0.129
-0.127,0.219
-0.223,0.259
-0.391,0.294
-0.431,0.298
-0.431,0.31
-0.431,0.298
-0.431,0.298
-0.431,0.298
-0.431,0.298
-0.431,0.298
-0.431,0.298
-0.431,0.298
-0.431,0.298
-0.431,0.298
-0.431,0.298
-0.431,0.298
-0.431,0.298
-0.431,0.298
-0.407,0.298
-0.391,0.304
-0.311,0.298
-0.311,0.298
-0.303,0.298
-0.303,0.298
-0.303,0.298
-0.303,0.304
-0.303,0.298
-0.287,0.286
-0.263,0.282
-0.263,0.251
-0.247,0.219
-0.247,0.204
-0.247,0.204
-0.247,0.204
-0.247,0.204
-0.239,0.198
-0.199,0.164
-0.183,0.14
-0.175,0.117
-0.159,0.101
-0.159,0.077
-0.159,0.077
-0.159,0.101
-0.159,0.077
-0.159,0.077
-0.159,0.077
-0.159,0.077
-0.159,0.077
-0.159,0.077
-0.159,0.077
-0.159,0.077
-0.159,0.077
-0.159,0.077
-0.159,0.062
-0.159,0.062
-0.159,0.034
-0.127,0.004
-0.111,0.0
-0.095,0.0
-0.095,0.0
-0.095,0.0
-0.095,0.0
-0.095,0.0
-0.095,0.0
-0.095,0.0
-0.095,0.0
-0.095,0.0
-0.095,0.0
-0.095,0.0
-0.095,0.0
-0.095,0.0
-0.095,0.0
-0.095,-0.004
-0.175,-0.004
-0.183,-0.004
-0.183,-0.004
-0.199,-0.004
-0.239,-0.004
-0.303,-0.004
-0.327,-0.004
-0.343,-0.028
-0.343,-0.004
-0.343,-0.028
-0.343,-0.028
-0.351,-0.028
-0.351,-0.028
-0.351,-0.028
-0.351,-0.028
-0.351,-0.028
-0.327,-0.028
-0.175,-0.028
-0.063,-0.028
-0.007,-0.028
0.0,-0.028
0.0,-0.028
0.0,-0.028
0.0,-0.028
0.0,-0.028
0.0,-0.028
0.0,-0.028
0.0,-0.028
0.0,-0.028
0.0,-0.028
0.0,-0.028
0.0,-0.028
0.0,-0.016
0.0,-0.028
0.0,-0.028
0.0,-0.028
0.0,-0.028
0.0,-0.028
0.0,-0.022
0.0,-0.028
0.0,-0.028
0.0,-0.028
0.0,-0.028
0.0,-0.028
0.0,-0.022
0.0,-0.028
0.0,-0.028
0.0,-0.028
0.0,-0.028
0.0,-0.028
0.0,-0.028
0.0,-0.028
0.0,-0.028
0.0,-0.028
0.0,-0.028
0.0,-0.028
0.0,-0.028
0.0,-0.028
0.0,-0.028
0.0,-0.028
0.0,-0.028
0.0,-0.028
0.0,-0.028
0.0,-0.016
0.0,-0.028
0.0,-0.028
0.0,-0.028
0.0,-0.028
0.0,-0.028
0.0,-0.016
0.0,-0.028
0.0,-0.028
0.0,-0.028
0.0,-0.028
0.0,-0.028
0.0,-0.028
0.0,-0.028
0.0,-0.028
0.0,-0.028
0.0,-0.028
0.0,-0.028
0.0,-0.028
0.0,-0.028
0.0,-0.028
0.0,-0.016
0.0,-0.028
0.0,-0.028
0.0,-0.028
0.0,-0.028
0.0,-0.028
0.0,-0.016
0.0,-0.028
0.0,-0.028
0.0,-0.028
0.0,-0.028
0.0,-0.028
0.0,-0.028
0.0,-0.028
0.0,-0.004
0.0,0.0
0.0,0.004
0.0,0.062
0.0,0.062
0.0,0.077
0.0,0.077
0.0,0.077
0.0,0.14
0.0,0.204
0.0,0.219
0.0,0.219
0.0,0.219
0.0,0.219
-0.031,0.204
-0.135,0.073
-0.215,0.0
-0.215,0.0
-0.223,0.0
-0.223,0.0
-0.223,0.0
-0.223,0.0
-0.239,0.0
-0.239,0.0
-0.239,0.0
-0.239,0.0
-0.239,0.0
-0.239,0.0
-0.239,0.0
-0.263,0.0
-0.263,0.0
-0.239,0.0
-0.239,0.0
-0.239,0.0
-0.279,0.0
-0.287,0.0
-0.343,0.0
-0.311,0.0
-0.311,0.0
-0.311,0.0
-0.311,0.0
-0.311,0.0
-0.311,0.0
-0.311,0.0
-0.311,0.0
-0.311,0.0
-0.311,0.0
-0.311,0.0
-0.311,0.0
-0.311,0.0
-0.311,0.0
-0.311,0.0
-0.311,0.0
-0.311,0.0
-0.311,0.0
-0.311,0.0
-0.311,0.0
-0.311,0.0
-0.311,0.0
-0.311,0.0
-0.311,0.0
-0.311,0.0
-0.311,0.0
-0.311,0.0
-0.311,0.0
-0.311,0.0
-0.311,0.0
-0.311,0.0
-0.311,0.0
-0.311,0.0
-0.311,0.0
-0.311,0.0
-0.311,0.0
-0.311,0.0
-0.311,0.0
-0.311,0.0
-0.311,0.0
-0.311,0.0
-0.311,0.0
-0.311,0.0
-0.311,0.0
-0.311,0.0
-0.311,0.0
-0.311,0.0
-0.311,0.0
-0.311,0.0
-0.311,0.0
-0.311,0.0
-0.311,0.0
-0.311,0.0
-0.311,0.0
-0.311,0.0
-0.311,0.0
-0.303,0.0
-0.151,0.0
-0.111,0.0
-0.087,0.0
-0.031,0.0
0.0,0.0
0.0,0.0
0.0,0.0
0.0,0.0
0.0,0.0
0.0,0.0
0.0,0.0
0.0,0.0
0.0,0.022
0.0,0.123
0.0,0.192
0.0,0.219
0.0,0.259
0.0,0.259
0.0,0.259
0.0,0.259
0.0,0.271
0.0,0.243
0.0,0.204
0.0,0.164
0.0,0.117
0.0,0.117
0.0,0.117
0.0,0.117
0.0,0.117
0.0,0.117
0.0,0.117
0.0,0.129
0.0,0.117
0.0,0.117
0.0,0.117
0.0,0.101
0.0,0.077
0.0,0.062
0.0,0.062
0.0,0.062
0.0,0.062
0.0,0.062
0.0,0.062
0.0,0.062
0.0,0.062
0.0,0.062
0.0,0.062
0.0,0.062
0.0,0.062
0.0,0.062
0.0,0.062
0.0,0.062
0.0,0.062
0.0,0.062
0.0,0.062
0.0,0.062
0.0,0.062
0.0,0.062
0.0,0.022
0.0,0.022
0.0,0.022
0.0,0.022
0.0,0.022
0.0,0.022
0.0,0.0
0.0,0.0
0.0,0.0
0.0,0.0
0.0,0.0
0.0,0.0
0.0,0.0
0.0,0.0
0.0,0.0
0.0,0.0
0.0,0.0
0.0,0.0
0.0,0.0
0.0,0.0
0.0,0.0
0.0,0.0
0.0,0.0
0.0,0.0
0.0,0.0
0.0,0.0
0.0,0.0
0.0,0.0
0.0,0.0
0.0,0.0
0.0,0.0
0.0,0.0
0.0,0.0
0.0,0.0
0.0,0.0
0.0,0.0
0.0,0.0
0.0,0.0
0.0,0.0
0.0,0.0
0.0,0.0
0.0,0.0
0.0,0.0
0.0,0.0
0.0,0.0
0.0,0.0
0.0,0.0
0.0,0.0
0.0,0.0
0.0,0.0
0.0,0.0
0.0,0.0
-0.095,0.0
-0.135,0.0
-0.135,0.022
-0.135,0.109
-0.151,0.219
-0.159,0.282
-0.183,0.338
-0.199,0.338
-0.199,0.338
-0.199,0.338
-0.199,0.338
-0.199,0.338
-0.215,0.338
-0.215,0.35
-0.215,0.338
-0.215,0.338
-0.215,0.338
-0.215,0.338
-0.215,0.338
-0.215,0.338
-0.215,0.338
-0.215,0.338
-0.215,0.338
-0.215,0.338
-0.215,0.338
-0.215,0.338
-0.215,0.338
-0.215,0.338
-0.215,0.338
-0.215,0.338
-0.215,0.338
-0.215,0.338
-0.215,0.338
-0.215,0.338
-0.215,0.338
-0.215,0.338
-0.215,0.338
-0.215,0.338
-0.215,0.298
-0.215,0.298
-0.215,0.298
-0.215,0.298
-0.215,0.31
-0.215,0.304
-0.215,0.298
-0.215,0.298
-0.215,0.298
-0.215,0.31
-0.215,0.298
-0.215,0.298
-0.215,0.298
-0.215,0.298
-0.215,0.298
-0.215,0.298
-0.215,0.298
-0.215,0.298
-0.215,0.298
-0.215,0.298
-0.215,0.298
-0.215,0.298
-0.215,0.298
-0.215,0.298
-0.215,0.298
-0.215,0.298
-0.215,0.298
-0.215,0.298
-0.215,0.298
-0.215,0.298
-0.215,0.298
-0.215,0.298
-0.215,0.298
-0.215,0.298
-0.215,0.298
-0.215,0.298
-0.215,0.298
-0.215,0.298
-0.215,0.298
-0.215,0.298
-0.215,0.298
-0.215,0.298
-0.215,0.298
-0.215,0.298
-0.215,0.259
-0.215,0.243
-0.215,0.204
-0.215,0.176
-0.215,0.095
-0.215,0.038
-0.215,0.038
-0.215,0.038
-0.215,0.038
-0.215,0.038
-0.215,0.038
-0.215,0.022
-0.215,0.022
-0.215,0.022
-0.215,0.022
-0.215,0.022
-0.215,0.022
-0.215,0.022
-0.215,0.022
-0.215,0.022
-0.215,0.022
-0.215,0.022
-0.215,0.022
-0.215,0.022
-0.215,0.022
-0.215,0.0
-0.215,0.0
-0.215,0.0
-0.215,0.0
-0.215,0.0
-0.215,0.0
-0.215,0.0
-0.215,0.01
-0.215,0.0
-0.215,0.0
-0.215,0.0
-0.215,0.0
-0.215,0.0
-0.215,0.0
-0.215,0.0
-0.215,0.0
-0.215,0.01
-0.215,0.0
-0.215,0.0
-0.215,0.0
-0.215,0.0
-0.215,0.0
-0.215,0.0
-0.215,0.0
-0.215,0.0
-0.215,-0.004
-0.215,-0.028
-0.215,-0.028
-0.215,-0.028
-0.215,-0.028
-0.215,-0.028
-0.215,-0.028
-0.215,-0.028
-0.215,-0.028
-0.215,-0.028
-0.215,-0.028
-0.215,-0.028
-0.215,-0.028
-0.215,-0.028
-0.215,-0.028
-0.215,-0.028
-0.215,-0.028
-0.215,-0.028
-0.215,-0.028
-0.215,-0.028
-0.215,-0.028
-0.215,-0.028
-0.215,-0.028
-0.215,-0.028
-0.215,-0.028
-0.215,-0.028
-0.215,-0.028
-0.215,-0.028
-0.215,-0.004
-0.215,0.0
-0.215,0.0
-0.215,0.0
-0.215,0.0
-0.215,0.0
-0.215,0.0
-0.215,0.0
-0.215,0.0
-0.215,0.0
-0.215,0.0
-0.215,0.0
-0.215,0.0
-0.215,0.0
-0.215,0.0
-0.215,0.0
-0.215,0.0
-0.215,0.0
-0.215,0.0
-0.215,0.0
-0.215,0.0
-0.215,0.0
-0.215,0.0
-0.215,0.0
-0.215,0.0
-0.215,0.0
-0.215,0.0
-0.215,0.14
-0.215,0.204
-0.215,0.259
-0.215,0.282
-0.239,0.298
-0.263,0.298
-0.263,0.298
-0.263,0.298
-0.279,0.298
-0.279,0.298
-0.287,0.298
-0.287,0.298
-0.287,0.298
-0.287,0.298
-0.287,0.298
-0.303,0.298
-0.279,0.298
-0.279,0.298
-0.279,0.298
-0.279,0.298
-0.279,0.298
-0.303,0.298
-0.327,0.298
-0.343,0.298
-0.367,0.298
-0.367,0.298
-0.367,0.298
-0.367,0.298
-0.367,0.298
-0.367,0.298
-0.367,0.298
-0.367,0.298
-0.367,0.298
-0.367,0.298
-0.367,0.298
-0.367,0.259
-0.367,0.259
-0.343,0.259
-0.343,0.243
-0.343,0.243
-0.263,0.219
-0.215,0.219
-0.151,0.204
-0.151,0.204
-0.151,0.204
-0.127,0.204
-0.111,0.204
-0.095,0.204
-0.095,0.204
-0.095,0.204
-0.095,0.204
-0.095,0.204
-0.095,0.204
-0.095,0.18
-0.095,0.18
-0.095,0.18
-0.095,0.176
-0.095,0.164
-0.095,0.164
-0.095,0.164
-0.095,0.14
-0.095,0.117
-0.095,0.101
-0.095,0.101
-0.095,0.101
-0.087,0.101
-0.087,0.101
-0.087,0.101
-0.087,0.101
-0.087,0.101
-0.087,0.101
-0.087,0.101
-0.071,0.101
-0.071,0.101
-0.071,0.101
-0.071,0.101
-0.071,0.101
-0.071,0.101
-0.071,0.101
-0.071,0.101
-0.071,0.101
-0.071,0.101
-0.071,0.101
-0.071,0.083
-0.071,0.077
-0.071,0.062
-0.111,0.038
-0.151,0.038
-0.151,0.022
-0.151,0.022
-0.151,0.022
-0.151,0.022
-0.159,0.016
-0.183,0.0
-0.199,0.0
-0.263,0.0
-0.247,0.0
-0.247,0.0
-0.247,0.0
-0.247,0.0
-0.247,0.0
-0.247,0.0
-0.247,0.0
-0.247,0.0
-0.247,0.0
-0.247,0.0
-0.247,0.0
-0.247,0.0
-0.247,0.0
-0.247,0.0
-0.247,0.0
-0.247,0.0
-0.247,0.0
-0.247,0.0
-0.247,0.0
-0.247,0.0
-0.247,0.0
-0.247,0.0
-0.247,0.0
-0.247,0.0
-0.247,0.0
-0.247,0.0
-0.247,0.0
-0.247,0.0
-0.247,0.0
-0.247,0.0
-0.247,0.0
-0.247,0.0
-0.247,0.0
-0.247,0.0
-0.247,0.0
-0.247,0.0
-0.247,0.0
-0.247,0.0
-0.247,0.0
-0.247,0.0
-0.247,0.0
-0.247,0.0
-0.247,0.0
-0.247,0.0
-0.247,0.0
-0.247,0.0
-0.279,0.0
-0.343,0.095
-0.415,0.219
-0.455,0.33
-0.455,0.385
-0.479,0.401
-0.519,0.401
-0.567,0.401
-0.583,0.401
-0.583,0.401
-0.583,0.401
-0.583,0.401
-0.583,0.401
-0.583,0.401
-0.583,0.401
-0.583,0.379
-0.583,0.247
-0.591,0.099
-0.591,0.0
-0.591,0.0
-0.519,0.0
-0.471,0.0
-0.407,0.0
-0.311,0.0
-0.135,0.0
-0.111,0.0
-0.087,0.0
-0.007,0.0
0.0,0.0
0.0,0.0
0.0,0.0
0.0,0.0
0.0,0.0
0.0,0.0
0.0,0.0
0.0,0.0
0.0,0.0
0.0,0.0
0.0,0.0
0.0,0.0
0.0,0.0
0.0,0.0
0.0,0.0
0.0,0.0
0.0,0.0
0.0,0.0
0.0,0.0
0.0,0.0
0.0,0.0
0.0,0.101
0.0,0.164
0.0,0.204
0.0,0.219
0.0,0.219
-0.087,0.219
-0.095,0.219
-0.135,0.219
-0.135,0.219
-0.135,0.219
-0.135,0.219
-0.135,0.219
-0.135,0.219
-0.151,0.219
-0.151,0.219
-0.151,0.219
-0.151,0.219
-0.151,0.219
-0.151,0.219
-0.151,0.219
-0.151,0.219
-0.151,0.219
-0.151,0.219
-0.175,0.219
-0.215,0.219
-0.215,0.164
-0.215,0.14
-0.215,0.109
-0.215,0.101
-0.215,0.077
-0.215,0.062
-0.215,0.038
-0.215,0.038
-0.215,0.038
-0.215,0.038
-0.215,0.038
-0.215,0.038
-0.215,0.038
-0.215,0.038
-0.215,0.0
-0.183,0.0
-0.183,0.0
-0.175,0.0
-0.175,0.0
-0.135,0.0
-0.111,0.0
-0.095,0.0
-0.095,0.0
-0.095,0.0
-0.087,0.0
-0.071,0.0
-0.071,0.0
-0.071,0.0
-0.071,0.0
-0.071,0.022
-0.071,0.215
-0.071,0.336
-0.071,0.48
-0.127,0.543
-0.135,0.543
-0.159,0.543
-0.247,0.543
-0.287,0.559
-0.375,0.559
-0.479,0.559
-0.623,0.559
-0.623,0.559
-0.623,0.559
-0.623,0.559
-0.623,0.559
-0.623,0.559
-0.623,0.559
-0.623,0.559
-0.623,0.559
-0.631,0.559
-0.631,0.559
-0.631,0.559
-0.631,0.559
-0.631,0.559
-0.631,0.559
-0.631,0.559
-0.631,0.559
-0.631,0.559
-0.631,0.559
-0.631,0.559
-0.631,0.559
-0.631,0.559
-0.631,0.559
-0.631,0.559
-0.631,0.559
-0.631,0.559
-0.647,0.519
-0.655,0.519
-0.687,0.48
-0.687,0.446
-0.695,0.424
-0.695,0.322
-0.695,0.294
-0.695,0.219
-0.695,0.204
-0.695,0.152
-0.455,0.101
-0.135,0.077
-0.111,0.077
-0.087,0.077
-0.023,0.077
0.0,0.077
0.0,0.077
0.0,0.077
0.0,0.077
0.0,0.077
0.0,0.062
0.0,0.062
0.0,0.038
0.0,0.038
0.0,0.038
0.0,0.038
0.0,0.038
0.0,0.038
0.0,0.038
0.0,0.038
0.0,0.022
0.0,0.022
0.0,0.022
-0.111,0.022
-0.431,0.022
-0.799,0.022
-0.911,0.022
-0.911,0.022
-0.911,0.022
-0.927,0.219
-0.927,0.346
-0.927,0.464
-0.927,0.519
-0.927,0.519
-0.975,0.519
-1.0,0.519
-1.0,0.519
-1.0,0.519
-1.0,0.519
-1.0,0.519
-1.0,0.519
-1.0,0.519
-1.0,0.519
-1.0,0.519
-1.0,0.519
-1.0,0.519
-1.0,0.519
-1.0,0.519
-1.0,0.519
-1.0,0.519
-1.0,0.525
-1.0,0.519
-1.0,0.519
-1.0,0.519
-1.0,0.525
-1.0,0.543
-1.0,0.543
-1.0,0.543
-1.0,0.543
-1.0,0.543
-1.0,0.543
-1.0,0.543
-1.0,0.543
-1.0,0.543
-1.0,0.543
-1.0,0.543
-1.0,0.543
-1.0,0.543
-1.0,0.57
-1.0,0.582
-0.975,0.582
-0.407,0.606
-0.087,0.606
-0.047,0.606
0.0,0.606
0.0,0.6
0.0,0.588
0.0,0.543
0.0,0.468
0.0,0.298
0.0,0.219
0.0,0.219
0.0,0.219
0.0,0.219
0.0,0.219
0.0,0.219
0.0,0.219
0.0,0.219
0.0,0.219
0.0,0.247
0.0,0.298
0.0,0.385
0.0,0.424
0.0,0.44
0.0,0.44
0.0,0.44
0.0,0.44
0.0,0.44
0.0,0.44
0.0,0.401
0.0,0.344
0.0,0.298
0.0,0.282
0.0,0.259
0.0,0.243
0.0,0.243
0.0,0.243
0.0,0.243
0.0,0.243
0.0,0.243
0.0,0.243
0.0,0.243
0.0,0.243
0.0,0.243
0.0,0.243
0.0,0.243
0.0,0.243
0.0,0.243
0.0,0.243
0.0,0.243
0.0,0.243
0.0,0.243
0.0,0.243
0.0,0.243
0.0,0.243
0.0,0.243
0.0,0.243
0.0,0.243
0.0,0.243
0.0,0.243
0.0,0.243
0.0,0.243
0.0,0.243
0.0,0.243
0.0,0.243
0.0,0.243
0.0,0.243
0.0,0.243
0.0,0.243
0.0,0.243
0.0,0.243
0.0,0.243
0.0,0.243
0.0,0.243
0.0,0.243
0.0,0.243
0.0,0.243
0.0,0.243
0.0,0.207
0.0,0.079
0.0,0.0
0.0,-0.05
0.0,-0.107
0.0,-0.123
0.0,-0.123
0.0,-0.204
0.0,-0.283
0.0,-0.341
0.0,-0.368
0.0,-0.368
0.0,-0.277
0.0,-0.105
0.0,0.0
0.0,0.168
0.0,0.255
0.0,0.298
0.0,0.338
0.0,0.338
0.0,0.338
0.0,0.338
0.0,0.338
0.0,0.338
0.0,0.338
0.0,0.338
0.0,0.361
0.0,0.385
0.0,0.385
0.0,0.385
0.0,0.385
0.0,0.385
0.0,0.385
0.0,0.385
0.0,0.373
0.0,0.294
0.0,0.243
0.0,0.204
0.0,0.18
0.0,0.176
0.0,0.164
0.0,0.164
0.0,0.164
0.0,0.164
0.0,0.164
0.0,0.204
0.0,0.294
