valence,arousal
0.00466666666667,0.0126666666667
0.00466666666667,0.0256666666667
0.00466666666667,0.0256666666667
0.00466666666667,0.0126666666667
0.00466666666667,0.0256666666667
0.00466666666667,0.0256666666667
0.00466666666667,0.0256666666667
0.00466666666667,0.0256666666667
0.00466666666667,0.0256666666667
0.00933333333333,0.0256666666667
0.0173333333333,0.0256666666667
0.0226666666667,0.0276666666667
0.0303333333333,0.0256666666667
0.0303333333333,0.0256666666667
0.00466666666667,0.0256666666667
0.00466666666667,0.0436666666667
0.00466666666667,0.0436666666667
0.00466666666667,0.0476666666667
0.00466666666667,0.0436666666667
0.00466666666667,0.0436666666667
0.00466666666667,0.0436666666667
0.0303333333333,0.0436666666667
0.0303333333333,0.0436666666667
0.00933333333333,0.0436666666667
0.00466666666667,0.0436666666667
0.00466666666667,0.0436666666667
0.00466666666667,0.0436666666667
0.00466666666667,0.0513333333333
0.00466666666667,0.0533333333333
0.00466666666667,0.0513333333333
0.00466666666667,0.0513333333333
0.0226666666667,0.0513333333333
0.0303333333333,0.0513333333333
0.0356666666667,0.0513333333333
0.0356666666667,0.0513333333333
0.0356666666667,0.0513333333333
0.0356666666667,0.0513333333333
0.0356666666667,0.0513333333333
0.0356666666667,0.0513333333333
0.0356666666667,0.0513333333333
0.0356666666667,0.0513333333333
0.0356666666667,0.0513333333333
0.0356666666667,0.0513333333333
0.0436666666667,0.0513333333333
0.0436666666667,0.0513333333333
0.0436666666667,0.0513333333333
0.0436666666667,0.0513333333333
0.0436666666667,0.0513333333333
0.0436666666667,0.0513333333333
0.0436666666667,0.0513333333333
0.0436666666667,0.0593333333333
0.0313333333333,0.0593333333333
0.039,0.0593333333333
0.026,0.0593333333333
0.026,0.0593333333333
0.026,0.07
0.026,0.07
0.026,0.07
0.026,0.08
0.026,0.078
0.026,0.078
0.026,0.078
0.026,0.078
0.026,0.078
0.0333333333333,0.078
0.0333333333333,0.078
0.0333333333333,0.078
0.044,0.082
0.0466666666667,0.078
0.0516666666667,0.078
0.0516666666667,0.078
0.0333333333333,0.078
0.0333333333333,0.078
0.0333333333333,0.078
0.0333333333333,0.0826666666667
0.0333333333333,0.103666666667
0.0256666666667,0.0906666666667
0.0256666666667,0.0906666666667
0.0256666666667,0.0906666666667
0.0256666666667,0.0826666666667
0.0203333333333,0.0516666666667
0.0203333333333,0.0536666666667
0.0203333333333,0.0516666666667
0.028,0.0756666666667
0.028,0.0696666666667
0.0306666666667,0.0756666666667
0.0306666666667,0.0696666666667
0.0306666666667,0.0696666666667
0.0463333333333,0.0756666666667
0.0463333333333,0.0773333333333
0.0463333333333,0.0773333333333
0.0463333333333,0.0773333333333
0.0463333333333,0.0773333333333
0.0463333333333,0.0773333333333
0.0463333333333,0.0956666666667
0.0463333333333,0.0956666666667
0.0463333333333,0.103666666667
0.0463333333333,0.107666666667
0.0463333333333,0.103666666667
0.0463333333333,0.103666666667
0.0463333333333,0.0856666666667
0.0463333333333,0.0856666666667
0.0463333333333,0.0856666666667
0.0463333333333,0.0856666666667
0.0463333333333,0.0856666666667
0.0463333333333,0.0856666666667
0.0463333333333,0.0856666666667
0.0436666666667,0.0856666666667
0.0436666666667,0.0856666666667
0.0436666666667,0.0856666666667
0.0436666666667,0.0856666666667
0.0436666666667,0.0856666666667
0.0436666666667,0.0856666666667
0.0436666666667,0.0856666666667
0.0436666666667,0.0856666666667
0.0436666666667,0.0856666666667
0.0436666666667,0.0856666666667
0.0436666666667,0.0896666666667
0.0436666666667,0.0856666666667
0.0436666666667,0.0856666666667
0.0436666666667,0.0876666666667
0.0436666666667,0.0856666666667
0.0436666666667,0.0856666666667
0.0436666666667,0.0856666666667
0.0436666666667,0.0856666666667
0.0436666666667,0.0856666666667
0.0436666666667,0.0856666666667
0.0436666666667,0.0856666666667
0.0436666666667,0.0856666666667
0.0436666666667,0.0856666666667
0.0436666666667,0.0856666666667
0.0436666666667,0.0856666666667
0.0436666666667,0.0856666666667
0.0436666666667,0.0856666666667
0.0436666666667,0.0856666666667
0.0436666666667,0.0856666666667
0.0436666666667,0.0856666666667
0.0436666666667,0.0856666666667
0.0436666666667,0.0856666666667
0.0436666666667,0.0576666666667
0.0436666666667,0.039
0.0436666666667,0.039
0.0436666666667,0.039
0.0436666666667,0.039
0.0436666666667,0.039
0.0436666666667,0.039
0.0436666666667,0.0376666666667
0.041,0.0686666666667
0.0333333333333,0.0503333333333
0.0253333333333,0.0376666666667
0.0173333333333,0.0296666666667
0.0173333333333,0.0336666666667
0.0173333333333,0.0296666666667
0.0173333333333,0.0423333333333
0.0173333333333,0.0343333333333
0.0173333333333,0.0363333333333
0.0173333333333,0.0343333333333
0.0173333333333,0.0343333333333
0.0173333333333,0.0343333333333
0.0173333333333,0.021
0.0173333333333,0.025
0.0173333333333,0.024
0.0173333333333,0.024
0.0173333333333,0.024
0.0173333333333,0.024
0.0173333333333,0.024
0.0173333333333,0.024
0.0173333333333,0.024
0.0173333333333,0.024
0.0173333333333,0.024
0.0173333333333,0.024
0.0173333333333,0.024
0.0173333333333,0.024
0.0173333333333,0.024
0.0173333333333,0.024
0.0173333333333,0.024
0.0173333333333,0.024
0.0173333333333,0.024
0.0173333333333,0.024
0.0173333333333,0.024
0.0173333333333,0.016
0.0173333333333,0.016
0.0173333333333,0.016
0.0173333333333,0.016
0.0173333333333,0.0106666666667
0.0173333333333,0.0106666666667
0.0173333333333,0.00266666666667
0.0173333333333,0.00266666666667
0.0173333333333,-0.00133333333333
0.00933333333333,-0.00266666666667
0.00933333333333,-0.00266666666667
0.00933333333333,-0.00266666666667
0.00933333333333,-0.00266666666667
0.00933333333333,-0.00266666666667
0.00933333333333,-0.00266666666667
0.00933333333333,-0.00266666666667
0.00933333333333,-0.00266666666667
0.00933333333333,0.00266666666667
0.00933333333333,0.0103333333333
0.00933333333333,0.0103333333333
0.00933333333333,0.0156666666667
0.00933333333333,0.0156666666667
0.00933333333333,0.0156666666667
0.00933333333333,0.0156666666667
0.00933333333333,0.0156666666667
0.00933333333333,0.0156666666667
0.00933333333333,0.0156666666667
0.00933333333333,0.0156666666667
0.02,0.0156666666667
0.0226666666667,0.0156666666667
0.0303333333333,0.0156666666667
0.033,-0.016
0.0356666666667,-0.016
0.0383333333333,-0.016
0.0383333333333,-0.016
0.0383333333333,-0.016
0.0436666666667,-0.016
0.0436666666667,-0.0236666666667
0.0436666666667,-0.0236666666667
0.0436666666667,-0.0236666666667
0.0436666666667,-0.0236666666667
0.0436666666667,-0.00266666666667
0.0436666666667,-0.00266666666667
0.0436666666667,-0.00266666666667
0.033,-0.00266666666667
0.02,-0.00266666666667
0.012,-0.00266666666667
0.012,-0.00266666666667
0.00933333333333,0.00266666666667
0.00933333333333,0.00266666666667
0.00933333333333,0.00266666666667
0.00933333333333,0.00266666666667
0.00933333333333,0.00266666666667
0.00933333333333,0.00266666666667
0.0303333333333,0.00266666666667
0.0303333333333,0.00266666666667
0.0303333333333,0.00266666666667
0.0303333333333,0.00266666666667
0.0303333333333,0.00266666666667
0.0276666666667,0.00266666666667
0.0276666666667,0.00266666666667
0.033,0.00266666666667
0.041,0.00266666666667
0.041,0.00266666666667
0.041,-0.016
0.041,-0.016
0.041,-0.016
0.041,-0.016
0.041,-0.016
0.041,-0.0236666666667
0.041,-0.0236666666667
0.041,-0.0313333333333
0.041,-0.0313333333333
0.041,-0.0313333333333
0.041,-0.0313333333333
0.041,-0.0313333333333
0.041,-0.0103333333333
0.041,-0.0103333333333
0.041,-0.0103333333333
0.041,-0.0103333333333
0.041,-0.0103333333333
0.041,-0.0103333333333
0.041,-0.001
0.041,-0.005
0.041,-0.005
0.041,-0.001
0.041,-0.005
0.041,-0.005
0.041,-0.005
0.041,-0.005
0.041,-0.005
0.041,-0.005
0.041,-0.003
0.041,-0.005
0.041,-0.005
0.041,-0.001
0.041,-0.005
0.041,-0.005
0.041,-0.003
0.041,-0.005
0.041,-0.005
0.041,-0.005
0.041,-0.005
0.041,-0.005
0.041,-0.005
0.041,-0.005
0.041,-0.005
0.041,-0.005
0.041,-0.005
0.041,-0.003
0.041,-0.005
0.041,-0.005
0.041,-0.003
0.041,-0.005
0.041,-0.005
0.041,-0.005
0.041,-0.005
0.041,-0.005
0.041,-0.005
0.041,-0.005
0.041,-0.005
0.041,-0.0236666666667
0.041,-0.0236666666667
0.041,-0.0236666666667
0.041,-0.0196666666667
0.041,-0.0236666666667
0.041,-0.0363333333333
0.041,-0.0573333333333
0.041,-0.0573333333333
0.041,-0.0626666666667
0.041,-0.0626666666667
0.041,-0.0626666666667
0.041,-0.0626666666667
0.041,-0.0626666666667
0.041,-0.0363333333333
0.041,-0.0363333333333
0.041,-0.0363333333333
0.041,-0.0363333333333
0.041,-0.0363333333333
0.041,-0.0363333333333
0.041,-0.0363333333333
0.041,-0.0363333333333
0.041,-0.0343333333333
0.041,-0.0363333333333
0.041,-0.0363333333333
0.041,-0.0323333333333
0.041,-0.0363333333333
0.041,-0.0363333333333
0.041,-0.0343333333333
0.041,-0.0363333333333
0.041,-0.0363333333333
0.041,-0.0363333333333
0.041,-0.0363333333333
0.041,-0.0363333333333
0.041,-0.0323333333333
0.041,-0.0363333333333
0.041,-0.0363333333333
0.041,-0.0363333333333
0.041,-0.0363333333333
0.041,-0.0363333333333
0.041,-0.0363333333333
0.041,-0.0363333333333
0.041,-0.0363333333333
0.041,-0.0363333333333
0.041,-0.0363333333333
0.041,-0.0363333333333
0.041,-0.0363333333333
0.041,-0.0363333333333
0.041,-0.0363333333333
0.041,-0.0363333333333
0.041,-0.0363333333333
0.041,-0.0363333333333
0.041,-0.0363333333333
0.041,-0.0176666666667
0.041,-0.006
0.041,-0.006
0.041,-0.01
0.041,-0.01
0.041,-0.01
0.041,-0.00466666666667
0.041,-0.00466666666667
0.041,-0.00466666666667
0.041,-0.00466666666667
0.041,-0.00466666666667
0.041,-0.000666666666667
0.041,-0.00466666666667
0.041,-0.00466666666667
0.041,-0.00466666666667
0.041,-0.00466666666667
0.041,-0.00466666666667
0.041,-0.00466666666667
0.041,-0.00466666666667
0.041,-0.00466666666667
0.041,-0.00466666666667
0.041,-0.00466666666667
0.041,-0.00466666666667
0.041,-0.00466666666667
0.041,-0.00466666666667
0.041,-0.00466666666667
0.041,-0.00466666666667
0.041,-0.00466666666667
0.041,-0.000666666666667
0.041,-0.00266666666667
0.041,-0.00466666666667
0.041,-0.00466666666667
0.041,-0.00466666666667
0.041,-0.00466666666667
0.041,-0.00466666666667
0.041,-0.00466666666667
0.041,-0.00466666666667
0.041,-0.00466666666667
0.041,-0.00466666666667
0.041,-0.00466666666667
0.041,-0.00466666666667
0.041,-0.00466666666667
0.041,-0.00466666666667
0.041,-0.00466666666667
0.0463333333333,-0.00466666666667
0.0463333333333,-0.00466666666667
0.0463333333333,-0.0126666666667
0.0463333333333,-0.0126666666667
0.0463333333333,-0.0126666666667
0.0463333333333,-0.0126666666667
0.0463333333333,-0.0126666666667
0.0463333333333,-0.031
0.0463333333333,-0.031
0.0463333333333,-0.031
0.0463333333333,-0.031
0.0463333333333,-0.031
0.0463333333333,-0.031
0.0463333333333,-0.031
0.0463333333333,-0.031
0.0276666666667,-0.031
0.02,-0.031
0.02,-0.031
0.02,-0.031
0.02,-0.031
0.02,-0.031
0.02,-0.031
0.02,-0.0126666666667
0.0146666666667,-0.0126666666667
0.0146666666667,-0.0126666666667
0.0146666666667,-0.0126666666667
0.0146666666667,-0.00466666666667
0.0146666666667,-0.00466666666667
0.0146666666667,0.003
0.0146666666667,0.0163333333333
0.0146666666667,0.0163333333333
0.0146666666667,0.0216666666667
0.0146666666667,0.0293333333333
0.0146666666667,0.0293333333333
0.0146666666667,0.0293333333333
0.0146666666667,0.0293333333333
0.0146666666667,0.0293333333333
0.0146666666667,0.0293333333333
0.0146666666667,0.0293333333333
0.0146666666667,0.0293333333333
0.0146666666667,0.0293333333333
0.0146666666667,0.0293333333333
0.0146666666667,0.0293333333333
0.0146666666667,0.00833333333333
0.0146666666667,0.003
0.0146666666667,0.003
0.0146666666667,0.003
0.0146666666667,0.003
0.0146666666667,0.003
0.0146666666667,0.003
0.0146666666667,0.003
0.0146666666667,-0.00466666666667
0.0146666666667,-0.00466666666667
0.0146666666667,-0.00466666666667
0.0146666666667,-0.00466666666667
0.0146666666667,-0.00466666666667
0.0146666666667,-0.00466666666667
0.0146666666667,-0.00466666666667
0.0126666666667,-0.00466666666667
0.0126666666667,-0.00466666666667
0.0126666666667,-0.00466666666667
0.0126666666667,-0.00466666666667
0.0126666666667,-0.00466666666667
0.0126666666667,-0.00466666666667
0.0126666666667,-0.00466666666667
0.0126666666667,-0.00466666666667
0.0126666666667,-0.00466666666667
0.0126666666667,0.0163333333333
0.0126666666667,0.0163333333333
0.0126666666667,0.0163333333333
0.0126666666667,0.0163333333333
0.0126666666667,0.0216666666667
0.0126666666667,0.0216666666667
0.0126666666667,0.0216666666667
0.0126666666667,0.0216666666667
0.0126666666667,0.0216666666667
0.0126666666667,0.0216666666667
0.0126666666667,0.0216666666667
0.0126666666667,0.0216666666667
0.0126666666667,0.0216666666667
0.0126666666667,0.0216666666667
0.0126666666667,0.0216666666667
0.0126666666667,0.003
0.0126666666667,0.003
0.0126666666667,0.003
0.0126666666667,0.003
0.0126666666667,0.003
0.0126666666667,0.003
0.0126666666667,0.003
0.0126666666667,0.003
0.0126666666667,0.003
0.0126666666667,-0.00466666666667
0.0126666666667,-0.00466666666667
0.0126666666667,-0.00466666666667
0.0126666666667,-0.00466666666667
0.0126666666667,-0.00466666666667
0.0126666666667,-0.00466666666667
0.0126666666667,-0.00466666666667
0.0126666666667,-0.00466666666667
0.0126666666667,-0.00466666666667
0.0126666666667,-0.00466666666667
0.0126666666667,-0.00466666666667
0.0126666666667,-0.00466666666667
0.0126666666667,-0.00466666666667
0.0126666666667,-0.00466666666667
0.0126666666667,-0.00466666666667
0.0126666666667,-0.00466666666667
0.0126666666667,-0.00466666666667
0.00466666666667,-0.00466666666667
0.00466666666667,-0.00466666666667
0.00466666666667,-0.00466666666667
0.00466666666667,-0.00466666666667
0.00466666666667,-0.00466666666667
0.00466666666667,-0.00466666666667
0.00466666666667,-0.00466666666667
0.00466666666667,-0.00466666666667
0.00466666666667,-0.00466666666667
0.00466666666667,-0.00466666666667
0.00466666666667,-0.00466666666667
0.00466666666667,-0.00466666666667
0.00466666666667,-0.00466666666667
0.00466666666667,-0.00466666666667
0.00466666666667,-0.00466666666667
0.00466666666667,-0.00466666666667
0.00466666666667,-0.00466666666667
0.00466666666667,-0.00466666666667
0.00466666666667,-0.00466666666667
0.00466666666667,-0.00466666666667
0.00466666666667,-0.00466666666667
0.00466666666667,-0.00466666666667
0.00466666666667,-0.00466666666667
0.00466666666667,-0.00466666666667
0.00466666666667,-0.00466666666667
0.00466666666667,-0.00466666666667
0.00466666666667,-0.00466666666667
0.00466666666667,-0.00466666666667
0.00466666666667,-0.00466666666667
0.00466666666667,0.0163333333333
0.00466666666667,0.0163333333333
0.00466666666667,0.0163333333333
0.00466666666667,0.0163333333333
0.00466666666667,0.0163333333333
0.00466666666667,0.0163333333333
0.00466666666667,0.0163333333333
0.00466666666667,0.0163333333333
0.00466666666667,0.0163333333333
0.00466666666667,0.0163333333333
0.00466666666667,0.0163333333333
0.00466666666667,0.0163333333333
0.00466666666667,0.0163333333333
0.00466666666667,-0.00466666666667
0.00466666666667,-0.00466666666667
0.00466666666667,-0.00466666666667
0.00466666666667,-0.00466666666667
0.00466666666667,-0.00466666666667
0.00466666666667,-0.00466666666667
0.00466666666667,-0.00466666666667
0.00466666666667,-0.00466666666667
0.00466666666667,-0.00466666666667
0.00466666666667,-0.00466666666667
0.00466666666667,-0.00466666666667
0.00466666666667,-0.00466666666667
0.00466666666667,-0.00466666666667
0.00466666666667,-0.00466666666667
0.00466666666667,-0.00466666666667
0.00466666666667,-0.00466666666667
0.00466666666667,-0.00466666666667
0.00466666666667,-0.00466666666667
0.00466666666667,0.0163333333333
0.00466666666667,0.0163333333333
0.00466666666667,0.0163333333333
0.00466666666667,0.0163333333333
0.00466666666667,0.0163333333333
0.00466666666667,0.0163333333333
0.00466666666667,0.0163333333333
0.00466666666667,0.0163333333333
0.00466666666667,0.0163333333333
0.00466666666667,0.0163333333333
0.00466666666667,0.0163333333333
0.00466666666667,0.0163333333333
0.00466666666667,0.0163333333333
0.00466666666667,0.0163333333333
0.00466666666667,0.0163333333333
0.00466666666667,0.0163333333333
0.00466666666667,0.0163333333333
0.00466666666667,0.0163333333333
0.00466666666667,0.0163333333333
0.00466666666667,0.0163333333333
0.00466666666667,0.0163333333333
0.00466666666667,0.0163333333333
0.00466666666667,0.0163333333333
0.00466666666667,0.0163333333333
0.00466666666667,0.0163333333333
0.00466666666667,0.0163333333333
0.00466666666667,0.0163333333333
0.00466666666667,0.0163333333333
0.00466666666667,0.0163333333333
0.00466666666667,-0.00466666666667
0.00466666666667,-0.00466666666667
0.00466666666667,-0.00466666666667
0.00466666666667,-0.00466666666667
0.00466666666667,-0.00466666666667
0.00466666666667,-0.00466666666667
0.00466666666667,-0.00466666666667
0.00466666666667,-0.00466666666667
0.00466666666667,-0.00466666666667
0.00466666666667,-0.00466666666667
0.0256666666667,-0.00466666666667
0.0256666666667,-0.00466666666667
0.0256666666667,-0.00466666666667
0.031,-0.00466666666667
0.031,-0.00466666666667
0.031,-0.00466666666667
0.031,-0.00466666666667
0.031,-0.00466666666667
0.031,-0.00466666666667
0.031,-0.00466666666667
0.031,-0.00466666666667
0.031,-0.00466666666667
0.0436666666667,-0.00466666666667
0.0516666666667,-0.00466666666667
0.0593333333333,-0.00466666666667
0.0726666666667,-0.00466666666667
0.0753333333333,-0.00466666666667
0.0776666666667,-0.00466666666667
0.0776666666667,-0.00466666666667
0.0776666666667,-0.00466666666667
0.0776666666667,-0.00466666666667
0.0776666666667,-0.00466666666667
0.0776666666667,-0.00466666666667
0.0776666666667,-0.00466666666667
0.0776666666667,-0.00466666666667
0.0776666666667,-0.00466666666667
0.0776666666667,-0.00466666666667
0.0776666666667,-0.00466666666667
0.0776666666667,-0.00466666666667
0.0776666666667,-0.00466666666667
0.0776666666667,-0.00466666666667
0.0776666666667,-0.00466666666667
0.0593333333333,-0.00466666666667
0.0593333333333,-0.00466666666667
0.0593333333333,-0.00466666666667
0.0593333333333,-0.00466666666667
0.0593333333333,0.00333333333333
0.0593333333333,0.00333333333333
0.0593333333333,0.00333333333333
0.0593333333333,0.00333333333333
0.0593333333333,0.00333333333333
0.0593333333333,0.009
0.0593333333333,0.00333333333333
0.0593333333333,0.009
0.0593333333333,0.00333333333333
0.0593333333333,0.00333333333333
0.0593333333333,0.00533333333333
0.0593333333333,0.00333333333333
0.0593333333333,0.00333333333333
0.0593333333333,0.00733333333333
0.0593333333333,0.00333333333333
0.0593333333333,0.00333333333333
0.0593333333333,0.00733333333333
0.0593333333333,0.00333333333333
0.0593333333333,0.009
0.0593333333333,0.00733333333333
0.0593333333333,0.00333333333333
0.0593333333333,0.00333333333333
0.0593333333333,0.00333333333333
0.0593333333333,0.011
0.0593333333333,0.011
0.0593333333333,0.0163333333333
0.0593333333333,0.0243333333333
0.0593333333333,0.0243333333333
0.0593333333333,0.0243333333333
0.0593333333333,0.0243333333333
0.0593333333333,0.0163333333333
0.0593333333333,0.0163333333333
0.0593333333333,0.0216666666667
0.0383333333333,0.0216666666667
0.0463333333333,0.0216666666667
0.028,0.0216666666667
0.0146666666667,0.0216666666667
0.0146666666667,0.0216666666667
0.0146666666667,0.0216666666667
0.0126666666667,0.0216666666667
0.0126666666667,0.0216666666667
0.0126666666667,0.0216666666667
0.0126666666667,0.0216666666667
0.0126666666667,0.0216666666667
0.0126666666667,0.0216666666667
0.0126666666667,0.0216666666667
0.0126666666667,0.0216666666667
0.0126666666667,0.0216666666667
0.0126666666667,0.0216666666667
0.0126666666667,0.0216666666667
0.0126666666667,0.0216666666667
0.0126666666667,0.0216666666667
0.0126666666667,0.0216666666667
0.0126666666667,0.0216666666667
0.0126666666667,0.0216666666667
0.0126666666667,0.0216666666667
0.0126666666667,0.0426666666667
0.0126666666667,0.0426666666667
0.0126666666667,0.0426666666667
0.0126666666667,0.0426666666667
0.0126666666667,0.0426666666667
0.0126666666667,0.0216666666667
0.0126666666667,0.0216666666667
0.0126666666667,0.0216666666667
0.0126666666667,0.0216666666667
0.0126666666667,0.0216666666667
0.0126666666667,0.0216666666667
0.0126666666667,0.0216666666667
0.0126666666667,0.0216666666667
0.0126666666667,0.0216666666667
0.0126666666667,0.0163333333333
0.0126666666667,0.0163333333333
0.0126666666667,0.0163333333333
0.0126666666667,0.0163333333333
0.0126666666667,0.0163333333333
0.0126666666667,0.0163333333333
0.0126666666667,0.0163333333333
0.0126666666667,0.0163333333333
0.0126666666667,0.0163333333333
0.0126666666667,0.0163333333333
0.0126666666667,0.0163333333333
0.0126666666667,0.0163333333333
0.00466666666667,0.0163333333333
0.00466666666667,0.0163333333333
0.00466666666667,0.0163333333333
0.00466666666667,0.0163333333333
0.00466666666667,0.0163333333333
0.00466666666667,0.0163333333333
0.00466666666667,0.0163333333333
0.00466666666667,0.0373333333333
0.00466666666667,0.0373333333333
0.00466666666667,0.0373333333333
0.00466666666667,0.0373333333333
0.00466666666667,0.0373333333333
0.00466666666667,0.0373333333333
0.00466666666667,0.0373333333333
0.00466666666667,0.0373333333333
0.00466666666667,0.0373333333333
0.00466666666667,0.0373333333333
0.00466666666667,0.0373333333333
0.00466666666667,0.0373333333333
0.00466666666667,0.0373333333333
0.00466666666667,0.0373333333333
0.00466666666667,0.0373333333333
0.00466666666667,0.0373333333333
0.00466666666667,0.0373333333333
0.00466666666667,0.0373333333333
0.00466666666667,0.0373333333333
0.00466666666667,0.0373333333333
0.00466666666667,0.0373333333333
0.00466666666667,0.0373333333333
0.00466666666667,0.0373333333333
0.0256666666667,0.0373333333333
0.0256666666667,0.0373333333333
0.0256666666667,0.0373333333333
0.0256666666667,0.0373333333333
0.0256666666667,0.0373333333333
0.00466666666667,0.0373333333333
0.0256666666667,0.0373333333333
0.0256666666667,0.0373333333333
0.0256666666667,0.0373333333333
0.0256666666667,0.0373333333333
0.0256666666667,0.0373333333333
0.0256666666667,0.00866666666667
0.0256666666667,0.00866666666667
0.0256666666667,0.00866666666667
0.0256666666667,0.00866666666667
0.0256666666667,0.00866666666667
0.0256666666667,0.00866666666667
0.0256666666667,0.00866666666667
0.0256666666667,0.00866666666667
0.0256666666667,0.00866666666667
0.0256666666667,0.00866666666667
0.0256666666667,0.00866666666667
0.0256666666667,0.00866666666667
0.0256666666667,0.00866666666667
0.0256666666667,0.00866666666667
0.0256666666667,0.00866666666667
0.0256666666667,0.00866666666667
0.0256666666667,0.00866666666667
0.0256666666667,0.00866666666667
0.0256666666667,0.00866666666667
0.0256666666667,0.00866666666667
0.0256666666667,0.00866666666667
0.0256666666667,0.00866666666667
0.0256666666667,0.00866666666667
0.0256666666667,0.00866666666667
0.0256666666667,0.00866666666667
0.0256666666667,0.00866666666667
0.0256666666667,0.00866666666667
0.0256666666667,0.00866666666667
0.0256666666667,0.00866666666667
0.0256666666667,0.0296666666667
0.0256666666667,0.0296666666667
0.0256666666667,0.0426666666667
0.0256666666667,0.0426666666667
0.0256666666667,0.0426666666667
0.0256666666667,0.0426666666667
0.0256666666667,0.0426666666667
0.0256666666667,0.0426666666667
0.0256666666667,0.0506666666667
0.0256666666667,0.0506666666667
0.0256666666667,0.0506666666667
0.0256666666667,0.0506666666667
0.0256666666667,0.0506666666667
0.0256666666667,0.0506666666667
0.0256666666667,0.0506666666667
0.0256666666667,0.0506666666667
0.0256666666667,0.0506666666667
0.0256666666667,0.0506666666667
0.0256666666667,0.0506666666667
0.0256666666667,0.0506666666667
0.0256666666667,0.0506666666667
0.0256666666667,0.0506666666667
0.0256666666667,0.0506666666667
0.0256666666667,0.0506666666667
0.0256666666667,0.0506666666667
0.0256666666667,0.0506666666667
0.0256666666667,0.0506666666667
0.0256666666667,0.0506666666667
0.0256666666667,0.0506666666667
0.0256666666667,0.0506666666667
0.0256666666667,0.0506666666667
0.0256666666667,0.0506666666667
0.0256666666667,0.0506666666667
0.0256666666667,0.0506666666667
0.0256666666667,0.0506666666667
0.0256666666667,0.0506666666667
0.0256666666667,0.0506666666667
0.0256666666667,0.0296666666667
0.0256666666667,0.0296666666667
0.0256666666667,0.0296666666667
0.0256666666667,0.0296666666667
0.0256666666667,0.0216666666667
0.0256666666667,0.0216666666667
0.0256666666667,0.0216666666667
0.0256666666667,0.0216666666667
0.0256666666667,0.0216666666667
0.0256666666667,0.0216666666667
0.0256666666667,0.0216666666667
0.0256666666667,0.0163333333333
0.0256666666667,0.0163333333333
0.0256666666667,0.0163333333333
0.0256666666667,0.0163333333333
0.0256666666667,0.0163333333333
0.0256666666667,0.0163333333333
0.0256666666667,0.0163333333333
0.0256666666667,0.0163333333333
0.0256666666667,0.0163333333333
0.0256666666667,0.0163333333333
0.0256666666667,0.0163333333333
0.0256666666667,0.0163333333333
0.0256666666667,0.0163333333333
0.0256666666667,0.0163333333333
0.0256666666667,0.0163333333333
0.0256666666667,0.0163333333333
0.0256666666667,0.0163333333333
0.0256666666667,0.0163333333333
0.0256666666667,0.0163333333333
0.0256666666667,0.0163333333333
0.0256666666667,0.0163333333333
0.0256666666667,0.0163333333333
0.0256666666667,0.0163333333333
0.0256666666667,0.0163333333333
0.0256666666667,0.0163333333333
0.0256666666667,0.0163333333333
0.0256666666667,0.0163333333333
0.0256666666667,0.0163333333333
0.0256666666667,0.0163333333333
0.0256666666667,0.0163333333333
0.0256666666667,0.0163333333333
0.0256666666667,0.0163333333333
0.0256666666667,0.0426666666667
0.0256666666667,0.0426666666667
0.0256666666667,0.0426666666667
0.0256666666667,0.0426666666667
0.0256666666667,0.0426666666667
0.0256666666667,0.0426666666667
0.0256666666667,0.0426666666667
0.0256666666667,0.0426666666667
0.0256666666667,0.0426666666667
0.0256666666667,0.0426666666667
0.0256666666667,0.0426666666667
0.0256666666667,0.0426666666667
0.0256666666667,0.0426666666667
0.0256666666667,0.0426666666667
0.0256666666667,0.0426666666667
0.0256666666667,0.0426666666667
0.0256666666667,0.0426666666667
0.0256666666667,0.0426666666667
0.0256666666667,0.0426666666667
0.0256666666667,0.0426666666667
0.0256666666667,0.0426666666667
0.0256666666667,0.0426666666667
0.0256666666667,0.0426666666667
0.0256666666667,0.0216666666667
0.0256666666667,0.0216666666667
0.0256666666667,0.0216666666667
0.0256666666667,0.0216666666667
0.0256666666667,0.0216666666667
0.0256666666667,0.0163333333333
0.0256666666667,0.0163333333333
0.0256666666667,0.0163333333333
0.0256666666667,0.00866666666667
0.0256666666667,0.00866666666667
0.0256666666667,0.00866666666667
0.0256666666667,0.00866666666667
0.0256666666667,0.00866666666667
0.0256666666667,0.00866666666667
0.0256666666667,0.00866666666667
0.0256666666667,0.00866666666667
0.0256666666667,0.0296666666667
0.0256666666667,0.0373333333333
0.00466666666667,0.0373333333333
0.00466666666667,0.0373333333333
0.00466666666667,0.0373333333333
0.00466666666667,0.0373333333333
0.0256666666667,0.0373333333333
0.0256666666667,0.0373333333333
0.0256666666667,0.0373333333333
0.0256666666667,0.0373333333333
0.0256666666667,0.0373333333333
0.0256666666667,0.0373333333333
0.0256666666667,0.0373333333333
0.0256666666667,0.0373333333333
0.0256666666667,0.0373333333333
0.0256666666667,0.0373333333333
0.0256666666667,0.0373333333333
0.0256666666667,0.0373333333333
0.0256666666667,0.0373333333333
0.0256666666667,0.0373333333333
0.0256666666667,0.0373333333333
0.0256666666667,0.0373333333333
0.0256666666667,0.0373333333333
0.0256666666667,0.0373333333333
0.0256666666667,0.0373333333333
0.0256666666667,0.0373333333333
0.0256666666667,0.0373333333333
0.0256666666667,0.0373333333333
0.0256666666667,0.0373333333333
0.0256666666667,0.0373333333333
0.0256666666667,0.0373333333333
0.0256666666667,0.0373333333333
0.0256666666667,0.0373333333333
0.0256666666667,0.0373333333333
0.0256666666667,0.0373333333333
0.0256666666667,0.0373333333333
0.0256666666667,0.0373333333333
0.0256666666667,0.0373333333333
0.0256666666667,0.0373333333333
0.0256666666667,0.0373333333333
0.0256666666667,0.0373333333333
0.0256666666667,0.0373333333333
0.0256666666667,0.0373333333333
0.0256666666667,0.0373333333333
0.0256666666667,0.0373333333333
0.0256666666667,0.0373333333333
0.0256666666667,0.0373333333333
0.0256666666667,0.0373333333333
0.0256666666667,0.0373333333333
0.0256666666667,0.0373333333333
0.0256666666667,0.0373333333333
0.0256666666667,0.0373333333333
0.0256666666667,0.0373333333333
0.0256666666667,0.0373333333333
0.0256666666667,0.0373333333333
0.0256666666667,0.0373333333333
0.0256666666667,0.0373333333333
0.0256666666667,0.0373333333333
0.0256666666667,0.0373333333333
0.0256666666667,0.0373333333333
0.0256666666667,0.0373333333333
0.0256666666667,0.0373333333333
0.0256666666667,0.0373333333333
0.0256666666667,0.0373333333333
0.0256666666667,0.0373333333333
0.0256666666667,0.0373333333333
0.0256666666667,0.0373333333333
0.0256666666667,0.0373333333333
0.0256666666667,0.0373333333333
0.0256666666667,0.0373333333333
0.0256666666667,0.0373333333333
0.0256666666667,0.0373333333333
0.0256666666667,0.0373333333333
0.0256666666667,0.0373333333333
0.0256666666667,0.0373333333333
0.0256666666667,0.0373333333333
0.0256666666667,0.0373333333333
0.0256666666667,0.0373333333333
0.0256666666667,0.0373333333333
0.0256666666667,0.0373333333333
0.0256666666667,0.0373333333333
0.0256666666667,0.0373333333333
0.0256666666667,0.0373333333333
0.0256666666667,0.0373333333333
0.0256666666667,0.0373333333333
0.0256666666667,0.0373333333333
0.0256666666667,0.0373333333333
0.0256666666667,0.0373333333333
0.0256666666667,0.0373333333333
0.0256666666667,0.0373333333333
0.0256666666667,0.0373333333333
0.0256666666667,0.0373333333333
0.0256666666667,0.0373333333333
0.0256666666667,0.0373333333333
0.0256666666667,0.0373333333333
0.0256666666667,0.0373333333333
0.0256666666667,0.0373333333333
0.0256666666667,0.0373333333333
0.0256666666667,0.0373333333333
0.0256666666667,0.0373333333333
0.0256666666667,0.0373333333333
0.0256666666667,0.0373333333333
0.0256666666667,0.0373333333333
0.0256666666667,0.0373333333333
0.0256666666667,0.0373333333333
0.0256666666667,0.0373333333333
0.0256666666667,0.0373333333333
0.0256666666667,0.0373333333333
0.0256666666667,0.0373333333333
0.0256666666667,0.0373333333333
0.0256666666667,0.0373333333333
0.0256666666667,0.0373333333333
0.0256666666667,0.0373333333333
0.0256666666667,0.0373333333333
0.0256666666667,0.0373333333333
0.0256666666667,0.0373333333333
0.0256666666667,0.0373333333333
0.0256666666667,0.0373333333333
0.0256666666667,0.0373333333333
0.0256666666667,0.0373333333333
0.0256666666667,0.0373333333333
0.0256666666667,0.0373333333333
0.0256666666667,0.0373333333333
0.0256666666667,0.0373333333333
0.0256666666667,0.0373333333333
0.0256666666667,0.0373333333333
0.0256666666667,0.0373333333333
0.0256666666667,0.0373333333333
0.0256666666667,0.0373333333333
0.0256666666667,0.0373333333333
0.0256666666667,0.0426666666667
0.0256666666667,0.0506666666667
0.0256666666667,0.0506666666667
0.0256666666667,0.0506666666667
0.0256666666667,0.0506666666667
0.0256666666667,0.0506666666667
0.0256666666667,0.0506666666667
0.0256666666667,0.0506666666667
0.0256666666667,0.0506666666667
0.0256666666667,0.0506666666667
0.0256666666667,0.0506666666667
0.0256666666667,0.0506666666667
0.0256666666667,0.0506666666667
0.0256666666667,0.0506666666667
0.0256666666667,0.0506666666667
0.0256666666667,0.0506666666667
0.0256666666667,0.0506666666667
0.0256666666667,0.0506666666667
0.0256666666667,0.0506666666667
0.0256666666667,0.0296666666667
0.0256666666667,0.0296666666667
0.0256666666667,0.0296666666667
0.0256666666667,0.0296666666667
0.0256666666667,0.0296666666667
0.0256666666667,0.0296666666667
0.0256666666667,0.0296666666667
0.0256666666667,0.0296666666667
0.0256666666667,0.0216666666667
0.0256666666667,0.0216666666667
0.0256666666667,0.0216666666667
0.0256666666667,0.0216666666667
0.0256666666667,0.0216666666667
0.0256666666667,0.0216666666667
0.0256666666667,0.0216666666667
0.0256666666667,0.0216666666667
0.0256666666667,0.0216666666667
0.0256666666667,0.0216666666667
0.0256666666667,0.0216666666667
0.0256666666667,0.0216666666667
0.0256666666667,0.0216666666667
0.0256666666667,0.0216666666667
0.0256666666667,0.0216666666667
0.0256666666667,0.0216666666667
0.0256666666667,0.0216666666667
0.0256666666667,0.0216666666667
0.0256666666667,0.0216666666667
0.0256666666667,0.0216666666667
0.0256666666667,0.0216666666667
0.0256666666667,0.0216666666667
0.0256666666667,0.0216666666667
0.0256666666667,0.0216666666667
0.0256666666667,0.0216666666667
0.0256666666667,0.0216666666667
0.0256666666667,0.0216666666667
0.0256666666667,0.0163333333333
0.0256666666667,0.0163333333333
0.0256666666667,0.0163333333333
0.0256666666667,0.0163333333333
0.0256666666667,0.0163333333333
0.0256666666667,0.0163333333333
0.0256666666667,0.0163333333333
0.0256666666667,0.0163333333333
0.0256666666667,0.0163333333333
0.0256666666667,0.0163333333333
0.0256666666667,0.0163333333333
0.0256666666667,0.00866666666667
0.031,0.00866666666667
0.031,0.00866666666667
0.031,0.00866666666667
0.031,0.00866666666667
0.031,0.00866666666667
0.031,0.00866666666667
0.031,0.00866666666667
0.031,0.00866666666667
0.031,0.00866666666667
0.031,0.00866666666667
0.031,0.00866666666667
0.039,0.00866666666667
0.039,0.00866666666667
0.039,0.00866666666667
0.039,0.00866666666667
0.039,0.00866666666667
0.039,0.00866666666667
0.0436666666667,0.00866666666667
0.0436666666667,0.00866666666667
0.0436666666667,0.00866666666667
0.0436666666667,0.0296666666667
0.0436666666667,0.0296666666667
0.0436666666667,0.0296666666667
0.0436666666667,0.0296666666667
0.0436666666667,0.0296666666667
0.0436666666667,0.0296666666667
0.0436666666667,0.0296666666667
0.0436666666667,0.0296666666667
0.0436666666667,0.0296666666667
0.0436666666667,0.0296666666667
0.0436666666667,0.0296666666667
0.0436666666667,0.0296666666667
0.0436666666667,0.0296666666667
0.0436666666667,0.0296666666667
0.0436666666667,0.0296666666667
0.0436666666667,0.0296666666667
0.0436666666667,0.0296666666667
0.0436666666667,0.0296666666667
0.0436666666667,0.0296666666667
0.0436666666667,0.0296666666667
0.0436666666667,0.0296666666667
0.0436666666667,0.0296666666667
0.0436666666667,0.0296666666667
0.0436666666667,0.0296666666667
0.0436666666667,0.0296666666667
0.0436666666667,0.0296666666667
0.0436666666667,0.0296666666667
0.0436666666667,0.0296666666667
0.0436666666667,0.0296666666667
0.0436666666667,0.0296666666667
0.0436666666667,0.0296666666667
0.0436666666667,0.0296666666667
0.0436666666667,0.0296666666667
0.0226666666667,0.0296666666667
0.0226666666667,0.0296666666667
0.0226666666667,0.0296666666667
0.0226666666667,0.0296666666667
0.0226666666667,0.0296666666667
0.0226666666667,0.0296666666667
0.0226666666667,0.00866666666667
0.0226666666667,0.00866666666667
0.0226666666667,0.00866666666667
0.0226666666667,0.00866666666667
0.0226666666667,0.00866666666667
0.0226666666667,0.00866666666667
0.0226666666667,0.00866666666667
0.0226666666667,0.00866666666667
0.0226666666667,0.00866666666667
0.0306666666667,0.00866666666667
0.0306666666667,0.00866666666667
0.0306666666667,0.00866666666667
0.0306666666667,0.00866666666667
0.0306666666667,0.0166666666667
0.0306666666667,0.0146666666667
0.0306666666667,0.00866666666667
0.0306666666667,0.00866666666667
0.0156666666667,0.0146666666667
0.0156666666667,0.0166666666667
0.0156666666667,0.0106666666667
0.0156666666667,0.0106666666667
0.0156666666667,0.0126666666667
0.0156666666667,0.0166666666667
0.0103333333333,0.0166666666667
0.0103333333333,0.0166666666667
0.0103333333333,0.0146666666667
0.0103333333333,0.0146666666667
0.0103333333333,0.0166666666667
0.0103333333333,0.0166666666667
0.0103333333333,0.0166666666667
0.0103333333333,0.0166666666667
0.0103333333333,0.00866666666667
0.0103333333333,0.0166666666667
0.0103333333333,0.0166666666667
0.0103333333333,0.0106666666667
0.0103333333333,0.00866666666667
0.0226666666667,0.0166666666667
0.0226666666667,0.0166666666667
0.0306666666667,0.0166666666667
0.0306666666667,0.00866666666667
0.0306666666667,0.0106666666667
0.0306666666667,0.0106666666667
0.0306666666667,0.0126666666667
0.0306666666667,0.0126666666667
0.0306666666667,0.0166666666667
0.0306666666667,0.0166666666667
0.0306666666667,0.0126666666667
0.0306666666667,0.0146666666667
0.0306666666667,0.00866666666667
0.0306666666667,0.00866666666667
0.0306666666667,0.0146666666667
0.0306666666667,0.00866666666667
0.0306666666667,0.0106666666667
0.0306666666667,0.0146666666667
0.0306666666667,0.00866666666667
0.0306666666667,0.0146666666667
0.0306666666667,0.0146666666667
0.0306666666667,0.00866666666667
0.0306666666667,0.0146666666667
0.0306666666667,0.0166666666667
0.018,0.00866666666667
0.0156666666667,0.00866666666667
0.0156666666667,0.0106666666667
0.0103333333333,0.0106666666667
0.0103333333333,0.0126666666667
0.0103333333333,0.00866666666667
0.0103333333333,0.0146666666667
0.0103333333333,0.0126666666667
0.005,0.0126666666667
0.018,0.0126666666667
0.018,0.0146666666667
0.018,0.00866666666667
0.005,0.0106666666667
0.018,0.0166666666667
0.018,0.0166666666667
0.018,0.0106666666667
0.018,0.0126666666667
0.018,0.0106666666667
0.018,0.00866666666667
0.018,0.0106666666667
0.018,0.0166666666667
0.018,0.00866666666667
0.018,0.00866666666667
0.018,0.0146666666667
0.018,0.00866666666667
0.018,0.0126666666667
0.018,0.0106666666667
0.018,0.00866666666667
0.018,0.0146666666667
0.018,0.0106666666667
0.018,0.00866666666667
0.018,0.0126666666667
0.018,0.0126666666667
0.018,0.00866666666667
0.018,0.0166666666667
0.018,0.0106666666667
0.018,0.00866666666667
0.018,0.0146666666667
0.018,0.00866666666667
0.018,0.00866666666667
0.018,0.00866666666667
0.018,0.0166666666667
0.018,0.00866666666667
0.018,0.00866666666667
0.018,0.00866666666667
0.018,0.00866666666667
0.018,0.0146666666667
0.018,0.00866666666667
0.018,0.0106666666667
0.018,0.0106666666667
0.018,0.0126666666667
0.018,0.0106666666667
0.018,0.00866666666667
0.018,0.0146666666667
0.018,0.0126666666667
0.018,0.0126666666667
0.018,0.0106666666667
0.018,0.00866666666667
0.018,0.0146666666667
0.018,0.0146666666667
0.018,0.00866666666667
0.018,0.00866666666667
0.018,0.0106666666667
0.018,0.00866666666667
0.018,0.0126666666667
0.018,0.0106666666667
0.018,0.00866666666667
0.018,0.00866666666667
0.018,0.0146666666667
0.018,0.00866666666667
0.018,0.00866666666667
0.018,0.00866666666667
0.018,0.00866666666667
0.018,0.0126666666667
0.018,0.00866666666667
0.018,0.0146666666667
0.018,0.00866666666667
0.018,0.00866666666667
0.018,0.0106666666667
0.018,0.0126666666667
0.018,0.0413333333333
0.018,0.0373333333333
0.018,0.0453333333333
0.018,0.0373333333333
0.018,0.0413333333333
0.018,0.0413333333333
0.018,0.0433333333333
0.018,0.0373333333333
0.018,0.0433333333333
0.018,0.0373333333333
0.018,0.0393333333333
0.018,0.0393333333333
0.018,0.0373333333333
0.018,0.0373333333333
0.018,0.0373333333333
0.018,0.0373333333333
0.018,0.0393333333333
0.018,0.0413333333333
0.018,0.0373333333333
0.018,0.0373333333333
0.018,0.0373333333333
0.018,0.0393333333333
0.018,0.0373333333333
0.018,0.0426666666667
0.018,0.0426666666667
0.018,0.0506666666667
0.018,0.0426666666667
0.018,0.0426666666667
0.018,0.0426666666667
0.018,0.0546666666667
0.018,0.0526666666667
0.018,0.0526666666667
0.018,0.0506666666667
0.018,0.0506666666667
0.018,0.0566666666667
0.018,0.0506666666667
0.018,0.0506666666667
0.018,0.0546666666667
0.018,0.0546666666667
0.018,0.0546666666667
0.018,0.0506666666667
0.018,0.0506666666667
0.018,0.0296666666667
0.018,0.0296666666667
0.018,0.0296666666667
0.018,0.0296666666667
0.018,0.0336666666667
0.018,0.0336666666667
0.018,0.0296666666667
0.018,0.0296666666667
0.018,0.0376666666667
0.018,0.0296666666667
0.018,0.0256666666667
0.018,0.0216666666667
0.018,0.0216666666667
0.018,0.0216666666667
0.018,0.0236666666667
0.018,0.0216666666667
0.018,0.0223333333333
0.018,0.0203333333333
0.018,0.0163333333333
0.018,0.0243333333333
0.018,0.0163333333333
0.018,0.0163333333333
0.018,0.0163333333333
0.018,0.0203333333333
0.018,0.0163333333333
0.018,0.0163333333333
0.018,0.0203333333333
0.018,0.0203333333333
0.018,0.0163333333333
0.018,0.0163333333333
0.018,0.0373333333333
0.018,0.0373333333333
0.018,0.0373333333333
0.018,0.0373333333333
0.018,0.0426666666667
0.018,0.0426666666667
0.018,0.0426666666667
0.018,0.0466666666667
0.018,0.0426666666667
0.018,0.0426666666667
0.018,0.0426666666667
0.018,0.0426666666667
0.018,0.0506666666667
0.0253333333333,0.0506666666667
0.0253333333333,0.0506666666667
0.0333333333333,0.0586666666667
0.0386666666667,0.0506666666667
0.049,0.0566666666667
0.057,0.077
0.0806666666667,0.077
0.0883333333333,0.085
0.0913333333333,0.085
0.0966666666667,0.085
0.111666666667,0.0863333333333
0.114333333333,0.0863333333333
0.135333333333,0.0863333333333
0.138,0.0863333333333
0.151,0.0863333333333
0.156333333333,0.0863333333333
0.164333333333,0.0896666666667
0.190333333333,0.0936666666667
0.203666666667,0.099
0.214333333333,0.114
0.214333333333,0.137
0.216666666667,0.146333333333
0.216666666667,0.159333333333
0.224666666667,0.172666666667
0.248333333333,0.180333333333
0.300666666667,0.199
0.332333333333,0.214666666667
0.340333333333,0.214666666667
0.340333333333,0.232666666667
0.327333333333,0.28
0.327333333333,0.332666666667
0.327333333333,0.337666666667
0.327333333333,0.343
0.327333333333,0.350666666667
0.327333333333,0.356
0.340333333333,0.364
0.361333333333,0.377
0.374666666667,0.377
0.382333333333,0.364
0.382333333333,0.393
0.382333333333,0.377333333333
0.382333333333,0.398333333333
0.382333333333,0.377333333333
0.382333333333,0.377333333333
0.382333333333,0.377333333333
0.382333333333,0.377333333333
0.382333333333,0.377333333333
0.382333333333,0.377333333333
0.382333333333,0.368
0.382333333333,0.324333333333
0.382333333333,0.295666666667
0.382333333333,0.239666666667
0.361333333333,0.185666666667
0.361333333333,0.166666666667
0.361333333333,0.164666666667
0.361333333333,0.164666666667
0.361333333333,0.164666666667
0.361333333333,0.168
0.361333333333,0.164666666667
0.361333333333,0.164666666667
0.356,0.168
0.356,0.164666666667
0.327,0.164666666667
0.342666666667,0.164666666667
0.342666666667,0.164666666667
0.342666666667,0.164666666667
0.342666666667,0.151
0.342666666667,0.160333333333
0.342666666667,0.175333333333
0.342666666667,0.185666666667
0.348,0.193666666667
0.319333333333,0.201
0.319333333333,0.207
0.298333333333,0.207
0.306333333333,0.212
0.306333333333,0.212
0.319333333333,0.212
0.306,0.233
0.298333333333,0.233
0.301,0.238
0.314,0.238
0.322,0.238
0.351,0.248666666667
0.351,0.251333333333
0.351,0.251333333333
0.351,0.251333333333
0.351,0.251333333333
0.351,0.259333333333
0.351,0.259333333333
0.351,0.259333333333
0.351,0.259333333333
0.351,0.259333333333
0.351,0.259333333333
0.351,0.259333333333
0.351,0.259333333333
0.351,0.259333333333
0.351,0.259333333333
0.351,0.259333333333
0.351,0.259333333333
0.351,0.259333333333
0.351,0.259333333333
0.351,0.259333333333
0.351,0.238333333333
0.33,0.238333333333
0.33,0.238333333333
0.324666666667,0.238333333333
0.324666666667,0.238333333333
0.324666666667,0.238333333333
0.324666666667,0.238333333333
0.311333333333,0.238333333333
0.306,0.238333333333
0.298333333333,0.238333333333
0.293,0.238333333333
0.293,0.238333333333
0.285,0.238333333333
0.280333333333,0.238333333333
0.280333333333,0.238333333333
0.280333333333,0.238333333333
0.306,0.238333333333
0.306,0.238333333333
0.311333333333,0.238333333333
0.311333333333,0.238333333333
0.285,0.238333333333
0.295333333333,0.238333333333
0.298333333333,0.238333333333
0.293,0.238333333333
0.300666666667,0.238333333333
0.300666666667,0.238333333333
0.308666666667,0.238333333333
0.290333333333,0.238333333333
0.290333333333,0.238333333333
0.290333333333,0.238333333333
0.290333333333,0.238333333333
0.290333333333,0.238333333333
0.290333333333,0.238333333333
0.290333333333,0.238333333333
0.290333333333,0.238333333333
0.290333333333,0.238333333333
0.290333333333,0.238333333333
0.290333333333,0.238333333333
0.290333333333,0.238333333333
0.290333333333,0.238333333333
0.290333333333,0.238333333333
0.290333333333,0.238333333333
0.290333333333,0.238333333333
0.290333333333,0.238333333333
0.290333333333,0.238333333333
0.290333333333,0.238333333333
0.290333333333,0.238333333333
0.290333333333,0.238333333333
0.269333333333,0.238333333333
0.261333333333,0.238333333333
0.261333333333,0.238333333333
0.261333333333,0.238333333333
0.282333333333,0.238333333333
0.290333333333,0.238333333333
0.290333333333,0.238333333333
0.290333333333,0.238333333333
0.290333333333,0.238333333333
0.290333333333,0.238333333333
0.290333333333,0.238333333333
0.290333333333,0.238333333333
0.290333333333,0.238333333333
0.290333333333,0.238333333333
0.290333333333,0.238333333333
0.295666666667,0.242333333333
0.295666666667,0.246
0.295666666667,0.246
0.295666666667,0.25
0.295666666667,0.251333333333
0.295666666667,0.251333333333
0.295666666667,0.251333333333
0.287666666667,0.251333333333
0.287666666667,0.251333333333
0.287666666667,0.272333333333
0.287666666667,0.272333333333
0.287666666667,0.272333333333
0.287666666667,0.272333333333
0.287666666667,0.272333333333
0.287666666667,0.272333333333
0.287666666667,0.272333333333
0.287666666667,0.272333333333
0.287666666667,0.272333333333
0.287666666667,0.272333333333
0.287666666667,0.272333333333
0.287666666667,0.272333333333
0.287666666667,0.272333333333
0.287666666667,0.272333333333
0.287666666667,0.272333333333
0.287666666667,0.272333333333
0.287666666667,0.272333333333
0.287666666667,0.272333333333
0.287666666667,0.272333333333
0.287666666667,0.272333333333
0.287666666667,0.272333333333
0.287666666667,0.272333333333
0.287666666667,0.272333333333
0.287666666667,0.272333333333
0.287666666667,0.251333333333
0.287666666667,0.251333333333
0.287666666667,0.251333333333
0.287666666667,0.251333333333
0.287666666667,0.251333333333
0.287666666667,0.251333333333
0.287666666667,0.251333333333
0.287666666667,0.251333333333
0.287666666667,0.251333333333
0.287666666667,0.251333333333
0.287666666667,0.251333333333
0.287666666667,0.251333333333
0.287666666667,0.251333333333
0.287666666667,0.251333333333
0.287666666667,0.251333333333
0.287666666667,0.251333333333
0.287666666667,0.251333333333
0.287666666667,0.251333333333
0.287666666667,0.251333333333
0.287666666667,0.251333333333
0.287666666667,0.251333333333
0.287666666667,0.251333333333
0.287666666667,0.251333333333
0.287666666667,0.251333333333
0.287666666667,0.251333333333
0.287666666667,0.251333333333
0.287666666667,0.251333333333
0.287666666667,0.251333333333
0.295333333333,0.251333333333
0.295333333333,0.243666666667
0.295333333333,0.243666666667
0.295333333333,0.243666666667
0.300666666667,0.243666666667
0.321666666667,0.243666666667
0.321666666667,0.243666666667
0.327,0.243666666667
0.327,0.243666666667
0.348,0.243666666667
0.353333333333,0.243666666667
0.353333333333,0.256
0.327,0.256
0.327,0.256
0.348,0.256
0.335,0.256
0.361333333333,0.264
0.340333333333,0.282333333333
0.382333333333,0.290333333333
0.382333333333,0.295666666667
0.374666666667,0.269333333333
0.377333333333,0.277
0.408666666667,0.329666666667
0.437666666667,0.324333333333
0.432333333333,0.364
0.406,0.373333333333
0.414,0.383
0.427,0.385
0.448,0.406
0.427,0.406
0.406,0.406
0.406,0.406
0.414,0.406
0.437666666667,0.387666666667
0.445666666667,0.366666666667
0.461333333333,0.366666666667
0.474666666667,0.387666666667
0.479666666667,0.379666666667
0.485,0.379666666667
0.485,0.379666666667
0.493,0.374333333333
0.506,0.374333333333
0.495666666667,0.374333333333
0.487666666667,0.379666666667
0.490333333333,0.358666666667
0.498333333333,0.374333333333
0.521666666667,0.374333333333
0.564,0.387333333333
0.577333333333,0.387333333333
0.577333333333,0.392666666667
0.577333333333,0.392666666667
0.577333333333,0.392666666667
0.582333333333,0.398
0.582333333333,0.406
0.582333333333,0.424666666667
0.590333333333,0.485
0.595666666667,0.511
0.595666666667,0.524333333333
0.603666666667,0.537333333333
0.608666666667,0.545333333333
0.608666666667,0.524333333333
0.608666666667,0.529666666667
0.608666666667,0.529666666667
0.608666666667,0.529666666667
0.608666666667,0.537666666667
0.608666666667,0.545333333333
0.608666666667,0.564
0.608666666667,0.550666666667
0.608666666667,0.571666666667
0.608666666667,0.571666666667
0.608666666667,0.545333333333
0.608666666667,0.585
0.608666666667,0.619
0.608666666667,0.653333333333
0.608666666667,0.666666666667
0.608666666667,0.666666666667
0.608666666667,0.658666666667
0.608666666667,0.650666666667
0.608666666667,0.693
0.608666666667,0.664
0.608666666667,0.664
0.608666666667,0.658666666667
0.608666666667,0.658666666667
0.608666666667,0.671666666667
0.608666666667,0.700666666667
0.608666666667,0.706
0.608666666667,0.719333333333
0.608666666667,0.685
0.608666666667,0.713666666667
0.608666666667,0.684666666667
0.608666666667,0.684666666667
0.608666666667,0.715
0.621666666667,0.748
0.600666666667,0.732333333333
0.627,0.732
0.635,0.753
0.669,0.758333333333
0.695333333333,0.766333333333
0.687333333333,0.766333333333
0.687333333333,0.766333333333
0.716666666667,0.766333333333
0.703333333333,0.766333333333
0.743,0.774333333333
0.703333333333,0.745333333333
0.703333333333,0.745333333333
0.729666666667,0.732
0.756,0.727
0.774333333333,0.721666666667
0.79,0.713666666667
0.771666666667,0.713666666667
0.761333333333,0.713666666667
0.782333333333,0.713666666667
0.803333333333,0.705666666667
0.850666666667,0.705666666667
0.869,0.705666666667
0.869,0.705666666667
0.869,0.705666666667
0.869,0.705666666667
0.869,0.705666666667
0.869,0.705666666667
0.869,0.698
0.842666666667,0.698
0.848,0.698
0.848,0.698
0.856,0.698
0.861333333333,0.692666666667
0.856,0.692666666667
0.861333333333,0.692666666667
0.856,0.692666666667
0.869,0.692666666667
0.842666666667,0.692666666667
0.842666666667,0.714
0.842666666667,0.714
0.842666666667,0.714
0.837666666667,0.714
0.837666666667,0.714
0.829666666667,0.714
0.855666666667,0.714
0.834666666667,0.714
0.834666666667,0.714
0.855666666667,0.714
0.834666666667,0.706
0.834666666667,0.706
0.834666666667,0.706
0.829666666667,0.706
0.829666666667,0.706
0.829666666667,0.706
0.829666666667,0.706
0.842666666667,0.706
0.821666666667,0.706
0.816333333333,0.706
0.816333333333,0.706
0.816333333333,0.706
0.816333333333,0.706
0.816333333333,0.706
0.816333333333,0.706
0.816333333333,0.706
0.816333333333,0.706
0.808333333333,0.706
0.774,0.706
0.755666666667,0.706
0.753,0.706
0.753,0.706
0.734666666667,0.706
0.761,0.706
0.753,0.706
0.729666666667,0.706
0.729666666667,0.706
0.735,0.706
0.748,0.706
0.748,0.727
0.748,0.727
0.748,0.727
0.748,0.727
0.748,0.727
0.748,0.727
0.766333333333,0.727
0.774333333333,0.727
0.774333333333,0.727
0.774333333333,0.727
0.774333333333,0.727
0.774333333333,0.727
0.774333333333,0.735
0.774333333333,0.735
0.779333333333,0.735
0.779333333333,0.735
0.779333333333,0.735
0.779333333333,0.735
0.779333333333,0.735
0.779333333333,0.741666666667
0.761,0.748
0.74,0.752
0.74,0.759333333333
0.745333333333,0.761333333333
0.74,0.762666666667
0.713666666667,0.766666666667
0.705666666667,0.766666666667
0.705666666667,0.768333333333
0.705666666667,0.766666666667
0.705666666667,0.766666666667
0.727,0.766666666667
0.727,0.766666666667
0.708666666667,0.766666666667
0.708666666667,0.774333333333
0.708666666667,0.782333333333
0.708666666667,0.787666666667
0.708666666667,0.795333333333
0.708666666667,0.800666666667
0.708666666667,0.800666666667
0.708666666667,0.812666666667
0.708666666667,0.814
0.708666666667,0.814
0.708666666667,0.814
0.708666666667,0.817666666667
0.708666666667,0.821666666667
0.708666666667,0.821666666667
0.708666666667,0.814
0.727,0.814
0.727,0.819666666667
0.735,0.814
0.735,0.814
0.735,0.814
0.735,0.821666666667
0.735,0.816
0.735,0.817666666667
0.735,0.814
0.735,0.817666666667
0.735,0.816
0.740333333333,0.817666666667
0.748333333333,0.819666666667
0.769333333333,0.814
0.787333333333,0.819666666667
0.774333333333,0.814
0.774333333333,0.817666666667
0.774333333333,0.819666666667
0.808333333333,0.814
0.808333333333,0.814
0.808333333333,0.814
0.808333333333,0.816
0.808333333333,0.814
0.808333333333,0.814
0.808333333333,0.811333333333
0.816333333333,0.808666666667
0.816333333333,0.808666666667
0.821666666667,0.808666666667
0.821666666667,0.808666666667
0.829666666667,0.808666666667
0.837333333333,0.808666666667
0.84,0.808666666667
0.842666666667,0.808666666667
0.853333333333,0.808666666667
0.871666666667,0.808666666667
0.877,0.808666666667
0.877,0.808666666667
0.877,0.808666666667
0.877,0.808666666667
0.877,0.808666666667
0.858666666667,0.787333333333
0.850666666667,0.787333333333
0.850666666667,0.787333333333
0.850666666667,0.787333333333
0.850666666667,0.787333333333
0.845333333333,0.787333333333
0.845333333333,0.787333333333
0.845333333333,0.787333333333
0.837666666667,0.782333333333
0.837666666667,0.774333333333
0.837666666667,0.795333333333
0.837666666667,0.795333333333
0.837666666667,0.795333333333
0.837666666667,0.774333333333
0.837666666667,0.774333333333
0.863666666667,0.774333333333
0.871666666667,0.774333333333
0.871666666667,0.774333333333
0.871666666667,0.774333333333
0.871666666667,0.774333333333
0.871666666667,0.774333333333
0.871666666667,0.774333333333
0.877,0.774333333333
0.877,0.769
0.877,0.769
0.877,0.769
0.877,0.782333333333
0.877,0.761333333333
0.877,0.761333333333
0.877,0.766333333333
0.877,0.766333333333
0.877,0.74
0.877,0.753333333333
0.877,0.727
0.858666666667,0.761333333333
0.858666666667,0.74
0.850666666667,0.727
0.850666666667,0.727
0.845333333333,0.748
0.845333333333,0.748
0.845333333333,0.748
0.837666666667,0.753333333333
0.858666666667,0.753333333333
0.858666666667,0.753333333333
0.837666666667,0.735
0.837666666667,0.735
0.837666666667,0.753333333333
0.837666666667,0.753333333333
0.837666666667,0.761333333333
0.837666666667,0.761333333333
0.837666666667,0.761333333333
0.837666666667,0.761333333333
0.863666666667,0.761333333333
0.871666666667,0.761333333333
0.871666666667,0.761333333333
0.850666666667,0.761333333333
0.850666666667,0.761333333333
0.871666666667,0.761333333333
0.871666666667,0.761333333333
0.871666666667,0.761333333333
0.871666666667,0.761333333333
0.871666666667,0.761333333333
0.871666666667,0.761333333333
0.871666666667,0.774333333333
0.877,0.774333333333
0.877,0.774333333333
0.877,0.774333333333
0.877,0.795333333333
0.885,0.774333333333
0.885,0.774333333333
0.885,0.795333333333
0.885,0.795333333333
0.885,0.795333333333
0.885,0.800666666667
0.885,0.800666666667
0.885,0.800666666667
0.885,0.808
0.885,0.813666666667
0.885,0.813666666667
0.885,0.819
0.885,0.819
0.885,0.819
0.885,0.827
0.885,0.829666666667
0.885,0.832
0.885,0.832
0.885,0.832
0.864,0.832
0.842666666667,0.832
0.837666666667,0.832
0.829666666667,0.832
0.850666666667,0.832
0.850666666667,0.832
0.872,0.832
0.864,0.832
0.864,0.832
0.858666666667,0.832
0.858666666667,0.832
0.858666666667,0.832
0.858666666667,0.832
0.858666666667,0.832
0.858666666667,0.832
0.858666666667,0.832
0.858666666667,0.832
0.858666666667,0.832
0.858666666667,0.832
0.858666666667,0.832
0.851,0.832
0.851,0.832
0.851,0.832
0.851,0.832
0.851,0.819
0.851,0.819
0.851,0.813666666667
0.851,0.806
0.851,0.800666666667
0.851,0.792666666667
0.824666666667,0.787333333333
0.811333333333,0.777
0.798333333333,0.766333333333
0.798333333333,0.766333333333
0.798333333333,0.758666666667
0.798333333333,0.758666666667
0.819333333333,0.758666666667
0.824333333333,0.753333333333
0.824333333333,0.753333333333
0.832333333333,0.753333333333
0.832333333333,0.753333333333
0.832333333333,0.753333333333
0.832333333333,0.753333333333
0.829666666667,0.778333333333
0.829666666667,0.803333333333
0.827,0.819
0.824333333333,0.823
0.819333333333,0.832
0.816666666667,0.832
0.816666666667,0.832
0.816666666667,0.832
0.816666666667,0.832
0.827,0.832
0.837666666667,0.832
0.848,0.832
0.866666666667,0.832
0.887666666667,0.824
0.890333333333,0.824
0.903333333333,0.824
0.903333333333,0.824
0.916666666667,0.824
0.924333333333,0.819
0.932333333333,0.792666666667
0.932333333333,0.792666666667
0.932333333333,0.792666666667
0.932333333333,0.792666666667
0.932333333333,0.792666666667
0.932333333333,0.792666666667
0.932333333333,0.792666666667
0.932333333333,0.792666666667
0.932333333333,0.792666666667
0.932333333333,0.792666666667
0.932333333333,0.792666666667
0.932333333333,0.792666666667
0.932333333333,0.792666666667
0.911333333333,0.792666666667
0.911333333333,0.792666666667
0.911333333333,0.792666666667
0.898333333333,0.819
0.898333333333,0.819
0.890333333333,0.824
0.890333333333,0.832
0.890333333333,0.832
0.890333333333,0.832
0.877,0.811
0.877,0.811
0.872,0.805666666667
0.864,0.805666666667
0.858666666667,0.805666666667
0.851,0.805666666667
0.851,0.805666666667
0.843,0.805666666667
0.843,0.784666666667
0.843,0.779333333333
0.843,0.779333333333
0.843,0.771333333333
0.843,0.771333333333
0.843,0.771333333333
0.843,0.771333333333
0.843,0.771333333333
0.843,0.771333333333
0.864,0.771333333333
0.877,0.771333333333
0.877,0.771333333333
0.877,0.763333333333
0.877,0.758333333333
0.877,0.750333333333
0.885,0.763333333333
0.885,0.74
0.885,0.74
0.885,0.74
0.885,0.74
0.885,0.74
0.885,0.74
0.885,0.74
0.885,0.74
0.885,0.74
0.885,0.74
0.885,0.74
0.885,0.74
0.885,0.74
0.885,0.74
0.853,0.74
0.842333333333,0.74
0.837333333333,0.74
0.829333333333,0.74
0.829333333333,0.74
0.829333333333,0.74
0.826666666667,0.74
0.824,0.74
0.797666666667,0.74
0.79,0.756666666667
0.79,0.757333333333
0.79,0.762333333333
0.79,0.758333333333
0.79,0.770333333333
0.782,0.766333333333
0.782,0.766333333333
0.782,0.774333333333
0.782,0.766333333333
0.782,0.766333333333
0.782,0.766333333333
0.782,0.766333333333
0.782,0.768333333333
0.782,0.788666666667
0.782,0.792666666667
0.782,0.806
0.782,0.806
0.782,0.786666666667
0.782,0.806
0.776666666667,0.806
0.776666666667,0.806
0.776666666667,0.806
0.776666666667,0.806
0.776666666667,0.806
0.776666666667,0.806
0.776666666667,0.806
0.768666666667,0.806
0.768666666667,0.812
0.768666666667,0.806
0.768666666667,0.806
0.768666666667,0.806
0.768666666667,0.806
0.768666666667,0.808
0.768666666667,0.806
0.768666666667,0.806
0.768666666667,0.806
0.768666666667,0.806
0.784666666667,0.785
0.787,0.787
0.792333333333,0.785
0.792333333333,0.785
0.792333333333,0.779666666667
0.792333333333,0.779666666667
0.795,0.785666666667
0.808333333333,0.779666666667
0.808333333333,0.771666666667
0.808333333333,0.750333333333
0.808333333333,0.745333333333
0.808333333333,0.750333333333
0.808333333333,0.745333333333
0.808333333333,0.790666666667
0.808333333333,0.784666666667
0.808333333333,0.779333333333
0.808333333333,0.750333333333
0.808333333333,0.750333333333
0.803333333333,0.758333333333
0.803333333333,0.779666666667
0.803333333333,0.811
0.803333333333,0.784666666667
0.803333333333,0.813666666667
0.803333333333,0.819
0.803333333333,0.819
0.803333333333,0.792666666667
0.803333333333,0.813666666667
0.803333333333,0.813666666667
0.803333333333,0.792666666667
0.803333333333,0.815666666667
0.803333333333,0.813666666667
0.803333333333,0.817666666667
0.803333333333,0.813666666667
0.803333333333,0.792666666667
0.829666666667,0.792666666667
0.837333333333,0.773666666667
0.837333333333,0.771666666667
0.837333333333,0.766333333333
0.842666666667,0.758333333333
0.842666666667,0.779333333333
0.842666666667,0.779333333333
0.842666666667,0.784666666667
0.842666666667,0.784666666667
0.842666666667,0.763666666667
0.842666666667,0.763666666667
0.842666666667,0.763666666667
0.842666666667,0.763666666667
0.842666666667,0.763666666667
0.842666666667,0.785
0.842666666667,0.785
0.842666666667,0.785
0.842666666667,0.785
0.850666666667,0.785
0.850666666667,0.791
0.850666666667,0.785
0.850666666667,0.785
0.850666666667,0.785
0.850666666667,0.791
0.850666666667,0.79
0.863666666667,0.79
0.863666666667,0.79
0.863666666667,0.79
0.863666666667,0.798
0.863666666667,0.79
0.863666666667,0.79
0.863666666667,0.79
0.863666666667,0.79
0.863666666667,0.79
0.863666666667,0.79
0.863666666667,0.79
0.863666666667,0.79
0.863666666667,0.79
0.863666666667,0.79
0.863666666667,0.79
0.863666666667,0.79
0.863666666667,0.79
0.863666666667,0.79
0.863666666667,0.79
0.863666666667,0.792
0.863666666667,0.79
0.863666666667,0.792
0.863666666667,0.79
0.863666666667,0.79
0.863666666667,0.79
0.863666666667,0.79
0.842666666667,0.79
0.837333333333,0.79
0.829666666667,0.79
0.829666666667,0.798
0.829666666667,0.798
0.829666666667,0.802
0.829666666667,0.798
0.829666666667,0.798
0.829666666667,0.8
0.829666666667,0.798
0.829666666667,0.798
0.829666666667,0.798
0.829666666667,0.798
0.829666666667,0.804
0.829666666667,0.798
0.829666666667,0.777
0.829666666667,0.777
0.829666666667,0.777
0.829666666667,0.781
0.829666666667,0.771666666667
0.829666666667,0.775666666667
0.829666666667,0.771666666667
0.821666666667,0.771666666667
0.821666666667,0.771666666667
0.821666666667,0.771666666667
0.821666666667,0.771666666667
0.821666666667,0.771666666667
0.821666666667,0.771666666667
0.821666666667,0.763666666667
0.821666666667,0.763666666667
0.821666666667,0.763666666667
0.821666666667,0.758666666667
0.821666666667,0.758666666667
0.821666666667,0.760666666667
0.821666666667,0.758666666667
0.821666666667,0.762666666667
0.821666666667,0.762666666667
0.821666666667,0.758666666667
0.821666666667,0.758666666667
0.821666666667,0.758666666667
0.842666666667,0.758666666667
0.842666666667,0.758666666667
0.842666666667,0.758666666667
0.842666666667,0.758666666667
0.850666666667,0.758666666667
0.855666666667,0.758666666667
0.855666666667,0.753333333333
0.855666666667,0.753333333333
0.863666666667,0.757333333333
0.863666666667,0.753333333333
0.863666666667,0.753333333333
0.863666666667,0.753333333333
0.863666666667,0.753333333333
0.863666666667,0.753333333333
0.863666666667,0.753333333333
0.863666666667,0.755333333333
0.863666666667,0.753333333333
0.863666666667,0.753333333333
0.863666666667,0.757333333333
0.863666666667,0.753333333333
0.863666666667,0.753333333333
0.863666666667,0.753333333333
0.863666666667,0.753333333333
0.863666666667,0.761333333333
0.863666666667,0.753333333333
0.863666666667,0.753333333333
0.863666666667,0.755333333333
0.863666666667,0.753333333333
0.863666666667,0.753333333333
0.863666666667,0.753333333333
0.863666666667,0.753333333333
0.863666666667,0.753333333333
0.863666666667,0.771666666667
0.863666666667,0.771666666667
0.863666666667,0.771666666667
0.863666666667,0.771666666667
0.863666666667,0.771666666667
0.863666666667,0.771666666667
0.863666666667,0.771666666667
0.863666666667,0.771666666667
0.863666666667,0.771666666667
0.863666666667,0.771666666667
0.863666666667,0.771666666667
0.863666666667,0.771666666667
0.863666666667,0.771666666667
0.863666666667,0.773666666667
0.863666666667,0.771666666667
0.863666666667,0.771666666667
0.863666666667,0.771666666667
0.863666666667,0.771666666667
0.863666666667,0.771666666667
0.863666666667,0.771666666667
0.837333333333,0.771666666667
0.837333333333,0.771666666667
0.837333333333,0.771666666667
0.829666666667,0.771666666667
0.829666666667,0.771666666667
0.829666666667,0.771666666667
0.829666666667,0.760666666667
0.829666666667,0.758666666667
0.829666666667,0.741333333333
0.829666666667,0.7
0.829666666667,0.692666666667
0.829666666667,0.673666666667
0.829666666667,0.671666666667
0.829666666667,0.671666666667
0.829666666667,0.671666666667
0.829666666667,0.658666666667
0.829666666667,0.658666666667
0.829666666667,0.658666666667
0.822,0.658666666667
0.822,0.653333333333
0.822,0.674333333333
0.822,0.687333333333
0.822,0.690666666667
0.822,0.737666666667
0.822,0.779666666667
0.822,0.758666666667
0.822,0.766333333333
0.822,0.766333333333
0.822,0.758333333333
0.848,0.758333333333
0.848,0.758333333333
0.848,0.758333333333
0.848,0.758333333333
0.848,0.758333333333
0.856,0.758333333333
0.856,0.758333333333
0.856,0.758333333333
0.856,0.758333333333
0.856,0.758333333333
0.856,0.758333333333
0.856,0.758333333333
0.856,0.758333333333
0.856,0.758333333333
0.856,0.758333333333
0.856,0.758333333333
0.856,0.758333333333
0.856,0.758333333333
0.856,0.758333333333
0.856,0.758333333333
0.856,0.758333333333
0.856,0.758333333333
0.856,0.758333333333
0.856,0.758333333333
0.856,0.758333333333
0.856,0.763666666667
0.856,0.763666666667
0.856,0.763666666667
0.856,0.763666666667
0.856,0.763666666667
0.856,0.763666666667
0.856,0.763666666667
0.856,0.763666666667
0.856,0.763666666667
0.856,0.763666666667
0.856,0.763666666667
0.856,0.763666666667
0.856,0.763666666667
0.856,0.763666666667
0.835,0.763666666667
0.829666666667,0.763666666667
0.829666666667,0.763666666667
0.829666666667,0.763666666667
0.822,0.763666666667
0.822,0.763666666667
0.822,0.763666666667
0.822,0.763666666667
0.843,0.763666666667
0.843,0.750666666667
0.843,0.734666666667
0.822,0.703333333333
0.822,0.665666666667
0.822,0.645333333333
0.822,0.624333333333
0.822,0.616333333333
0.808666666667,0.616333333333
0.806,0.616333333333
0.798333333333,0.616333333333
0.798333333333,0.616333333333
0.795666666667,0.618333333333
0.793,0.616333333333
0.793,0.616333333333
0.793,0.616333333333
0.814,0.616333333333
0.814,0.616333333333
0.814,0.616333333333
0.814,0.616333333333
0.819,0.616333333333
0.821666666667,0.616333333333
0.821666666667,0.616333333333
0.821666666667,0.616333333333
0.821666666667,0.616333333333
0.821666666667,0.618333333333
0.821666666667,0.616333333333
0.821666666667,0.624333333333
0.821666666667,0.637666666667
0.821666666667,0.611333333333
0.821666666667,0.629666666667
0.821666666667,0.628333333333
0.821666666667,0.653333333333
0.800666666667,0.668
0.800666666667,0.702
0.800666666667,0.718
0.795333333333,0.740333333333
0.795333333333,0.740333333333
0.795333333333,0.745666666667
0.795333333333,0.764
0.795333333333,0.772
0.808666666667,0.779666666667
0.808666666667,0.781666666667
0.795666666667,0.779666666667
0.795666666667,0.779666666667
0.800666666667,0.779666666667
0.811333333333,0.781666666667
0.822,0.779666666667
0.822,0.758666666667
0.822,0.758666666667
0.822,0.758666666667
0.822,0.758666666667
0.822,0.758666666667
0.822,0.758666666667
0.822,0.758666666667
0.822,0.758666666667
0.822,0.758666666667
0.822,0.758666666667
0.822,0.758666666667
0.822,0.758666666667
0.822,0.745666666667
0.822,0.737666666667
0.822,0.737666666667
0.822,0.758666666667
0.822,0.758666666667
0.822,0.758666666667
0.822,0.732333333333
0.822,0.732333333333
0.822,0.732333333333
0.822,0.750666666667
0.822,0.750666666667
0.822,0.750666666667
0.822,0.732333333333
0.822,0.732333333333
0.843,0.732333333333
0.843,0.758666666667
0.843,0.758666666667
0.848,0.755333333333
0.848,0.725
0.848,0.702
0.848,0.692666666667
0.848,0.685
0.848,0.679666666667
0.848,0.658666666667
0.848,0.679666666667
0.848,0.675666666667
0.848,0.671666666667
0.848,0.671666666667
0.848,0.671666666667
0.848,0.671666666667
0.848,0.667666666667
0.848,0.666333333333
0.848,0.662666666667
0.848,0.658666666667
0.848,0.664
0.829666666667,0.664
0.829666666667,0.664
0.829666666667,0.664
0.829666666667,0.662666666667
0.829666666667,0.658666666667
0.829666666667,0.658666666667
0.829666666667,0.658666666667
0.829666666667,0.658666666667
0.829666666667,0.658666666667
0.829666666667,0.658666666667
0.829666666667,0.658666666667
0.829666666667,0.632333333333
0.848,0.632333333333
0.848,0.632333333333
0.848,0.632333333333
0.848,0.632333333333
0.848,0.632333333333
0.848,0.624333333333
0.848,0.624333333333
0.848,0.624333333333
0.848,0.616666666667
0.848,0.616666666667
0.848,0.616666666667
0.848,0.620333333333
0.848,0.616666666667
0.848,0.641333333333
0.848,0.643
0.848,0.643
0.848,0.643
0.848,0.639
0.848,0.637666666667
0.848,0.637666666667
0.848,0.629666666667
0.848,0.629666666667
0.848,0.627
0.848,0.624333333333
0.848,0.604
0.848,0.598333333333
0.848,0.598333333333
0.848,0.598333333333
0.848,0.598333333333
0.848,0.616666666667
0.848,0.616666666667
0.829666666667,0.612666666667
0.829666666667,0.611333333333
0.829666666667,0.611333333333
0.829666666667,0.611333333333
0.829666666667,0.611333333333
0.829666666667,0.611333333333
0.829666666667,0.611333333333
0.829666666667,0.625666666667
0.829666666667,0.637666666667
0.829666666667,0.650666666667
0.829666666667,0.671666666667
0.829666666667,0.677
0.829666666667,0.685
0.829666666667,0.698
0.829666666667,0.703333333333
0.829666666667,0.703333333333
0.829666666667,0.707333333333
0.829666666667,0.711333333333
0.829666666667,0.711333333333
0.819,0.716666666667
0.826666666667,0.724333333333
0.821666666667,0.736333333333
0.824333333333,0.739666666667
0.824333333333,0.737666666667
0.821666666667,0.739666666667
0.821666666667,0.737666666667
0.819,0.737666666667
0.811,0.737666666667
0.800666666667,0.745666666667
0.805666666667,0.753333333333
0.792666666667,0.745666666667
0.779333333333,0.745666666667
0.811,0.747666666667
0.782,0.745666666667
0.771333333333,0.745666666667
0.771333333333,0.745666666667
0.750333333333,0.723333333333
0.755666666667,0.719333333333
0.758333333333,0.725
0.758333333333,0.713333333333
0.774,0.737666666667
0.787333333333,0.745666666667
0.811,0.745666666667
0.834666666667,0.747666666667
0.834666666667,0.749666666667
0.834666666667,0.749666666667
0.834666666667,0.745666666667
0.834666666667,0.732
0.834666666667,0.745666666667
0.834666666667,0.749666666667
0.834666666667,0.753333333333
0.834666666667,0.753333333333
0.834666666667,0.721333333333
0.834666666667,0.717
0.834666666667,0.711333333333
0.834666666667,0.737666666667
0.829666666667,0.706
0.829666666667,0.734333333333
0.829666666667,0.738
0.829666666667,0.738
0.829666666667,0.737666666667
0.829666666667,0.737666666667
0.829666666667,0.736333333333
0.829666666667,0.732
0.829666666667,0.762666666667
0.829666666667,0.745666666667
0.829666666667,0.724333333333
0.829666666667,0.719333333333
0.829666666667,0.698
0.829666666667,0.698666666667
0.829666666667,0.711333333333
0.829666666667,0.693
0.829666666667,0.685
0.829666666667,0.714
0.829666666667,0.695
0.829666666667,0.718
0.829666666667,0.716
0.829666666667,0.753666666667
0.829666666667,0.727333333333
0.829666666667,0.766666666667
0.829666666667,0.732333333333
0.829666666667,0.706
0.829666666667,0.727333333333
0.829666666667,0.727
0.829666666667,0.714
0.795333333333,0.716
0.774333333333,0.693
0.758666666667,0.703
0.750666666667,0.727
0.750666666667,0.7
0.750666666667,0.727
0.737333333333,0.716
0.727,0.708666666667
0.711333333333,0.719333333333
0.695333333333,0.694666666667
0.69,0.687333333333
0.669,0.677
0.658666666667,0.684666666667
0.658666666667,0.653333333333
0.650666666667,0.666333333333
0.650666666667,0.645333333333
0.650666666667,0.645333333333
0.650666666667,0.645333333333
0.650666666667,0.645333333333
0.629666666667,0.645333333333
0.629666666667,0.645333333333
0.629666666667,0.637333333333
0.629666666667,0.637333333333
0.629666666667,0.637333333333
0.629666666667,0.629666666667
0.629666666667,0.629666666667
0.629666666667,0.624333333333
0.629666666667,0.619
0.637666666667,0.617
0.640333333333,0.611
0.640333333333,0.611
0.658666666667,0.605666666667
0.643,0.605666666667
0.653333333333,0.605666666667
0.677,0.605666666667
0.656,0.605666666667
0.669,0.605666666667
0.674333333333,0.605666666667
0.685,0.605666666667
0.698,0.605666666667
0.698,0.605666666667
0.737666666667,0.605666666667
0.721666666667,0.603333333333
0.737666666667,0.613666666667
0.753333333333,0.627
0.774333333333,0.661
0.777,0.674333333333
0.777,0.658666666667
0.795333333333,0.695333333333
0.795333333333,0.706333333333
0.795333333333,0.708333333333
0.795333333333,0.709666666667
0.795333333333,0.700666666667
0.795333333333,0.708666666667
0.795333333333,0.708666666667
0.795333333333,0.745333333333
0.795333333333,0.719
0.79,0.719
0.79,0.714
0.79,0.714
0.79,0.706
0.79,0.719
0.79,0.719
0.79,0.727
0.79,0.714
0.79,0.714
0.79,0.706
0.79,0.706
0.79,0.706
0.79,0.727
0.79,0.732333333333
0.79,0.732333333333
0.79,0.732333333333
0.79,0.706
0.79,0.706
0.79,0.727
0.79,0.727
0.79,0.706
0.79,0.700666666667
0.79,0.719
0.776666666667,0.719
0.774,0.719
0.768666666667,0.719
0.766333333333,0.719
0.761,0.719
0.761,0.719
0.761,0.719
0.761,0.719
0.761,0.719
0.761,0.727
0.761,0.727
0.755666666667,0.727
0.753,0.727
0.742666666667,0.732333333333
0.737333333333,0.745333333333
0.737333333333,0.745333333333
0.737333333333,0.719
0.737333333333,0.719
0.737333333333,0.719
0.737333333333,0.719
0.734666666667,0.714
0.734666666667,0.714
0.729333333333,0.714
0.729333333333,0.732333333333
0.719,0.732333333333
0.724,0.740333333333
0.711,0.740333333333
0.713666666667,0.719
0.700333333333,0.745333333333
0.700333333333,0.753333333333
0.700333333333,0.719
0.700333333333,0.745333333333
0.700333333333,0.717666666667
0.700333333333,0.708666666667
0.700333333333,0.708666666667
0.705666666667,0.708666666667
0.747666666667,0.708666666667
0.761,0.708666666667
0.787,0.727
0.805666666667,0.727
0.808333333333,0.727
0.808333333333,0.708666666667
0.816333333333,0.700666666667
0.816333333333,0.700666666667
0.816333333333,0.700666666667
0.816333333333,0.719666666667
0.816333333333,0.721666666667
0.816333333333,0.721666666667
0.816333333333,0.721666666667
0.816333333333,0.727
0.816333333333,0.727
0.816333333333,0.727
0.816333333333,0.727
0.816333333333,0.727
0.795333333333,0.727
0.795333333333,0.727
0.795333333333,0.74
0.795333333333,0.719666666667
0.795333333333,0.721666666667
0.795333333333,0.721666666667
0.777,0.713666666667
0.777,0.679666666667
0.758666666667,0.74
0.745666666667,0.713666666667
0.745666666667,0.735
0.743,0.713666666667
0.727,0.735
0.708666666667,0.74
0.695666666667,0.693333333333
0.693,0.695333333333
0.672,0.705666666667
0.666666666667,0.691333333333
0.664,0.695333333333
0.664,0.713666666667
0.659,0.721666666667
0.653666666667,0.700666666667
0.651,0.695333333333
0.632666666667,0.679666666667
0.63,0.674333333333
0.63,0.692666666667
0.63,0.669666666667
0.63,0.687333333333
0.63,0.705666666667
0.63,0.669666666667
0.63,0.671666666667
0.63,0.663666666667
0.63,0.684666666667
0.63,0.679333333333
0.63,0.673666666667
0.63,0.658333333333
0.651,0.650666666667
0.656,0.624333333333
0.656,0.620333333333
0.656,0.605333333333
0.656,0.598
0.656,0.59
0.656,0.571666666667
0.656,0.584666666667
0.656,0.592666666667
0.664,0.585
0.669,0.579333333333
0.679666666667,0.579333333333
0.69,0.579333333333
0.692666666667,0.579333333333
0.695333333333,0.584666666667
0.721666666667,0.584666666667
0.732333333333,0.627
0.771666666667,0.659666666667
0.782333333333,0.698
0.782333333333,0.732
0.782333333333,0.745333333333
0.782333333333,0.745666666667
0.782333333333,0.745666666667
0.782333333333,0.745666666667
0.782333333333,0.745666666667
0.782333333333,0.745666666667
0.782333333333,0.745666666667
0.782333333333,0.745666666667
0.782333333333,0.745666666667
0.782333333333,0.745666666667
0.782333333333,0.745666666667
0.782333333333,0.745666666667
0.782333333333,0.745666666667
0.782333333333,0.745666666667
0.782333333333,0.745666666667
0.782333333333,0.745666666667
0.782333333333,0.745666666667
0.782333333333,0.745666666667
0.782333333333,0.745666666667
0.782333333333,0.745666666667
0.782333333333,0.732333333333
0.782333333333,0.732333333333
0.782333333333,0.732333333333
0.782333333333,0.732333333333
0.782333333333,0.732333333333
0.782333333333,0.732333333333
0.782333333333,0.732333333333
0.782333333333,0.729666666667
0.782333333333,0.727
0.782333333333,0.727
0.782333333333,0.727
0.790333333333,0.727
0.790333333333,0.727
0.790333333333,0.727
0.790333333333,0.727
0.790333333333,0.727
0.790333333333,0.727
0.790333333333,0.727
0.790333333333,0.727
0.790333333333,0.727
0.790333333333,0.727
0.790333333333,0.727
0.790333333333,0.727
0.790333333333,0.727
0.790333333333,0.727
0.790333333333,0.727
0.790333333333,0.727
0.790333333333,0.727
0.790333333333,0.714
0.790333333333,0.693
0.790333333333,0.685
0.790333333333,0.662666666667
0.790333333333,0.640333333333
0.790333333333,0.619333333333
0.790333333333,0.608666666667
0.790333333333,0.606
0.790333333333,0.606
0.790333333333,0.606
0.790333333333,0.606
0.769333333333,0.606
0.769333333333,0.606
0.764,0.606
0.764,0.606
0.748,0.630333333333
0.742666666667,0.682333333333
0.748,0.738333333333
0.73,0.758666666667
0.727333333333,0.766666666667
0.722,0.766666666667
0.751,0.79
0.722,0.79
0.722,0.798
0.719333333333,0.785
0.719333333333,0.785
0.719333333333,0.79
0.716666666667,0.79
0.714,0.79
0.706333333333,0.79
0.703666666667,0.79
0.703666666667,0.79
0.703666666667,0.79
0.703666666667,0.79
0.714,0.79
0.745666666667,0.79
0.756333333333,0.784666666667
0.756333333333,0.792666666667
0.756333333333,0.792666666667
0.756333333333,0.792666666667
0.756333333333,0.792666666667
0.777333333333,0.792666666667
0.777333333333,0.792666666667
0.782333333333,0.792666666667
0.782333333333,0.792666666667
0.782333333333,0.792666666667
0.782333333333,0.792666666667
0.782333333333,0.792666666667
0.782333333333,0.792666666667
0.782333333333,0.774333333333
0.782333333333,0.774333333333
0.782333333333,0.774333333333
0.782333333333,0.774333333333
0.782333333333,0.774333333333
0.782333333333,0.774333333333
0.782333333333,0.774333333333
0.782333333333,0.774333333333
0.782333333333,0.774333333333
0.782333333333,0.774333333333
0.782333333333,0.774333333333
0.782333333333,0.774333333333
0.782333333333,0.774333333333
0.782333333333,0.774333333333
0.782333333333,0.774333333333
0.782333333333,0.774333333333
0.782333333333,0.766666666667
0.782333333333,0.761333333333
0.782333333333,0.729
0.782333333333,0.708
0.764,0.672666666667
0.764,0.632333333333
0.764,0.615333333333
0.764,0.614
0.764,0.614
0.764,0.614
0.764,0.614
0.764,0.614
0.764,0.614
0.764,0.614
0.764,0.614
0.764,0.614
0.764,0.614
0.785,0.614
0.79,0.614
0.79,0.614
0.798,0.614
0.798,0.614
0.798,0.614
0.798,0.614
0.798,0.614
0.798,0.614
0.798,0.614
0.798,0.614
0.798,0.614
0.798,0.614
0.798,0.614
0.798,0.632333333333
0.798,0.677
0.798,0.715333333333
0.787333333333,0.766666666667
0.782,0.790333333333
0.782,0.792666666667
0.782,0.792666666667
0.782,0.792666666667
0.782,0.792666666667
0.774333333333,0.779666666667
0.771666666667,0.779666666667
0.750666666667,0.781666666667
0.745333333333,0.779666666667
0.737333333333,0.779666666667
0.737333333333,0.779666666667
0.734666666667,0.779666666667
0.737333333333,0.779666666667
0.734666666667,0.779666666667
0.734666666667,0.779666666667
0.734666666667,0.779666666667
0.734666666667,0.779666666667
0.734666666667,0.774333333333
0.734666666667,0.774333333333
0.734666666667,0.774333333333
0.734666666667,0.774333333333
0.734666666667,0.774333333333
0.734666666667,0.774333333333
0.734666666667,0.774333333333
0.734666666667,0.774333333333
0.734666666667,0.774333333333
0.734666666667,0.774333333333
0.734666666667,0.774333333333
0.734666666667,0.774333333333
0.734666666667,0.774333333333
0.734666666667,0.748
0.734666666667,0.748
0.734666666667,0.74
0.734666666667,0.727
0.734666666667,0.727
0.734666666667,0.727
0.734666666667,0.727
0.734666666667,0.719333333333
0.734666666667,0.719333333333
0.734666666667,0.719333333333
0.727,0.719333333333
0.721666666667,0.719333333333
0.721666666667,0.723
0.721666666667,0.719333333333
0.721666666667,0.719333333333
0.721666666667,0.727
0.721666666667,0.719333333333
0.721666666667,0.719333333333
0.721666666667,0.719333333333
0.721666666667,0.723
0.721666666667,0.727
0.721666666667,0.719333333333
0.721666666667,0.740333333333
0.721666666667,0.745666666667
0.721666666667,0.749333333333
0.721666666667,0.751333333333
0.721666666667,0.745666666667
0.721666666667,0.749333333333
0.721666666667,0.749333333333
0.721666666667,0.745666666667
0.732,0.745666666667
0.732,0.747666666667
0.732,0.745666666667
0.742666666667,0.745666666667
0.745333333333,0.745666666667
0.748,0.749333333333
0.748,0.749333333333
0.748,0.745666666667
0.748,0.747666666667
0.748,0.745666666667
0.750666666667,0.753333333333
0.750666666667,0.745666666667
0.750666666667,0.751333333333
0.750666666667,0.745666666667
0.750666666667,0.745666666667
0.750666666667,0.745666666667
0.750666666667,0.745666666667
0.750666666667,0.745666666667
0.755666666667,0.745666666667
0.761,0.745666666667
0.761,0.749333333333
0.761,0.745666666667
0.763666666667,0.745666666667
0.769,0.747666666667
0.769,0.745666666667
0.769,0.753666666667
0.769,0.753666666667
0.769,0.753666666667
0.769,0.753666666667
0.769,0.757333333333
0.771666666667,0.759333333333
0.776666666667,0.753666666667
0.782,0.753666666667
0.774333333333,0.758666666667
0.774333333333,0.758666666667
0.774333333333,0.758666666667
0.774333333333,0.768666666667
0.782,0.766666666667
0.782,0.766666666667
0.782,0.768666666667
0.782,0.766666666667
0.782,0.766666666667
0.782,0.766666666667
0.782,0.766666666667
0.782,0.766666666667
0.782,0.766666666667
0.782,0.768666666667
0.782,0.766666666667
0.782,0.768666666667
0.782,0.766666666667
0.782,0.766666666667
0.782,0.766666666667
0.782,0.766666666667
0.782,0.766666666667
0.782,0.768666666667
0.782,0.766666666667
0.782,0.766666666667
0.782,0.766666666667
0.782,0.766666666667
0.755666666667,0.766666666667
0.748,0.766666666667
0.748,0.768666666667
0.748,0.766666666667
0.748,0.766666666667
0.748,0.761333333333
0.748,0.719333333333
0.748,0.669333333333
0.748,0.623
0.748,0.595
0.748,0.579666666667
0.748,0.581666666667
0.748,0.579666666667
0.748,0.579666666667
0.748,0.579666666667
0.748,0.571666666667
0.748,0.571666666667
0.748,0.571666666667
0.748,0.571666666667
0.748,0.575666666667
0.74,0.571666666667
0.74,0.571666666667
0.74,0.575666666667
0.734666666667,0.579666666667
0.734666666667,0.598
0.734666666667,0.628333333333
0.737333333333,0.669
0.737333333333,0.698666666667
0.748,0.727
0.750666666667,0.734333333333
0.750666666667,0.732333333333
0.750666666667,0.732333333333
0.750666666667,0.732333333333
0.750666666667,0.755666666667
0.750666666667,0.753666666667
0.750666666667,0.762333333333
0.750666666667,0.766666666667
0.750666666667,0.766666666667
0.750666666667,0.766666666667
0.771666666667,0.766666666667
0.771666666667,0.766666666667
0.771666666667,0.766666666667
0.771666666667,0.766666666667
0.771666666667,0.766666666667
0.771666666667,0.766666666667
0.777,0.766666666667
0.785,0.766666666667
0.79,0.766666666667
0.79,0.766666666667
0.79,0.766666666667
0.79,0.766666666667
0.79,0.772
0.79,0.766666666667
0.79,0.726333333333
0.79,0.695666666667
0.79,0.666666666667
0.79,0.637666666667
0.79,0.620666666667
0.79,0.611333333333
0.808333333333,0.611333333333
0.824333333333,0.611333333333
0.824333333333,0.611333333333
0.824333333333,0.611333333333
0.824333333333,0.611333333333
0.824333333333,0.611333333333
0.829666666667,0.611333333333
0.837666666667,0.587666666667
0.816333333333,0.587666666667
0.816333333333,0.587666666667
0.816333333333,0.579666666667
0.816333333333,0.574333333333
0.816333333333,0.566333333333
0.816333333333,0.566333333333
0.816333333333,0.566333333333
0.816333333333,0.566333333333
0.816333333333,0.566333333333
0.816333333333,0.566333333333
0.816333333333,0.566333333333
0.816333333333,0.566333333333
0.816333333333,0.566333333333
0.816333333333,0.566333333333
0.816333333333,0.566333333333
0.816333333333,0.566333333333
0.811,0.566333333333
0.792666666667,0.566333333333
0.792666666667,0.566333333333
0.792666666667,0.566333333333
0.79,0.587666666667
0.79,0.611
0.774,0.619
0.761,0.623
0.742666666667,0.619
0.716333333333,0.623
0.692666666667,0.619
0.682,0.627
0.682,0.632333333333
0.682,0.632333333333
0.682,0.632333333333
0.682,0.632333333333
0.676666666667,0.632333333333
0.661,0.632333333333
0.632,0.632333333333
0.626666666667,0.632333333333
0.613666666667,0.632333333333
0.605666666667,0.632333333333
0.603,0.632333333333
0.603,0.637666666667
0.603,0.637666666667
0.603,0.637666666667
0.603,0.637666666667
0.603,0.637666666667
0.603,0.637666666667
0.603,0.637666666667
0.582,0.645333333333
0.582,0.658666666667
0.582,0.666333333333
0.582,0.666333333333
0.582,0.666333333333
0.582,0.666333333333
0.582,0.671666666667
0.582,0.671666666667
0.613666666667,0.671666666667
0.616333333333,0.671666666667
0.624333333333,0.692666666667
0.629333333333,0.717
0.632,0.742666666667
0.64,0.744
0.653,0.748
0.655666666667,0.748
0.655666666667,0.748
0.655666666667,0.748
0.661,0.748
0.661,0.748
0.661,0.744
0.661,0.735
0.661,0.713666666667
0.661,0.692666666667
0.663666666667,0.679666666667
0.663666666667,0.671666666667
0.663666666667,0.653333333333
0.663666666667,0.645333333333
0.663666666667,0.645333333333
0.663666666667,0.638666666667
0.663666666667,0.632333333333
0.663666666667,0.632333333333
0.663666666667,0.632333333333
0.663666666667,0.634333333333
0.663666666667,0.632333333333
0.663666666667,0.632333333333
0.663666666667,0.632333333333
0.663666666667,0.632333333333
0.663666666667,0.632333333333
0.663666666667,0.632333333333
0.663666666667,0.653333333333
0.663666666667,0.653333333333
0.663666666667,0.653333333333
0.663666666667,0.653333333333
0.663666666667,0.653333333333
0.663666666667,0.653333333333
0.663666666667,0.653333333333
0.663666666667,0.653333333333
0.663666666667,0.653333333333
0.663666666667,0.653333333333
0.663666666667,0.653333333333
0.663666666667,0.653333333333
0.663666666667,0.658666666667
0.663666666667,0.658666666667
0.663666666667,0.658666666667
0.663666666667,0.658666666667
0.663666666667,0.658666666667
0.663666666667,0.658666666667
0.666333333333,0.658666666667
0.669,0.658666666667
0.669,0.658666666667
0.674333333333,0.658666666667
0.674333333333,0.658666666667
0.674333333333,0.658666666667
0.674333333333,0.658666666667
0.674333333333,0.658666666667
0.674333333333,0.658666666667
0.674333333333,0.658666666667
0.674333333333,0.658666666667
0.674333333333,0.658666666667
0.674333333333,0.658666666667
0.653333333333,0.658666666667
0.653333333333,0.658666666667
0.653333333333,0.658666666667
0.653333333333,0.658666666667
0.653333333333,0.658666666667
0.653333333333,0.658666666667
0.653333333333,0.658666666667
0.653333333333,0.658666666667
0.653333333333,0.658666666667
0.653333333333,0.658666666667
0.653333333333,0.658666666667
0.653333333333,0.658666666667
0.653333333333,0.658666666667
0.653333333333,0.658666666667
0.653333333333,0.658666666667
0.653333333333,0.658666666667
0.648,0.658666666667
0.648,0.658666666667
0.648,0.658666666667
0.648,0.658666666667
0.629666666667,0.658666666667
0.629666666667,0.658666666667
0.619,0.658666666667
0.619,0.658666666667
0.653,0.658666666667
0.653,0.658666666667
0.645,0.658666666667
0.653,0.658666666667
0.653,0.658666666667
0.653,0.658666666667
0.653,0.658666666667
0.653,0.658666666667
0.653,0.658666666667
0.653,0.658666666667
0.653,0.658666666667
0.653,0.658666666667
0.653,0.658666666667
0.653,0.658666666667
0.653,0.658666666667
0.661,0.658666666667
0.663666666667,0.658666666667
0.666333333333,0.658666666667
0.671666666667,0.658666666667
0.671666666667,0.658666666667
0.698,0.658666666667
0.700666666667,0.640333333333
0.700666666667,0.640333333333
0.706,0.640333333333
0.711,0.640333333333
0.713666666667,0.640333333333
0.719,0.640333333333
0.721666666667,0.640333333333
0.729666666667,0.640333333333
0.734666666667,0.640333333333
0.734666666667,0.640333333333
0.734666666667,0.640333333333
0.734666666667,0.640333333333
0.737333333333,0.650666666667
0.737333333333,0.696666666667
0.719,0.740333333333
0.724333333333,0.753333333333
0.724333333333,0.753333333333
0.742666666667,0.753333333333
0.737333333333,0.753333333333
0.732,0.753333333333
0.74,0.753333333333
0.74,0.753333333333
0.742666666667,0.753333333333
0.748,0.753333333333
0.748,0.75
0.748,0.735
0.761,0.708666666667
0.769,0.693
0.769,0.683666666667
0.769,0.679666666667
0.769,0.679666666667
0.774,0.666333333333
0.774,0.666333333333
0.774,0.666333333333
0.774,0.666333333333
0.774,0.666333333333
0.753,0.666333333333
0.753,0.658666666667
0.753,0.653333333333
0.753,0.651333333333
0.747666666667,0.645333333333
0.747666666667,0.642666666667
0.729333333333,0.64
0.716333333333,0.661
0.705666666667,0.661
0.697666666667,0.661
0.687333333333,0.661
0.679333333333,0.661
0.658666666667,0.661
0.650666666667,0.661
0.645333333333,0.661
0.637333333333,0.661
0.624333333333,0.661
0.624333333333,0.661
0.624333333333,0.666333333333
0.634666666667,0.666333333333
0.637333333333,0.692666666667
0.645333333333,0.696666666667
0.655666666667,0.698
0.682,0.698
0.692666666667,0.698
0.698,0.698
0.703,0.698
0.695333333333,0.698
0.695333333333,0.698
0.695333333333,0.698
0.695333333333,0.698
0.695333333333,0.698
0.695333333333,0.685
0.695333333333,0.679666666667
0.695333333333,0.677666666667
0.695333333333,0.671666666667
0.695333333333,0.671666666667
0.695333333333,0.671666666667
0.692666666667,0.671666666667
0.676666666667,0.671666666667
0.669,0.658666666667
0.658333333333,0.658666666667
0.655666666667,0.650666666667
0.663666666667,0.629666666667
0.653,0.629666666667
0.642666666667,0.637666666667
0.642666666667,0.637666666667
0.634666666667,0.637666666667
0.632,0.658666666667
0.632,0.629666666667
0.627,0.629666666667
0.621666666667,0.637666666667
0.616333333333,0.603333333333
0.613666666667,0.624333333333
0.613666666667,0.637666666667
0.605666666667,0.611333333333
0.613666666667,0.603333333333
0.613666666667,0.620333333333
0.605666666667,0.629666666667
0.605666666667,0.611333333333
0.605666666667,0.611333333333
0.605666666667,0.611333333333
0.605666666667,0.611333333333
0.605666666667,0.637666666667
0.605666666667,0.611333333333
0.605666666667,0.611333333333
0.613666666667,0.611333333333
0.616333333333,0.611333333333
0.621666666667,0.629666666667
0.627,0.629666666667
0.627,0.637666666667
0.629333333333,0.637666666667
0.634666666667,0.637666666667
0.64,0.637666666667
0.64,0.639666666667
0.645333333333,0.637666666667
0.653,0.637666666667
0.663666666667,0.637666666667
0.658333333333,0.637666666667
0.666333333333,0.637666666667
0.669,0.637666666667
0.669,0.637666666667
0.669,0.637666666667
0.669,0.637666666667
0.669,0.637666666667
0.669,0.637666666667
0.669,0.637666666667
0.669,0.641666666667
0.669,0.639666666667
0.669,0.637666666667
0.669,0.645333333333
0.669,0.645333333333
0.669,0.653333333333
0.671666666667,0.658666666667
0.671666666667,0.653333333333
0.671666666667,0.661333333333
0.676666666667,0.653666666667
0.676666666667,0.648333333333
0.676666666667,0.648333333333
0.679333333333,0.640333333333
0.671666666667,0.632666666667
0.679333333333,0.627333333333
0.679333333333,0.627333333333
0.679333333333,0.619333333333
0.679333333333,0.619333333333
0.679333333333,0.631
0.679333333333,0.629
0.679333333333,0.627
0.679333333333,0.627
0.679333333333,0.627
0.679333333333,0.632333333333
0.679333333333,0.632333333333
0.679333333333,0.632333333333
0.679333333333,0.627
0.679333333333,0.627
0.679333333333,0.606
0.679333333333,0.606
0.679333333333,0.604
0.679333333333,0.577
0.679333333333,0.577
0.679333333333,0.577
0.679333333333,0.577
0.679333333333,0.577
0.682,0.577
0.682,0.569333333333
0.682,0.569333333333
0.695333333333,0.569333333333
0.719,0.569333333333
0.724,0.581
0.724,0.590333333333
0.726666666667,0.603333333333
0.726666666667,0.624333333333
0.726666666667,0.629666666667
0.726666666667,0.629666666667
0.726666666667,0.650666666667
0.721666666667,0.650666666667
0.721666666667,0.650666666667
0.721666666667,0.650666666667
0.721666666667,0.650666666667
0.721666666667,0.650666666667
0.721666666667,0.650666666667
0.714,0.650666666667
0.714,0.650666666667
0.714,0.637666666667
0.714,0.624333333333
0.714,0.614
0.714,0.603333333333
0.714,0.598
0.714,0.590333333333
0.714,0.590333333333
0.714,0.585
0.714,0.585
0.714,0.585
0.714,0.585
0.695333333333,0.579
0.695333333333,0.577
0.695333333333,0.558666666667
0.695333333333,0.550666666667
0.695333333333,0.545666666667
0.692666666667,0.545666666667
0.692666666667,0.545666666667
0.692666666667,0.539666666667
0.692666666667,0.537666666667
0.687666666667,0.524666666667
0.687666666667,0.524666666667
0.687666666667,0.516666666667
0.687666666667,0.515333333333
0.687666666667,0.511333333333
0.687666666667,0.511333333333
0.687666666667,0.536333333333
0.687666666667,0.511333333333
0.687666666667,0.511333333333
0.685,0.511333333333
0.685,0.511333333333
0.682333333333,0.515333333333
0.679666666667,0.511333333333
0.682333333333,0.511333333333
0.674333333333,0.503333333333
0.674333333333,0.503333333333
0.682333333333,0.503333333333
0.682333333333,0.503333333333
0.682333333333,0.503333333333
0.674333333333,0.503333333333
0.679666666667,0.498333333333
0.666666666667,0.498333333333
0.658666666667,0.498333333333
0.658666666667,0.490333333333
0.658666666667,0.490333333333
0.658666666667,0.490333333333
0.658666666667,0.490333333333
0.658666666667,0.490333333333
0.658666666667,0.490333333333
0.658666666667,0.490333333333
0.658666666667,0.490333333333
0.658666666667,0.469333333333
0.658666666667,0.469333333333
0.658666666667,0.469333333333
0.656,0.469333333333
0.656,0.469333333333
0.656,0.469333333333
0.656,0.469333333333
0.656,0.464
0.656,0.464
0.656,0.464
0.656,0.464
0.656,0.464
0.656,0.456
0.656,0.456
0.656,0.456
0.656,0.456
0.656,0.456
0.656,0.456
0.656,0.456
0.656,0.456
0.656,0.456
0.650666666667,0.456
0.650666666667,0.456
0.648,0.456
0.648,0.456
0.648,0.456
0.648,0.456
0.648,0.451
0.648,0.451
0.648,0.451
0.648,0.451
0.648,0.448333333333
0.648,0.445666666667
0.648,0.432333333333
0.648,0.424666666667
0.648,0.422
0.648,0.419333333333
0.648,0.419333333333
0.648,0.415333333333
0.648,0.411333333333
0.648,0.415333333333
0.648,0.413333333333
0.648,0.411333333333
0.648,0.411333333333
0.648,0.411333333333
0.656,0.411333333333
0.656,0.411333333333
0.656,0.415333333333
0.656,0.417333333333
0.656,0.415333333333
0.661333333333,0.411333333333
0.661333333333,0.411333333333
0.640333333333,0.411333333333
0.640333333333,0.411333333333
0.648,0.411333333333
0.653333333333,0.417333333333
0.653333333333,0.411333333333
0.661333333333,0.411333333333
0.661333333333,0.411333333333
0.661333333333,0.411333333333
0.661333333333,0.411333333333
0.661333333333,0.417333333333
0.661333333333,0.417333333333
0.661333333333,0.417333333333
0.661333333333,0.411333333333
0.661333333333,0.411333333333
0.661333333333,0.411333333333
0.661333333333,0.411333333333
0.661333333333,0.411333333333
0.661333333333,0.417333333333
0.661333333333,0.413333333333
0.661333333333,0.411333333333
0.661333333333,0.411333333333
0.661333333333,0.411333333333
0.661333333333,0.403666666667
0.661333333333,0.398333333333
0.661333333333,0.390333333333
0.661333333333,0.390333333333
0.661333333333,0.390333333333
0.661333333333,0.390333333333
0.661333333333,0.390333333333
0.661333333333,0.385
0.661333333333,0.377
0.661333333333,0.377
0.661333333333,0.377
0.661333333333,0.377
0.661333333333,0.377
0.661333333333,0.377
0.661333333333,0.377
0.664,0.377
0.664,0.377
0.664,0.377
0.658666666667,0.377
0.658666666667,0.377
0.658333333333,0.377
0.658333333333,0.377
0.661,0.377
0.653333333333,0.377
0.645333333333,0.377
0.669,0.416666666667
0.671666666667,0.452
0.674333333333,0.464
0.674333333333,0.479666666667
0.674333333333,0.492666666667
0.666333333333,0.492666666667
0.679666666667,0.492666666667
0.700666666667,0.492666666667
0.700666666667,0.492666666667
0.679666666667,0.492666666667
0.674333333333,0.492666666667
0.674333333333,0.492666666667
0.666333333333,0.492666666667
0.687666666667,0.492666666667
0.661333333333,0.487
0.653333333333,0.446666666667
0.64,0.432333333333
0.653333333333,0.411333333333
0.653333333333,0.398
0.653333333333,0.385
0.645333333333,0.385
0.637333333333,0.385
0.645333333333,0.385
0.634666666667,0.385
0.634666666667,0.385
0.627,0.385
0.642666666667,0.385
0.64,0.385
0.642666666667,0.385
0.645333333333,0.385
0.645333333333,0.385
0.653333333333,0.377333333333
0.656,0.377333333333
0.661333333333,0.369333333333
0.661333333333,0.369333333333
0.661333333333,0.369333333333
0.661333333333,0.369333333333
0.661333333333,0.369333333333
0.661333333333,0.369333333333
0.661333333333,0.369333333333
0.635,0.369333333333
0.635,0.369333333333
0.635,0.369333333333
0.635,0.369333333333
0.614,0.390333333333
0.614,0.390333333333
0.614,0.398333333333
0.614,0.419333333333
0.614,0.393
0.614,0.385
0.614,0.406333333333
0.614,0.398333333333
0.614,0.406333333333
0.614,0.419
0.614,0.419
0.614,0.419
0.614,0.39
0.614,0.411333333333
0.614,0.411333333333
0.614,0.411333333333
0.614,0.419
0.614,0.419
0.614,0.398
0.608666666667,0.398
0.627,0.398
0.627,0.398
0.627,0.398
0.608666666667,0.398
0.640333333333,0.379666666667
0.640333333333,0.394666666667
0.614,0.400666666667
0.614,0.406
0.640333333333,0.406
0.648333333333,0.406
0.656,0.398
0.661333333333,0.398
0.661333333333,0.398
0.661333333333,0.398
0.669333333333,0.398
0.669333333333,0.390333333333
0.669333333333,0.390333333333
0.642666666667,0.384333333333
0.645333333333,0.382333333333
0.64,0.382333333333
0.632,0.382333333333
0.629666666667,0.403666666667
0.629666666667,0.403666666667
0.621666666667,0.403666666667
0.621666666667,0.403666666667
0.621666666667,0.403666666667
0.621666666667,0.403666666667
0.621666666667,0.403666666667
0.621666666667,0.403666666667
0.600666666667,0.403666666667
0.600666666667,0.424666666667
0.600666666667,0.432666666667
0.600666666667,0.432666666667
0.595333333333,0.432666666667
0.595333333333,0.436666666667
0.603333333333,0.432666666667
0.605666666667,0.437666666667
0.611,0.437666666667
0.605666666667,0.437666666667
0.616333333333,0.437666666667
0.616333333333,0.437666666667
0.616333333333,0.437666666667
0.611,0.437666666667
0.611,0.437666666667
0.611,0.437666666667
0.611,0.437666666667
0.611,0.437666666667
0.603333333333,0.437666666667
0.595333333333,0.437666666667
0.592666666667,0.423333333333
0.592666666667,0.398
0.592666666667,0.398
0.587333333333,0.398
0.587333333333,0.390333333333
0.587333333333,0.390333333333
0.587333333333,0.390333333333
0.587333333333,0.390333333333
0.587333333333,0.382333333333
0.587333333333,0.382333333333
0.587333333333,0.382333333333
0.587333333333,0.403666666667
0.595333333333,0.398333333333
0.59,0.385
0.603333333333,0.372
0.598,0.366
0.598,0.364
0.598,0.364
0.598,0.390333333333
0.598,0.390333333333
0.598,0.390333333333
0.598,0.398333333333
0.598,0.398333333333
0.598,0.398333333333
0.598,0.398333333333
0.603,0.398333333333
0.603,0.398333333333
0.603,0.403333333333
0.603,0.403333333333
0.603,0.403333333333
0.603,0.403333333333
0.603,0.403333333333
0.603,0.403333333333
0.603,0.403333333333
0.603,0.403333333333
0.603,0.403333333333
0.603,0.403333333333
0.624333333333,0.403333333333
0.624333333333,0.403333333333
0.624333333333,0.403333333333
0.624333333333,0.403333333333
0.624333333333,0.403333333333
0.624333333333,0.403333333333
0.603,0.403333333333
0.603,0.403333333333
0.598,0.385
0.598,0.385
0.59,0.385
0.59,0.377333333333
0.59,0.379333333333
0.59,0.377333333333
0.59,0.377333333333
0.59,0.377333333333
0.582,0.369333333333
0.582,0.369333333333
0.582,0.369333333333
0.582,0.364
0.582,0.364
0.582,0.364
0.582,0.364
0.582,0.364
0.582,0.364
0.576666666667,0.364
0.576666666667,0.364
0.576666666667,0.366
0.571666666667,0.364
0.571666666667,0.364
0.571666666667,0.364
0.571666666667,0.364
0.571666666667,0.364
0.571666666667,0.364
0.571666666667,0.364
0.571666666667,0.364
0.571666666667,0.364
0.571666666667,0.364
0.564,0.364
0.548,0.364
0.561333333333,0.364
0.540333333333,0.364
0.556,0.366
0.548,0.364
0.548,0.364
0.569,0.364
0.598,0.364
0.569,0.364
0.595666666667,0.364
0.595666666667,0.366
0.590333333333,0.364
0.561333333333,0.364
0.566666666667,0.364
0.561666666667,0.364
0.535,0.379333333333
0.553666666667,0.393
0.553666666667,0.393
0.543,0.390333333333
0.540333333333,0.385333333333
0.540333333333,0.385333333333
0.538,0.385333333333
0.545666666667,0.385333333333
0.551,0.385333333333
0.545666666667,0.385333333333
0.519333333333,0.389333333333
0.537666666667,0.385333333333
0.503666666667,0.385333333333
0.490333333333,0.385333333333
0.466666666667,0.385333333333
0.456,0.377333333333
0.451,0.351
0.458666666667,0.338
0.440333333333,0.338
0.435,0.338
0.424666666667,0.338
0.414,0.338
0.411333333333,0.338
0.408666666667,0.338
0.401,0.338
