valence,arousal
0.039,0.002
0.039,0.002
0.039,0.002
0.039,0.002
0.04,0.002
0.04,0.003
0.05,0.008
0.062,0.015
0.088,0.023
0.103,0.027
0.106,0.035
0.107,0.036
0.129,0.037
0.141,0.045
0.148,0.069
0.154,0.109
0.16,0.137
0.162,0.139
0.169,0.146
0.173,0.148
0.182,0.148
0.207,0.148
0.208,0.155
0.217,0.154
0.219,0.156
0.218,0.157
0.218,0.157
0.218,0.16
0.218,0.167
0.218,0.173
0.218,0.18
0.22,0.195
0.221,0.198
0.228,0.216
0.259,0.218
0.285,0.217
0.297,0.216
0.297,0.214
0.297,0.213
0.298,0.212
0.297,0.208
0.297,0.206
0.298,0.201
0.308,0.203
0.309,0.207
0.315,0.225
0.314,0.235
0.313,0.251
0.313,0.251
0.313,0.251
0.308,0.25
0.307,0.251
0.307,0.249
0.309,0.244
0.313,0.24
0.315,0.224
0.315,0.223
0.313,0.222
0.312,0.221
0.312,0.221
0.312,0.22
0.317,0.22
0.338,0.22
0.369,0.22
0.408,0.22
0.434,0.22
0.441,0.22
0.441,0.214
0.441,0.212
0.441,0.212
0.441,0.212
0.443,0.211
0.444,0.209
0.447,0.208
0.449,0.205
0.442,0.193
0.452,0.175
0.45,0.169
0.441,0.166
0.433,0.165
0.434,0.168
0.43,0.171
0.423,0.173
0.419,0.175
0.417,0.174
0.405,0.175
0.362,0.175
0.338,0.175
0.328,0.175
0.288,0.175
0.278,0.175
0.268,0.175
0.263,0.175
0.244,0.176
0.233,0.175
0.234,0.175
0.237,0.176
0.242,0.176
0.247,0.176
0.251,0.176
0.253,0.175
0.253,0.176
0.253,0.176
0.254,0.176
0.253,0.176
0.254,0.176
0.254,0.177
0.254,0.177
0.254,0.18
0.255,0.185
0.255,0.188
0.254,0.182
0.253,0.152
0.252,0.159
0.252,0.159
0.252,0.158
0.251,0.159
0.251,0.16
0.251,0.16
0.251,0.16
0.25,0.16
0.248,0.164
0.248,0.169
0.248,0.166
0.246,0.167
0.242,0.168
0.243,0.17
0.247,0.171
0.248,0.172
0.249,0.172
0.25,0.173
0.253,0.171
0.253,0.169
0.253,0.171
0.253,0.171
0.253,0.171
0.253,0.171
0.253,0.171
0.254,0.168
0.253,0.164
0.253,0.16
0.255,0.16
0.255,0.161
0.256,0.156
0.255,0.142
0.257,0.145
0.263,0.147
0.265,0.15
0.267,0.15
0.261,0.15
0.261,0.152
0.254,0.148
0.21,0.144
0.213,0.144
0.219,0.145
0.227,0.143
0.229,0.143
0.229,0.143
0.229,0.144
0.229,0.146
0.228,0.148
0.229,0.15
0.225,0.154
0.22,0.167
0.228,0.203
0.241,0.312
0.242,0.367
0.244,0.427
0.266,0.42
0.293,0.405
0.297,0.396
0.314,0.379
0.319,0.353
0.319,0.33
0.319,0.324
0.321,0.317
0.321,0.319
0.322,0.322
0.323,0.326
0.323,0.327
0.322,0.328
0.321,0.33
0.321,0.331
0.315,0.331
0.312,0.338
0.309,0.344
0.303,0.345
0.301,0.345
0.301,0.345
0.302,0.346
0.301,0.345
0.3,0.346
0.301,0.346
0.3,0.346
0.3,0.346
0.301,0.346
0.301,0.345
0.3,0.345
0.3,0.346
0.3,0.346
0.3,0.346
0.3,0.346
0.3,0.346
0.3,0.346
0.301,0.347
0.3,0.344
0.3,0.336
0.301,0.327
0.3,0.325
0.3,0.323
0.301,0.323
0.3,0.323
0.3,0.311
0.295,0.295
0.288,0.288
0.282,0.272
0.276,0.265
0.239,0.253
0.24,0.251
0.238,0.259
0.236,0.262
0.227,0.274
0.22,0.285
0.225,0.285
0.229,0.31
0.248,0.401
0.252,0.44
0.262,0.441
0.275,0.433
0.304,0.435
0.312,0.416
0.315,0.415
0.313,0.415
0.311,0.403
0.304,0.341
0.302,0.299
0.3,0.285
0.3,0.267
0.3,0.24
0.297,0.22
0.298,0.198
0.297,0.198
0.297,0.169
0.297,0.169
0.282,0.165
0.243,0.165
0.248,0.151
0.253,0.141
0.261,0.141
0.263,0.138
0.263,0.134
0.268,0.133
0.27,0.132
0.27,0.13
0.269,0.13
0.268,0.133
0.267,0.135
0.266,0.135
0.253,0.135
0.233,0.135
0.23,0.134
0.212,0.132
0.21,0.116
0.202,0.1
0.193,0.098
0.187,0.09
0.194,0.085
0.179,0.083
0.181,0.084
0.182,0.085
0.182,0.084
0.186,0.084
0.184,0.083
0.186,0.081
0.191,0.08
0.192,0.078
0.196,0.077
0.199,0.077
0.209,0.077
0.213,0.08
0.213,0.082
0.216,0.082
0.216,0.083
0.217,0.084
0.216,0.085
0.217,0.084
0.217,0.085
0.218,0.084
0.217,0.084
0.218,0.085
0.218,0.085
0.217,0.085
0.216,0.086
0.216,0.088
0.218,0.087
0.219,0.088
0.218,0.089
0.218,0.089
0.218,0.09
0.219,0.09
0.219,0.09
0.22,0.09
0.22,0.091
0.219,0.096
0.22,0.1
0.22,0.101
0.242,0.102
0.252,0.103
0.252,0.101
0.251,0.104
0.247,0.103
0.242,0.103
0.24,0.103
0.236,0.126
0.235,0.155
0.236,0.164
0.238,0.169
0.25,0.174
0.27,0.184
0.273,0.19
0.274,0.199
0.273,0.199
0.273,0.199
0.273,0.197
0.275,0.197
0.275,0.191
0.28,0.189
0.283,0.183
0.289,0.176
0.291,0.171
0.291,0.171
0.291,0.171
0.292,0.171
0.294,0.171
0.299,0.171
0.302,0.171
0.319,0.171
0.321,0.171
0.322,0.171
0.323,0.17
0.324,0.171
0.325,0.171
0.324,0.171
0.324,0.171
0.321,0.171
0.319,0.171
0.302,0.17
0.302,0.171
0.302,0.17
0.297,0.17
0.292,0.171
0.287,0.17
0.28,0.171
0.259,0.171
0.227,0.17
0.221,0.171
0.216,0.171
0.215,0.171
0.209,0.171
0.206,0.17
0.207,0.148
0.208,0.13
0.215,0.112
0.216,0.104
0.215,0.101
0.215,0.105
0.216,0.105
0.217,0.103
0.217,0.099
0.217,0.099
0.217,0.099
0.216,0.099
0.216,0.099
0.216,0.099
0.216,0.095
0.216,0.094
0.217,0.094
0.218,0.092
0.218,0.093
0.218,0.093
0.218,0.095
0.218,0.095
0.22,0.098
0.221,0.099
0.222,0.105
0.223,0.111
0.225,0.116
0.226,0.118
0.227,0.118
0.228,0.119
0.229,0.12
0.229,0.12
0.231,0.121
0.231,0.121
0.231,0.128
0.232,0.128
0.233,0.128
0.239,0.129
0.241,0.129
0.243,0.129
0.243,0.129
0.242,0.129
0.243,0.129
0.242,0.135
0.244,0.14
0.243,0.139
0.244,0.139
0.26,0.138
0.266,0.137
0.29,0.137
0.296,0.137
0.296,0.137
0.295,0.14
0.291,0.144
0.291,0.184
0.291,0.205
0.292,0.21
0.292,0.21
0.293,0.212
0.294,0.214
0.295,0.22
0.293,0.229
0.293,0.239
0.291,0.242
0.291,0.241
0.291,0.236
0.292,0.233
0.295,0.232
0.296,0.231
0.313,0.233
0.321,0.233
0.324,0.231
0.325,0.225
0.325,0.22
0.321,0.212
0.321,0.21
0.319,0.208
0.317,0.208
0.316,0.208
0.313,0.208
0.312,0.208
0.309,0.207
0.307,0.208
0.306,0.208
0.305,0.208
0.304,0.208
0.305,0.207
0.304,0.207
0.304,0.207
0.305,0.208
0.305,0.208
0.304,0.208
0.305,0.208
0.305,0.208
0.305,0.208
0.305,0.208
0.305,0.208
0.306,0.208
0.304,0.208
0.305,0.208
0.306,0.207
0.305,0.205
0.304,0.201
0.294,0.201
0.292,0.199
0.29,0.199
0.28,0.193
0.268,0.187
0.268,0.158
0.263,0.144
0.261,0.144
0.261,0.146
0.259,0.15
0.259,0.149
0.257,0.149
0.252,0.151
0.25,0.152
0.244,0.154
0.233,0.153
0.229,0.154
0.229,0.154
0.232,0.154
0.231,0.154
0.234,0.154
0.236,0.153
0.235,0.154
0.238,0.154
0.24,0.154
0.24,0.154
0.24,0.155
0.24,0.156
0.241,0.155
0.241,0.155
0.241,0.155
0.24,0.156
0.241,0.156
0.241,0.156
0.242,0.158
0.241,0.158
0.242,0.165
0.241,0.176
0.242,0.175
0.243,0.187
0.246,0.195
0.253,0.199
0.26,0.199
0.26,0.199
0.261,0.197
0.261,0.195
0.262,0.19
0.263,0.185
0.264,0.184
0.263,0.184
0.264,0.184
0.264,0.184
0.265,0.184
0.264,0.182
0.264,0.18
0.263,0.172
0.263,0.165
0.264,0.158
0.264,0.156
0.263,0.159
0.265,0.161
0.264,0.173
0.264,0.177
0.264,0.179
0.264,0.179
0.265,0.178
0.264,0.176
0.264,0.173
0.265,0.171
0.264,0.168
0.265,0.166
0.265,0.16
0.265,0.157
0.264,0.141
0.265,0.128
0.265,0.126
0.265,0.125
0.264,0.124
0.265,0.128
0.265,0.129
0.265,0.132
0.265,0.132
0.265,0.133
0.265,0.133
0.265,0.133
0.265,0.133
0.265,0.133
0.265,0.133
0.265,0.133
0.265,0.135
0.265,0.135
0.265,0.135
0.265,0.135
0.265,0.135
0.265,0.136
0.265,0.137
0.265,0.139
0.265,0.14
0.265,0.141
0.265,0.141
0.265,0.141
0.265,0.142
0.265,0.143
0.265,0.144
0.265,0.149
0.265,0.153
0.265,0.155
0.265,0.155
0.265,0.155
0.265,0.156
0.265,0.16
0.265,0.199
0.265,0.215
0.265,0.244
0.277,0.25
0.283,0.25
0.295,0.248
0.299,0.243
0.3,0.241
0.3,0.232
0.3,0.226
0.3,0.221
0.302,0.22
0.304,0.219
0.3,0.22
0.299,0.22
0.337,0.22
0.345,0.219
0.351,0.22
0.355,0.22
0.368,0.22
0.374,0.218
0.374,0.217
0.375,0.212
0.376,0.199
0.382,0.186
0.383,0.172
0.383,0.17
0.383,0.169
0.382,0.168
0.381,0.165
0.381,0.166
0.381,0.163
0.381,0.163
0.382,0.165
0.382,0.166
0.383,0.164
0.381,0.165
0.378,0.165
0.377,0.165
0.377,0.166
0.375,0.166
0.375,0.165
0.376,0.165
0.377,0.165
0.376,0.166
0.377,0.167
0.377,0.166
0.375,0.165
0.371,0.165
0.369,0.16
0.368,0.163
0.367,0.16
0.368,0.159
0.367,0.161
0.364,0.162
0.362,0.163
0.362,0.165
0.362,0.164
0.363,0.163
0.362,0.163
0.362,0.165
0.362,0.165
0.361,0.163
0.353,0.165
0.349,0.165
0.343,0.164
0.328,0.163
0.304,0.164
0.297,0.164
0.287,0.164
0.299,0.163
0.287,0.164
0.289,0.164
0.295,0.165
0.278,0.165
0.283,0.163
0.266,0.163
0.265,0.163
0.255,0.161
0.255,0.161
0.242,0.163
0.247,0.163
0.253,0.162
0.256,0.162
0.257,0.162
0.258,0.162
0.258,0.163
0.259,0.163
0.262,0.169
0.263,0.169
0.265,0.171
0.265,0.172
0.269,0.171
0.27,0.171
0.271,0.171
0.277,0.171
0.283,0.171
0.288,0.171
0.289,0.171
0.288,0.171
0.302,0.171
0.315,0.171
0.306,0.171
0.332,0.173
0.347,0.173
0.358,0.173
0.36,0.173
0.362,0.173
0.363,0.174
0.362,0.174
0.36,0.174
0.36,0.173
0.361,0.174
0.362,0.174
0.362,0.174
0.362,0.174
0.364,0.174
0.363,0.174
0.365,0.174
0.359,0.174
0.373,0.174
0.377,0.174
0.372,0.175
0.361,0.18
0.38,0.184
0.39,0.19
0.4,0.189
0.413,0.19
0.424,0.19
0.428,0.19
0.428,0.19
0.427,0.19
0.424,0.19
0.431,0.19
0.428,0.19
0.426,0.19
0.437,0.19
0.443,0.19
0.447,0.191
0.452,0.19
0.455,0.19
0.456,0.19
0.458,0.19
0.459,0.19
0.458,0.19
0.46,0.19
0.438,0.191
0.439,0.191
0.439,0.191
0.439,0.197
0.439,0.238
0.439,0.247
0.439,0.251
0.439,0.252
0.439,0.252
0.439,0.251
0.44,0.251
0.44,0.25
0.439,0.25
0.44,0.251
0.441,0.252
0.441,0.253
0.45,0.254
0.43,0.253
0.434,0.253
0.449,0.246
0.46,0.243
0.464,0.24
0.465,0.236
0.467,0.232
0.469,0.231
0.467,0.231
0.467,0.231
0.467,0.231
0.467,0.231
0.467,0.232
0.466,0.231
0.466,0.23
0.466,0.231
0.464,0.23
0.463,0.23
0.455,0.229
0.443,0.23
0.444,0.229
0.444,0.228
0.445,0.227
0.435,0.226
0.398,0.226
0.393,0.226
0.391,0.226
0.379,0.225
0.383,0.224
0.384,0.223
0.371,0.223
0.382,0.224
0.385,0.223
0.385,0.223
0.385,0.223
0.386,0.222
0.39,0.223
0.388,0.223
0.389,0.219
0.389,0.207
0.389,0.201
0.389,0.193
0.388,0.177
0.389,0.177
0.389,0.175
0.389,0.178
0.394,0.18
0.398,0.186
0.408,0.19
0.409,0.202
0.415,0.202
0.419,0.203
0.42,0.203
0.42,0.205
0.42,0.203
0.42,0.203
0.422,0.204
0.421,0.203
0.421,0.198
0.422,0.203
0.421,0.203
0.422,0.203
0.421,0.203
0.422,0.203
0.422,0.204
0.421,0.203
0.421,0.203
0.424,0.203
0.427,0.203
0.435,0.203
0.434,0.203
0.44,0.203
0.447,0.203
0.447,0.204
0.452,0.203
0.456,0.203
0.453,0.204
0.45,0.204
0.451,0.204
0.449,0.203
0.45,0.203
0.449,0.203
0.452,0.203
0.452,0.203
0.453,0.203
0.452,0.203
0.455,0.203
0.454,0.203
0.453,0.203
0.455,0.203
0.453,0.204
0.454,0.204
0.451,0.204
0.45,0.204
0.447,0.204
0.446,0.204
0.442,0.204
0.437,0.203
0.437,0.204
0.437,0.204
0.439,0.204
0.438,0.204
0.438,0.204
0.437,0.204
0.437,0.205
0.435,0.204
0.427,0.204
0.412,0.204
0.409,0.204
0.409,0.203
0.409,0.203
0.411,0.204
0.413,0.204
0.413,0.204
0.414,0.204
0.413,0.204
0.415,0.204
0.415,0.204
0.414,0.204
0.415,0.204
0.415,0.204
0.415,0.204
0.416,0.204
0.416,0.204
0.417,0.204
0.415,0.204
0.414,0.203
0.411,0.203
0.41,0.204
0.411,0.204
0.41,0.204
0.417,0.204
0.422,0.203
0.437,0.205
0.44,0.204
0.437,0.204
0.437,0.204
0.447,0.203
0.447,0.204
0.449,0.204
0.45,0.204
0.452,0.204
0.454,0.204
0.456,0.204
0.456,0.204
0.458,0.204
0.459,0.205
0.458,0.204
0.452,0.204
0.461,0.204
0.431,0.205
0.421,0.204
0.465,0.205
0.487,0.204
0.516,0.204
0.514,0.205
0.515,0.204
0.509,0.204
0.511,0.204
0.515,0.204
0.514,0.204
0.514,0.203
0.514,0.204
0.516,0.204
0.517,0.204
0.518,0.203
0.518,0.204
0.518,0.204
0.518,0.204
0.519,0.204
0.519,0.205
0.518,0.204
0.52,0.204
0.52,0.205
0.52,0.223
0.52,0.272
0.52,0.273
0.52,0.275
0.521,0.27
0.519,0.263
0.521,0.251
0.52,0.246
0.52,0.247
0.52,0.247
0.516,0.247
0.515,0.248
0.514,0.248
0.513,0.247
0.515,0.248
0.517,0.248
0.518,0.247
0.52,0.248
0.52,0.248
0.52,0.248
0.522,0.247
0.518,0.248
0.518,0.248
0.518,0.247
0.518,0.248
0.518,0.248
0.518,0.248
0.52,0.247
0.52,0.248
0.52,0.248
0.521,0.245
0.521,0.24
0.519,0.23
0.519,0.225
0.519,0.22
0.517,0.215
0.516,0.216
0.516,0.219
0.515,0.22
0.514,0.223
0.513,0.224
0.513,0.224
0.514,0.224
0.514,0.226
0.514,0.236
0.516,0.24
0.519,0.24
0.522,0.24
0.499,0.24
0.519,0.24
0.497,0.244
0.47,0.261
0.504,0.291
0.511,0.3
0.542,0.309
0.537,0.33
0.552,0.349
0.579,0.374
0.582,0.387
0.586,0.397
0.595,0.398
0.586,0.398
0.604,0.4
0.602,0.402
0.606,0.407
0.611,0.415
0.611,0.421
0.606,0.423
0.61,0.424
0.61,0.424
0.612,0.424
0.614,0.423
0.615,0.423
0.615,0.426
0.616,0.432
0.616,0.436
0.616,0.451
0.616,0.466
0.615,0.467
0.616,0.465
0.616,0.465
0.616,0.465
0.616,0.465
0.618,0.465
0.617,0.464
0.619,0.464
0.619,0.46
0.617,0.459
0.604,0.452
0.574,0.445
0.576,0.445
0.618,0.445
0.591,0.445
0.633,0.444
0.623,0.44
0.634,0.438
0.628,0.437
0.634,0.438
0.636,0.438
0.631,0.438
0.64,0.437
0.637,0.437
0.625,0.437
0.642,0.439
0.637,0.484
0.64,0.504
0.634,0.512
0.654,0.522
0.694,0.532
0.702,0.541
0.711,0.55
0.709,0.55
0.706,0.552
0.705,0.551
0.713,0.551
0.714,0.551
0.713,0.549
0.715,0.534
0.714,0.531
0.711,0.523
0.707,0.523
0.708,0.523
0.703,0.522
0.701,0.528
0.693,0.538
0.688,0.556
0.687,0.581
0.681,0.623
0.68,0.642
0.681,0.643
0.669,0.644
0.668,0.648
0.668,0.649
0.668,0.657
0.669,0.668
0.669,0.668
0.67,0.668
0.67,0.668
0.67,0.664
0.67,0.656
0.67,0.644
0.669,0.637
0.67,0.569
0.67,0.541
0.668,0.479
0.668,0.454
0.666,0.405
0.661,0.403
0.542,0.422
0.567,0.507
0.575,0.59
0.578,0.682
0.599,0.681
0.595,0.68
0.6,0.68
0.601,0.679
0.604,0.676
0.598,0.672
0.596,0.669
0.597,0.662
0.599,0.658
0.601,0.657
0.602,0.656
0.603,0.625
0.602,0.593
0.605,0.539
0.604,0.493
0.606,0.473
0.608,0.43
0.609,0.402
0.609,0.374
0.609,0.346
0.608,0.343
0.609,0.343
0.61,0.343
0.61,0.362
0.617,0.371
0.623,0.411
0.636,0.55
0.647,0.583
0.649,0.587
0.65,0.586
0.649,0.586
0.65,0.586
0.649,0.586
0.649,0.586
0.65,0.587
0.655,0.586
0.657,0.586
0.657,0.586
0.658,0.586
0.658,0.586
0.661,0.586
0.664,0.586
0.668,0.586
0.67,0.587
0.646,0.587
0.648,0.587
0.663,0.587
0.659,0.588
0.672,0.587
0.676,0.587
0.693,0.587
0.683,0.587
0.704,0.588
0.711,0.587
0.722,0.587
0.726,0.587
0.721,0.587
0.725,0.587
0.721,0.587
0.729,0.588
0.725,0.587
0.725,0.587
0.728,0.587
0.728,0.588
0.729,0.587
0.728,0.587
0.727,0.588
0.726,0.588
0.726,0.588
0.726,0.588
0.726,0.588
0.724,0.588
0.721,0.587
0.72,0.587
0.721,0.587
0.72,0.587
0.721,0.587
0.721,0.588
0.721,0.588
0.721,0.588
0.721,0.587
0.721,0.588
0.719,0.588
0.719,0.588
0.72,0.588
0.719,0.588
0.72,0.588
0.72,0.588
0.719,0.588
0.72,0.588
0.719,0.588
0.719,0.589
0.719,0.588
0.719,0.59
0.719,0.589
0.719,0.59
0.718,0.59
0.717,0.59
0.716,0.591
0.717,0.591
0.717,0.592
0.717,0.592
0.717,0.592
0.717,0.593
0.717,0.592
0.717,0.592
0.717,0.591
0.717,0.591
0.717,0.591
0.718,0.591
0.718,0.591
0.719,0.591
0.719,0.591
0.719,0.591
0.719,0.591
0.719,0.591
0.719,0.591
0.719,0.591
0.719,0.589
0.719,0.589
0.719,0.588
0.719,0.587
0.719,0.586
0.719,0.586
0.719,0.58
0.719,0.578
0.718,0.57
0.719,0.561
0.719,0.561
0.719,0.538
0.719,0.525
0.719,0.498
0.718,0.483
0.719,0.471
0.719,0.443
0.719,0.422
0.719,0.405
0.718,0.4
0.719,0.379
0.719,0.37
0.719,0.363
0.719,0.355
0.717,0.346
0.717,0.348
0.715,0.351
0.715,0.351
0.715,0.351
0.715,0.351
0.715,0.35
0.715,0.347
0.715,0.346
0.715,0.351
0.715,0.379
0.715,0.379
0.715,0.392
0.714,0.398
0.715,0.403
0.715,0.403
0.715,0.403
0.714,0.401
0.714,0.399
0.713,0.397
0.713,0.396
0.712,0.394
0.705,0.395
0.704,0.394
0.705,0.396
0.704,0.402
0.705,0.416
0.703,0.459
0.702,0.473
0.701,0.485
0.701,0.486
0.7,0.487
0.7,0.486
0.7,0.486
0.701,0.487
0.7,0.486
0.7,0.483
0.7,0.48
0.699,0.458
0.696,0.453
0.691,0.44
0.687,0.428
0.685,0.425
0.673,0.423
0.676,0.425
0.674,0.428
0.677,0.44
0.679,0.445
0.698,0.445
0.701,0.447
0.702,0.446
0.701,0.446
0.702,0.446
0.703,0.456
0.702,0.482
0.702,0.507
0.702,0.516
0.703,0.533
0.702,0.543
0.702,0.556
0.702,0.573
0.702,0.584
0.702,0.586
0.702,0.588
0.703,0.586
0.702,0.562
0.703,0.559
0.703,0.542
0.702,0.512
0.702,0.471
0.703,0.419
0.703,0.406
0.703,0.386
0.703,0.379
0.703,0.363
0.703,0.349
0.702,0.345
0.703,0.347
0.702,0.348
0.702,0.347
0.703,0.334
0.702,0.331
0.703,0.317
0.702,0.306
0.702,0.298
0.702,0.297
0.703,0.29
0.703,0.287
0.704,0.29
0.704,0.293
0.703,0.295
0.702,0.306
0.703,0.317
0.703,0.32
0.702,0.321
0.702,0.319
0.702,0.308
0.703,0.3
0.703,0.296
0.703,0.275
0.703,0.27
0.703,0.27
0.704,0.265
0.703,0.265
0.703,0.263
0.703,0.263
0.702,0.259
0.704,0.251
0.702,0.246
0.702,0.236
0.703,0.236
0.703,0.238
0.703,0.242
0.703,0.259
0.702,0.267
0.703,0.268
0.703,0.31
0.703,0.36
0.703,0.38
0.702,0.406
0.703,0.414
0.702,0.425
0.702,0.428
0.703,0.428
0.702,0.429
0.703,0.429
0.702,0.428
0.703,0.428
0.703,0.43
0.702,0.432
0.702,0.439
0.703,0.443
0.703,0.449
0.702,0.449
0.703,0.464
0.706,0.475
0.703,0.48
0.703,0.489
0.702,0.501
0.702,0.509
0.703,0.525
0.702,0.541
0.703,0.542
0.702,0.543
0.703,0.542
0.703,0.542
0.703,0.542
0.702,0.541
0.702,0.541
0.702,0.539
0.702,0.538
0.7,0.536
0.698,0.536
0.698,0.536
0.695,0.535
0.695,0.536
0.695,0.535
0.694,0.535
0.695,0.535
0.695,0.533
0.695,0.533
0.694,0.533
0.694,0.533
0.694,0.533
0.694,0.532
0.694,0.53
0.694,0.523
0.693,0.517
0.694,0.509
0.695,0.509
0.696,0.509
0.702,0.51
0.702,0.509
0.702,0.51
0.703,0.511
0.703,0.511
0.703,0.511
0.702,0.511
0.702,0.511
0.702,0.511
0.702,0.511
0.702,0.511
0.702,0.511
0.703,0.511
0.702,0.511
0.702,0.511
0.702,0.511
0.702,0.511
0.702,0.494
0.702,0.478
0.702,0.462
0.702,0.452
0.703,0.446
0.702,0.439
0.702,0.432
0.702,0.434
0.703,0.43
0.702,0.429
0.703,0.428
0.703,0.419
0.702,0.425
0.703,0.424
0.703,0.424
0.703,0.426
0.703,0.426
0.703,0.413
0.703,0.401
0.702,0.395
0.703,0.381
0.703,0.375
0.703,0.368
0.703,0.357
0.703,0.354
0.703,0.349
0.703,0.349
0.703,0.352
0.703,0.357
0.703,0.376
0.703,0.379
0.702,0.391
0.702,0.464
0.698,0.476
0.691,0.477
0.683,0.474
0.682,0.465
0.684,0.446
0.687,0.445
0.689,0.438
0.691,0.428
0.691,0.413
0.691,0.399
0.691,0.396
0.691,0.392
0.691,0.391
0.691,0.393
0.691,0.394
0.691,0.397
0.691,0.4
0.691,0.402
0.691,0.402
0.691,0.399
0.692,0.392
0.691,0.389
0.691,0.387
0.691,0.389
0.691,0.385
0.691,0.384
0.691,0.377
0.692,0.38
0.691,0.381
0.691,0.38
0.691,0.382
0.691,0.383
0.691,0.384
0.691,0.384
0.691,0.387
0.691,0.389
0.691,0.39
0.691,0.394
0.691,0.393
0.691,0.393
0.691,0.394
0.691,0.394
0.691,0.396
0.691,0.395
0.691,0.392
0.691,0.391
0.691,0.391
0.691,0.392
0.691,0.392
0.692,0.394
0.691,0.396
0.691,0.396
0.691,0.396
0.692,0.396
0.691,0.396
0.693,0.396
0.693,0.395
0.693,0.396
0.693,0.396
0.693,0.4
0.694,0.405
0.693,0.406
0.694,0.407
0.694,0.432
0.694,0.454
0.694,0.481
0.694,0.486
0.694,0.502
0.694,0.528
0.694,0.544
0.696,0.574
0.696,0.581
0.696,0.579
0.695,0.554
0.696,0.55
0.696,0.55
0.696,0.55
0.696,0.55
0.695,0.551
0.695,0.551
0.695,0.551
0.695,0.551
0.695,0.55
0.696,0.55
0.696,0.551
0.696,0.551
0.696,0.551
0.696,0.551
0.696,0.551
0.696,0.55
0.696,0.549
0.696,0.548
0.696,0.546
0.696,0.54
0.696,0.535
0.696,0.527
0.696,0.522
0.696,0.514
0.694,0.512
0.683,0.515
0.621,0.516
0.638,0.522
0.625,0.522
0.604,0.521
0.596,0.496
0.58,0.496
0.601,0.466
0.608,0.468
0.607,0.466
0.607,0.469
0.609,0.473
0.612,0.473
0.617,0.471
0.617,0.443
0.621,0.429
0.62,0.418
0.619,0.398
0.613,0.39
0.606,0.38
0.605,0.379
0.597,0.372
0.609,0.374
0.608,0.372
0.608,0.371
0.609,0.372
0.604,0.368
0.608,0.364
0.602,0.354
0.605,0.33
0.605,0.315
0.604,0.303
0.602,0.31
0.603,0.323
0.608,0.334
0.607,0.336
0.611,0.397
0.609,0.428
0.609,0.449
0.61,0.483
0.61,0.491
0.612,0.517
0.609,0.538
0.612,0.548
0.611,0.569
0.61,0.597
0.613,0.599
0.616,0.6
0.616,0.599
0.614,0.593
0.614,0.581
0.614,0.574
0.618,0.571
0.612,0.569
0.617,0.569
0.617,0.57
0.619,0.569
0.619,0.559
0.619,0.556
0.617,0.546
0.617,0.533
0.619,0.518
0.619,0.501
0.619,0.5
0.619,0.505
0.619,0.508
0.619,0.508
0.619,0.507
0.62,0.509
0.62,0.509
0.619,0.505
0.619,0.494
0.62,0.494
0.621,0.498
0.621,0.5
0.62,0.497
0.622,0.497
0.621,0.499
0.621,0.5
0.621,0.489
0.62,0.477
0.62,0.476
0.621,0.474
0.622,0.467
0.622,0.463
0.622,0.454
0.622,0.447
0.622,0.445
0.623,0.441
0.623,0.435
0.623,0.435
0.625,0.434
0.625,0.432
0.623,0.428
0.624,0.423
0.625,0.417
0.625,0.413
0.625,0.396
0.625,0.394
0.627,0.388
0.627,0.39
0.627,0.388
0.627,0.39
0.625,0.389
0.626,0.39
0.625,0.398
0.627,0.401
0.625,0.408
0.624,0.412
0.625,0.414
0.625,0.415
0.625,0.415
0.626,0.428
0.626,0.449
0.627,0.467
0.627,0.469
0.627,0.465
0.627,0.461
0.627,0.454
0.628,0.446
0.628,0.442
0.629,0.441
0.628,0.436
0.628,0.411
0.629,0.389
0.627,0.374
0.627,0.377
0.627,0.378
0.628,0.381
0.627,0.383
0.627,0.386
0.627,0.39
0.627,0.4
0.627,0.402
0.627,0.403
0.627,0.407
0.629,0.418
0.628,0.428
0.628,0.435
0.628,0.441
0.627,0.454
0.627,0.469
0.628,0.479
0.628,0.486
0.628,0.49
0.628,0.492
0.628,0.492
0.628,0.491
0.629,0.491
0.627,0.492
0.629,0.491
0.627,0.488
0.627,0.487
0.628,0.486
0.628,0.484
0.628,0.479
0.629,0.462
0.629,0.459
0.629,0.459
0.631,0.459
0.629,0.458
0.629,0.408
0.629,0.4
0.63,0.398
0.63,0.395
0.63,0.383
0.63,0.382
0.63,0.37
0.63,0.364
0.63,0.362
0.629,0.358
0.63,0.368
0.629,0.378
0.631,0.387
0.629,0.389
0.63,0.399
0.63,0.434
0.631,0.436
0.63,0.437
0.63,0.443
0.629,0.447
0.628,0.471
0.629,0.487
0.631,0.541
0.629,0.547
0.625,0.55
0.623,0.55
0.623,0.55
0.622,0.546
0.622,0.543
0.623,0.542
0.625,0.542
0.624,0.542
0.625,0.546
0.625,0.549
0.625,0.55
0.623,0.552
0.623,0.565
0.623,0.572
0.624,0.625
0.619,0.64
0.619,0.643
0.619,0.642
0.619,0.642
0.617,0.642
0.617,0.643
0.617,0.643
0.617,0.644
0.617,0.646
0.616,0.644
0.616,0.645
0.616,0.646
0.616,0.645
0.617,0.645
0.618,0.635
0.616,0.627
0.617,0.615
0.617,0.614
0.616,0.612
0.616,0.613
0.617,0.614
0.617,0.614
0.617,0.613
0.617,0.613
0.619,0.613
0.617,0.614
0.616,0.614
0.616,0.614
0.616,0.613
0.616,0.613
0.616,0.612
0.615,0.612
0.616,0.613
0.615,0.613
0.614,0.614
0.614,0.614
0.616,0.614
0.614,0.613
0.612,0.613
0.612,0.613
0.614,0.613
0.614,0.612
0.614,0.613
0.613,0.613
0.613,0.613
0.612,0.614
0.612,0.614
0.613,0.614
0.612,0.613
0.612,0.614
0.612,0.614
0.612,0.611
0.612,0.612
0.612,0.612
0.612,0.612
0.614,0.612
0.614,0.612
0.614,0.612
0.614,0.612
0.613,0.612
0.614,0.612
0.613,0.612
0.614,0.612
0.613,0.612
0.614,0.612
0.614,0.607
0.614,0.58
0.614,0.561
0.614,0.507
0.614,0.455
0.616,0.451
0.615,0.458
0.615,0.481
0.616,0.588
0.617,0.661
0.618,0.669
0.617,0.689
0.617,0.726
0.615,0.799
0.615,0.814
0.614,0.814
0.614,0.81
0.619,0.797
0.621,0.777
0.634,0.698
0.642,0.651
0.642,0.616
0.647,0.597
0.648,0.554
0.654,0.543
0.655,0.516
0.655,0.496
0.655,0.503
0.656,0.511
0.655,0.514
0.656,0.518
0.656,0.523
0.656,0.527
0.657,0.53
0.656,0.532
0.656,0.567
0.656,0.629
0.657,0.631
0.657,0.634
0.657,0.642
0.657,0.65
0.657,0.711
0.657,0.733
0.657,0.744
0.657,0.747
0.657,0.747
0.656,0.746
0.657,0.751
0.657,0.756
0.657,0.833
0.651,0.873
0.648,0.893
0.646,0.897
0.646,0.899
0.645,0.899
0.646,0.899
0.646,0.9
0.646,0.901
0.646,0.907
0.647,0.907
0.648,0.908
0.649,0.908
0.649,0.907
0.649,0.901
0.649,0.885
0.649,0.881
0.65,0.882
0.649,0.882
0.649,0.882
0.649,0.882
0.65,0.881
0.649,0.881
0.651,0.882
0.649,0.882
0.65,0.877
0.652,0.852
0.651,0.816
0.653,0.813
0.655,0.804
0.656,0.777
0.655,0.758
0.656,0.747
0.656,0.734
0.657,0.732
0.657,0.73
0.657,0.726
0.657,0.726
0.657,0.7
0.657,0.645
0.657,0.63
0.657,0.618
0.657,0.633
0.657,0.642
0.657,0.645
0.657,0.668
0.657,0.678
0.656,0.679
0.657,0.683
0.657,0.691
0.657,0.704
0.657,0.706
0.657,0.713
0.658,0.715
0.657,0.715
0.657,0.715
0.658,0.716
0.658,0.721
0.658,0.737
0.657,0.766
0.658,0.779
0.658,0.783
0.657,0.785
0.658,0.785
0.657,0.779
0.657,0.762
0.658,0.76
0.658,0.76
0.66,0.762
0.661,0.761
0.661,0.761
0.661,0.761
0.662,0.761
0.661,0.758
0.661,0.754
0.661,0.747
0.661,0.747
0.661,0.747
0.661,0.747
0.661,0.738
0.661,0.734
0.661,0.735
0.661,0.734
0.661,0.734
0.661,0.735
0.661,0.734
0.661,0.735
0.661,0.73
0.661,0.726
0.661,0.726
0.661,0.728
0.661,0.728
0.661,0.719
0.661,0.711
0.661,0.698
0.661,0.657
0.661,0.654
0.661,0.651
0.661,0.654
0.661,0.653
0.661,0.657
0.661,0.657
0.661,0.656
0.661,0.656
0.66,0.657
0.661,0.656
0.659,0.657
0.661,0.656
0.661,0.657
0.661,0.657
0.661,0.657
0.661,0.657
0.657,0.657
0.655,0.653
0.649,0.639
0.649,0.633
0.645,0.627
0.633,0.595
0.622,0.573
0.622,0.575
0.624,0.559
0.625,0.544
0.625,0.541
0.632,0.535
0.634,0.53
0.634,0.528
0.635,0.531
0.631,0.542
0.619,0.557
0.604,0.56
0.554,0.634
0.568,0.644
0.586,0.65
0.575,0.651
0.582,0.65
0.576,0.651
0.59,0.651
0.597,0.65
0.63,0.65
0.633,0.649
0.633,0.648
0.634,0.648
0.634,0.646
0.635,0.645
0.635,0.64
0.636,0.64
0.636,0.64
0.636,0.642
0.636,0.643
0.635,0.646
0.635,0.646
0.636,0.646
0.636,0.64
0.636,0.623
0.637,0.623
0.636,0.623
0.636,0.623
0.637,0.623
0.637,0.623
0.636,0.623
0.636,0.623
0.637,0.623
0.637,0.623
0.636,0.623
0.638,0.623
0.638,0.622
0.637,0.623
0.638,0.623
0.637,0.623
0.637,0.592
0.638,0.572
0.638,0.578
0.638,0.578
0.638,0.583
0.635,0.589
0.63,0.609
0.625,0.609
0.623,0.611
0.625,0.613
0.625,0.614
0.624,0.616
0.625,0.624
0.625,0.663
0.625,0.683
0.625,0.694
0.625,0.7
0.625,0.7
0.622,0.7
0.613,0.701
0.607,0.706
0.607,0.704
0.591,0.704
0.526,0.694
0.524,0.685
0.548,0.675
0.537,0.675
0.561,0.675
0.546,0.675
0.558,0.679
0.567,0.709
0.568,0.723
0.572,0.723
0.574,0.693
0.574,0.693
0.575,0.579
0.577,0.571
0.578,0.584
0.578,0.592
0.579,0.593
0.578,0.593
0.579,0.594
0.58,0.594
0.581,0.595
0.582,0.594
0.583,0.594
0.582,0.595
0.581,0.595
0.581,0.584
0.582,0.557
0.582,0.539
0.582,0.521
0.582,0.512
0.582,0.482
0.584,0.477
0.586,0.473
0.584,0.454
0.584,0.452
0.585,0.443
0.585,0.43
0.585,0.425
0.586,0.421
0.586,0.418
0.586,0.405
0.586,0.402
0.584,0.401
0.585,0.405
0.588,0.424
0.597,0.428
0.607,0.443
0.607,0.503
0.608,0.528
0.608,0.569
0.608,0.664
0.608,0.689
0.625,0.713
0.625,0.717
0.633,0.717
0.636,0.716
0.64,0.715
0.641,0.711
0.642,0.705
0.643,0.701
0.642,0.697
0.643,0.694
0.644,0.693
0.644,0.693
0.643,0.693
0.644,0.692
0.643,0.691
0.644,0.688
0.644,0.69
0.644,0.69
0.643,0.691
0.642,0.69
0.64,0.689
0.64,0.687
0.64,0.687
0.638,0.687
0.622,0.687
0.621,0.687
0.621,0.687
0.621,0.687
0.621,0.687
0.621,0.687
0.621,0.687
0.622,0.687
0.62,0.687
0.62,0.687
0.619,0.687
0.62,0.687
0.62,0.687
0.621,0.686
0.621,0.687
0.621,0.687
0.619,0.687
0.617,0.687
0.593,0.687
0.574,0.687
0.572,0.687
0.58,0.687
0.578,0.687
0.573,0.687
0.572,0.687
0.571,0.687
0.553,0.687
0.565,0.687
0.561,0.687
0.56,0.687
0.571,0.687
0.568,0.687
0.571,0.687
0.571,0.688
0.572,0.687
0.576,0.687
0.574,0.687
0.575,0.687
0.577,0.685
0.578,0.665
0.578,0.659
0.575,0.653
0.577,0.656
0.577,0.661
0.578,0.666
0.579,0.666
0.58,0.666
0.58,0.665
0.579,0.662
0.579,0.648
0.58,0.641
0.579,0.649
0.58,0.65
0.578,0.649
0.579,0.65
0.579,0.65
0.58,0.65
0.58,0.65
0.582,0.649
0.581,0.649
0.583,0.649
0.584,0.649
0.584,0.649
0.585,0.65
0.586,0.648
0.586,0.649
0.587,0.648
0.587,0.648
0.588,0.64
0.587,0.633
0.588,0.634
0.587,0.635
0.585,0.636
0.585,0.633
0.586,0.634
0.586,0.633
0.586,0.634
0.586,0.633
0.587,0.634
0.586,0.635
0.586,0.634
0.588,0.635
0.586,0.634
0.587,0.635
0.588,0.636
0.588,0.636
0.588,0.636
0.587,0.636
0.584,0.636
0.572,0.636
0.554,0.636
0.534,0.637
0.542,0.638
0.422,0.634
0.488,0.633
0.432,0.629
0.471,0.617
0.389,0.614
0.368,0.598
0.324,0.597
0.42,0.584
0.454,0.588
0.456,0.591
0.434,0.596
0.469,0.614
0.438,0.621
0.454,0.625
0.424,0.663
0.447,0.668
0.47,0.667
0.478,0.666
0.512,0.667
0.526,0.666
0.529,0.666
0.531,0.666
0.533,0.666
0.539,0.667
0.54,0.667
0.542,0.674
0.544,0.678
0.546,0.698
0.546,0.723
0.548,0.73
0.547,0.73
0.548,0.732
0.548,0.732
0.548,0.732
0.549,0.73
0.55,0.701
0.552,0.7
0.552,0.659
0.552,0.59
0.552,0.566
0.552,0.523
0.552,0.509
0.552,0.503
0.552,0.479
0.552,0.467
0.552,0.446
0.552,0.45
0.552,0.453
0.552,0.447
0.552,0.445
0.552,0.476
0.553,0.479
0.552,0.481
0.552,0.483
0.553,0.521
0.552,0.541
0.552,0.571
0.553,0.583
0.553,0.599
0.553,0.645
0.553,0.674
0.553,0.688
0.553,0.732
0.552,0.743
0.554,0.752
0.551,0.755
0.554,0.755
0.558,0.756
0.55,0.756
0.564,0.756
0.569,0.764
0.574,0.786
0.57,0.828
0.572,0.839
0.574,0.86
0.574,0.859
0.571,0.859
0.572,0.84
0.572,0.835
0.571,0.835
0.558,0.835
0.556,0.835
0.554,0.828
0.555,0.809
0.554,0.807
0.554,0.809
0.554,0.809
0.552,0.809
0.55,0.802
0.551,0.795
0.551,0.758
0.552,0.708
0.552,0.689
0.552,0.668
0.552,0.656
0.563,0.658
0.565,0.661
0.505,0.67
0.541,0.682
0.568,0.685
0.593,0.687
0.582,0.687
0.595,0.689
0.591,0.688
0.6,0.689
0.599,0.689
0.601,0.689
0.597,0.69
0.591,0.69
0.586,0.69
0.586,0.709
0.585,0.725
0.586,0.746
0.586,0.747
0.586,0.748
0.586,0.746
0.586,0.745
0.585,0.745
0.586,0.743
0.586,0.743
0.586,0.738
0.586,0.731
0.586,0.724
0.586,0.723
0.586,0.723
0.585,0.723
0.585,0.724
0.585,0.723
0.585,0.724
0.585,0.723
0.586,0.723
0.585,0.723
0.586,0.724
0.585,0.723
0.586,0.723
0.586,0.723
0.585,0.725
0.585,0.724
0.585,0.724
0.585,0.724
0.585,0.724
0.586,0.723
0.586,0.724
0.584,0.724
0.586,0.723
0.584,0.723
0.584,0.723
0.584,0.723
0.584,0.723
0.584,0.723
0.584,0.723
0.584,0.692
0.584,0.657
0.584,0.643
0.584,0.586
0.584,0.572
0.584,0.556
0.583,0.554
0.581,0.563
0.58,0.572
0.58,0.585
0.58,0.586
0.58,0.623
0.58,0.684
0.579,0.726
0.58,0.738
0.58,0.758
0.579,0.776
0.578,0.785
0.578,0.795
0.578,0.798
0.579,0.799
0.578,0.798
0.58,0.797
0.579,0.796
0.579,0.791
0.579,0.785
0.58,0.777
0.58,0.776
0.58,0.775
0.58,0.756
0.58,0.734
0.58,0.679
0.58,0.648
0.58,0.646
0.58,0.654
0.58,0.672
0.581,0.674
0.581,0.68
0.58,0.702
0.58,0.706
0.58,0.706
0.581,0.706
0.58,0.7
0.581,0.693
0.581,0.691
0.581,0.688
0.581,0.689
0.58,0.689
0.58,0.69
0.58,0.691
0.58,0.692
0.581,0.691
0.58,0.692
0.58,0.691
0.58,0.691
0.58,0.691
0.58,0.691
0.58,0.691
0.58,0.693
0.58,0.693
0.58,0.698
0.58,0.715
0.58,0.762
0.58,0.798
0.58,0.807
0.579,0.818
0.58,0.818
0.58,0.816
0.58,0.817
0.58,0.815
0.58,0.814
0.58,0.801
0.58,0.792
0.58,0.792
0.58,0.775
0.58,0.775
0.58,0.777
0.58,0.78
0.58,0.785
0.58,0.788
0.58,0.788
0.58,0.79
0.58,0.806
0.58,0.824
0.58,0.848
0.581,0.857
0.582,0.858
0.584,0.86
0.583,0.862
0.586,0.863
0.587,0.863
0.593,0.863
0.576,0.862
0.543,0.862
0.614,0.862
0.631,0.86
0.657,0.857
0.663,0.856
0.664,0.856
0.667,0.858
0.666,0.858
0.663,0.859
0.663,0.858
0.663,0.858
0.663,0.858
0.663,0.858
0.664,0.858
0.666,0.859
0.664,0.858
0.661,0.859
0.66,0.858
0.658,0.858
0.656,0.858
0.656,0.858
0.655,0.858
0.655,0.857
0.655,0.856
0.656,0.855
0.656,0.855
0.656,0.854
0.655,0.854
0.651,0.854
0.649,0.854
0.649,0.854
0.649,0.854
0.649,0.854
0.649,0.854
0.65,0.854
0.649,0.853
0.65,0.852
0.65,0.852
0.65,0.85
0.651,0.844
0.65,0.835
0.65,0.835
0.649,0.831
0.65,0.818
0.651,0.796
0.651,0.795
0.651,0.795
0.651,0.794
0.65,0.795
0.65,0.796
0.65,0.795
0.65,0.796
0.651,0.795
0.65,0.796
0.65,0.798
0.651,0.798
0.651,0.798
0.651,0.798
0.651,0.799
0.651,0.798
0.651,0.799
0.651,0.798
0.651,0.799
0.651,0.798
0.651,0.798
0.651,0.797
0.651,0.798
0.651,0.798
0.651,0.798
0.651,0.796
0.651,0.796
0.651,0.796
0.651,0.796
0.651,0.795
0.651,0.795
0.651,0.795
0.651,0.789
0.651,0.789
0.651,0.788
0.651,0.788
0.651,0.788
0.651,0.785
0.651,0.727
0.651,0.672
0.651,0.646
0.651,0.633
0.651,0.618
0.651,0.621
0.651,0.62
0.651,0.629
0.651,0.638
0.651,0.655
0.652,0.695
0.651,0.747
0.651,0.758
0.651,0.758
0.651,0.758
0.651,0.764
0.651,0.769
0.651,0.771
0.651,0.771
0.651,0.77
0.651,0.768
0.651,0.745
0.651,0.743
0.651,0.743
0.651,0.744
0.651,0.744
0.651,0.745
0.651,0.755
0.651,0.792
0.651,0.811
0.651,0.813
0.651,0.813
0.651,0.815
0.651,0.818
0.651,0.836
0.651,0.848
0.651,0.85
0.651,0.851
0.651,0.854
0.651,0.852
0.651,0.852
0.651,0.85
0.651,0.848
0.651,0.845
0.652,0.841
0.651,0.835
0.651,0.833
0.651,0.831
0.651,0.831
0.651,0.828
0.649,0.828
0.648,0.826
0.648,0.798
0.648,0.749
0.648,0.714
0.648,0.694
0.648,0.693
0.648,0.7
0.648,0.708
0.648,0.732
0.648,0.81
0.648,0.837
0.646,0.871
0.64,0.875
0.639,0.884
0.638,0.907
0.635,0.927
0.636,0.976
0.636,0.988
0.636,0.993
0.636,0.995
0.636,0.995
0.637,0.996
0.637,0.996
0.636,0.995
0.619,0.995
0.607,0.996
0.613,0.996
0.616,0.997
0.618,0.996
0.617,0.995
0.611,0.995
0.593,0.995
0.585,0.994
0.589,0.993
0.59,0.991
0.595,0.989
0.595,0.987
0.599,0.985
0.599,0.985
0.597,0.985
0.601,0.986
0.596,0.986
0.597,0.985
0.601,0.98
0.602,0.969
0.605,0.97
0.61,0.969
0.61,0.969
0.61,0.955
0.608,0.94
0.61,0.902
0.61,0.875
0.609,0.815
0.61,0.784
0.61,0.77
0.608,0.741
0.608,0.713
0.61,0.714
0.609,0.715
0.61,0.719
0.609,0.722
0.609,0.728
0.61,0.73
0.61,0.744
0.609,0.749
0.61,0.748
0.61,0.755
0.612,0.788
0.611,0.814
0.611,0.817
0.611,0.824
0.611,0.825
0.612,0.828
0.612,0.862
0.612,0.873
0.613,0.878
0.611,0.879
0.612,0.877
0.612,0.877
0.612,0.877
0.613,0.875
0.614,0.871
0.613,0.87
0.613,0.87
0.612,0.87
0.611,0.869
0.612,0.866
0.611,0.866
0.612,0.862
0.612,0.86
0.612,0.858
0.612,0.856
0.612,0.854
0.613,0.852
0.612,0.852
0.612,0.852
0.611,0.852
0.612,0.852
0.612,0.852
0.612,0.851
0.612,0.852
0.612,0.852
0.614,0.851
0.613,0.852
0.614,0.851
0.614,0.852
0.613,0.852
0.612,0.851
0.613,0.852
0.612,0.852
0.613,0.852
0.614,0.852
0.614,0.852
0.614,0.852
0.614,0.852
0.613,0.852
0.613,0.852
0.614,0.852
0.615,0.852
0.615,0.852
0.614,0.852
0.614,0.852
0.616,0.852
0.615,0.852
0.615,0.852
0.615,0.852
0.615,0.852
0.615,0.852
0.615,0.852
0.614,0.852
0.608,0.852
0.593,0.852
0.581,0.852
0.55,0.856
0.495,0.871
0.454,0.918
0.469,0.938
0.499,0.951
0.557,0.976
0.564,0.978
0.576,0.975
0.584,0.969
0.59,0.961
0.593,0.955
0.594,0.953
0.593,0.901
0.593,0.838
0.594,0.812
0.594,0.768
0.598,0.769
0.604,0.773
0.608,0.79
0.607,0.793
0.612,0.8
0.61,0.812
0.603,0.835
0.602,0.848
0.621,0.852
0.63,0.856
0.636,0.879
0.634,0.909
0.64,0.963
0.646,0.996
0.646,1.0
0.642,1.0
0.642,1.0
0.644,1.0
0.646,1.0
0.657,1.0
0.659,1.0
0.658,1.0
0.661,1.0
0.659,1.0
0.657,1.0
0.655,1.0
0.649,1.0
0.646,1.0
0.643,1.0
0.642,1.0
0.641,1.0
0.641,1.0
0.641,1.0
0.641,0.997
0.641,0.942
0.642,0.942
0.641,0.944
0.642,0.955
0.642,0.955
0.642,0.968
0.642,0.968
0.641,0.968
0.642,0.968
0.642,0.957
0.642,0.935
0.642,0.891
0.643,0.886
0.641,0.849
0.642,0.826
0.642,0.803
0.642,0.77
0.642,0.723
0.641,0.696
0.642,0.681
0.642,0.655
0.642,0.65
0.642,0.648
0.642,0.648
0.642,0.65
0.642,0.652
0.642,0.651
0.642,0.653
0.642,0.653
0.642,0.657
0.642,0.655
0.642,0.656
0.642,0.661
0.642,0.664
0.642,0.672
0.642,0.674
0.642,0.675
0.642,0.679
0.642,0.679
0.642,0.679
0.642,0.679
0.642,0.679
0.642,0.679
0.642,0.679
0.642,0.679
0.641,0.679
0.641,0.679
0.642,0.68
0.642,0.679
0.642,0.679
0.642,0.665
0.642,0.627
0.642,0.613
0.641,0.594
0.642,0.59
0.642,0.58
0.642,0.578
0.641,0.567
0.642,0.561
0.642,0.54
0.642,0.537
0.642,0.538
0.641,0.532
0.642,0.532
0.642,0.528
0.642,0.514
0.641,0.501
0.642,0.497
0.642,0.475
0.642,0.469
0.642,0.455
0.642,0.456
0.642,0.477
0.641,0.492
0.642,0.533
0.642,0.584
0.641,0.589
0.642,0.589
0.642,0.589
0.642,0.591
0.642,0.584
0.641,0.57
0.642,0.569
0.642,0.569
0.642,0.569
0.641,0.567
0.641,0.492
0.642,0.468
0.642,0.441
0.642,0.426
0.642,0.427
0.642,0.433
0.642,0.444
0.642,0.446
0.642,0.447
0.642,0.448
0.642,0.445
0.642,0.439
0.642,0.438
0.642,0.439
0.642,0.439
0.642,0.438
0.642,0.438
0.642,0.434
0.642,0.402
0.642,0.398
0.642,0.386
0.642,0.396
0.642,0.398
0.642,0.409
0.641,0.415
0.642,0.432
0.642,0.497
0.642,0.533
0.642,0.544
0.642,0.556
0.642,0.558
0.642,0.568
0.641,0.563
0.642,0.566
0.642,0.567
0.642,0.569
0.641,0.57
0.641,0.569
0.641,0.569
0.642,0.569
0.641,0.567
0.641,0.568
0.641,0.568
0.642,0.569
0.642,0.569
0.642,0.561
0.642,0.546
0.642,0.546
0.641,0.546
0.642,0.546
0.642,0.546
0.642,0.553
0.642,0.557
0.642,0.556
0.642,0.55
0.642,0.547
0.642,0.548
0.642,0.547
0.641,0.547
0.642,0.546
0.642,0.546
0.642,0.547
0.642,0.552
0.642,0.565
0.642,0.595
0.641,0.622
0.642,0.662
0.642,0.681
0.641,0.685
0.642,0.685
0.641,0.687
0.642,0.686
0.642,0.685
0.642,0.685
0.641,0.686
0.642,0.687
0.642,0.693
0.642,0.698
0.641,0.721
0.64,0.732
0.641,0.738
0.641,0.743
0.64,0.747
0.641,0.749
0.64,0.753
0.64,0.763
0.64,0.763
0.64,0.763
0.637,0.764
0.639,0.76
0.64,0.753
0.64,0.744
0.64,0.745
0.639,0.745
0.64,0.745
0.64,0.747
0.64,0.75
0.64,0.751
0.64,0.751
0.64,0.749
0.64,0.747
0.64,0.74
0.64,0.735
0.64,0.735
0.64,0.736
0.64,0.721
0.64,0.698
0.641,0.694
0.64,0.698
0.64,0.701
0.64,0.706
0.64,0.706
0.64,0.708
0.64,0.708
0.641,0.701
0.641,0.695
0.64,0.686
0.64,0.684
0.642,0.687
0.641,0.685
0.641,0.687
0.64,0.688
0.64,0.689
0.641,0.69
0.64,0.691
0.641,0.689
0.64,0.691
0.64,0.691
0.64,0.691
0.64,0.692
0.64,0.692
0.64,0.692
0.641,0.691
0.64,0.691
0.641,0.691
0.64,0.689
0.64,0.656
0.642,0.651
0.641,0.643
0.641,0.646
0.642,0.649
0.641,0.623
0.641,0.617
0.642,0.612
0.641,0.607
0.641,0.589
0.641,0.565
0.64,0.557
0.642,0.562
0.641,0.569
0.642,0.574
0.642,0.582
0.641,0.591
0.641,0.595
0.641,0.595
0.641,0.602
0.641,0.623
0.641,0.625
0.64,0.635
0.638,0.636
0.634,0.635
0.612,0.636
0.548,0.637
0.571,0.637
0.582,0.636
0.574,0.637
0.554,0.637
0.558,0.636
0.557,0.636
0.571,0.636
0.572,0.636
0.576,0.636
0.573,0.636
0.575,0.636
0.577,0.637
0.578,0.637
0.58,0.637
0.576,0.637
0.578,0.638
0.58,0.637
0.583,0.638
0.587,0.637
0.586,0.637
0.584,0.638
0.587,0.637
0.588,0.637
0.588,0.637
0.59,0.638
0.588,0.637
0.591,0.638
0.597,0.638
0.599,0.636
0.599,0.637
0.599,0.636
0.599,0.636
0.599,0.636
0.599,0.638
0.601,0.637
0.6,0.637
0.601,0.638
0.601,0.638
0.6,0.638
0.6,0.637
0.601,0.638
0.601,0.638
0.601,0.638
0.601,0.638
0.601,0.64
0.601,0.641
0.601,0.642
0.602,0.646
0.601,0.643
0.601,0.646
0.601,0.657
0.6,0.664
0.601,0.67
0.601,0.679
0.601,0.685
0.6,0.685
0.6,0.685
0.6,0.69
0.601,0.694
0.601,0.7
0.6,0.71
0.601,0.738
0.6,0.758
0.599,0.786
0.599,0.809
0.599,0.822
0.6,0.832
0.6,0.836
0.599,0.837
0.599,0.838
0.599,0.838
0.599,0.838
0.599,0.839
0.599,0.837
0.598,0.836
0.599,0.836
0.599,0.837
0.599,0.836
0.599,0.837
0.599,0.837
0.6,0.837
0.599,0.837
0.599,0.836
0.599,0.836
0.599,0.837
0.599,0.837
0.599,0.837
0.599,0.836
0.599,0.837
0.599,0.837
0.599,0.836
0.599,0.836
0.599,0.836
0.599,0.835
0.6,0.833
0.6,0.833
0.599,0.831
0.6,0.831
0.599,0.83
0.599,0.83
0.6,0.83
0.599,0.83
0.6,0.83
0.599,0.83
0.599,0.83
0.599,0.83
0.599,0.83
0.599,0.83
0.599,0.824
0.599,0.813
0.599,0.811
0.599,0.809
0.6,0.793
0.6,0.791
0.599,0.788
0.599,0.754
0.599,0.713
0.599,0.687
0.599,0.685
0.599,0.688
0.599,0.704
0.599,0.719
0.599,0.735
0.599,0.88
0.599,0.88
0.6,0.985
0.6,1.0
0.599,1.0
0.6,1.0
0.6,1.0
0.6,1.0
0.601,1.0
0.603,1.0
0.603,1.0
0.604,1.0
0.605,1.0
0.612,1.0
0.614,1.0
0.616,1.0
0.616,1.0
0.616,1.0
0.617,0.967
0.617,0.959
0.617,0.94
0.617,0.924
0.618,0.893
0.617,0.882
0.618,0.869
0.618,0.838
0.617,0.826
0.618,0.828
0.617,0.828
0.618,0.824
0.618,0.818
0.617,0.81
0.618,0.804
0.617,0.806
0.617,0.794
0.618,0.785
0.617,0.777
0.617,0.768
0.617,0.758
0.617,0.756
0.617,0.752
0.617,0.748
0.617,0.749
0.617,0.753
0.617,0.754
0.617,0.755
0.617,0.754
0.617,0.734
0.617,0.725
0.616,0.711
0.608,0.703
0.606,0.7
0.606,0.698
0.606,0.698
0.606,0.706
0.605,0.71
0.606,0.712
0.603,0.72
0.602,0.723
0.598,0.73
0.596,0.736
0.595,0.766
0.594,0.785
0.591,0.801
0.585,0.807
0.552,0.807
0.541,0.808
0.548,0.8
0.542,0.797
0.569,0.796
0.552,0.794
0.552,0.792
0.524,0.791
0.558,0.791
0.55,0.792
0.545,0.792
0.552,0.793
0.548,0.796
0.563,0.799
0.561,0.811
0.476,0.813
0.423,0.813
0.405,0.815
0.452,0.813
0.395,0.814
0.435,0.794
0.486,0.789
0.477,0.789
0.473,0.788
0.496,0.784
0.488,0.777
0.499,0.761
0.499,0.76
0.511,0.726
0.505,0.717
0.513,0.717
0.513,0.719
0.51,0.722
0.515,0.719
0.518,0.71
0.52,0.691
0.52,0.682
0.523,0.644
0.526,0.612
0.522,0.578
0.525,0.537
0.526,0.53
0.531,0.531
0.529,0.542
0.544,0.552
0.553,0.561
0.559,0.571
0.562,0.621
0.565,0.625
0.569,0.633
0.569,0.632
0.569,0.62
0.569,0.613
0.569,0.612
0.57,0.597
0.569,0.533
0.571,0.526
0.569,0.491
0.569,0.471
0.57,0.456
0.571,0.462
0.57,0.467
0.57,0.484
0.571,0.49
0.571,0.49
0.569,0.508
0.571,0.511
0.57,0.584
0.57,0.61
0.571,0.648
0.571,0.672
0.571,0.682
0.571,0.684
0.571,0.687
0.571,0.687
0.572,0.687
0.571,0.687
0.572,0.685
0.572,0.683
0.572,0.664
0.572,0.664
0.572,0.664
0.572,0.614
0.572,0.596
0.572,0.57
0.572,0.539
0.572,0.528
0.572,0.509
0.572,0.475
0.572,0.452
0.572,0.44
0.572,0.423
0.572,0.403
0.572,0.395
0.572,0.397
0.572,0.388
0.573,0.383
0.573,0.397
0.571,0.4
0.572,0.416
0.572,0.417
0.572,0.42
0.572,0.496
0.572,0.525
0.572,0.61
0.573,0.617
0.572,0.631
0.572,0.644
0.572,0.663
0.573,0.687
0.573,0.721
0.572,0.731
0.572,0.731
0.573,0.734
0.572,0.736
0.572,0.737
0.572,0.734
0.572,0.736
0.572,0.736
0.572,0.733
0.573,0.734
0.572,0.725
0.574,0.71
0.573,0.708
0.573,0.687
0.574,0.634
0.573,0.612
0.573,0.599
0.572,0.586
0.572,0.586
0.572,0.569
0.572,0.567
0.573,0.564
0.572,0.551
0.572,0.558
0.573,0.572
0.572,0.58
0.572,0.586
0.572,0.588
0.572,0.596
0.573,0.612
0.573,0.621
0.573,0.606
0.573,0.602
0.573,0.588
0.574,0.514
0.573,0.512
0.573,0.511
0.574,0.517
0.574,0.522
0.574,0.529
0.573,0.533
0.573,0.531
0.574,0.518
0.573,0.492
0.573,0.436
0.573,0.426
0.574,0.426
0.573,0.433
0.573,0.437
0.573,0.452
0.574,0.458
0.573,0.459
0.574,0.46
0.573,0.46
0.573,0.462
0.574,0.461
0.574,0.461
0.573,0.462
0.573,0.505
0.573,0.537
0.574,0.552
0.574,0.556
0.574,0.557
0.573,0.559
0.573,0.561
0.573,0.558
0.573,0.573
0.573,0.61
0.573,0.621
0.574,0.644
0.574,0.646
0.573,0.647
0.573,0.647
0.573,0.647
0.574,0.648
0.573,0.646
0.574,0.644
0.573,0.643
0.573,0.642
0.574,0.642
0.574,0.642
0.573,0.642
0.574,0.641
0.573,0.641
0.573,0.642
0.574,0.642
0.574,0.641
0.573,0.641
0.573,0.64
0.573,0.64
0.574,0.64
0.573,0.64
0.573,0.64
0.573,0.64
0.573,0.641
0.574,0.64
0.574,0.64
0.573,0.64
0.573,0.64
0.574,0.641
0.574,0.64
0.574,0.64
0.574,0.641
0.573,0.641
0.573,0.641
0.574,0.641
0.574,0.641
0.574,0.642
0.573,0.641
0.574,0.642
0.574,0.642
0.573,0.642
0.574,0.64
0.574,0.635
0.574,0.619
0.574,0.618
0.574,0.617
0.573,0.609
0.574,0.611
0.574,0.614
0.574,0.613
0.573,0.614
0.573,0.632
0.573,0.636
0.573,0.639
0.573,0.643
0.573,0.653
0.573,0.66
0.573,0.672
0.573,0.692
0.573,0.712
0.573,0.727
0.573,0.734
0.573,0.735
0.574,0.734
0.574,0.734
0.574,0.733
0.573,0.73
0.574,0.723
0.573,0.722
0.574,0.722
0.574,0.72
0.574,0.716
0.574,0.708
0.574,0.706
0.574,0.706
0.574,0.704
0.574,0.704
0.574,0.705
0.574,0.705
0.574,0.705
0.574,0.705
0.574,0.704
0.574,0.704
0.574,0.703
0.574,0.696
0.574,0.683
0.574,0.672
0.574,0.651
0.574,0.657
0.574,0.621
0.574,0.604
0.574,0.585
0.574,0.582
0.574,0.574
0.574,0.563
0.574,0.563
0.574,0.574
0.574,0.594
0.574,0.604
0.574,0.604
0.574,0.627
0.574,0.637
0.574,0.642
0.574,0.653
0.574,0.66
0.574,0.679
0.574,0.681
0.574,0.68
0.574,0.68
0.574,0.681
0.574,0.679
0.574,0.678
0.574,0.676
0.574,0.676
0.574,0.675
0.574,0.675
0.574,0.675
0.574,0.676
0.574,0.676
0.575,0.676
0.574,0.676
0.575,0.678
0.574,0.682
0.575,0.696
0.575,0.712
0.574,0.72
0.574,0.734
0.574,0.741
0.575,0.74
0.574,0.74
0.574,0.738
0.574,0.738
0.574,0.738
0.574,0.734
0.574,0.73
0.574,0.73
0.574,0.729
0.574,0.729
0.574,0.728
0.574,0.726
0.574,0.726
0.574,0.725
0.574,0.723
0.575,0.721
0.575,0.721
0.574,0.721
0.574,0.722
0.575,0.721
0.574,0.723
0.574,0.722
0.574,0.722
0.574,0.724
0.574,0.726
0.574,0.741
0.574,0.763
0.574,0.788
0.574,0.786
0.574,0.8
0.58,0.799
0.584,0.803
0.584,0.816
0.591,0.826
0.594,0.834
0.599,0.839
0.593,0.837
0.595,0.837
0.597,0.833
0.593,0.829
0.601,0.824
0.602,0.821
0.603,0.818
0.605,0.818
0.604,0.815
0.605,0.813
0.604,0.812
0.605,0.813
0.605,0.813
0.605,0.812
0.606,0.812
0.604,0.813
0.605,0.813
0.606,0.813
0.606,0.813
0.606,0.813
0.607,0.813
0.606,0.813
0.606,0.813
0.606,0.812
0.608,0.812
0.606,0.812
0.606,0.812
0.606,0.813
0.607,0.813
0.607,0.812
0.607,0.813
0.608,0.775
0.606,0.755
0.607,0.759
0.607,0.765
0.607,0.766
0.606,0.766
0.606,0.765
0.605,0.766
0.606,0.766
0.606,0.766
0.606,0.767
0.606,0.767
0.606,0.768
0.606,0.769
0.606,0.77
0.606,0.769
0.606,0.77
0.606,0.768
0.606,0.768
0.606,0.743
0.606,0.731
0.606,0.732
0.605,0.734
0.606,0.745
0.601,0.751
0.606,0.762
0.605,0.762
0.606,0.8
0.606,0.803
0.605,0.802
0.604,0.801
0.604,0.784
0.603,0.779
0.604,0.766
0.604,0.745
0.604,0.751
0.604,0.752
0.604,0.756
0.604,0.758
0.604,0.757
0.603,0.758
0.604,0.766
0.604,0.77
0.604,0.778
0.605,0.815
0.605,0.855
0.605,0.924
0.605,0.926
0.605,0.927
0.605,0.925
0.604,0.918
0.605,0.916
0.604,0.91
0.604,0.908
0.604,0.907
0.603,0.907
0.604,0.908
0.604,0.909
0.604,0.909
0.604,0.908
0.604,0.901
0.604,0.901
0.604,0.901
0.604,0.901
0.604,0.901
0.603,0.901
0.602,0.9
0.602,0.9
0.602,0.899
0.602,0.9
0.602,0.9
0.602,0.901
0.601,0.9
0.602,0.9
0.602,0.9
0.602,0.901
0.602,0.901
0.601,0.899
0.602,0.9
0.601,0.9
0.602,0.9
0.602,0.934
0.601,0.944
0.602,0.986
0.602,1.0
0.603,1.0
0.604,1.0
0.606,1.0
0.604,1.0
0.582,1.0
0.585,1.0
0.601,1.0
0.628,1.0
0.638,1.0
0.627,1.0
0.644,0.918
0.645,0.882
0.655,0.833
0.657,0.815
0.657,0.778
0.659,0.736
0.658,0.685
0.661,0.684
0.661,0.686
0.659,0.692
0.657,0.698
0.653,0.697
0.649,0.697
0.645,0.696
0.646,0.692
0.645,0.678
0.646,0.679
0.645,0.683
0.645,0.682
0.646,0.68
0.645,0.679
0.646,0.682
0.646,0.687
0.646,0.685
0.646,0.688
0.645,0.69
0.646,0.69
0.646,0.691
0.646,0.691
0.645,0.689
0.646,0.677
0.646,0.663
0.641,0.666
0.638,0.672
0.638,0.7
0.634,0.702
0.631,0.721
0.631,0.762
0.631,0.764
0.634,0.766
0.637,0.767
0.64,0.772
0.64,0.779
0.64,0.783
0.64,0.781
0.64,0.782
0.64,0.783
0.64,0.783
0.64,0.783
0.64,0.783
0.64,0.783
0.64,0.785
0.64,0.798
0.641,0.825
0.641,0.836
0.642,0.848
0.641,0.85
0.642,0.85
0.641,0.85
0.641,0.85
0.641,0.848
0.642,0.846
0.641,0.843
0.642,0.837
0.642,0.826
0.642,0.825
0.642,0.825
0.642,0.823
0.642,0.806
0.643,0.775
0.642,0.74
0.642,0.726
0.643,0.708
0.642,0.703
0.642,0.67
0.642,0.642
0.642,0.635
0.642,0.635
0.642,0.645
0.642,0.648
0.642,0.657
0.642,0.666
0.642,0.671
0.643,0.696
0.643,0.73
0.642,0.777
0.642,0.781
0.642,0.786
0.643,0.789
0.642,0.795
0.642,0.807
0.642,0.813
0.643,0.841
0.642,0.854
0.642,0.869
0.642,0.873
0.642,0.881
0.643,0.889
0.642,0.889
0.642,0.889
0.642,0.891
0.643,0.89
0.643,0.895
0.642,0.895
0.643,0.901
0.642,0.903
0.642,0.908
0.642,0.911
0.643,0.918
0.643,0.921
0.643,0.921
0.643,0.92
0.643,0.92
0.644,0.92
0.643,0.92
0.643,0.92
0.644,0.92
0.643,0.92
0.643,0.922
0.643,0.923
0.643,0.923
0.643,0.924
0.643,0.923
0.642,0.92
0.643,0.92
0.643,0.92
0.643,0.92
0.644,0.92
0.644,0.919
0.643,0.919
0.643,0.919
0.643,0.919
0.644,0.919
0.644,0.918
0.644,0.918
0.644,0.918
0.644,0.917
0.644,0.917
0.644,0.916
0.644,0.917
0.644,0.916
0.644,0.917
0.644,0.916
0.644,0.917
0.644,0.918
0.644,0.918
0.644,0.918
0.644,0.92
0.643,0.922
0.644,0.932
0.643,0.957
0.644,0.982
0.644,1.0
0.643,1.0
0.644,1.0
0.644,1.0
0.644,1.0
0.643,1.0
0.644,1.0
0.644,1.0
0.644,1.0
0.644,1.0
0.645,1.0
0.646,1.0
0.645,1.0
0.644,1.0
0.644,1.0
0.644,1.0
0.644,1.0
0.646,1.0
0.645,1.0
0.644,1.0
0.644,1.0
0.644,1.0
0.644,1.0
0.644,1.0
0.644,1.0
0.645,1.0
0.645,1.0
0.645,1.0
0.644,1.0
0.645,1.0
0.645,1.0
0.646,1.0
0.645,1.0
0.644,0.989
0.644,0.982
0.645,0.98
0.644,0.976
0.644,0.965
0.644,0.959
0.644,0.958
0.644,0.959
0.644,0.959
0.644,0.954
0.645,0.955
0.644,0.95
0.645,0.95
0.646,0.949
0.645,0.936
0.645,0.924
0.645,0.917
0.645,0.912
0.645,0.895
0.646,0.893
0.645,0.886
0.645,0.882
0.645,0.848
0.646,0.811
0.646,0.8
0.646,0.796
0.646,0.796
0.646,0.801
0.646,0.801
0.646,0.809
0.646,0.812
0.646,0.814
0.645,0.814
0.645,0.815
0.645,0.815
0.645,0.816
0.646,0.815
0.645,0.816
0.645,0.816
0.646,0.816
0.645,0.815
0.645,0.816
0.644,0.815
0.646,0.819
0.645,0.823
0.645,0.83
0.645,0.831
0.646,0.832
0.646,0.831
0.646,0.833
0.646,0.818
0.646,0.779
0.646,0.766
0.645,0.765
0.646,0.685
0.645,0.654
0.646,0.662
0.646,0.678
0.646,0.687
0.646,0.69
0.646,0.694
0.646,0.695
0.646,0.696
0.645,0.696
0.646,0.7
0.645,0.717
0.645,0.721
0.646,0.738
0.645,0.738
0.646,0.753
0.646,0.765
0.646,0.768
0.646,0.783
0.646,0.79
0.646,0.818
0.646,0.848
0.645,0.873
0.645,0.879
0.646,0.88
0.646,0.88
0.646,0.882
0.645,0.887
0.646,0.901
0.646,0.903
0.646,0.908
0.646,0.911
0.646,0.91
0.646,0.909
0.645,0.908
0.646,0.908
0.646,0.907
0.646,0.907
0.646,0.909
0.646,0.909
0.646,0.93
0.646,0.942
0.646,0.948
0.646,0.953
0.646,0.959
0.646,0.968
0.646,0.984
0.645,0.99
0.646,1.0
0.646,1.0
0.645,1.0
0.646,0.999
0.646,0.989
0.646,0.985
0.646,0.985
0.646,0.972
0.646,0.944
0.645,0.881
0.646,0.803
0.646,0.783
0.646,0.787
0.645,0.788
0.646,0.788
0.646,0.79
0.645,0.795
0.646,0.796
0.646,0.796
0.646,0.797
0.646,0.784
0.646,0.75
0.646,0.715
0.646,0.716
0.646,0.701
0.646,0.684
0.646,0.678
0.646,0.687
0.646,0.689
0.646,0.691
0.646,0.703
0.645,0.715
0.646,0.717
0.645,0.718
0.645,0.732
0.645,0.736
0.646,0.737
0.646,0.738
0.645,0.738
0.646,0.739
0.645,0.738
0.646,0.737
0.646,0.736
0.646,0.734
0.646,0.732
0.646,0.732
0.646,0.732
0.646,0.732
0.646,0.733
0.646,0.732
0.646,0.732
0.646,0.732
0.646,0.732
0.646,0.732
0.646,0.732
0.646,0.732
0.645,0.732
0.646,0.732
0.646,0.732
0.646,0.733
0.646,0.732
0.646,0.733
0.645,0.732
0.646,0.732
0.645,0.733
0.645,0.732
0.645,0.732
0.646,0.732
0.646,0.732
0.646,0.733
0.646,0.733
0.646,0.733
0.646,0.733
0.646,0.733
0.646,0.734
0.645,0.736
0.646,0.739
0.645,0.762
0.643,0.773
0.641,0.775
0.64,0.774
0.641,0.773
0.64,0.769
0.64,0.768
0.64,0.767
0.64,0.766
0.64,0.766
0.64,0.766
0.64,0.765
0.64,0.764
0.64,0.764
0.64,0.764
0.641,0.764
0.642,0.764
0.642,0.764
0.64,0.764
0.642,0.764
0.642,0.764
0.642,0.766
0.642,0.768
0.642,0.769
0.642,0.772
0.642,0.776
0.642,0.794
0.642,0.809
0.637,0.82
0.636,0.825
0.631,0.837
0.629,0.846
0.621,0.869
0.62,0.899
0.619,0.916
0.62,0.922
0.619,0.92
0.627,0.919
0.628,0.918
0.631,0.918
0.632,0.918
0.632,0.918
0.632,0.918
0.633,0.916
0.633,0.912
0.633,0.899
0.633,0.897
0.633,0.897
0.632,0.896
0.632,0.895
0.633,0.889
0.632,0.876
0.632,0.871
0.633,0.863
0.632,0.829
0.633,0.833
0.633,0.831
0.633,0.833
0.633,0.842
0.633,0.847
0.632,0.847
0.632,0.841
0.633,0.768
0.632,0.751
0.632,0.744
0.633,0.688
0.632,0.666
0.632,0.619
0.632,0.608
0.633,0.609
0.632,0.612
0.633,0.614
0.633,0.643
0.633,0.678
0.632,0.703
0.631,0.726
0.595,0.727
0.561,0.74
0.552,0.756
0.562,0.761
0.537,0.777
0.435,0.777
0.475,0.778
0.419,0.777
0.392,0.776
0.442,0.773
0.465,0.765
0.39,0.755
0.344,0.756
0.398,0.756
0.343,0.756
0.388,0.756
0.403,0.756
0.407,0.756
0.409,0.756
0.428,0.756
0.434,0.756
0.445,0.755
0.45,0.736
0.452,0.731
0.454,0.723
0.456,0.727
0.467,0.736
0.473,0.738
0.476,0.74
0.478,0.725
0.48,0.659
0.48,0.644
0.481,0.623
0.482,0.625
0.483,0.63
0.482,0.628
0.483,0.633
0.483,0.634
0.484,0.634
0.484,0.631
0.484,0.621
0.488,0.591
0.492,0.603
0.493,0.603
0.493,0.61
0.497,0.612
0.499,0.619
0.501,0.622
0.357,0.628
0.445,0.634
0.39,0.635
0.501,0.636
0.508,0.637
0.505,0.637
0.514,0.637
0.529,0.637
0.518,0.632
0.509,0.622
0.506,0.619
0.516,0.591
0.522,0.574
0.528,0.563
0.529,0.552
0.533,0.533
0.519,0.549
0.526,0.548
0.508,0.56
0.534,0.565
0.509,0.579
0.518,0.541
0.536,0.655
0.526,0.678
0.55,0.681
0.538,0.687
0.533,0.683
0.548,0.691
0.547,0.72
0.546,0.732
0.558,0.73
0.559,0.728
0.562,0.722
0.565,0.72
0.563,0.721
0.562,0.722
0.562,0.724
0.568,0.73
0.562,0.734
0.564,0.736
0.563,0.745
0.565,0.76
0.567,0.764
0.568,0.766
0.569,0.762
0.569,0.755
0.567,0.732
0.563,0.732
0.563,0.679
0.567,0.648
0.565,0.646
0.567,0.637
0.566,0.607
0.565,0.589
0.565,0.59
0.561,0.578
0.568,0.578
0.563,0.595
0.563,0.609
0.563,0.611
0.558,0.614
0.56,0.616
0.564,0.616
0.546,0.597
0.519,0.486
0.542,0.491
0.556,0.499
0.565,0.501
0.572,0.505
0.574,0.514
0.581,0.524
0.578,0.526
0.574,0.527
0.574,0.528
0.579,0.49
0.576,0.568
0.582,0.621
0.582,0.615
0.58,0.631
0.581,0.655
0.582,0.695
0.576,0.704
0.574,0.715
0.577,0.721
0.579,0.72
0.577,0.72
0.582,0.719
0.541,0.722
0.589,0.721
0.591,0.72
0.591,0.718
0.599,0.706
0.599,0.698
0.601,0.69
0.603,0.665
0.601,0.58
0.604,0.594
0.601,0.592
0.604,0.591
0.603,0.588
0.605,0.582
0.604,0.567
0.604,0.565
0.606,0.556
0.604,0.555
0.604,0.573
0.605,0.587
0.605,0.593
0.603,0.606
0.602,0.618
0.603,0.653
0.603,0.661
0.605,0.682
0.604,0.721
0.604,0.745
0.604,0.786
0.604,0.843
0.606,0.857
0.606,0.865
0.606,0.866
0.606,0.867
0.606,0.869
0.606,0.868
0.606,0.868
0.606,0.867
0.606,0.867
0.606,0.867
0.607,0.867
0.607,0.866
0.607,0.865
0.607,0.867
0.607,0.866
0.607,0.867
0.607,0.867
0.608,0.867
0.607,0.866
0.606,0.866
0.606,0.867
0.606,0.866
0.606,0.865
0.606,0.864
0.606,0.861
0.606,0.862
0.607,0.861
0.606,0.862
0.606,0.862
0.606,0.861
0.606,0.861
0.605,0.862
0.606,0.862
0.606,0.86
0.606,0.86
0.606,0.859
0.606,0.851
0.605,0.845
0.606,0.843
0.606,0.843
0.605,0.804
0.606,0.779
0.606,0.786
0.606,0.796
0.606,0.806
0.606,0.822
0.606,0.886
0.606,0.892
0.606,0.892
0.606,0.891
0.606,0.892
0.606,0.898
0.606,0.903
0.606,0.905
0.606,0.905
0.606,0.904
0.606,0.899
0.606,0.896
0.606,0.883
0.606,0.878
0.606,0.847
0.606,0.755
0.606,0.742
0.606,0.655
0.606,0.635
0.606,0.638
0.606,0.655
0.607,0.664
0.606,0.673
0.607,0.702
0.606,0.743
0.606,0.811
0.606,0.83
0.606,0.83
0.606,0.835
0.606,0.835
0.606,0.834
0.606,0.833
0.606,0.833
0.606,0.832
0.606,0.832
0.606,0.833
0.606,0.833
0.606,0.831
0.606,0.83
0.606,0.826
0.607,0.821
0.606,0.82
0.607,0.818
0.607,0.813
0.608,0.809
0.608,0.796
0.608,0.764
0.608,0.724
0.608,0.723
0.608,0.712
0.607,0.712
0.607,0.703
0.606,0.684
0.606,0.676
0.606,0.589
0.604,0.595
0.604,0.593
0.601,0.59
0.6,0.601
0.601,0.608
0.598,0.634
0.599,0.639
0.598,0.659
0.597,0.767
0.595,0.774
0.586,0.779
0.582,0.785
0.58,0.815
0.576,0.849
0.576,0.893
0.574,0.914
0.573,0.919
0.575,0.929
0.574,0.933
0.574,0.932
0.575,0.929
0.574,0.923
0.574,0.91
0.574,0.908
0.574,0.869
0.574,0.791
0.575,0.777
0.574,0.755
0.574,0.747
0.576,0.731
0.577,0.713
0.579,0.698
0.58,0.694
0.582,0.679
0.581,0.668
0.582,0.659
0.59,0.629
0.592,0.606
0.593,0.584
0.597,0.57
0.599,0.562
0.567,0.55
0.598,0.552
0.595,0.535
0.599,0.503
0.605,0.507
0.613,0.509
0.613,0.514
0.612,0.505
0.602,0.516
0.614,0.536
0.616,0.541
0.614,0.565
0.616,0.61
0.616,0.663
0.617,0.724
0.615,0.75
0.612,0.76
0.613,0.759
0.616,0.76
0.611,0.752
0.612,0.747
0.616,0.741
0.616,0.734
0.616,0.733
0.617,0.734
0.617,0.734
0.619,0.734
0.62,0.733
0.62,0.77
0.619,0.848
0.619,0.867
0.62,0.912
0.621,0.935
0.619,0.993
0.622,1.0
0.621,1.0
0.621,1.0
0.619,1.0
0.619,1.0
0.539,1.0
0.609,1.0
0.642,1.0
0.736,1.0
0.743,1.0
0.744,1.0
0.736,1.0
0.73,1.0
0.729,1.0
0.728,1.0
0.728,1.0
0.727,1.0
0.728,1.0
0.721,1.0
0.713,1.0
0.663,1.0
0.575,1.0
0.64,0.997
0.655,0.995
0.648,0.996
0.638,0.997
0.632,0.997
0.622,0.997
0.538,0.978
0.563,0.899
0.585,0.867
0.576,0.857
0.598,0.86
0.607,0.874
0.616,0.878
0.619,0.953
0.612,1.0
0.616,1.0
0.617,1.0
0.616,1.0
0.617,1.0
0.62,1.0
0.621,1.0
0.617,1.0
0.623,1.0
0.621,1.0
0.625,1.0
0.626,1.0
0.625,1.0
0.625,1.0
0.624,1.0
0.625,1.0
0.624,1.0
0.627,1.0
0.612,1.0
0.617,1.0
0.608,0.98
0.598,0.963
0.601,0.939
0.599,0.934
0.604,0.903
0.591,0.883
0.597,0.88
0.603,0.879
0.607,0.878
0.616,0.874
0.616,0.864
0.616,0.848
0.618,0.844
0.617,0.846
0.614,0.847
0.617,0.848
0.615,0.848
0.618,0.848
0.617,0.849
0.619,0.85
0.619,0.85
0.619,0.852
0.619,0.853
0.617,0.852
0.617,0.85
0.618,0.82
0.619,0.801
0.619,0.796
0.618,0.78
0.619,0.774
0.619,0.77
0.621,0.774
0.621,0.775
0.621,0.777
0.621,0.775
0.621,0.749
0.621,0.734
0.623,0.713
0.621,0.692
0.623,0.689
0.622,0.67
0.623,0.672
0.623,0.655
0.623,0.655
0.624,0.666
0.625,0.681
0.625,0.693
0.625,0.694
0.627,0.77
0.627,0.788
0.627,0.79
0.627,0.792
0.625,0.79
0.627,0.788
0.624,0.788
0.625,0.788
0.625,0.788
0.624,0.788
0.624,0.787
0.624,0.79
0.624,0.802
0.625,0.853
0.624,0.888
0.625,0.887
0.625,0.888
0.624,0.888
0.624,0.886
0.623,0.877
0.623,0.863
0.624,0.865
0.623,0.87
0.624,0.887
0.624,0.947
0.623,0.995
0.625,0.995
0.629,0.985
0.627,0.974
0.627,0.972
0.627,0.971
0.629,0.961
0.625,0.953
0.625,0.904
0.627,0.89
0.627,0.832
0.626,0.779
0.626,0.763
0.626,0.724
0.625,0.695
0.626,0.689
0.627,0.716
0.627,0.721
0.627,0.749
0.627,0.811
0.629,0.884
0.628,0.886
0.628,0.885
0.629,0.884
0.629,0.871
0.629,0.864
0.629,0.864
0.628,0.863
0.627,0.863
0.628,0.863
0.629,0.863
0.629,0.863
0.629,0.867
0.629,0.895
0.629,0.906
0.629,0.922
0.629,0.925
0.629,0.925
0.629,0.925
0.629,0.924
0.629,0.92
0.629,0.904
0.629,0.901
0.629,0.899
0.629,0.899
0.629,0.909
0.629,0.921
0.628,0.94
0.629,0.944
0.629,0.944
0.63,0.944
0.629,0.944
0.63,0.935
0.629,0.922
0.63,0.918
0.629,0.918
0.63,0.917
0.63,0.918
0.631,0.918
0.63,0.921
0.631,0.943
0.63,0.953
0.629,0.967
0.631,0.99
0.629,0.996
0.631,1.0
0.63,1.0
0.631,1.0
0.631,1.0
0.63,1.0
0.629,1.0
0.631,1.0
0.631,1.0
0.631,1.0
0.63,1.0
0.63,1.0
0.631,1.0
0.631,1.0
0.631,1.0
0.633,1.0
0.633,1.0
0.633,1.0
0.634,1.0
0.633,1.0
0.633,1.0
0.632,1.0
0.636,1.0
0.637,1.0
0.639,1.0
0.64,1.0
0.64,1.0
0.642,1.0
0.642,1.0
0.645,1.0
0.648,1.0
0.657,1.0
0.661,1.0
0.662,1.0
0.663,1.0
0.663,1.0
0.663,1.0
0.664,1.0
0.664,1.0
0.664,1.0
0.663,1.0
0.663,1.0
0.663,1.0
0.664,1.0
0.664,1.0
0.664,1.0
0.663,0.953
0.664,0.94
0.664,0.925
0.664,0.905
0.664,0.898
0.664,0.89
0.664,0.883
0.664,0.848
0.664,0.847
0.665,0.854
0.664,0.867
0.665,0.87
0.664,0.917
0.664,0.922
0.664,0.918
0.664,0.914
0.664,0.914
0.664,0.914
0.664,0.914
0.664,0.914
0.665,0.917
0.664,0.918
0.664,0.919
0.664,0.92
0.664,0.919
0.664,0.933
0.664,0.939
0.664,0.963
0.664,0.996
0.664,1.0
0.664,1.0
0.664,1.0
0.665,1.0
0.664,1.0
0.664,1.0
0.665,1.0
0.664,1.0
0.664,0.961
0.664,0.911
0.665,0.898
0.664,0.879
0.665,0.861
0.664,0.847
0.664,0.835
0.664,0.82
0.665,0.811
0.664,0.809
0.664,0.809
0.664,0.811
0.664,0.815
0.664,0.816
0.664,0.816
0.664,0.818
0.664,0.831
0.664,0.839
0.664,0.843
0.664,0.923
0.664,0.939
0.664,0.929
0.664,0.929
0.664,0.913
0.664,0.865
0.664,0.847
0.664,0.841
0.664,0.843
0.665,0.844
0.664,0.852
0.664,0.856
0.664,0.856
0.663,0.858
0.664,0.871
0.664,0.873
0.664,0.873
0.664,0.873
0.664,0.874
0.664,0.924
0.664,0.987
0.664,0.999
0.664,0.999
0.664,0.999
0.664,0.982
0.664,0.975
0.664,0.975
0.664,0.938
0.664,0.896
0.664,0.831
0.664,0.762
0.664,0.751
0.664,0.686
0.664,0.64
0.664,0.606
0.664,0.605
0.664,0.588
0.664,0.594
0.664,0.593
0.664,0.582
0.665,0.57
0.664,0.561
0.664,0.571
0.664,0.584
0.664,0.578
0.664,0.542
0.664,0.55
0.664,0.477
0.664,0.482
0.664,0.446
0.664,0.401
0.664,0.39
0.664,0.36
0.664,0.32
0.664,0.316
0.664,0.274
0.664,0.233
0.664,0.229
0.644,0.231
0.518,0.231
0.471,0.231
0.395,0.228
0.391,0.221
0.469,0.212
0.492,0.197
0.492,0.192
0.505,0.176
0.508,0.167
0.514,0.163
0.516,0.16
0.516,0.159
0.518,0.16
0.523,0.161
0.522,0.163
0.527,0.162
0.526,0.163
0.53,0.163
0.529,0.162
0.529,0.156
0.531,0.159
0.533,0.158
0.533,0.159
0.533,0.158
0.532,0.16
0.535,0.158
0.538,0.155
0.537,0.147
0.539,0.146
0.539,0.143
0.542,0.138
0.542,0.14
0.543,0.141
0.554,0.141
0.562,0.142
0.571,0.146
0.572,0.146
0.572,0.147
0.571,0.148
0.573,0.164
0.573,0.167
0.573,0.191
0.572,0.259
0.573,0.274
0.576,0.276
0.576,0.272
0.578,0.27
0.579,0.267
0.58,0.27
0.58,0.275
0.581,0.3
0.58,0.307
0.58,0.34
0.583,0.358
0.582,0.374
0.584,0.369
0.584,0.357
0.584,0.354
0.586,0.352
0.586,0.352
0.585,0.352
0.585,0.351
0.586,0.351
0.586,0.352
0.584,0.342
0.584,0.287
0.584,0.294
0.584,0.276
0.585,0.276
0.585,0.272
0.586,0.264
0.584,0.265
0.585,0.26
0.584,0.262
0.585,0.257
0.584,0.261
0.586,0.262
0.585,0.266
0.586,0.27
0.586,0.27
0.586,0.271
0.586,0.271
0.586,0.272
0.586,0.272
0.586,0.273
0.586,0.274
0.587,0.274
0.587,0.274
0.586,0.274
0.586,0.274
0.586,0.275
0.587,0.275
0.588,0.275
0.588,0.276
0.577,0.276
0.549,0.278
0.551,0.278
0.566,0.28
0.57,0.281
0.563,0.281
0.588,0.281
0.589,0.281
0.602,0.281
0.601,0.281
0.612,0.281
0.616,0.281
0.618,0.281
0.62,0.281
0.617,0.281
0.619,0.282
0.621,0.283
0.621,0.291
0.622,0.291
0.621,0.323
0.621,0.346
0.622,0.349
0.622,0.358
0.622,0.362
0.623,0.363
0.623,0.362
0.623,0.362
0.623,0.362
0.623,0.36
0.623,0.345
0.623,0.345
0.623,0.342
0.622,0.342
0.623,0.342
0.623,0.342
0.623,0.342
0.623,0.342
0.622,0.342
0.623,0.342
0.623,0.342
0.623,0.341
0.623,0.342
0.623,0.342
0.623,0.345
0.623,0.362
0.623,0.409
0.624,0.453
0.623,0.505
0.624,0.52
0.623,0.523
0.623,0.52
0.624,0.518
0.624,0.518
0.623,0.515
0.623,0.514
0.623,0.515
0.623,0.516
0.623,0.514
0.623,0.514
0.623,0.512
0.623,0.507
0.623,0.505
0.623,0.505
0.623,0.505
0.622,0.505
0.621,0.505
0.621,0.505
0.621,0.505
0.621,0.505
0.621,0.505
0.621,0.505
0.621,0.481
0.621,0.454
0.622,0.432
0.623,0.435
0.623,0.41
0.622,0.388
0.623,0.381
0.622,0.349
0.622,0.349
0.623,0.358
0.622,0.369
0.622,0.369
0.622,0.364
0.623,0.35
0.623,0.366
0.622,0.365
0.622,0.366
0.622,0.37
0.623,0.368
0.623,0.358
0.623,0.347
0.622,0.327
0.622,0.32
0.623,0.332
0.623,0.327
0.623,0.335
0.623,0.338
0.622,0.342
0.623,0.342
0.622,0.343
0.623,0.343
0.622,0.344
0.623,0.343
0.622,0.343
0.623,0.341
0.624,0.343
0.623,0.342
0.623,0.343
0.623,0.343
0.622,0.343
0.621,0.343
0.622,0.343
0.622,0.343
0.622,0.343
0.622,0.343
0.621,0.345
0.621,0.345
0.622,0.347
0.621,0.346
0.621,0.347
0.621,0.349
0.619,0.349
0.618,0.35
0.616,0.349
0.615,0.349
0.614,0.349
0.614,0.349
0.613,0.349
0.613,0.349
0.612,0.349
0.613,0.349
0.612,0.349
0.612,0.349
0.612,0.349
0.611,0.349
0.612,0.351
0.611,0.354
0.611,0.355
0.61,0.357
0.609,0.36
0.608,0.367
0.607,0.37
0.606,0.336
0.602,0.398
0.595,0.431
0.595,0.464
0.595,0.482
0.595,0.48
0.594,0.48
0.595,0.484
0.595,0.484
0.595,0.485
0.595,0.48
0.595,0.479
0.595,0.479
0.595,0.473
0.595,0.465
0.596,0.465
0.595,0.465
0.595,0.465
0.595,0.465
0.595,0.465
0.595,0.398
0.595,0.405
0.595,0.392
0.595,0.39
0.596,0.392
0.595,0.39
0.595,0.397
0.595,0.401
0.596,0.403
0.595,0.403
0.595,0.405
0.596,0.405
0.595,0.404
0.596,0.405
0.595,0.404
0.595,0.405
0.595,0.405
0.595,0.405
0.596,0.405
0.595,0.406
0.595,0.406
0.596,0.406
0.595,0.406
0.595,0.406
0.595,0.407
0.595,0.407
0.595,0.407
0.595,0.407
0.595,0.408
0.595,0.408
0.595,0.411
0.595,0.411
0.595,0.412
0.596,0.413
0.595,0.413
0.596,0.413
0.595,0.413
0.596,0.413
0.595,0.414
0.595,0.413
0.595,0.413
0.596,0.413
0.595,0.412
0.595,0.411
0.595,0.412
0.595,0.411
0.595,0.412
0.595,0.412
0.595,0.413
0.595,0.414
0.595,0.413
0.596,0.414
0.595,0.416
0.595,0.421
0.595,0.422
0.595,0.422
0.595,0.422
0.595,0.434
0.595,0.462
0.595,0.512
0.595,0.526
0.595,0.527
0.595,0.529
0.596,0.531
0.596,0.531
0.595,0.546
0.595,0.555
0.595,0.565
0.595,0.573
0.596,0.57
0.595,0.557
0.596,0.552
0.596,0.544
0.595,0.544
0.595,0.544
0.596,0.544
0.595,0.545
0.596,0.545
0.596,0.545
0.596,0.533
0.596,0.414
0.595,0.397
0.595,0.383
0.595,0.383
0.597,0.372
0.596,0.372
0.595,0.347
0.596,0.356
0.595,0.363
0.595,0.366
0.595,0.373
0.595,0.37
0.596,0.365
0.596,0.369
0.597,0.36
0.595,0.343
0.596,0.334
0.596,0.332
0.596,0.336
0.595,0.341
0.595,0.34
0.595,0.348
0.596,0.364
0.595,0.372
0.595,0.374
0.596,0.376
0.596,0.377
0.595,0.376
0.596,0.377
0.595,0.377
0.596,0.377
0.596,0.377
0.596,0.377
0.595,0.378
0.595,0.38
0.596,0.381
0.595,0.391
0.595,0.396
0.596,0.443
0.595,0.477
0.595,0.483
0.595,0.485
0.595,0.521
0.595,0.569
0.595,0.595
0.596,0.666
0.595,0.698
0.595,0.698
0.596,0.702
0.595,0.711
0.595,0.704
0.596,0.706
0.596,0.704
0.596,0.704
0.596,0.705
0.597,0.705
0.597,0.705
0.598,0.706
0.596,0.706
0.597,0.707
0.596,0.715
0.596,0.698
0.596,0.719
0.597,0.738
0.596,0.757
0.597,0.753
0.596,0.756
0.596,0.756
0.596,0.755
0.597,0.753
0.596,0.747
0.596,0.741
0.595,0.739
0.597,0.735
0.597,0.734
0.596,0.734
0.596,0.734
0.596,0.718
0.596,0.606
0.595,0.625
0.596,0.605
0.595,0.593
0.596,0.581
0.595,0.544
0.595,0.503
0.595,0.473
0.595,0.452
0.595,0.457
0.595,0.451
0.596,0.459
0.595,0.458
0.596,0.46
0.596,0.458
0.596,0.457
0.59,0.456
0.588,0.454
0.585,0.452
0.582,0.454
0.55,0.452
0.544,0.454
0.517,0.454
0.52,0.454
0.496,0.451
0.521,0.438
0.528,0.407
0.521,0.392
0.527,0.391
0.528,0.394
0.535,0.374
0.536,0.356
0.539,0.369
0.544,0.36
0.546,0.363
0.547,0.365
0.55,0.357
0.554,0.336
0.558,0.31
0.56,0.308
0.559,0.299
0.562,0.306
0.563,0.308
0.566,0.313
0.563,0.333
0.568,0.349
0.581,0.349
0.581,0.421
0.583,0.456
0.582,0.463
0.583,0.463
0.583,0.461
0.583,0.451
0.583,0.447
0.583,0.446
0.583,0.445
0.584,0.447
0.584,0.445
0.585,0.439
0.586,0.394
0.585,0.381
0.586,0.383
0.586,0.392
0.586,0.398
0.586,0.403
0.586,0.408
0.586,0.41
0.586,0.414
0.586,0.415
0.586,0.414
0.587,0.401
0.586,0.334
0.587,0.328
0.586,0.34
0.586,0.328
0.586,0.309
0.586,0.321
0.586,0.33
0.587,0.33
0.586,0.333
0.586,0.334
0.586,0.337
0.587,0.341
0.586,0.343
0.587,0.343
0.587,0.343
0.587,0.343
0.588,0.343
0.588,0.343
0.588,0.343
0.587,0.342
0.588,0.34
0.587,0.307
0.587,0.281
0.587,0.287
0.587,0.287
0.586,0.291
0.587,0.283
0.588,0.287
0.588,0.298
0.587,0.302
0.587,0.306
0.588,0.309
0.588,0.313
0.588,0.314
0.588,0.315
0.588,0.317
0.588,0.317
0.588,0.322
0.588,0.323
0.588,0.323
0.588,0.325
0.588,0.325
0.588,0.326
0.588,0.327
0.588,0.327
0.587,0.328
