valence,arousal
0.0,-0.101
0.0,-0.101
0.0,-0.101
0.0,-0.101
0.0,-0.101
0.0,-0.101
0.0,-0.101
0.0,-0.101
0.0,-0.101
0.0,-0.0855
0.0,-0.0695
0.0,-0.026
0.0,-0.034
0.0,-0.0415
0.007,-0.0415
0.011,-0.0345
0.023,-0.0345
0.031,-0.0345
0.031,-0.0345
0.0385,-0.024
0.023,-0.027
0.0385,-0.027
0.0385,-0.015
0.0385,0.003
0.0385,0.0365
0.0385,0.0565
0.0385,0.0565
0.0385,0.0565
0.0385,0.0565
0.0385,0.064
0.0385,0.052
0.0385,0.0475
0.0385,0.0165
0.0385,0.005
0.0385,0.004
0.0385,-0.007
0.0385,-0.007
0.0385,-0.007
0.0385,-0.027
0.0385,-0.033
0.0385,-0.035
0.0385,-0.035
0.0385,-0.035
0.0385,-0.035
0.0385,-0.0465
0.0385,-0.0465
0.0385,-0.0465
0.0385,-0.0465
0.0385,-0.0465
0.0385,-0.0465
0.0385,-0.0465
0.0385,-0.0465
0.0385,-0.0465
0.0385,-0.0465
0.0385,-0.0585
0.0385,-0.0585
0.0385,-0.0665
0.0385,-0.0665
0.0385,-0.0785
0.0385,-0.0865
0.0385,-0.0865
0.0385,-0.098
0.0385,-0.106
0.0385,-0.106
0.0385,-0.106
0.0385,-0.106
0.0385,-0.106
0.0385,-0.106
0.0385,-0.098
0.0465,-0.098
0.0495,-0.098
0.0495,-0.098
0.0495,-0.098
0.0495,-0.106
0.0495,-0.106
0.0495,-0.112
0.0495,-0.126
0.0495,-0.1345
0.0495,-0.126
0.0495,-0.126
0.0495,-0.126
0.0495,-0.126
0.0495,-0.126
0.0495,-0.126
0.0495,-0.126
0.0495,-0.126
0.0495,-0.123
0.0495,-0.123
0.0495,-0.123
0.0495,-0.126
0.0495,-0.126
0.0495,-0.126
0.0495,-0.126
0.0495,-0.126
0.0495,-0.121
0.0495,-0.118
0.0495,-0.118
0.0495,-0.118
0.0495,-0.118
0.0495,-0.1
0.0495,-0.106
0.0495,-0.095
0.0495,-0.092
0.0495,-0.098
0.0495,-0.098
0.0495,-0.098
0.0495,-0.098
0.0535,-0.098
0.0535,-0.098
0.0575,-0.112
0.0575,-0.118
0.0575,-0.126
0.0575,-0.126
0.0575,-0.1375
0.0575,-0.1375
0.0575,-0.1375
0.0575,-0.1375
0.0575,-0.1375
0.0575,-0.1375
0.0575,-0.1375
0.0575,-0.1375
0.0575,-0.1375
0.0575,-0.1375
0.0575,-0.1375
0.0575,-0.1375
0.0575,-0.1375
0.0575,-0.1375
0.0575,-0.1375
0.0575,-0.1375
0.0575,-0.1375
0.0575,-0.1375
0.0575,-0.1375
0.0575,-0.1375
0.0615,-0.132
0.0615,-0.1375
0.0615,-0.1375
0.0615,-0.1375
0.0615,-0.1375
0.0615,-0.1375
0.0695,-0.1375
0.0695,-0.1375
0.0735,-0.1375
0.0735,-0.1375
0.0735,-0.1375
0.0735,-0.126
0.0735,-0.126
0.0735,-0.126
0.0735,-0.126
0.0735,-0.129
0.0775,-0.1375
0.081,-0.132
0.081,-0.1375
0.081,-0.1345
0.081,-0.126
0.081,-0.126
0.081,-0.126
0.081,-0.12
0.081,-0.12
0.081,-0.126
0.081,-0.126
0.081,-0.126
0.081,-0.126
0.098,-0.126
0.101,-0.123
0.101,-0.126
0.1085,-0.126
0.1085,-0.126
0.1085,-0.126
0.1085,-0.123
0.1085,-0.114
0.1085,-0.114
0.1085,-0.12
0.1085,-0.114
0.1085,-0.114
0.1085,-0.0945
0.1085,-0.0945
0.1085,-0.0865
0.1085,-0.0865
0.1085,-0.0865
0.1085,-0.0865
0.1085,-0.0865
0.1085,-0.0865
0.1085,-0.0865
0.1085,-0.0865
0.1085,-0.0865
0.1085,-0.0865
0.1145,-0.0925
0.1115,-0.0865
0.1085,-0.0865
0.1085,-0.0865
0.1085,-0.0865
0.1085,-0.0895
0.1085,-0.0865
0.1085,-0.0865
0.1145,-0.0865
0.1085,-0.0865
0.1085,-0.0865
0.1085,-0.0865
0.1145,-0.0865
0.1205,-0.0865
0.1205,-0.0745
0.1285,-0.067
0.1285,-0.067
0.1285,-0.067
0.1285,-0.067
0.1285,-0.067
0.14,-0.067
0.14,-0.067
0.14,-0.067
0.14,-0.067
0.14,-0.067
0.16,-0.047
0.168,-0.047
0.172,-0.047
0.184,-0.027
0.184,-0.019
0.2155,0.0005
0.2705,0.0125
0.2785,0.0205
0.2825,0.04
0.334,0.04
0.3615,0.052
0.381,0.06
0.393,0.066
0.409,0.0715
0.409,0.0715
0.409,0.0795
0.409,0.0795
0.412,0.0795
0.4125,0.0795
0.4245,0.0795
0.4125,0.0795
0.4125,0.0795
0.4165,0.0795
0.4225,0.0795
0.4285,0.0795
0.4285,0.0795
0.4325,0.0795
0.4325,0.0795
0.4325,0.046
0.4325,0.0205
0.4325,0.0005
0.452,-0.019
0.452,-0.019
0.4715,-0.039
0.4795,-0.0445
0.4795,-0.0465
0.4795,-0.0465
0.4795,-0.0465
0.4795,-0.0465
0.4795,-0.0585
0.4795,-0.047
0.4795,-0.027
0.4795,-0.0035
0.4795,0.0245
0.4795,0.0365
0.4795,0.044
0.4795,0.056
0.4825,0.078
0.4795,0.097
0.4795,0.1165
0.4795,0.16
0.4795,0.1875
0.4795,0.2105
0.4855,0.219
0.4795,0.239
0.4795,0.247
0.4795,0.247
0.4795,0.247
0.4795,0.247
0.4795,0.247
0.4795,0.247
0.4855,0.247
0.4795,0.247
0.4795,0.247
0.4795,0.247
0.4795,0.247
0.4795,0.247
0.4795,0.247
0.4795,0.247
0.4795,0.247
0.468,0.247
0.46,0.247
0.46,0.247
0.46,0.247
0.46,0.247
0.456,0.247
0.456,0.247
0.456,0.247
0.456,0.247
0.456,0.247
0.456,0.247
0.468,0.247
0.468,0.247
0.474,0.247
0.468,0.247
0.468,0.247
0.468,0.247
0.468,0.247
0.468,0.247
0.456,0.247
0.444,0.247
0.44,0.247
0.436,0.247
0.436,0.247
0.4325,0.247
0.4325,0.247
0.4325,0.247
0.4205,0.247
0.4265,0.247
0.4165,0.247
0.4165,0.247
0.4125,0.247
0.4125,0.247
0.4125,0.247
0.385,0.247
0.368,0.247
0.3695,0.243
0.3455,0.23
0.326,0.227
0.314,0.2075
0.2945,0.2075
0.2945,0.196
0.2735,0.188
0.263,0.168
0.263,0.168
0.251,0.154
0.239,0.1425
0.243,0.1365
0.227,0.1365
0.1965,0.1285
0.1965,0.1315
0.1885,0.1285
0.1805,0.1285
0.1765,0.1285
0.169,0.1285
0.169,0.1285
0.157,0.1285
0.153,0.1285
0.157,0.1285
0.157,0.1285
0.153,0.1285
0.145,0.1285
0.1335,0.1285
0.1375,0.1285
0.1335,0.1285
0.1175,0.1285
0.1175,0.1285
0.1175,0.1285
0.1055,0.1285
0.102,0.1285
0.086,0.1285
0.082,0.1365
0.078,0.1395
0.078,0.1365
0.078,0.1395
0.078,0.1365
0.0625,0.1365
0.0585,0.1455
0.0505,0.1485
0.0425,0.1485
0.027,0.1485
0.031,0.1365
0.028,0.1365
0.022,0.1365
0.034,0.1365
0.007,0.132
0.011,0.125
0.011,0.109
0.011,0.102
0.011,0.102
-0.0005,0.102
-0.0205,0.102
-0.0245,0.102
-0.0245,0.1215
-0.0245,0.1215
-0.0245,0.1295
-0.0245,0.1295
-0.0245,0.1295
-0.0245,0.1295
-0.0245,0.1295
-0.0325,0.1295
-0.0385,0.1295
-0.0435,0.1295
-0.0435,0.1295
-0.0435,0.1365
-0.0435,0.1485
-0.0435,0.1565
-0.0435,0.172
-0.0635,0.196
-0.0795,0.2275
-0.0875,0.235
-0.0875,0.255
-0.0935,0.255
-0.0935,0.261
-0.0935,0.235
-0.1055,0.176
-0.1055,0.1485
-0.1055,0.1365
-0.1055,0.1365
-0.1055,0.1365
-0.1055,0.1365
-0.1055,0.1395
-0.1135,0.1365
-0.1135,0.1365
-0.1135,0.1365
-0.1135,0.1565
-0.1135,0.17
-0.1195,0.196
-0.1255,0.2335
-0.1255,0.235
-0.133,0.235
-0.133,0.244
-0.133,0.247
-0.133,0.247
-0.133,0.247
-0.133,0.247
-0.133,0.267
-0.133,0.2745
-0.133,0.2745
-0.133,0.2745
-0.133,0.2745
-0.145,0.2745
-0.145,0.2805
-0.153,0.2745
-0.153,0.2865
-0.153,0.2865
-0.153,0.2865
-0.153,0.2865
-0.153,0.2745
-0.153,0.235
-0.165,0.2185
-0.165,0.195
-0.165,0.168
-0.165,0.1565
-0.165,0.1485
-0.165,0.1485
-0.165,0.1365
-0.137,0.1295
-0.117,0.1295
-0.109,0.1295
-0.105,0.1295
-0.105,0.1295
-0.105,0.1355
-0.099,0.1295
-0.105,0.1295
-0.097,0.1295
-0.097,0.1295
-0.094,0.1295
-0.117,0.1295
-0.129,0.1295
-0.153,0.1295
-0.161,0.1295
-0.153,0.1295
-0.153,0.1295
-0.153,0.1215
-0.153,0.09
-0.145,0.07
-0.145,0.0585
-0.153,0.0385
-0.153,0.0
-0.185,0.0
-0.193,-0.004
-0.193,-0.028
-0.193,-0.0535
-0.193,-0.0555
-0.213,-0.0555
-0.213,-0.0675
-0.213,-0.0675
-0.213,-0.0715
-0.213,-0.0875
-0.193,-0.0955
-0.173,-0.107
-0.165,-0.119
-0.161,-0.121
-0.149,-0.127
-0.149,-0.135
-0.149,-0.135
-0.149,-0.143
-0.149,-0.143
-0.151,-0.143
-0.157,-0.143
-0.157,-0.143
-0.157,-0.143
-0.149,-0.163
-0.149,-0.171
-0.149,-0.171
-0.149,-0.171
-0.149,-0.1825
-0.149,-0.1825
-0.149,-0.1905
-0.149,-0.2025
-0.149,-0.2065
-0.129,-0.222
-0.105,-0.228
-0.085,-0.2375
-0.0815,-0.2495
-0.0815,-0.2525
-0.0745,-0.2615
-0.015,-0.216
0.0005,-0.215
0.0165,-0.1405
0.0635,-0.115
0.198,-0.0985
0.2515,-0.0555
0.2765,0.012
0.3335,0.0875
0.419,0.1845
0.4955,0.2275
0.53,0.2865
0.5665,0.3065
0.598,0.3455
0.598,0.388
0.6095,0.397
0.6215,0.4245
0.657,0.4245
0.677,0.4245
0.68,0.4325
0.6885,0.4325
0.6885,0.4325
0.6885,0.4325
0.6885,0.4325
0.665,0.4325
0.645,0.4325
0.6415,0.4325
0.6415,0.4325
0.6415,0.4325
0.6415,0.444
0.6615,0.444
0.6615,0.444
0.6695,0.458
0.6695,0.4755
0.6695,0.4755
0.6695,0.4835
0.6695,0.4955
0.6695,0.4955
0.6695,0.4955
0.6725,0.4955
0.6695,0.4955
0.6695,0.4955
0.6695,0.4955
0.6695,0.4955
0.6695,0.4955
0.6695,0.4955
0.6695,0.4955
0.6695,0.4955
0.6695,0.4955
0.6695,0.5005
0.6695,0.484
0.6695,0.4895
0.6695,0.4955
0.681,0.487
0.6865,0.484
0.681,0.484
0.681,0.4895
0.681,0.476
0.681,0.476
0.669,0.476
0.661,0.476
0.6475,0.476
0.618,0.476
0.596,0.476
0.5785,0.476
0.5505,0.476
0.543,0.476
0.539,0.476
0.519,0.476
0.535,0.476
0.535,0.476
0.539,0.476
0.539,0.464
0.523,0.464
0.523,0.462
0.543,0.456
0.5505,0.456
0.5505,0.456
0.5505,0.456
0.5505,0.4445
0.5505,0.4505
0.5505,0.4445
0.5505,0.4475
0.5505,0.4445
0.5505,0.4445
0.5505,0.4475
0.5505,0.4445
0.5505,0.4445
0.5505,0.4445
0.5505,0.4445
0.5505,0.4445
0.5505,0.4445
0.5505,0.4445
0.5505,0.4445
0.5505,0.4445
0.5505,0.4445
0.5505,0.4445
0.5505,0.4445
0.5505,0.4445
0.5505,0.4445
0.5505,0.4445
0.5505,0.4445
0.5505,0.4445
0.5475,0.4445
0.5385,0.4445
0.5385,0.4365
0.5385,0.4365
0.527,0.4365
0.4835,0.4365
0.4755,0.4365
0.463,0.4365
0.46,0.4365
0.46,0.4365
0.46,0.4245
0.46,0.4305
0.456,0.4245
0.4525,0.4335
0.4445,0.4245
0.4365,0.4275
0.4365,0.4165
0.4325,0.4165
0.4355,0.4165
0.4245,0.405
0.4245,0.397
0.401,0.385
0.397,0.3735
0.389,0.3695
0.381,0.3535
0.3695,0.314
0.3615,0.314
0.3575,0.298
0.3575,0.289
0.3575,0.2785
0.3495,0.2665
0.3455,0.2585
0.336,0.2525
0.3065,0.221
0.2865,0.16
0.2825,0.1315
0.2825,0.1055
0.2825,0.098
0.2765,0.076
0.2625,0.06
0.2545,0.056
0.227,0.056
0.219,0.0265
0.1995,0.013
0.168,-0.023
0.1405,-0.0725
0.109,-0.1225
0.0775,-0.1455
0.0695,-0.1635
0.0445,-0.174
0.034,-0.177
0.011,-0.188
0.0,-0.197
0.0,-0.197
0.0,-0.217
0.0,-0.217
0.0,-0.2165
0.0,-0.205
0.0,-0.205
0.0,-0.209
0.0,-0.209
0.0,-0.209
0.0,-0.197
0.0,-0.1775
0.0,-0.1695
0.0,-0.15
0.0,-0.15
0.0,-0.15
0.0,-0.138
0.0,-0.13
0.0,-0.1185
0.0,-0.1185
0.0,-0.1185
0.031,-0.1185
0.078,-0.1185
0.082,-0.1185
0.082,-0.1185
0.086,-0.1185
0.086,-0.1185
0.086,-0.1185
0.117,-0.1185
0.1275,-0.1185
0.1465,-0.1185
0.1565,-0.1105
0.172,-0.0985
0.192,-0.0865
0.192,-0.067
0.204,-0.047
0.204,-0.0275
0.204,0.0005
0.2115,0.0125
0.2115,0.0125
0.2115,0.0125
0.215,0.0125
0.215,0.0125
0.215,0.0125
0.215,0.0125
0.215,0.0125
0.215,0.024
0.215,0.024
0.215,0.024
0.215,0.024
0.215,0.024
0.215,0.024
0.215,0.024
0.215,0.0155
0.215,0.0325
0.215,0.0445
0.215,0.0365
0.215,0.056
0.215,0.056
0.215,0.064
0.215,0.076
0.215,0.076
0.215,0.076
0.215,0.078
0.215,0.078
0.215,0.078
0.215,0.097
0.215,0.1165
0.215,0.1285
0.215,0.1365
0.215,0.148
0.215,0.168
0.215,0.171
0.215,0.168
0.215,0.168
0.215,0.168
0.215,0.177
0.215,0.1875
0.215,0.1875
0.215,0.1875
0.215,0.1875
0.215,0.1875
0.215,0.1875
0.215,0.1995
0.215,0.1995
0.215,0.2075
0.215,0.2075
0.215,0.2075
0.215,0.2075
0.215,0.2075
0.215,0.2105
0.215,0.2075
0.215,0.2075
0.215,0.2075
0.215,0.2075
0.215,0.2075
0.215,0.2075
0.215,0.2075
0.215,0.2075
0.215,0.2075
0.215,0.2165
0.215,0.219
0.215,0.219
0.215,0.219
0.215,0.219
0.215,0.221
0.215,0.219
0.215,0.219
0.215,0.219
0.215,0.219
0.215,0.219
0.215,0.219
0.215,0.219
0.215,0.219
0.215,0.239
0.215,0.239
0.215,0.239
0.215,0.247
0.215,0.247
0.215,0.247
0.215,0.247
0.215,0.247
0.215,0.247
0.215,0.247
0.215,0.247
0.215,0.247
0.215,0.247
0.215,0.247
0.215,0.247
0.215,0.247
0.215,0.247
0.2055,0.247
0.1755,0.247
0.156,0.247
0.156,0.247
0.1365,0.247
0.1055,0.247
0.1055,0.247
0.1055,0.247
0.1055,0.247
0.1055,0.247
0.086,0.247
0.07,0.247
0.0665,0.247
0.0665,0.247
0.0665,0.247
0.0625,0.247
0.07,0.247
0.07,0.247
0.07,0.247
0.0505,0.247
0.0625,0.247
0.0625,0.253
0.0505,0.247
0.0425,0.247
0.0425,0.247
0.0425,0.247
0.0425,0.247
0.0425,0.247
0.0425,0.247
0.0585,0.247
0.082,0.253
0.094,0.247
0.082,0.247
0.082,0.247
0.094,0.2585
0.098,0.2585
0.1055,0.2785
0.1215,0.2785
0.1255,0.2785
0.1255,0.2785
0.1335,0.2785
0.1335,0.2785
0.141,0.2785
0.1215,0.2785
0.141,0.2785
0.1335,0.2785
0.1335,0.2785
0.1335,0.2785
0.1335,0.2785
0.1335,0.2785
0.1335,0.2785
0.1335,0.2785
0.1335,0.2785
0.1335,0.2785
0.1335,0.2785
0.1335,0.2785
0.1335,0.2785
0.1335,0.2785
0.1335,0.2785
0.1335,0.2785
0.1335,0.2785
0.1335,0.2785
0.1335,0.2785
0.145,0.2785
0.145,0.2785
0.145,0.2785
0.145,0.2785
0.145,0.2785
0.145,0.2785
0.145,0.2785
0.145,0.2785
0.1335,0.2785
0.1335,0.2785
0.1335,0.2785
0.1335,0.2785
0.1335,0.2785
0.1335,0.2785
0.1335,0.2785
0.1335,0.2785
0.1135,0.2785
0.082,0.2785
0.078,0.2785
0.07,0.2785
0.082,0.2785
0.07,0.2785
0.0465,0.261
0.031,0.2235
0.023,0.2005
0.0,0.2005
0.0,0.2005
0.0,0.2005
-0.0315,0.2005
-0.0675,0.2005
-0.0755,0.2005
-0.0795,0.2005
-0.0915,0.2005
-0.0995,0.2005
-0.0995,0.2005
-0.0995,0.2005
-0.0995,0.1925
-0.0995,0.1925
-0.0995,0.1925
-0.0995,0.1805
-0.0995,0.169
-0.0995,0.169
-0.0995,0.169
-0.0995,0.169
-0.0995,0.169
-0.0995,0.169
-0.0995,0.169
-0.0995,0.1775
-0.0995,0.1805
-0.0995,0.1925
-0.0995,0.2005
-0.0355,0.2005
0.0,0.212
0.0,0.212
0.0,0.212
0.007,0.224
0.027,0.247
0.0465,0.2785
0.078,0.298
0.082,0.312
0.082,0.306
0.082,0.312
0.082,0.306
0.086,0.306
0.086,0.306
0.086,0.312
0.086,0.318
0.086,0.312
0.086,0.312
0.086,0.306
0.086,0.318
0.086,0.315
0.086,0.309
0.086,0.306
0.094,0.312
0.082,0.2865
0.082,0.25
0.094,0.239
0.094,0.239
0.094,0.239
0.094,0.239
0.094,0.239
0.094,0.239
0.094,0.239
0.094,0.239
0.094,0.239
0.094,0.239
0.094,0.239
0.094,0.239
0.094,0.239
0.094,0.245
0.094,0.239
0.094,0.239
0.094,0.239
0.094,0.239
0.094,0.239
0.082,0.239
0.082,0.239
0.078,0.239
0.078,0.239
0.07,0.239
0.078,0.239
0.078,0.239
0.078,0.239
0.078,0.239
0.078,0.239
0.0665,0.2585
0.0665,0.2665
0.078,0.2785
0.078,0.2785
0.078,0.2865
0.078,0.2865
0.078,0.2845
0.078,0.2865
0.078,0.2865
0.078,0.2865
0.078,0.2865
0.078,0.2865
0.078,0.2785
0.078,0.2785
0.078,0.2785
0.078,0.2785
0.078,0.284
0.078,0.2785
0.078,0.2785
0.078,0.2785
0.078,0.2785
0.078,0.2785
0.078,0.2785
0.078,0.2785
0.078,0.2785
0.078,0.2785
0.078,0.2835
0.0665,0.2865
0.0665,0.2785
0.0665,0.259
0.0665,0.247
0.0665,0.2275
0.0665,0.2075
0.0465,0.2015
0.011,0.196
0.0,0.196
0.0,0.196
0.0,0.196
0.0,0.196
0.0,0.1525
0.0,0.1365
0.0,0.1365
0.0,0.1365
0.0,0.1285
0.0,0.1285
0.0,0.1285
0.0,0.1285
0.0,0.1285
0.0,0.1165
0.0,0.1165
0.0,0.1165
0.0,0.109
0.0,0.097
0.0,0.097
-0.0035,0.097
0.0,0.097
0.0,0.097
0.0,0.097
-0.0155,0.097
-0.0035,0.097
-0.0035,0.097
-0.0035,0.097
-0.0035,0.097
-0.0155,0.097
-0.0155,0.089
-0.0115,0.089
-0.0355,0.089
-0.0475,0.089
-0.0475,0.089
-0.0635,0.089
-0.0635,0.089
-0.0635,0.089
-0.0635,0.089
-0.0635,0.089
-0.0635,0.089
-0.0635,0.089
-0.0635,0.089
-0.0635,0.103
-0.0635,0.097
-0.0635,0.097
-0.0635,0.097
-0.0635,0.1
-0.0355,0.097
0.0,0.097
0.0,0.097
0.003,0.097
0.019,0.097
0.0385,0.097
0.031,0.097
0.0505,0.117
0.0505,0.1485
0.0625,0.1565
0.0665,0.1625
0.0665,0.1565
0.0665,0.1565
0.0665,0.1565
0.0665,0.1565
0.0665,0.1565
0.0665,0.1565
0.0665,0.1565
0.0665,0.1485
0.0665,0.1425
0.0665,0.1365
0.0665,0.131
0.07,0.134
0.07,0.125
0.07,0.1365
0.07,0.134
0.07,0.1365
0.07,0.134
0.07,0.142
0.07,0.1365
0.07,0.1365
0.07,0.1365
0.07,0.1365
0.07,0.125
0.07,0.125
0.07,0.125
0.07,0.117
0.031,0.117
0.0,0.117
0.0,0.109
0.0,0.0805
0.0,0.0575
-0.0115,0.0505
-0.0355,0.0505
-0.0475,0.0505
-0.0675,0.0505
-0.0675,0.0505
-0.0755,0.0505
-0.0755,0.0505
-0.0755,0.0505
-0.0755,0.0505
-0.0755,0.0505
-0.0755,0.0505
-0.0755,0.0505
-0.0635,0.0505
0.011,0.0505
0.011,0.0505
0.014,0.0505
0.014,0.0775
0.018,0.0775
0.018,0.0855
0.022,0.0855
0.018,0.097
0.0615,0.117
0.081,0.125
0.089,0.1395
0.089,0.1445
0.089,0.159
0.089,0.156
0.089,0.176
0.089,0.176
0.089,0.2075
0.089,0.2195
0.089,0.2275
0.089,0.2465
0.089,0.2635
0.089,0.2665
0.089,0.2665
0.089,0.2665
0.089,0.2665
0.089,0.2665
0.089,0.2665
0.089,0.2665
0.089,0.2665
0.089,0.2665
0.089,0.2665
0.089,0.2665
0.089,0.2665
0.089,0.2665
0.089,0.2665
0.089,0.2665
0.089,0.2665
0.101,0.2665
0.1085,0.2665
0.1285,0.2665
0.14,0.2665
0.1405,0.2665
0.1405,0.2665
0.1405,0.2665
0.1485,0.2665
0.1485,0.2665
0.1485,0.2665
0.1485,0.2665
0.1485,0.2665
0.1485,0.2545
0.1485,0.2545
0.1485,0.2545
0.1485,0.2545
0.1485,0.2545
0.1485,0.2465
0.1485,0.235
0.1485,0.227
0.1485,0.215
0.1485,0.215
0.1485,0.215
0.1485,0.215
0.1485,0.215
0.1485,0.215
0.1485,0.215
0.117,0.1955
0.109,0.1955
0.109,0.2015
0.109,0.1955
0.109,0.1955
0.109,0.1955
0.109,0.1955
0.109,0.1955
0.093,0.1955
0.0775,0.1955
0.0715,0.1875
0.0695,0.1875
0.0695,0.1875
0.0585,0.1875
0.0585,0.1875
0.0585,0.1875
0.0585,0.1875
0.0585,0.1875
0.0585,0.1875
0.0585,0.168
0.0585,0.168
0.0585,0.16
0.0585,0.16
0.0585,0.148
0.0585,0.162
0.0585,0.168
0.0585,0.168
0.0585,0.168
0.0585,0.168
0.0585,0.168
0.0585,0.168
0.0585,0.168
0.0585,0.168
0.0585,0.168
0.0585,0.168
0.0585,0.168
0.0585,0.168
0.0585,0.168
0.0585,0.168
0.0585,0.168
0.0585,0.168
0.0585,0.168
0.0585,0.168
0.0585,0.168
0.0585,0.168
0.0585,0.168
0.0585,0.168
0.0585,0.168
0.0585,0.168
0.0585,0.1955
0.086,0.2275
0.086,0.2275
0.094,0.2275
0.102,0.2275
0.102,0.2275
0.1175,0.2275
0.1255,0.2275
0.1255,0.235
0.1255,0.235
0.184,0.235
0.2075,0.235
0.25,0.235
0.2745,0.235
0.2825,0.235
0.2865,0.235
0.3175,0.235
0.3375,0.235
0.3495,0.247
0.378,0.2545
0.3965,0.2665
0.432,0.2665
0.448,0.2745
0.464,0.286
0.464,0.297
0.4875,0.314
0.5115,0.3255
0.515,0.3455
0.5425,0.377
0.5505,0.4195
0.5625,0.456
0.5785,0.4785
0.5905,0.518
0.5965,0.535
0.6095,0.5545
0.6175,0.5725
0.6215,0.5805
0.6335,0.594
0.6335,0.594
0.6375,0.594
0.6375,0.594
0.6435,0.594
0.6575,0.594
0.6615,0.594
0.6655,0.594
0.6655,0.594
0.6655,0.594
0.677,0.594
0.677,0.594
0.677,0.594
0.677,0.594
0.677,0.603
0.657,0.594
0.657,0.594
0.657,0.594
0.661,0.594
0.661,0.583
0.661,0.5585
0.661,0.5585
0.661,0.5585
0.661,0.556
0.661,0.539
0.661,0.539
0.661,0.539
0.661,0.527
0.661,0.515
0.661,0.507
0.6495,0.4955
0.6255,0.4845
0.6175,0.47
0.6175,0.464
0.61,0.46
0.598,0.4445
0.601,0.4445
0.598,0.4445
0.59,0.4445
0.582,0.4445
0.582,0.4445
0.582,0.4445
0.582,0.4445
0.582,0.4445
0.5785,0.4445
0.5705,0.4445
0.5705,0.4445
0.5665,0.4445
0.5665,0.45
0.5665,0.4445
0.5665,0.4445
0.5545,0.4445
0.5545,0.4445
0.5545,0.4445
0.5625,0.45
0.5505,0.4445
0.5505,0.4445
0.5505,0.4445
0.5505,0.464
0.5505,0.464
0.5505,0.476
0.5505,0.476
0.5505,0.476
0.5505,0.476
0.5465,0.476
0.5465,0.476
0.5465,0.476
0.535,0.476
0.527,0.476
0.515,0.476
0.515,0.476
0.507,0.476
0.4955,0.476
0.5075,0.476
0.5075,0.476
0.468,0.476
0.4325,0.476
0.393,0.476
0.3615,0.4535
0.3615,0.4165
0.3375,0.409
0.3375,0.409
0.334,0.395
0.334,0.389
0.326,0.3835
0.326,0.3775
0.326,0.3695
0.326,0.3695
0.326,0.3695
0.326,0.3695
0.326,0.3695
0.326,0.3695
0.326,0.3695
0.326,0.3695
0.326,0.3695
0.3455,0.389
0.377,0.4165
0.389,0.4165
0.377,0.4165
0.389,0.4165
0.4125,0.4165
0.4245,0.4165
0.4835,0.4225
0.523,0.4365
0.539,0.448
0.551,0.462
0.562,0.476
0.5865,0.4955
0.5905,0.4955
0.5905,0.4955
0.5905,0.4955
0.5905,0.4955
0.5905,0.4955
0.5905,0.4955
0.5665,0.5045
0.551,0.476
0.551,0.4365
0.547,0.4165
0.547,0.4165
0.5555,0.4165
0.5425,0.4165
0.5465,0.4165
0.535,0.4165
0.535,0.454
0.535,0.4755
0.535,0.4755
0.523,0.4755
0.523,0.4815
0.519,0.4755
0.5235,0.4755
0.5075,0.4755
0.543,0.4675
0.5345,0.448
0.531,0.425
0.539,0.4085
0.543,0.3885
0.543,0.3885
0.531,0.3885
0.531,0.3885
0.543,0.3885
0.543,0.3885
0.543,0.3885
0.543,0.3885
0.543,0.3885
0.543,0.3885
0.543,0.4165
0.606,0.448
0.6375,0.456
0.6415,0.4675
0.6415,0.4675
0.6415,0.4675
0.6415,0.4675
0.6535,0.4675
0.6575,0.4755
0.677,0.4895
0.7165,0.4955
0.768,0.4955
0.7915,0.4955
0.847,0.4955
0.847,0.4955
0.8625,0.4805
0.8785,0.4675
0.8805,0.448
0.8865,0.428
0.8865,0.4085
0.8865,0.386
0.8865,0.369
0.898,0.369
0.807,0.357
0.819,0.363
0.819,0.357
0.819,0.3495
0.819,0.3375
0.819,0.3405
0.8075,0.3375
0.8075,0.3375
0.8035,0.3375
0.8035,0.3405
0.7875,0.3435
0.752,0.3405
0.7365,0.3375
0.7205,0.3375
0.7165,0.3375
0.7005,0.3405
0.657,0.326
0.6095,0.318
0.5425,0.309
0.5385,0.306
0.5195,0.3065
0.4895,0.2975
0.4635,0.3005
0.4405,0.2945
0.396,0.2975
0.385,0.2945
0.3575,0.2865
0.3575,0.271
0.3575,0.2055
0.3535,0.164
0.342,0.161
0.338,0.161
0.338,0.161
0.338,0.161
0.338,0.161
0.338,0.161
0.33,0.188
0.318,0.2665
0.3415,0.306
0.373,0.3455
0.3885,0.3655
0.4005,0.3655
0.4085,0.3655
0.4125,0.3655
0.4205,0.3655
0.4205,0.3655
0.4205,0.3655
0.4205,0.3655
0.4205,0.3655
0.4205,0.3655
0.428,0.3655
0.428,0.3655
0.428,0.3655
0.428,0.3655
0.428,0.3655
0.428,0.3655
0.428,0.3375
0.428,0.3055
0.428,0.271
0.4195,0.2185
0.4165,0.197
0.4385,0.1995
0.4285,0.2115
0.4245,0.2225
0.428,0.231
0.428,0.245
0.428,0.259
0.428,0.259
0.428,0.2705
0.428,0.2705
0.428,0.2705
0.428,0.2785
0.428,0.2785
0.428,0.2785
0.428,0.2785
0.428,0.2785
0.428,0.2785
0.428,0.2785
0.432,0.2785
0.432,0.2905
0.432,0.2905
0.432,0.2905
0.436,0.338
0.436,0.3655
0.436,0.3745
0.436,0.385
0.442,0.385
0.444,0.385
0.444,0.385
0.432,0.385
0.432,0.385
0.434,0.385
0.4005,0.385
0.375,0.385
0.3375,0.385
0.314,0.385
0.314,0.385
0.314,0.385
0.314,0.385
0.314,0.385
0.314,0.385
0.306,0.385
0.306,0.385
0.302,0.385
0.302,0.385
0.302,0.419
0.314,0.4405
0.357,0.4955
0.4035,0.5155
0.4715,0.5155
0.5385,0.5155
0.5625,0.5155
0.5625,0.5155
0.5685,0.5155
0.5625,0.5155
0.5625,0.5155
0.5625,0.5155
0.5625,0.5155
0.5625,0.5155
0.5625,0.5155
0.5625,0.5155
0.5625,0.5065
0.5625,0.4925
0.5625,0.48
0.5465,0.462
0.519,0.4445
0.507,0.4445
0.511,0.4365
0.522,0.4275
0.4755,0.4245
0.4715,0.417
0.464,0.399
0.4675,0.385
0.451,0.3775
0.436,0.3775
0.4245,0.3655
0.4275,0.3655
0.4165,0.3655
0.4085,0.3575
0.4085,0.3575
0.4005,0.3575
0.389,0.3575
0.369,0.3575
0.361,0.3575
0.363,0.3575
0.3415,0.3575
0.3415,0.3575
0.3415,0.3575
0.3335,0.3575
0.3215,0.3575
0.3215,0.3575
0.3215,0.3575
0.3215,0.3575
0.314,0.3575
0.306,0.3575
0.306,0.3575
0.306,0.3575
0.306,0.3575
0.306,0.3575
0.306,0.383
0.3365,0.46
0.3925,0.4955
0.452,0.5155
0.452,0.5125
0.452,0.5125
0.452,0.5155
0.452,0.5155
0.452,0.5155
0.452,0.476
0.448,0.414
0.4675,0.3775
0.464,0.3485
0.4755,0.346
0.4755,0.3515
0.4755,0.318
0.4755,0.318
0.464,0.318
0.464,0.3205
0.442,0.3065
0.436,0.3065
0.4165,0.318
0.393,0.315
0.3855,0.3295
0.3735,0.309
0.3535,0.3065
0.3455,0.3065
0.33,0.3065
0.33,0.3065
0.322,0.309
0.302,0.2905
0.2865,0.239
0.2785,0.231
0.251,0.231
0.2115,0.231
0.1765,0.231
0.173,0.231
0.173,0.231
0.173,0.231
0.173,0.304
0.173,0.3375
0.173,0.357
0.173,0.362
0.173,0.365
0.173,0.365
0.173,0.365
0.173,0.365
0.184,0.377
0.204,0.377
0.204,0.377
0.2115,0.385
0.2075,0.397
0.2115,0.433
0.2115,0.45
0.223,0.456
0.235,0.456
0.243,0.456
0.243,0.4675
0.255,0.4875
0.2625,0.501
0.2655,0.507
0.2945,0.515
0.322,0.515
0.389,0.515
0.4205,0.515
0.4205,0.515
0.4205,0.515
0.4325,0.4875
0.4325,0.4675
0.452,0.456
0.452,0.4145
0.452,0.3965
0.452,0.3965
0.452,0.389
0.452,0.389
0.452,0.389
0.452,0.377
0.452,0.377
0.452,0.377
0.452,0.377
0.452,0.369
0.452,0.36
0.452,0.357
0.452,0.357
0.452,0.357
0.452,0.357
0.4405,0.357
0.405,0.357
0.397,0.357
0.397,0.357
0.397,0.357
0.397,0.3495
0.397,0.3495
0.385,0.3495
0.385,0.3495
0.385,0.3495
0.385,0.3495
0.385,0.3495
0.385,0.3495
0.385,0.3495
0.381,0.3495
0.3735,0.3495
0.3735,0.3495
0.3735,0.3495
0.3575,0.3495
0.3575,0.3495
0.3575,0.3495
0.3495,0.3495
0.3615,0.3495
0.3415,0.3495
0.33,0.3495
0.33,0.3495
0.33,0.3495
0.33,0.3495
0.33,0.3495
0.33,0.3495
0.326,0.3495
0.326,0.3495
0.322,0.3405
0.31,0.304
0.3025,0.2585
0.2745,0.2515
0.255,0.2515
0.251,0.2515
0.235,0.2515
0.243,0.2515
0.2275,0.2515
0.2275,0.2515
0.2235,0.2515
0.2155,0.2515
0.2075,0.2515
0.2075,0.2515
0.1995,0.2725
0.196,0.312
0.196,0.3375
0.196,0.3535
0.196,0.357
0.192,0.377
0.192,0.377
0.18,0.377
0.18,0.377
0.176,0.377
0.176,0.377
0.172,0.377
0.168,0.377
0.1605,0.377
0.1525,0.377
0.1485,0.377
0.1485,0.377
0.1295,0.377
0.1295,0.377
0.1295,0.377
0.1295,0.377
0.106,0.377
0.098,0.369
0.098,0.369
0.094,0.369
0.074,0.369
0.0665,0.369
0.0665,0.369
0.0665,0.369
0.0665,0.369
0.0665,0.369
0.0665,0.369
0.0665,0.369
0.0665,0.369
0.0665,0.369
0.0665,0.369
0.0665,0.369
0.0665,0.369
0.0665,0.369
0.0585,0.369
0.0585,0.369
0.0545,0.369
0.0545,0.357
0.0545,0.3495
0.0545,0.3295
0.0545,0.29
0.0385,0.2705
0.0265,0.2705
0.0145,0.2705
-0.0175,0.2705
-0.0735,0.2705
-0.0735,0.2705
-0.0735,0.2705
-0.0735,0.2705
-0.0815,0.2705
-0.0815,0.2705
-0.0815,0.2705
-0.0815,0.2705
-0.0815,0.251
-0.0815,0.251
-0.0815,0.231
-0.0815,0.231
-0.0815,0.2195
-0.0815,0.2195
-0.078,0.2015
-0.078,0.1925
-0.078,0.1925
-0.078,0.1925
-0.078,0.1925
-0.078,0.1925
-0.078,0.1925
-0.078,0.1925
-0.078,0.1805
-0.078,0.1805
-0.078,0.1805
-0.078,0.1805
-0.078,0.1805
-0.078,0.172
-0.078,0.1775
-0.0855,0.175
-0.1175,0.1715
-0.137,0.147
-0.137,0.147
-0.149,0.1555
-0.1685,0.147
-0.1875,0.142
-0.1875,0.135
-0.1875,0.1025
-0.1875,0.0835
-0.1875,0.095
-0.1875,0.0835
-0.1875,0.092
-0.1875,0.0835
-0.1875,0.0865
-0.1875,0.095
-0.1875,0.092
-0.1755,0.092
-0.1755,0.095
-0.1875,0.095
-0.1755,0.095
-0.1755,0.095
-0.1875,0.095
-0.1875,0.095
-0.1875,0.095
-0.0995,0.095
-0.0555,0.095
-0.0435,0.095
-0.0435,0.095
-0.0435,0.095
-0.0435,0.095
-0.0635,0.095
-0.0675,0.095
-0.0915,0.095
-0.0995,0.095
-0.1315,0.095
-0.1435,0.095
-0.1315,0.095
-0.1315,0.095
-0.1515,0.095
-0.1395,0.095
-0.1715,0.095
-0.1755,0.095
-0.1835,0.095
-0.1715,0.095
-0.1835,0.095
-0.1835,0.095
-0.1835,0.095
-0.1835,0.095
-0.1835,0.0875
-0.1835,0.0875
-0.1835,0.0875
-0.1835,0.0875
-0.1835,0.0875
-0.1835,0.0875
-0.1835,0.0875
-0.1715,0.0795
-0.0755,0.0795
-0.0315,0.068
-0.0155,0.068
0.0,0.06
0.011,0.04
0.023,0.0315
0.023,0.0285
0.023,0.0285
0.023,0.0285
0.027,0.0285
0.027,0.0285
0.027,0.0285
0.027,0.0285
0.003,0.0285
0.0,0.0285
0.0,0.0285
-0.0115,0.0285
-0.0115,0.0285
-0.0315,0.0285
-0.0355,0.0285
-0.0435,0.0285
-0.0475,0.0285
-0.0675,0.0285
-0.0755,0.0205
-0.0875,0.0085
-0.0915,-0.011
-0.0995,-0.008
-0.1075,0.0205
-0.1075,0.08
-0.1075,0.082
-0.1075,0.082
-0.1075,0.082
-0.1115,0.082
-0.1115,0.082
-0.1115,0.082
-0.0795,0.092
-0.0355,0.1205
0.0,0.1285
0.0,0.1195
0.019,0.1165
0.019,0.1195
0.0385,0.1165
0.0465,0.1165
0.078,0.105
0.098,0.105
0.1135,0.108
0.1055,0.105
0.1215,0.111
0.1215,0.111
0.1255,0.105
0.1255,0.111
0.1215,0.105
0.1215,0.099
0.1375,0.097
0.1375,0.097
0.1375,0.106
0.141,0.1
0.1375,0.085
0.145,0.085
0.1375,0.0775
0.1375,0.0775
0.1375,0.0655
0.1375,0.0685
0.1375,0.0725
0.1375,0.0465
0.1375,0.0465
0.1375,0.0465
0.1375,0.0585
0.1335,0.0585
0.1335,0.0465
0.1335,0.0465
0.1335,0.0465
0.1335,0.0465
0.1335,0.0525
0.1335,0.0465
0.1335,0.0465
0.1055,0.013
0.098,0.0
0.094,-0.0635
0.082,-0.101
0.0665,-0.109
0.0625,-0.109
0.0625,-0.109
0.0625,-0.109
0.0585,-0.111
0.0625,-0.111
0.0505,-0.111
0.0465,-0.111
0.0425,-0.123
0.0385,-0.123
0.0425,-0.123
0.031,-0.123
0.027,-0.123
0.023,-0.127
0.019,-0.1075
0.019,-0.0855
0.019,-0.028
0.0385,-0.022
0.0505,0.0445
0.082,0.0865
0.102,0.1155
0.157,0.131
0.177,0.145
0.2115,0.145
0.227,0.1975
0.267,0.2705
0.3335,0.306
0.367,0.3575
0.377,0.3655
0.381,0.377
0.381,0.377
0.393,0.386
0.381,0.377
0.405,0.377
0.3965,0.377
0.4005,0.377
0.4005,0.383
0.4005,0.377
0.4035,0.377
0.4125,0.389
0.4125,0.389
0.4125,0.389
0.4125,0.389
0.4125,0.389
0.4125,0.389
0.4125,0.389
0.397,0.389
0.385,0.389
0.389,0.4085
0.3575,0.4285
0.33,0.4285
0.33,0.4365
0.33,0.4365
0.318,0.4365
0.31,0.4365
0.2945,0.4365
0.2905,0.4365
0.2825,0.4165
0.2825,0.383
0.2625,0.3405
0.243,0.324
0.227,0.31
0.227,0.298
0.227,0.2905
0.243,0.2905
0.243,0.2905
0.243,0.2905
0.243,0.2905
0.243,0.2905
0.243,0.2905
0.259,0.2905
0.2665,0.2905
0.2945,0.2905
0.2945,0.2955
0.2825,0.3015
0.302,0.31
0.298,0.31
0.31,0.31
0.314,0.31
0.31,0.318
0.31,0.33
0.31,0.33
0.298,0.3495
0.2905,0.3495
0.2825,0.3495
0.2665,0.3495
0.247,0.3495
0.235,0.3495
0.1915,0.3515
0.188,0.3575
0.168,0.3575
0.168,0.3575
0.16,0.3575
0.16,0.3575
0.16,0.3485
0.1485,0.2595
0.1285,0.2595
0.1285,0.2595
0.1215,0.2595
0.1215,0.2595
0.1215,0.2595
0.1215,0.2595
0.1215,0.2595
0.1215,0.2595
0.168,0.32
0.168,0.365
0.2035,0.4045
0.184,0.4045
0.158,0.4045
0.1405,0.4075
0.1405,0.4045
0.1405,0.4045
0.1525,0.4045
0.148,0.4165
0.1405,0.4105
0.1485,0.4075
0.141,0.4165
0.141,0.4045
0.141,0.4075
0.141,0.4045
0.1255,0.383
0.0505,0.312
0.023,0.2495
0.023,0.232
0.0,0.232
0.0,0.232
0.0,0.212
0.0,0.212
0.0,0.212
0.0,0.2005
0.0,0.2005
0.0,0.2005
0.0,0.1925
0.0,0.1925
0.0,0.1925
0.0,0.1805
0.0,0.1805
0.0,0.1775
0.0,0.169
0.0,0.169
0.0,0.161
0.0,0.149
0.0,0.141
0.0,0.1295
0.0,0.1215
0.0,0.1095
0.0,0.102
0.0,0.09
0.0,0.082
0.0,0.07
0.0,0.0585
0.0,0.0585
0.0,0.0585
0.0,0.0585
0.0,0.0615
0.0,0.0505
0.0,0.0505
0.0,0.0505
0.0,0.0475
0.0,0.0475
0.0,0.0385
0.0,0.0445
0.0,0.0385
0.0,0.0385
0.0,0.031
0.0,0.031
0.0,0.031
0.0,0.019
0.0,0.019
0.0,0.019
0.0,0.025
0.0,0.019
0.0,0.019
0.0,0.019
0.0,0.019
0.0,0.019
0.0,0.019
0.0,0.019
0.0,0.019
0.0,0.019
0.0,0.019
0.0,0.019
0.0,0.019
0.0,0.019
0.0,0.026
0.0,0.0635
0.0,0.091
0.007,0.1365
0.031,0.1365
0.1135,0.1365
0.1375,0.1365
0.145,0.1365
0.145,0.1365
0.145,0.1365
0.145,0.1365
0.145,0.1365
0.145,0.1345
0.145,0.1365
0.145,0.1365
0.145,0.1365
0.1765,0.1365
0.2635,0.1365
0.307,0.1365
0.3225,0.1365
0.3225,0.1485
0.3225,0.1565
0.3225,0.168
0.3225,0.18
0.3225,0.18
0.3225,0.188
0.3305,0.2075
0.366,0.2415
0.37,0.318
0.37,0.377
0.37,0.434
0.37,0.464
0.37,0.4755
0.375,0.4785
0.389,0.4835
0.401,0.4755
0.401,0.444
0.4115,0.4325
0.462,0.4245
0.484,0.4245
0.523,0.417
0.531,0.4195
0.5625,0.4205
0.5655,0.4165
0.5625,0.409
0.5625,0.409
0.5625,0.409
0.5625,0.397
0.5625,0.397
0.5625,0.389
0.5625,0.377
0.5505,0.377
0.4875,0.377
0.314,0.3545
0.2035,0.3415
0.1805,0.3375
0.1805,0.3295
0.1805,0.301
0.1805,0.29
0.1805,0.2675
0.1805,0.2515
0.1805,0.2515
0.1805,0.2515
0.1805,0.2515
0.1805,0.2515
0.1805,0.2515
0.169,0.2515
0.141,0.2515
0.1215,0.2515
0.1095,0.2515
0.102,0.2515
0.07,0.2515
0.0585,0.2515
0.0415,0.2515
0.0385,0.2515
0.031,0.2515
0.031,0.2515
0.031,0.2515
0.031,0.2515
0.031,0.2515
0.031,0.2515
0.031,0.2515
0.031,0.2515
0.011,0.24
0.011,0.24
0.0,0.24
0.0,0.232
0.0,0.232
0.0,0.232
0.0,0.223
0.0,0.232
0.0,0.232
0.0,0.226
0.0,0.22
0.0,0.22
0.0,0.232
0.0,0.223
0.0,0.232
0.0,0.226
0.0,0.232
0.0,0.232
0.0,0.232
0.0,0.229
0.0,0.223
0.0,0.232
0.0,0.232
0.0,0.232
0.0,0.232
0.0,0.232
0.0,0.232
0.0,0.232
0.0,0.232
0.0,0.232
0.0,0.232
0.0,0.232
0.0,0.232
0.0,0.232
0.0,0.232
0.0,0.232
0.0,0.232
0.0,0.232
0.0,0.232
0.0,0.232
0.0,0.232
0.0,0.232
0.0,0.232
0.0,0.232
0.0,0.232
0.0,0.232
0.0,0.232
0.0,0.232
0.0,0.232
0.0,0.232
0.0,0.232
