valence,arousal
-0.343,0.0
-0.351,0.117
-0.367,0.172
-0.391,0.196
-0.407,0.211
-0.407,0.251
-0.407,0.275
-0.407,0.29
-0.407,0.29
-0.407,0.29
-0.407,0.29
-0.407,0.29
-0.407,0.29
-0.407,0.29
-0.407,0.29
-0.407,0.29
-0.407,0.29
-0.407,0.29
-0.407,0.29
-0.407,0.29
-0.407,0.29
-0.407,0.29
-0.407,0.29
-0.407,0.29
-0.407,0.251
-0.407,0.235
-0.407,0.235
-0.407,0.211
-0.407,0.211
-0.407,0.211
-0.327,0.196
-0.247,0.178
-0.199,0.156
-0.111,0.125
-0.095,0.081
-0.087,0.038
-0.071,0.038
-0.071,0.038
-0.063,0.038
-0.047,0.038
-0.031,0.038
-0.031,0.038
-0.031,0.038
-0.071,0.038
-0.127,0.038
-0.183,0.038
-0.247,0.038
-0.303,0.038
-0.375,0.038
-0.391,0.038
-0.391,0.038
-0.391,0.038
-0.391,0.038
-0.391,0.038
-0.367,0.038
-0.367,0.038
-0.351,0.038
-0.199,0.038
-0.111,0.038
-0.071,0.038
0.0,0.038
0.0,0.038
0.0,0.038
0.0,0.038
0.0,0.038
0.0,0.038
0.0,0.038
0.0,0.038
0.0,0.038
0.0,0.038
0.0,0.038
0.0,0.038
0.0,0.038
0.0,0.038
0.0,0.038
0.0,0.038
0.0,0.038
0.0,0.038
0.0,0.038
0.0,0.038
0.0,0.038
0.0,0.038
0.0,0.038
0.0,0.038
0.0,0.038
0.0,0.038
0.0,0.038
0.0,0.038
0.0,0.038
0.0,0.038
0.0,0.038
0.0,0.038
0.0,0.038
0.0,0.038
0.0,0.038
0.0,0.038
0.0,0.038
0.0,0.038
0.0,0.038
0.0,0.038
0.014,0.038
0.054,0.038
0.14,0.038
0.243,0.038
0.353,0.038
0.377,0.038
0.377,0.117
0.377,0.172
0.377,0.211
0.377,0.211
0.377,0.211
0.401,0.211
0.488,0.239
0.574,0.251
0.606,0.251
0.614,0.251
0.622,0.251
0.622,0.251
0.622,0.263
0.574,0.275
0.551,0.269
0.488,0.263
0.488,0.275
0.464,0.275
0.464,0.275
0.464,0.275
0.464,0.286
0.464,0.29
0.464,0.29
0.464,0.29
0.464,0.29
0.464,0.29
0.464,0.29
0.464,0.29
0.464,0.29
0.456,0.29
0.456,0.29
0.424,0.29
0.393,0.29
0.385,0.29
0.377,0.29
0.361,0.29
0.338,0.29
0.29,0.29
0.251,0.29
0.188,0.29
0.172,0.29
0.172,0.29
0.172,0.29
0.172,0.29
0.172,0.29
0.172,0.29
0.172,0.29
0.172,0.29
0.172,0.29
0.172,0.29
0.172,0.29
0.172,0.29
0.172,0.29
0.172,0.29
0.172,0.251
0.172,0.243
0.172,0.211
0.172,0.211
0.172,0.196
0.172,0.196
0.172,0.196
0.172,0.172
0.172,0.156
0.172,0.133
0.172,0.133
0.172,0.133
0.172,0.117
0.172,0.093
0.172,0.077
0.172,0.054
0.172,0.038
0.172,0.038
0.172,0.038
0.172,0.038
0.172,0.038
0.172,0.038
0.172,0.038
0.172,0.038
0.172,0.038
0.172,0.038
0.172,0.038
0.172,0.038
0.172,0.038
0.172,0.038
0.172,0.038
0.172,0.038
0.172,0.038
0.172,0.038
0.172,0.038
0.172,0.038
0.172,0.038
0.196,0.038
0.211,0.038
0.211,0.038
0.227,0.038
0.227,0.038
0.227,0.014
0.227,0.014
0.227,0.014
0.227,0.014
0.227,0.014
0.227,0.0
0.227,0.0
0.227,0.0
0.227,0.0
0.227,0.0
0.227,0.0
0.227,0.0
0.227,0.0
0.227,0.0
0.172,0.0
0.164,0.0
0.156,0.0
0.133,0.0
0.101,0.0
0.062,0.0
0.022,0.0
0.006,0.0
0.0,0.0
0.0,0.0
0.0,0.0
0.0,0.0
0.0,0.0
0.0,0.0
0.0,0.0
0.0,0.0
0.0,-0.012
0.0,-0.012
0.0,-0.012
0.0,-0.012
0.0,-0.012
0.0,-0.012
0.0,-0.012
0.0,-0.012
0.0,-0.028
0.0,-0.028
0.0,-0.044
0.014,-0.06
0.038,-0.064
0.054,-0.076
0.054,-0.076
0.054,-0.076
0.062,-0.091
0.077,-0.091
0.085,-0.107
0.085,-0.123
0.085,-0.123
0.085,-0.139
0.085,-0.139
0.062,-0.139
0.062,-0.139
0.062,-0.147
0.046,-0.155
0.038,-0.155
0.038,-0.155
0.038,-0.155
0.038,-0.155
0.038,-0.155
0.038,-0.155
0.038,-0.155
0.038,-0.155
0.038,-0.155
0.038,-0.155
0.038,-0.155
0.038,-0.155
0.038,-0.155
0.038,-0.155
0.022,-0.155
0.022,-0.155
0.022,-0.155
0.022,-0.155
0.022,-0.155
0.022,-0.155
0.022,-0.155
0.022,-0.155
0.022,-0.155
0.022,-0.155
0.022,-0.155
0.022,-0.155
0.022,-0.155
0.022,-0.155
0.022,-0.155
0.022,-0.155
0.022,-0.155
0.022,-0.155
0.022,-0.155
0.022,-0.155
0.022,-0.155
0.014,-0.155
0.014,-0.155
0.014,-0.155
0.014,-0.155
0.014,-0.155
0.014,-0.155
0.014,-0.163
0.014,-0.171
0.038,-0.171
0.038,-0.171
0.014,-0.171
0.0,-0.171
0.0,-0.171
0.0,-0.171
0.0,-0.171
0.0,-0.171
0.0,-0.171
0.0,-0.171
0.0,-0.171
0.0,-0.171
0.0,-0.171
0.0,-0.171
0.0,-0.171
0.0,-0.171
0.0,-0.171
0.0,-0.171
0.0,-0.171
0.0,-0.171
0.0,-0.171
0.0,-0.171
0.0,-0.171
0.0,-0.076
0.0,-0.012
0.0,0.0
0.0,0.0
0.0,0.0
0.0,0.0
0.0,0.0
0.0,0.0
0.0,0.0
0.0,0.0
0.0,0.0
0.0,0.0
0.0,0.014
0.0,0.014
0.0,0.02
0.0,0.014
0.0,0.014
0.0,0.014
0.0,0.014
0.0,0.014
0.0,0.014
0.0,0.014
0.0,0.014
0.0,0.014
0.0,0.014
0.0,0.014
0.0,0.014
0.0,0.02
0.0,0.014
0.022,0.014
0.022,0.014
0.022,0.014
0.022,0.014
0.022,0.014
0.022,0.014
0.022,0.014
0.038,0.038
0.046,0.038
0.046,0.054
0.046,0.054
0.046,0.054
0.054,0.054
0.062,0.054
0.062,0.054
0.062,0.054
0.062,0.054
0.062,0.054
0.062,0.054
0.062,0.054
0.062,0.065
0.062,0.071
0.062,0.077
0.062,0.077
0.062,0.077
0.062,0.077
0.062,0.077
0.062,0.077
0.062,0.077
0.062,0.071
0.062,0.054
0.062,0.077
0.062,0.077
0.062,0.06
0.062,0.054
0.062,0.065
0.077,0.071
0.077,0.077
0.054,0.065
0.077,0.077
0.085,0.077
0.093,0.077
0.093,0.077
0.093,0.06
0.093,0.065
0.093,0.077
0.093,0.077
0.093,0.071
0.093,0.077
0.093,0.06
0.093,0.071
0.093,0.071
0.093,0.065
0.093,0.077
0.093,0.054
0.093,0.054
0.093,0.065
0.093,0.071
0.093,0.077
0.093,0.065
0.093,0.077
0.093,0.071
0.093,0.077
0.093,0.071
0.093,0.077
0.054,0.077
0.022,0.065
0.014,0.071
0.014,0.077
0.014,0.077
0.014,0.077
0.014,0.071
0.014,0.054
0.006,0.06
0.006,0.077
0.006,0.071
0.006,0.071
0.006,0.077
0.006,0.065
0.006,0.077
0.006,0.077
0.038,0.071
0.038,0.077
0.038,0.071
0.038,0.065
0.038,0.06
0.038,0.071
0.038,0.077
0.038,0.077
0.038,0.077
0.046,0.077
0.046,0.077
0.046,0.077
0.046,0.077
0.046,0.077
0.046,0.054
0.046,0.038
0.046,0.038
0.046,0.038
0.046,0.038
0.046,0.038
0.046,0.038
0.046,0.038
0.085,0.038
0.093,0.038
0.093,0.038
0.101,0.038
0.117,0.038
0.093,0.038
0.101,0.038
0.125,0.038
0.133,0.038
0.133,0.038
0.133,0.038
0.133,0.038
0.133,0.038
0.133,0.038
0.133,0.038
0.133,0.038
0.133,0.038
0.133,0.038
0.133,0.038
0.125,0.038
0.125,0.038
0.125,0.038
0.125,0.038
0.125,0.038
0.125,0.038
0.125,0.038
0.133,0.038
0.133,0.038
0.133,0.038
0.133,0.038
0.133,0.038
0.133,0.038
0.133,0.038
0.133,0.038
0.133,0.038
0.133,0.038
0.133,0.038
0.133,0.038
0.133,0.038
0.133,0.038
0.133,0.038
0.133,0.038
0.133,0.038
0.133,0.038
0.133,0.038
0.133,0.038
0.133,0.038
0.133,0.038
0.133,0.038
0.133,0.038
0.133,0.038
0.133,0.038
0.133,0.038
0.133,0.038
0.133,0.038
0.133,0.038
0.133,0.038
0.133,0.071
0.133,0.077
0.133,0.077
0.133,0.077
0.133,0.077
0.133,0.077
0.133,0.077
0.133,0.077
0.133,0.077
0.133,0.077
0.133,0.093
0.133,0.093
0.133,0.093
0.133,0.093
0.133,0.093
0.133,0.093
0.133,0.093
0.133,0.093
0.133,0.093
0.133,0.093
0.133,0.099
0.133,0.093
0.133,0.093
0.133,0.093
0.133,0.093
0.133,0.093
0.133,0.077
0.133,0.077
0.133,0.054
0.133,0.054
0.133,0.038
0.133,0.038
0.133,0.038
0.133,0.038
0.133,0.038
0.133,0.02
0.133,0.014
0.133,0.0
0.133,0.0
0.133,0.0
0.133,0.0
0.133,0.0
0.133,0.0
0.133,0.0
0.133,0.0
0.133,0.0
0.133,0.0
0.133,0.0
0.133,0.0
0.133,0.0
0.133,0.0
0.133,0.0
0.133,0.0
0.133,0.0
0.133,0.0
0.133,0.0
0.133,0.0
0.133,0.0
0.133,0.0
0.101,0.0
0.101,0.0
0.101,0.0
0.101,0.0
0.101,0.0
0.101,0.0
0.101,0.0
0.101,0.0
0.101,0.0
0.101,0.0
0.101,0.0
0.101,0.0
0.101,0.0
0.101,0.0
0.101,0.0
0.101,0.0
0.101,0.0
0.101,0.0
0.101,0.0
0.101,0.0
0.101,0.0
0.101,0.0
0.101,0.0
0.101,0.0
0.101,0.0
0.101,0.0
0.101,0.0
0.101,0.0
0.101,0.0
0.101,0.0
0.101,0.0
0.101,0.0
0.101,0.0
0.101,0.0
0.101,0.0
0.101,0.0
0.101,0.0
0.101,0.0
0.101,0.0
0.101,0.0
0.101,0.0
0.101,0.0
0.101,0.0
0.101,0.0
0.101,0.0
0.101,0.0
0.101,0.0
0.101,0.0
0.101,0.0
0.101,0.0
0.101,0.0
0.101,0.0
0.101,0.0
0.101,0.0
0.101,0.0
0.101,0.0
0.101,0.0
0.101,0.0
0.101,0.0
0.101,0.0
0.101,0.0
0.101,0.0
0.101,0.0
0.101,0.0
0.101,0.0
0.101,0.0
0.101,0.0
0.101,0.0
0.101,0.0
0.101,0.0
0.101,0.0
0.101,0.0
0.101,0.0
0.101,0.0
0.101,0.0
0.101,0.0
0.101,0.0
0.101,0.0
0.101,0.0
0.101,0.0
0.101,0.0
0.101,0.0
0.101,0.0
0.101,0.0
0.101,0.0
0.101,0.0
0.101,0.014
0.101,0.014
0.101,0.014
0.101,0.014
0.101,0.014
0.101,0.014
0.101,0.014
0.101,0.014
0.101,0.014
0.101,0.014
0.101,0.014
0.101,0.014
0.101,0.014
0.101,0.014
0.101,0.117
0.101,0.196
0.101,0.275
0.101,0.369
0.101,0.397
0.133,0.409
0.164,0.415
0.172,0.432
0.188,0.426
0.188,0.432
0.188,0.409
0.188,0.336
0.188,0.29
0.188,0.251
0.188,0.207
0.188,0.196
0.188,0.196
0.188,0.196
0.188,0.196
0.188,0.196
0.188,0.196
0.188,0.196
0.188,0.196
0.188,0.196
0.188,0.196
0.188,0.196
0.188,0.196
0.188,0.196
0.188,0.196
0.188,0.196
0.188,0.196
0.188,0.196
0.188,0.196
0.188,0.196
0.188,0.196
0.188,0.196
0.188,0.196
0.188,0.196
0.188,0.196
0.188,0.196
0.188,0.196
0.188,0.196
0.188,0.196
0.188,0.196
0.188,0.196
0.188,0.196
0.188,0.196
0.188,0.196
0.188,0.196
0.188,0.196
0.188,0.196
0.188,0.16
0.188,0.133
0.188,0.071
0.188,0.014
0.188,0.0
0.188,0.0
0.188,0.0
0.188,0.0
0.188,0.0
0.188,0.0
0.188,0.0
0.188,0.0
0.188,0.0
0.188,0.0
0.188,0.0
0.164,0.0
0.164,0.0
0.156,0.0
0.14,0.0
0.14,0.0
0.14,0.0
0.133,0.0
0.133,0.0
0.133,0.0
0.133,0.0
0.133,0.0
0.133,0.0
0.133,0.0
0.133,0.0
0.133,0.0
0.133,0.0
0.133,0.0
0.133,0.0
0.125,0.0
0.125,0.0
0.117,0.0
0.117,0.0
0.117,0.0
0.117,0.0
0.117,0.0
0.117,0.0
0.117,0.0
0.117,0.0
0.117,0.0
0.117,0.0
0.117,0.0
0.117,0.0
0.117,0.0
0.117,0.0
0.117,0.0
0.117,0.0
0.117,0.0
0.117,0.0
0.117,0.0
0.117,0.0
0.117,0.0
0.117,0.0
0.117,0.0
0.117,0.0
0.117,0.0
0.117,0.0
0.117,0.0
0.117,0.0
0.117,0.0
0.117,0.0
0.117,0.0
0.117,0.0
0.117,0.0
0.125,0.0
0.125,0.0
0.125,0.0
0.101,0.0
0.101,0.0
0.093,0.0
0.085,0.0
0.085,0.0
0.077,0.0
0.077,0.0
0.077,0.0
0.077,0.0
0.077,0.0
0.077,0.0
0.077,0.0
0.062,0.0
0.062,0.0
0.062,0.0
0.046,0.0
0.046,0.0
0.046,0.0
0.038,0.0
0.038,0.0
0.038,0.0
0.038,0.0
0.022,0.0
0.046,0.0
0.046,0.0
0.046,0.0
0.022,0.0
0.038,0.0
0.038,0.0
0.038,0.0
0.038,0.0
0.038,0.0
0.014,0.0
0.014,0.0
0.014,0.0
0.014,0.0
0.014,0.0
0.014,0.0
0.014,0.0
0.014,0.0
0.014,0.0
0.006,0.0
0.0,0.0
0.022,0.0
0.0,0.0
0.022,0.0
0.022,0.0
0.022,0.0
0.022,0.0
0.022,0.0
0.022,0.0
0.022,0.0
0.022,0.0
0.022,0.0
0.022,0.0
0.022,0.0
0.022,0.0
0.0,0.0
0.0,0.0
0.0,0.0
0.0,0.0
0.0,0.0
0.0,0.0
0.0,0.0
0.0,0.0
0.0,0.0
0.0,0.0
0.0,0.0
0.0,0.0
0.0,0.0
0.0,0.0
0.0,0.0
0.0,0.0
0.0,0.0
0.0,0.0
0.0,0.0
0.0,0.0
0.0,0.0
0.0,0.0
0.0,0.0
0.0,0.0
0.022,0.0
0.038,0.0
0.046,0.0
0.054,0.0
0.054,0.0
0.062,0.014
0.062,0.014
0.085,0.014
0.093,0.032
0.093,0.014
0.093,0.014
0.093,0.038
0.093,0.054
0.093,0.06
0.093,0.077
0.093,0.077
0.093,0.111
0.093,0.117
0.093,0.117
0.093,0.117
0.093,0.117
0.062,0.117
0.062,0.117
0.054,0.117
0.038,0.117
0.022,0.127
0.022,0.156
0.022,0.16
0.014,0.172
0.014,0.172
0.014,0.172
0.014,0.172
0.014,0.172
0.038,0.172
0.054,0.172
0.077,0.172
0.093,0.184
0.133,0.196
0.14,0.196
0.172,0.196
0.188,0.211
0.188,0.211
0.188,0.211
0.188,0.211
0.188,0.211
0.188,0.211
0.188,0.211
0.196,0.211
0.196,0.211
0.196,0.211
0.196,0.211
0.204,0.211
0.204,0.211
0.227,0.211
0.243,0.211
0.251,0.211
0.251,0.211
0.251,0.211
0.267,0.211
0.275,0.217
0.282,0.211
0.306,0.211
0.314,0.235
0.322,0.235
0.306,0.251
0.322,0.251
0.306,0.251
0.338,0.251
0.338,0.251
0.29,0.251
0.322,0.251
0.338,0.263
0.338,0.251
0.338,0.275
0.338,0.275
0.338,0.275
0.338,0.275
0.338,0.284
0.338,0.29
0.338,0.29
0.338,0.29
0.338,0.29
0.338,0.29
0.338,0.29
0.338,0.29
0.338,0.314
0.338,0.314
0.338,0.314
0.314,0.314
0.322,0.314
0.322,0.314
0.322,0.314
0.322,0.314
0.322,0.314
0.346,0.314
0.322,0.314
0.322,0.314
0.322,0.314
0.322,0.324
0.322,0.353
0.322,0.369
0.322,0.369
0.322,0.369
0.322,0.369
0.322,0.369
0.322,0.369
0.322,0.369
0.322,0.369
0.322,0.369
0.322,0.369
0.322,0.369
0.322,0.369
0.322,0.369
0.322,0.369
0.322,0.369
0.322,0.369
0.322,0.369
0.322,0.369
0.322,0.369
0.322,0.369
0.322,0.369
0.322,0.369
0.322,0.369
0.322,0.369
0.322,0.369
0.322,0.369
0.322,0.369
0.322,0.369
0.322,0.369
0.322,0.369
0.322,0.369
0.322,0.369
0.322,0.369
0.322,0.369
0.322,0.369
0.322,0.369
0.322,0.369
0.322,0.369
0.322,0.369
0.322,0.375
0.322,0.369
0.322,0.369
0.322,0.369
0.322,0.369
0.322,0.369
0.322,0.369
0.322,0.369
0.322,0.369
0.322,0.369
0.322,0.369
0.322,0.369
0.322,0.369
0.322,0.369
0.322,0.369
0.322,0.369
0.322,0.369
0.322,0.369
0.322,0.369
0.322,0.369
0.322,0.369
0.322,0.369
0.322,0.369
0.322,0.375
0.322,0.369
0.322,0.369
0.322,0.369
0.322,0.369
0.322,0.369
0.322,0.387
0.322,0.409
0.322,0.409
0.322,0.421
0.322,0.409
0.322,0.409
0.322,0.409
0.322,0.409
0.322,0.409
0.322,0.409
0.322,0.409
0.322,0.409
0.322,0.409
0.322,0.409
0.322,0.409
0.322,0.409
0.322,0.409
0.322,0.409
0.322,0.409
0.322,0.421
0.322,0.409
0.322,0.409
0.322,0.409
0.322,0.409
0.322,0.409
0.322,0.409
0.322,0.409
0.322,0.409
0.322,0.409
0.322,0.409
0.322,0.409
0.322,0.409
0.322,0.421
0.322,0.409
0.322,0.409
0.322,0.409
0.322,0.409
0.322,0.409
0.322,0.426
0.322,0.409
0.322,0.409
0.322,0.409
0.322,0.409
0.322,0.421
0.322,0.415
0.322,0.409
0.322,0.409
0.322,0.421
0.322,0.432
0.322,0.409
0.322,0.409
0.322,0.409
0.322,0.409
0.322,0.409
0.322,0.409
0.322,0.409
0.322,0.409
0.322,0.421
0.322,0.415
0.322,0.409
0.322,0.409
0.322,0.409
0.322,0.409
0.322,0.409
0.322,0.409
0.322,0.409
0.322,0.409
0.322,0.409
0.322,0.409
0.322,0.409
0.322,0.409
0.322,0.409
0.322,0.409
0.322,0.409
0.322,0.409
0.322,0.421
0.322,0.432
0.322,0.409
0.322,0.409
0.322,0.409
0.322,0.409
0.322,0.415
0.322,0.409
0.322,0.409
0.322,0.409
0.322,0.409
0.322,0.409
0.322,0.409
0.322,0.409
0.322,0.409
0.322,0.409
0.322,0.393
0.322,0.393
0.322,0.369
0.322,0.369
0.322,0.369
0.322,0.369
0.322,0.353
0.322,0.353
0.322,0.342
0.322,0.33
0.322,0.33
0.322,0.33
0.322,0.33
0.322,0.314
0.322,0.314
0.322,0.314
0.322,0.314
0.322,0.314
0.322,0.314
0.322,0.314
0.322,0.314
0.322,0.314
0.322,0.314
0.322,0.314
0.322,0.314
0.322,0.314
0.322,0.314
0.322,0.314
0.322,0.314
0.322,0.314
0.306,0.314
0.282,0.314
0.267,0.314
0.251,0.314
0.235,0.314
0.211,0.314
0.235,0.314
0.227,0.314
0.227,0.314
0.196,0.308
0.172,0.29
0.172,0.29
0.164,0.296
0.164,0.29
0.156,0.29
0.133,0.29
0.117,0.29
0.101,0.29
0.077,0.29
0.054,0.29
0.062,0.29
0.038,0.29
0.038,0.29
0.022,0.29
0.038,0.302
0.006,0.29
0.0,0.29
0.0,0.29
0.0,0.29
0.0,0.29
0.0,0.29
0.0,0.29
0.0,0.29
0.0,0.29
0.0,0.29
0.0,0.29
0.062,0.29
0.085,0.29
0.101,0.29
0.14,0.29
0.164,0.29
0.164,0.29
0.172,0.29
0.204,0.29
0.227,0.314
0.251,0.314
0.267,0.33
0.267,0.342
0.275,0.369
0.275,0.369
0.251,0.409
0.282,0.409
0.275,0.432
0.282,0.432
0.29,0.432
0.29,0.432
0.29,0.432
0.204,0.432
0.125,0.432
0.062,0.432
0.014,0.432
0.0,0.432
0.0,0.426
0.0,0.342
0.0,0.263
0.0,0.207
0.0,0.196
0.0,0.129
0.0,0.081
0.0,0.077
0.0,0.077
0.0,0.077
0.0,0.077
0.0,0.077
0.0,0.054
0.0,0.054
0.0,0.054
0.0,0.06
0.0,0.054
0.0,0.054
0.0,0.054
0.0,0.038
-0.047,0.038
-0.087,0.038
-0.087,0.038
-0.087,0.038
-0.111,0.038
-0.111,0.038
-0.111,0.038
-0.111,0.038
-0.111,0.038
-0.151,0.038
-0.159,0.038
-0.159,0.038
-0.175,0.038
-0.175,0.038
-0.175,0.038
-0.175,0.038
-0.175,0.038
-0.151,0.038
-0.071,0.0
-0.031,0.0
-0.007,0.0
0.0,0.0
0.0,0.0
0.0,0.0
0.0,-0.004
0.0,-0.012
0.0,-0.028
0.0,-0.028
0.0,-0.044
0.0,-0.06
0.0,-0.076
0.0,-0.091
0.0,-0.123
0.0,-0.135
0.0,-0.139
0.0,-0.139
0.0,-0.139
0.0,-0.139
0.0,-0.139
0.0,-0.139
0.0,-0.139
0.0,-0.139
0.0,-0.139
0.0,-0.139
0.0,-0.139
0.0,-0.139
0.0,-0.139
0.0,-0.139
0.0,-0.139
0.0,-0.139
0.0,-0.139
0.0,-0.139
0.0,-0.139
0.0,-0.139
0.0,-0.139
0.0,-0.139
0.0,-0.139
0.0,-0.139
0.0,-0.139
0.0,-0.139
0.0,-0.139
0.0,-0.139
0.0,-0.139
0.0,-0.139
0.0,-0.139
0.0,-0.139
0.0,-0.139
0.0,-0.139
0.0,-0.139
0.0,-0.139
0.0,-0.139
-0.071,-0.139
-0.127,-0.139
-0.127,-0.139
-0.135,-0.139
-0.135,-0.131
-0.135,-0.091
-0.135,-0.076
-0.135,-0.076
-0.135,-0.076
-0.135,-0.06
-0.151,-0.06
-0.127,-0.044
-0.127,-0.028
-0.127,-0.028
-0.127,-0.012
-0.127,-0.012
-0.127,0.0
-0.127,0.0
-0.127,0.0
-0.127,0.0
-0.127,0.0
-0.127,0.0
-0.127,0.0
-0.151,0.0
-0.151,0.0
-0.151,0.0
-0.127,0.0
-0.127,0.0
-0.127,0.0
-0.127,0.0
-0.127,0.0
-0.127,0.0
-0.127,0.0
-0.127,0.0
-0.151,0.0
-0.127,0.0
-0.127,0.0
-0.127,0.0
-0.151,0.0
-0.151,0.0
-0.127,0.0
-0.151,0.0
-0.151,0.0
-0.159,0.0
-0.135,0.0
-0.159,0.0
-0.159,0.0
-0.159,0.0
-0.159,0.0
-0.159,0.0
-0.159,0.0
-0.159,0.0
-0.159,0.0
-0.151,0.0
-0.151,0.0
-0.151,0.0
-0.151,0.0
-0.151,0.0
-0.151,0.0
-0.151,0.0
-0.151,0.0
-0.151,0.0
-0.151,0.0
-0.151,0.0
-0.151,0.0
-0.151,0.0
-0.151,0.0
-0.151,0.0
-0.151,0.0
-0.151,0.0
-0.151,0.0
-0.151,0.0
-0.151,0.0
-0.151,0.0
-0.111,0.046
-0.023,0.138
0.0,0.211
0.0,0.275
0.0,0.322
0.0,0.369
0.0,0.369
0.0,0.369
-0.023,0.369
-0.063,0.302
-0.127,0.235
-0.135,0.196
-0.135,0.077
-0.135,0.046
-0.151,0.038
-0.159,0.038
-0.159,0.038
-0.175,0.038
-0.175,0.038
-0.175,0.038
-0.175,0.038
-0.175,0.038
-0.175,0.038
-0.183,0.038
-0.223,0.038
-0.223,0.038
-0.223,0.038
-0.223,0.038
-0.223,0.038
-0.223,0.038
-0.223,0.038
-0.223,0.038
-0.223,0.038
-0.111,0.038
-0.047,0.038
-0.007,0.038
0.0,0.038
0.0,0.038
0.006,0.038
0.006,0.038
0.006,0.038
0.006,0.038
0.006,0.038
0.006,0.038
0.006,0.038
0.006,0.038
0.006,0.038
0.006,0.038
0.006,0.014
0.006,0.002
0.006,0.0
0.0,0.0
-0.087,0.0
-0.127,0.0
-0.159,0.0
-0.159,0.0
-0.183,-0.028
-0.215,-0.044
-0.247,-0.044
-0.247,-0.044
-0.263,-0.044
-0.263,-0.044
-0.263,-0.044
-0.263,-0.044
-0.263,-0.044
-0.263,-0.044
-0.263,-0.044
-0.263,-0.044
-0.263,-0.044
-0.263,-0.044
-0.263,-0.044
-0.263,-0.044
-0.263,-0.044
-0.263,-0.044
-0.263,-0.044
-0.263,-0.044
-0.263,-0.044
-0.263,-0.044
-0.263,-0.044
-0.263,-0.044
-0.263,-0.044
-0.263,-0.044
-0.263,-0.044
-0.263,-0.06
-0.263,-0.076
-0.263,-0.076
-0.263,-0.076
-0.263,-0.091
-0.263,-0.091
-0.263,-0.091
-0.263,-0.107
-0.263,-0.107
-0.223,-0.107
-0.159,-0.123
-0.095,-0.123
-0.047,-0.123
-0.023,-0.123
-0.023,-0.123
-0.023,-0.139
0.0,-0.139
0.0,-0.139
0.0,-0.139
0.0,-0.139
0.0,-0.139
0.0,-0.139
0.0,-0.139
0.0,-0.139
0.0,-0.139
0.0,-0.139
0.0,-0.139
0.0,-0.139
0.0,-0.139
0.0,-0.139
0.0,-0.139
0.0,-0.139
0.0,-0.139
0.0,-0.139
0.0,-0.139
0.0,-0.139
0.0,-0.139
0.0,-0.139
0.0,-0.139
0.0,-0.139
0.0,-0.139
0.0,-0.139
0.0,-0.139
0.0,-0.139
0.0,-0.139
0.0,-0.139
0.0,-0.139
0.0,-0.139
0.0,-0.139
0.0,-0.139
0.0,-0.139
0.0,-0.139
0.0,-0.139
0.0,-0.139
0.006,-0.139
0.014,-0.139
0.014,-0.139
0.014,-0.139
0.014,-0.139
0.014,-0.139
0.014,-0.091
0.014,-0.091
0.0,-0.091
0.0,-0.091
-0.007,-0.091
-0.047,-0.091
-0.063,-0.091
-0.063,-0.091
-0.071,-0.076
-0.071,-0.076
-0.071,-0.076
-0.071,-0.076
-0.071,-0.076
-0.071,-0.076
-0.087,-0.076
-0.087,-0.076
-0.087,-0.076
-0.087,-0.076
-0.087,-0.076
-0.087,-0.076
-0.087,-0.076
-0.087,-0.076
-0.087,-0.076
-0.087,-0.076
-0.087,-0.076
-0.087,-0.076
-0.087,-0.076
-0.087,-0.076
-0.087,-0.076
-0.087,-0.076
-0.087,-0.076
-0.087,-0.076
-0.087,-0.076
-0.087,-0.076
-0.087,-0.076
-0.087,-0.076
-0.087,-0.076
-0.087,-0.076
-0.087,-0.076
-0.087,-0.076
-0.087,-0.076
-0.087,-0.076
-0.087,-0.076
-0.087,-0.076
-0.087,-0.076
-0.087,-0.076
-0.087,-0.076
-0.087,-0.076
-0.087,-0.076
-0.087,-0.076
-0.087,-0.076
-0.087,-0.076
-0.087,-0.076
-0.087,-0.076
-0.087,-0.076
-0.087,-0.076
-0.087,-0.076
-0.087,-0.076
-0.087,-0.076
-0.087,-0.076
-0.087,-0.076
-0.087,-0.076
-0.087,-0.076
-0.087,-0.076
-0.087,-0.076
-0.087,-0.076
-0.087,-0.076
-0.031,-0.076
0.0,-0.076
0.0,-0.076
0.0,-0.076
0.0,-0.076
0.0,-0.076
0.0,-0.076
0.0,-0.076
0.0,-0.076
-0.031,-0.076
-0.111,-0.02
-0.183,0.0
-0.183,0.0
-0.183,0.054
-0.183,0.138
-0.183,0.184
-0.183,0.196
-0.183,0.211
-0.183,0.251
-0.183,0.275
-0.183,0.29
-0.183,0.29
-0.183,0.29
-0.183,0.29
-0.183,0.29
-0.183,0.29
-0.183,0.29
-0.183,0.29
-0.183,0.29
-0.183,0.251
-0.183,0.235
-0.159,0.196
-0.087,0.196
-0.047,0.172
0.0,0.156
0.0,0.156
0.0,0.133
0.0,0.133
0.0,0.117
0.0,0.093
0.0,0.093
0.0,0.093
0.0,0.093
0.0,0.093
0.006,0.089
0.006,0.077
0.006,0.054
0.006,0.038
0.006,0.014
0.006,0.0
0.006,0.0
0.006,0.0
0.006,0.0
0.006,0.0
0.006,0.0
0.006,0.0
0.006,0.0
0.006,0.0
0.006,0.0
0.006,0.0
0.006,0.0
0.014,0.0
0.014,0.0
0.014,0.0
0.014,0.0
0.014,0.0
0.014,0.0
0.014,0.0
0.014,0.0
0.014,0.0
0.014,0.0
0.014,-0.012
0.014,-0.012
0.014,-0.028
0.014,-0.044
0.014,-0.06
0.014,-0.076
0.014,-0.076
0.014,-0.091
0.014,-0.107
0.014,-0.115
0.014,-0.123
0.014,-0.123
0.014,-0.139
0.014,-0.139
0.014,-0.139
0.014,-0.139
0.014,-0.155
0.014,-0.155
0.014,-0.163
0.014,-0.171
0.014,-0.171
0.014,-0.171
0.014,-0.171
0.014,-0.171
0.014,-0.171
0.014,-0.171
0.014,-0.171
0.014,-0.171
0.014,-0.171
0.014,-0.171
0.014,-0.171
0.014,-0.171
0.014,-0.171
0.014,-0.171
0.014,-0.171
0.014,-0.171
0.014,-0.171
0.014,-0.171
0.014,-0.171
0.014,-0.171
0.014,-0.171
0.014,-0.171
0.014,-0.171
0.014,-0.171
0.014,-0.171
0.014,-0.171
0.014,-0.171
0.014,-0.171
0.014,-0.171
0.014,-0.171
0.014,-0.171
0.014,-0.171
0.014,-0.171
0.014,-0.171
0.014,-0.171
0.014,-0.171
0.014,-0.171
0.014,-0.171
0.014,-0.171
0.014,-0.171
0.014,-0.171
0.014,-0.171
0.014,-0.171
0.014,-0.171
0.014,-0.171
0.014,-0.171
0.014,-0.171
0.014,-0.171
0.014,-0.171
0.014,-0.171
0.014,-0.171
0.014,-0.171
0.014,-0.171
0.014,-0.171
0.014,-0.171
0.014,-0.171
0.014,-0.171
0.014,-0.171
0.014,-0.171
0.014,-0.171
0.014,-0.171
0.014,-0.171
0.014,-0.171
0.014,-0.171
0.014,-0.171
0.014,-0.171
0.014,-0.171
0.014,-0.171
0.014,-0.171
0.014,-0.171
0.014,-0.171
0.014,-0.171
0.014,-0.171
0.014,-0.171
0.014,-0.171
0.014,-0.171
0.014,-0.171
0.014,-0.171
0.014,-0.171
0.014,-0.171
0.014,-0.171
0.014,-0.171
0.014,-0.171
0.014,-0.171
0.014,-0.171
0.014,-0.171
0.014,-0.171
0.014,-0.171
0.014,-0.171
0.014,-0.171
0.014,-0.171
0.014,-0.171
0.014,-0.171
0.014,-0.171
0.014,-0.171
0.014,-0.171
0.014,-0.171
0.014,-0.171
0.014,-0.171
0.022,-0.171
0.014,-0.171
0.054,-0.012
0.046,0.0
0.054,0.0
0.062,0.0
0.062,0.0
0.062,0.0
0.062,0.0
0.062,0.0
0.085,0.0
0.062,0.0
0.062,0.0
0.085,0.0
0.062,0.0
0.077,0.0
0.101,0.0
0.101,0.0
0.117,0.014
0.117,0.014
0.117,0.014
0.117,0.014
0.117,0.026
0.085,0.014
0.125,0.0
0.101,0.0
0.093,0.0
0.117,0.0
0.125,0.0
0.101,0.0
0.125,0.0
0.101,0.0
0.125,-0.008
0.133,-0.012
0.133,-0.012
0.133,-0.012
0.133,-0.012
0.133,-0.012
0.133,-0.012
0.133,-0.012
0.133,-0.012
0.133,-0.012
0.133,-0.012
0.133,0.0
0.133,0.0
0.133,0.0
0.133,0.0
0.14,0.0
0.164,0.0
0.196,0.0
0.211,0.0
0.211,0.0
0.211,0.0
0.211,0.0
0.211,0.0
0.211,0.014
0.172,0.038
0.093,0.077
0.046,0.117
0.006,0.133
0.0,0.172
-0.095,0.172
-0.151,0.172
-0.175,0.172
-0.239,0.172
-0.351,0.172
-0.471,0.178
-0.471,0.196
-0.439,0.211
-0.367,0.211
-0.263,0.235
-0.239,0.251
-0.247,0.275
-0.247,0.286
-0.247,0.29
-0.247,0.29
-0.247,0.29
-0.223,0.29
-0.223,0.29
-0.223,0.29
-0.223,0.29
-0.223,0.29
-0.223,0.29
-0.223,0.29
-0.263,0.302
-0.279,0.29
-0.343,0.29
-0.351,0.29
-0.367,0.29
-0.375,0.29
-0.367,0.29
-0.367,0.29
-0.367,0.29
-0.367,0.29
-0.351,0.29
-0.351,0.29
-0.375,0.29
-0.407,0.29
-0.431,0.29
-0.471,0.29
-0.439,0.29
-0.439,0.302
-0.439,0.336
-0.439,0.369
-0.439,0.393
-0.439,0.409
-0.439,0.409
-0.439,0.421
-0.439,0.432
-0.439,0.448
-0.439,0.472
-0.439,0.472
-0.439,0.472
-0.439,0.472
-0.439,0.472
-0.439,0.472
-0.439,0.472
-0.439,0.472
-0.439,0.472
-0.439,0.472
-0.439,0.472
-0.439,0.472
-0.439,0.472
-0.439,0.472
-0.439,0.472
-0.439,0.472
-0.471,0.472
-0.495,0.472
-0.559,0.472
-0.623,0.472
-0.631,0.472
-0.631,0.472
-0.631,0.472
-0.631,0.472
-0.631,0.472
-0.631,0.472
-0.631,0.472
-0.631,0.472
-0.631,0.472
-0.631,0.472
-0.631,0.472
-0.631,0.472
-0.631,0.472
-0.631,0.472
-0.631,0.472
-0.631,0.472
-0.559,0.46
-0.479,0.432
-0.407,0.432
-0.367,0.409
-0.247,0.409
-0.183,0.409
-0.111,0.409
-0.063,0.409
-0.031,0.409
0.0,0.409
-0.007,0.409
0.0,0.409
0.0,0.409
0.0,0.393
0.0,0.375
0.0,0.369
0.0,0.353
0.0,0.353
0.0,0.314
0.0,0.29
0.0,0.29
0.0,0.29
0.0,0.275
0.0,0.239
0.0,0.211
0.0,0.204
0.0,0.196
0.0,0.196
0.0,0.172
0.0,0.156
0.0,0.133
0.0,0.133
0.0,0.113
0.0,0.089
0.0,0.06
0.0,0.054
0.0,0.038
0.0,0.038
0.0,0.038
0.0,0.038
0.0,0.038
0.0,0.038
0.0,0.014
0.0,0.014
0.0,0.02
0.0,0.014
0.0,0.014
0.0,0.014
0.0,0.014
0.0,0.014
0.0,0.014
0.0,0.014
0.0,0.014
0.0,0.014
0.0,0.014
0.0,0.014
0.0,0.032
0.0,0.014
0.0,0.014
0.0,0.014
0.0,0.014
0.0,0.014
0.0,0.026
0.0,0.026
0.0,0.014
0.0,0.014
0.0,0.014
0.0,0.014
0.0,0.038
0.0,0.038
0.0,0.054
0.0,0.054
0.0,0.077
0.0,0.077
0.0,0.077
0.0,0.077
0.0,0.093
0.0,0.099
0.0,0.105
0.0,0.093
0.0,0.093
0.0,0.093
0.0,0.093
0.0,0.093
0.0,0.093
0.0,0.093
0.0,0.099
0.0,0.093
0.0,0.099
0.0,0.099
0.0,0.093
0.0,0.093
0.0,0.099
-0.087,0.093
-0.111,0.093
-0.127,0.093
-0.127,0.105
-0.127,0.093
-0.127,0.077
-0.127,0.06
-0.127,0.038
-0.127,0.038
-0.151,0.038
-0.151,0.038
-0.151,0.038
-0.159,0.038
-0.159,0.014
-0.159,0.014
-0.159,0.0
-0.159,0.0
-0.159,0.0
-0.183,0.0
-0.199,0.0
-0.199,0.0
-0.199,0.0
-0.215,0.0
-0.215,0.0
-0.223,0.0
-0.239,0.0
-0.263,0.0
-0.279,0.0
-0.279,0.0
-0.279,0.0
-0.279,0.0
-0.279,-0.04
-0.279,-0.087
-0.279,-0.123
-0.279,-0.139
-0.279,-0.171
-0.279,-0.202
-0.279,-0.246
-0.279,-0.273
-0.279,-0.313
-0.279,-0.36
-0.279,-0.408
-0.279,-0.455
-0.279,-0.455
-0.223,-0.455
-0.111,-0.455
-0.031,-0.455
-0.007,-0.455
0.0,-0.455
0.0,-0.455
0.0,-0.455
0.0,-0.455
0.0,-0.455
0.0,-0.455
0.0,-0.455
0.0,-0.455
0.0,-0.455
0.0,-0.455
0.0,-0.455
0.0,-0.455
0.0,-0.455
0.0,-0.455
0.0,-0.455
0.0,-0.455
0.0,-0.455
0.0,-0.455
0.0,-0.455
0.0,-0.455
0.0,-0.455
0.0,-0.455
0.0,-0.455
0.0,-0.455
0.0,-0.455
0.0,-0.455
0.0,-0.455
0.0,-0.455
0.0,-0.455
0.0,-0.455
0.0,-0.455
0.0,-0.455
0.0,-0.455
0.0,-0.455
0.0,-0.455
0.0,-0.455
0.0,-0.455
0.0,-0.455
0.0,-0.455
0.0,-0.455
0.0,-0.455
0.0,-0.455
0.0,-0.455
0.0,-0.455
0.0,-0.455
0.0,-0.455
0.0,-0.455
0.0,-0.455
0.0,-0.455
0.0,-0.455
0.0,-0.455
0.0,-0.455
0.0,-0.455
0.0,-0.455
0.0,-0.455
0.0,-0.455
0.0,-0.455
0.0,-0.455
0.0,-0.455
0.0,-0.455
0.0,-0.455
0.0,-0.455
0.0,-0.455
0.0,-0.455
0.0,-0.455
-0.071,-0.455
-0.087,-0.455
-0.087,-0.455
-0.087,-0.396
-0.087,-0.36
-0.087,-0.345
-0.087,-0.329
-0.087,-0.313
-0.095,-0.313
-0.071,-0.313
-0.071,-0.313
-0.071,-0.313
-0.071,-0.313
-0.071,-0.313
-0.071,-0.313
-0.071,-0.313
-0.071,-0.313
-0.071,-0.313
-0.071,-0.313
-0.071,-0.313
-0.071,-0.313
-0.071,-0.313
-0.071,-0.313
-0.071,-0.313
-0.071,-0.313
-0.071,-0.313
-0.071,-0.313
-0.071,-0.313
-0.071,-0.313
-0.071,-0.313
-0.071,-0.313
-0.071,-0.313
-0.071,-0.313
-0.071,-0.313
-0.071,-0.313
-0.071,-0.313
-0.071,-0.313
-0.071,-0.313
-0.071,-0.313
-0.071,-0.313
-0.071,-0.313
-0.071,-0.313
-0.071,-0.313
-0.071,-0.313
-0.071,-0.313
-0.071,-0.313
-0.071,-0.313
-0.071,-0.313
-0.071,-0.313
-0.071,-0.313
-0.071,-0.313
-0.071,-0.313
-0.071,-0.313
-0.031,-0.313
0.0,-0.309
0.0,-0.297
0.0,-0.297
0.0,-0.266
0.0,-0.266
0.0,-0.266
0.0,-0.262
0.0,-0.25
0.0,-0.25
0.0,-0.25
0.0,-0.25
0.0,-0.25
0.0,-0.25
0.0,-0.25
0.0,-0.25
0.0,-0.25
0.0,-0.25
0.0,-0.25
0.0,-0.25
0.0,-0.25
0.0,-0.25
0.0,-0.25
0.0,-0.25
0.0,-0.25
0.0,-0.25
0.0,-0.25
0.0,-0.25
0.0,-0.25
0.0,-0.25
0.0,-0.25
0.0,-0.25
0.0,-0.25
0.0,-0.25
0.0,-0.25
0.0,-0.25
0.0,-0.25
0.0,-0.25
0.0,-0.25
0.0,-0.25
0.0,-0.25
0.0,-0.25
0.0,-0.25
0.0,-0.25
0.0,-0.25
0.0,-0.25
0.0,-0.25
0.0,-0.25
0.0,-0.25
0.0,-0.25
0.0,-0.25
0.0,-0.25
0.0,-0.25
0.0,-0.25
0.0,-0.25
0.0,-0.25
0.0,-0.25
0.0,-0.25
0.0,-0.25
0.0,-0.25
0.0,-0.25
0.0,-0.25
0.0,-0.25
0.0,-0.25
0.0,-0.25
0.0,-0.25
0.0,-0.25
0.0,-0.25
0.0,-0.25
0.0,-0.25
0.0,-0.25
0.0,-0.25
0.0,-0.25
0.0,-0.25
0.0,-0.25
0.0,-0.25
0.0,-0.25
0.0,-0.25
0.0,-0.25
0.0,-0.25
0.0,-0.25
0.0,-0.25
0.0,-0.25
0.0,-0.25
0.0,-0.25
0.0,-0.25
0.0,-0.25
0.0,-0.25
0.0,-0.25
0.0,-0.25
0.0,-0.25
0.0,-0.25
0.0,-0.25
0.0,-0.25
0.0,-0.25
0.0,-0.25
0.0,-0.25
0.0,-0.25
0.0,-0.25
0.0,-0.25
0.0,-0.25
0.0,-0.25
0.0,-0.25
0.0,-0.25
0.0,-0.25
0.0,-0.25
0.0,-0.25
0.0,-0.25
0.0,-0.25
0.0,-0.25
0.0,-0.25
0.0,-0.25
0.0,-0.25
0.0,-0.25
0.0,-0.25
0.0,-0.25
0.0,-0.25
0.0,-0.25
0.0,-0.25
0.0,-0.25
0.0,-0.25
0.0,-0.25
0.0,-0.25
0.0,-0.25
0.0,-0.25
0.0,-0.186
0.0,-0.135
0.0,0.0
0.006,0.0
0.054,0.042
0.164,0.138
0.188,0.196
0.188,0.211
0.188,0.251
0.188,0.269
0.188,0.29
0.196,0.314
0.211,0.353
0.243,0.369
0.29,0.369
0.322,0.369
0.346,0.381
0.322,0.369
0.346,0.393
0.346,0.393
0.385,0.369
0.401,0.369
0.417,0.369
0.417,0.369
0.424,0.369
0.424,0.369
0.424,0.369
0.432,0.375
0.432,0.369
0.432,0.369
0.432,0.375
0.432,0.369
0.44,0.393
0.44,0.369
0.44,0.375
0.456,0.369
0.488,0.369
0.495,0.369
0.495,0.369
0.495,0.393
0.495,0.369
0.495,0.375
0.495,0.369
0.495,0.375
0.495,0.375
0.495,0.369
0.495,0.369
0.495,0.369
0.495,0.381
0.495,0.369
0.495,0.369
0.495,0.387
0.495,0.393
0.495,0.369
0.495,0.369
0.495,0.381
0.495,0.369
0.495,0.375
0.495,0.369
0.495,0.381
0.495,0.369
0.495,0.369
0.495,0.375
0.495,0.369
0.495,0.369
0.495,0.369
0.495,0.393
0.495,0.369
0.495,0.369
0.495,0.369
0.495,0.369
0.495,0.393
0.495,0.369
0.495,0.369
0.495,0.369
0.495,0.357
0.456,0.314
0.393,0.29
0.353,0.251
0.338,0.211
0.314,0.196
0.235,0.196
0.204,0.172
0.188,0.156
0.164,0.133
0.156,0.117
0.14,0.093
0.14,0.077
0.133,0.054
0.117,0.054
0.101,0.038
0.101,0.038
0.093,0.014
0.085,0.0
0.062,0.0
0.054,0.0
0.038,0.0
0.038,0.0
0.022,0.0
0.014,0.0
0.006,0.0
0.006,0.0
0.006,0.0
0.006,0.0
0.006,0.0
0.006,0.0
0.006,0.0
0.006,0.0
0.006,0.0
0.006,0.0
0.038,0.0
0.062,0.0
0.133,0.0
0.164,0.0
0.188,0.0
0.188,0.0
0.172,0.0
0.172,0.0
0.172,0.0
0.172,0.0
0.172,0.0
0.172,0.0
0.172,0.0
0.172,0.0
0.172,0.0
0.172,0.0
0.172,0.0
0.172,0.0
0.172,0.0
0.172,0.0
0.172,0.0
0.172,0.0
0.172,0.014
0.172,0.054
0.172,0.093
0.172,0.117
0.172,0.133
0.172,0.133
0.172,0.133
0.172,0.133
0.172,0.156
0.172,0.156
0.172,0.156
0.172,0.156
0.172,0.156
0.172,0.156
0.172,0.156
0.172,0.156
0.172,0.156
0.172,0.156
0.172,0.156
0.172,0.156
0.172,0.156
0.172,0.156
0.172,0.156
0.172,0.156
0.172,0.156
0.172,0.156
0.172,0.156
0.172,0.156
0.172,0.156
0.172,0.156
0.172,0.156
0.172,0.156
0.172,0.156
0.172,0.156
0.172,0.156
0.172,0.156
0.172,0.156
0.172,0.156
0.172,0.156
0.172,0.156
0.172,0.156
0.172,0.156
0.172,0.156
0.172,0.156
0.172,0.156
0.172,0.156
0.172,0.156
0.172,0.156
0.172,0.156
0.172,0.156
0.172,0.156
0.172,0.156
0.172,0.156
0.172,0.156
0.172,0.156
0.172,0.156
0.172,0.156
0.172,0.156
0.172,0.156
0.172,0.156
0.172,0.156
0.172,0.156
0.172,0.156
0.172,0.156
0.172,0.156
0.172,0.156
0.172,0.156
0.172,0.156
0.172,0.156
0.172,0.156
0.172,0.156
0.172,0.133
0.172,0.117
0.172,0.085
0.172,0.054
0.172,0.038
0.14,0.038
0.133,0.014
0.101,0.014
0.077,0.014
0.046,0.014
0.046,0.026
0.038,0.014
0.006,0.014
0.006,0.014
0.006,0.014
0.006,0.014
0.006,0.014
0.006,0.014
0.006,0.0
0.006,0.0
0.006,0.0
0.006,0.0
0.006,0.0
0.006,-0.004
0.006,-0.012
0.006,-0.036
0.006,-0.076
0.006,-0.076
0.006,-0.107
0.006,-0.139
0.006,-0.151
0.006,-0.171
0.0,-0.234
0.0,-0.266
0.0,-0.281
0.0,-0.297
0.0,-0.313
0.0,-0.313
0.0,-0.313
0.0,-0.313
0.0,-0.313
0.0,-0.313
0.0,-0.313
0.0,-0.313
0.0,-0.313
0.0,-0.313
0.0,-0.313
0.0,-0.313
0.0,-0.313
0.0,-0.313
0.0,-0.313
0.0,-0.313
0.0,-0.313
0.0,-0.313
0.0,-0.313
0.0,-0.313
0.0,-0.313
0.0,-0.313
0.0,-0.313
0.0,-0.313
0.0,-0.313
0.0,-0.313
0.0,-0.313
0.0,-0.313
0.0,-0.313
0.0,-0.313
0.0,-0.313
0.0,-0.313
0.0,-0.313
0.0,-0.313
0.0,-0.313
0.0,-0.313
0.0,-0.246
0.0,-0.171
0.0,-0.087
0.0,-0.004
0.0,0.0
0.0,0.0
0.0,0.0
0.0,0.0
0.0,0.0
0.0,0.0
0.0,0.0
-0.071,0.0
-0.127,0.111
-0.151,0.19
-0.183,0.211
-0.247,0.211
-0.303,0.211
-0.351,0.211
-0.439,0.211
-0.479,0.217
-0.495,0.251
-0.495,0.279
-0.519,0.29
-0.567,0.29
-0.583,0.29
-0.583,0.29
-0.591,0.29
-0.591,0.29
-0.591,0.29
-0.591,0.29
-0.591,0.302
-0.591,0.29
-0.591,0.29
-0.591,0.29
-0.591,0.29
-0.591,0.29
-0.591,0.29
-0.591,0.29
-0.591,0.29
-0.591,0.302
-0.591,0.302
-0.591,0.29
-0.591,0.29
-0.591,0.29
-0.591,0.302
-0.591,0.29
-0.591,0.275
-0.591,0.275
-0.591,0.275
-0.591,0.251
-0.591,0.251
-0.591,0.251
-0.591,0.235
-0.591,0.235
-0.591,0.235
-0.591,0.211
-0.591,0.211
-0.591,0.211
-0.591,0.211
-0.591,0.211
-0.567,0.211
-0.471,0.211
-0.455,0.211
-0.471,0.211
-0.471,0.211
-0.471,0.211
-0.471,0.211
-0.471,0.211
-0.471,0.211
-0.471,0.211
-0.471,0.211
-0.439,0.211
-0.439,0.211
-0.431,0.211
-0.431,0.211
-0.431,0.211
-0.431,0.211
-0.455,0.211
-0.455,0.211
-0.455,0.211
-0.455,0.211
-0.431,0.211
-0.431,0.211
-0.439,0.211
-0.439,0.211
-0.439,0.211
-0.415,0.211
-0.415,0.211
-0.415,0.211
-0.415,0.211
-0.415,0.211
-0.415,0.211
-0.407,0.211
-0.391,0.211
-0.391,0.211
-0.391,0.211
-0.391,0.211
-0.391,0.211
-0.391,0.211
-0.351,0.211
-0.351,0.211
-0.327,0.211
-0.327,0.211
-0.343,0.211
-0.343,0.211
-0.311,0.211
-0.343,0.211
-0.343,0.211
-0.343,0.211
-0.343,0.211
-0.343,0.211
-0.343,0.211
-0.343,0.211
-0.311,0.211
-0.311,0.211
-0.303,0.207
-0.287,0.211
-0.279,0.211
-0.263,0.211
-0.247,0.211
-0.247,0.211
-0.247,0.211
-0.247,0.211
-0.247,0.211
-0.199,0.211
-0.183,0.211
-0.175,0.211
-0.159,0.211
-0.151,0.211
-0.127,0.211
-0.111,0.211
-0.127,0.211
-0.127,0.211
-0.127,0.211
-0.095,0.211
-0.095,0.211
-0.087,0.211
-0.095,0.211
-0.095,0.211
-0.095,0.211
-0.095,0.211
-0.095,0.211
-0.095,0.211
-0.071,0.211
-0.071,0.211
-0.071,0.211
-0.071,0.211
-0.063,0.211
-0.047,0.211
-0.023,0.211
0.0,0.211
0.0,0.211
0.0,0.211
0.0,0.211
0.0,0.211
0.0,0.211
0.0,0.211
0.0,0.211
0.0,0.211
0.0,0.211
0.0,0.211
0.0,0.211
0.0,0.211
0.0,0.211
0.0,0.211
0.0,0.211
0.0,0.211
0.0,0.211
0.0,0.211
0.0,0.211
0.0,0.211
0.0,0.211
0.0,0.211
0.0,0.211
0.0,0.211
0.0,0.211
0.0,0.211
0.0,0.211
0.0,0.211
0.0,0.211
0.0,0.211
0.0,0.211
0.0,0.211
0.0,0.211
0.0,0.211
0.0,0.196
-0.063,0.196
-0.071,0.196
-0.095,0.172
-0.095,0.172
-0.127,0.133
-0.135,0.133
-0.151,0.133
-0.151,0.133
-0.183,0.144
-0.239,0.196
-0.239,0.243
-0.247,0.279
-0.247,0.322
-0.223,0.369
-0.223,0.409
-0.247,0.444
-0.279,0.448
-0.287,0.488
-0.287,0.511
-0.287,0.511
-0.303,0.527
-0.303,0.527
-0.303,0.527
-0.311,0.527
-0.311,0.527
-0.311,0.527
-0.311,0.527
-0.311,0.488
-0.311,0.472
-0.311,0.432
-0.311,0.409
-0.311,0.353
-0.311,0.302
-0.311,0.302
-0.311,0.275
-0.311,0.251
-0.239,0.235
-0.135,0.211
-0.063,0.196
-0.023,0.196
0.0,0.138
0.0,0.054
0.0,0.014
0.0,0.0
0.0,0.0
0.0,0.0
0.0,0.0
0.0,0.0
0.0,0.0
0.0,0.0
0.0,0.0
0.0,0.0
0.0,0.0
0.0,0.0
0.0,0.0
0.0,0.0
-0.031,0.0
-0.087,0.0
-0.095,0.0
-0.127,0.0
-0.135,0.0
-0.151,0.0
-0.159,0.0
-0.175,0.0
-0.183,0.0
-0.199,0.0
-0.215,0.0
-0.223,0.0
-0.239,0.0
-0.239,0.0
-0.247,0.0
-0.247,0.0
-0.247,0.0
-0.247,0.0
-0.247,0.0
-0.247,0.0
-0.247,0.0
-0.247,0.0
-0.247,0.0
-0.247,0.0
-0.247,0.0
-0.247,0.0
-0.247,0.0
-0.247,0.0
-0.247,0.0
-0.247,0.0
-0.247,0.0
-0.247,0.0
-0.247,0.0
-0.247,0.0
-0.247,0.0
-0.247,0.0
-0.247,0.0
-0.247,0.0
-0.263,0.0
-0.263,0.0
-0.263,0.0
-0.263,0.0
-0.263,0.0
-0.263,0.0
-0.263,0.0
-0.263,0.0
-0.263,0.0
-0.263,0.0
-0.263,0.0
-0.263,0.0
-0.263,0.0
-0.263,0.0
-0.263,0.0
-0.263,0.0
-0.263,0.0
-0.263,0.0
-0.263,0.0
-0.263,0.0
-0.263,0.0
-0.263,0.0
-0.279,0.0
-0.351,0.0
-0.375,0.0
-0.375,0.0
-0.375,0.0
-0.375,0.0
-0.375,0.0
-0.375,0.0
-0.375,0.0
-0.375,0.0
-0.375,0.0
-0.375,0.0
-0.375,0.0
-0.375,0.0
-0.375,0.0
-0.375,0.0
-0.375,0.0
-0.375,0.0
-0.375,0.0
-0.375,0.0
-0.375,0.0
-0.375,0.0
-0.375,0.0
-0.375,0.0
-0.375,0.0
-0.375,0.0
-0.375,0.0
-0.375,0.0
-0.375,0.0
-0.375,0.0
-0.375,0.0
-0.375,0.0
-0.375,0.0
-0.375,0.0
-0.375,0.0
-0.375,0.0
-0.375,0.0
-0.375,0.0
-0.375,0.0
-0.375,0.0
-0.351,0.0
-0.351,0.0
-0.351,0.0
-0.351,0.0
-0.351,0.0
-0.351,0.0
-0.351,0.0
-0.351,0.0
-0.351,0.0
-0.351,0.0
-0.351,0.0
-0.351,0.0
-0.351,0.0
-0.351,0.0
-0.351,0.0
-0.351,0.0
-0.351,0.0
-0.351,0.0
-0.351,0.0
-0.351,0.0
-0.279,0.0
-0.263,0.0
-0.263,0.0
-0.263,0.0
-0.263,0.0
-0.263,0.0
-0.263,0.0
-0.263,0.0
-0.263,0.0
-0.263,0.0
-0.263,0.0
-0.263,0.0
-0.263,0.0
-0.263,0.0
-0.263,0.0
-0.263,0.0
-0.263,0.0
-0.263,0.0
-0.263,0.0
-0.263,0.0
-0.263,0.0
-0.263,0.0
-0.239,0.0
-0.215,0.0
-0.239,0.0
-0.239,0.0
-0.199,0.018
-0.151,0.172
0.0,0.211
0.006,0.269
0.046,0.29
0.172,0.369
0.211,0.369
0.211,0.381
0.211,0.369
0.322,0.369
0.456,0.369
0.495,0.369
0.495,0.369
0.511,0.369
0.582,0.393
0.59,0.393
0.59,0.393
0.59,0.393
0.59,0.393
0.59,0.393
0.59,0.393
0.59,0.393
0.59,0.393
0.59,0.393
0.59,0.393
0.59,0.393
0.59,0.393
0.59,0.393
0.59,0.393
0.59,0.393
0.59,0.393
0.59,0.393
0.59,0.409
0.59,0.365
0.59,0.314
0.59,0.314
0.535,0.296
0.456,0.296
0.424,0.29
0.432,0.29
0.424,0.29
0.424,0.275
0.424,0.275
0.424,0.275
0.424,0.251
0.424,0.251
0.424,0.235
0.424,0.235
0.424,0.235
0.424,0.235
0.424,0.235
0.424,0.211
0.424,0.211
0.424,0.211
0.424,0.211
0.424,0.211
0.424,0.211
0.424,0.211
0.424,0.211
0.424,0.211
0.424,0.211
0.424,0.211
0.424,0.211
0.424,0.211
0.424,0.211
0.417,0.211
0.377,0.211
0.353,0.211
0.322,0.211
0.306,0.211
0.275,0.211
0.267,0.211
0.251,0.211
0.251,0.211
0.275,0.211
0.211,0.211
0.204,0.211
0.196,0.211
0.188,0.211
0.172,0.211
0.164,0.211
0.156,0.211
0.156,0.211
0.156,0.211
0.14,0.211
0.14,0.211
0.14,0.211
0.14,0.211
0.14,0.211
0.14,0.211
0.14,0.211
0.133,0.211
0.077,0.172
0.062,0.172
0.062,0.172
0.062,0.156
0.062,0.156
0.062,0.156
0.062,0.156
0.062,0.156
0.062,0.156
0.062,0.156
0.062,0.156
0.093,0.156
0.101,0.156
0.14,0.156
0.164,0.156
0.188,0.156
0.188,0.156
0.188,0.156
0.188,0.156
0.188,0.156
0.188,0.156
0.188,0.156
0.188,0.156
0.188,0.156
0.188,0.156
0.188,0.156
0.188,0.156
0.188,0.156
0.188,0.156
0.188,0.156
0.156,0.156
0.14,0.156
0.125,0.156
0.125,0.156
0.125,0.156
0.117,0.156
0.101,0.156
0.101,0.156
0.101,0.156
0.101,0.156
0.101,0.156
0.101,0.156
0.101,0.156
0.101,0.156
0.101,0.156
0.101,0.133
0.101,0.133
0.101,0.117
0.101,0.093
0.101,0.093
0.101,0.071
0.101,0.054
0.101,0.038
0.101,0.038
0.101,0.038
0.101,0.038
0.101,0.038
0.101,0.038
0.101,0.038
0.101,0.038
0.101,0.038
0.101,0.038
0.101,0.038
0.101,0.038
0.101,0.038
0.101,0.038
0.101,0.038
0.101,0.038
0.101,0.038
0.101,0.038
0.101,0.038
0.101,0.038
0.101,0.038
0.101,0.038
0.101,0.038
0.101,0.038
0.101,0.038
0.101,0.038
0.101,0.038
0.101,0.038
0.101,0.038
0.101,0.038
0.101,0.038
0.101,0.038
0.101,0.038
0.101,0.038
0.101,0.038
0.101,0.038
0.101,0.038
0.101,0.038
0.101,0.038
0.101,0.038
0.101,0.038
0.101,0.038
0.101,0.038
0.101,0.038
0.101,0.038
0.101,0.038
0.101,0.038
0.101,0.038
0.101,0.038
0.101,0.038
0.101,0.038
0.062,0.038
0.038,0.038
0.014,0.038
0.006,0.038
0.0,0.077
0.0,0.093
0.0,0.117
0.0,0.117
0.0,0.117
0.0,0.117
0.0,0.117
0.0,0.117
0.0,0.117
0.0,0.117
0.0,0.117
0.0,0.117
0.0,0.117
0.0,0.117
0.0,0.117
0.0,0.117
0.0,0.117
0.0,0.117
0.0,0.117
0.0,0.081
0.0,0.038
0.0,0.032
0.0,0.014
0.0,0.0
0.0,0.0
0.0,0.0
0.0,0.0
0.0,0.0
0.0,0.0
0.0,0.0
0.0,-0.012
0.0,-0.028
0.0,-0.04
0.0,-0.044
0.0,-0.06
0.0,-0.076
0.0,-0.08
0.0,-0.091
0.0,-0.107
0.0,-0.123
0.0,-0.123
0.0,-0.139
0.0,-0.139
0.0,-0.139
0.0,-0.139
0.0,-0.155
0.0,-0.163
0.0,-0.171
0.0,-0.171
0.0,-0.171
0.0,-0.171
0.0,-0.174
0.0,-0.186
0.0,-0.186
0.0,-0.186
0.0,-0.186
0.0,-0.186
0.0,-0.186
0.0,-0.186
0.0,-0.186
0.0,-0.186
0.0,-0.186
0.0,-0.186
0.0,-0.186
0.0,-0.186
0.0,-0.186
0.0,-0.186
0.0,-0.186
0.0,-0.186
0.0,-0.186
0.0,-0.186
0.0,-0.186
0.0,-0.186
0.0,-0.186
0.0,-0.186
0.0,-0.186
0.0,-0.186
0.0,-0.186
0.0,-0.186
0.0,-0.186
0.0,-0.186
0.0,-0.186
0.0,-0.186
0.0,-0.186
0.0,-0.186
0.0,-0.186
0.0,-0.186
0.0,-0.186
0.0,-0.186
0.0,-0.186
0.0,-0.186
0.0,-0.186
0.0,-0.186
0.0,-0.186
0.0,-0.186
0.0,-0.186
0.0,-0.186
0.0,-0.186
0.0,-0.186
0.0,-0.186
0.0,-0.186
0.0,-0.186
0.0,-0.186
0.0,-0.186
0.0,-0.186
0.0,-0.186
0.0,-0.186
0.0,-0.186
0.0,-0.186
0.0,-0.186
0.0,-0.186
0.0,-0.186
0.0,-0.186
0.0,-0.186
0.0,-0.202
0.0,-0.202
0.0,-0.202
0.0,-0.202
0.0,-0.202
0.0,-0.202
0.0,-0.202
0.0,-0.202
0.0,-0.202
0.0,-0.202
0.0,-0.202
0.0,-0.202
0.0,-0.218
0.0,-0.218
0.0,-0.218
0.0,-0.218
0.0,-0.218
0.0,-0.218
0.0,-0.218
0.0,-0.218
0.0,-0.218
0.0,-0.218
0.0,-0.218
0.0,-0.218
0.0,-0.218
0.0,-0.218
0.0,-0.218
0.0,-0.218
0.0,-0.218
0.0,-0.218
0.0,-0.218
0.0,-0.218
0.0,-0.218
0.0,-0.218
0.0,-0.218
0.0,-0.218
0.0,-0.218
0.0,-0.218
0.0,-0.218
0.0,-0.218
0.0,-0.218
0.0,-0.218
0.0,-0.218
0.0,-0.119
0.0,0.0
0.0,0.0
0.0,0.0
0.0,0.0
0.0,0.0
0.0,0.0
0.0,0.0
0.0,0.0
0.0,0.0
0.0,0.0
0.0,0.0
0.0,0.0
-0.063,0.0
-0.095,0.0
-0.111,0.0
-0.111,0.0
-0.111,0.0
-0.111,0.0
-0.111,0.0
-0.111,0.0
-0.111,0.0
-0.111,0.0
-0.111,0.0
-0.111,0.0
-0.111,0.0
-0.111,0.0
-0.111,0.0
-0.111,0.0
-0.111,0.0
-0.111,0.0
-0.111,0.0
-0.111,0.0
-0.111,0.0
-0.111,0.0
-0.111,0.0
-0.111,0.0
-0.111,0.0
-0.111,0.0
-0.111,0.0
-0.111,0.0
-0.111,0.0
-0.111,0.0
-0.111,0.0
-0.111,-0.016
-0.111,-0.06
-0.111,-0.091
-0.111,-0.107
-0.111,-0.107
-0.111,-0.107
-0.111,-0.107
-0.111,-0.107
-0.111,-0.107
-0.111,-0.107
-0.111,-0.107
-0.111,-0.123
-0.111,-0.123
-0.111,-0.123
-0.111,-0.139
-0.111,-0.139
-0.111,-0.139
-0.111,-0.139
-0.111,-0.139
-0.135,-0.139
-0.151,-0.139
-0.175,-0.139
-0.215,-0.139
-0.223,-0.139
-0.223,-0.139
-0.223,-0.091
-0.223,0.0
-0.223,0.0
-0.215,0.05
-0.215,0.211
-0.215,0.275
-0.215,0.29
-0.215,0.33
-0.215,0.33
-0.215,0.33
-0.215,0.33
-0.215,0.33
-0.215,0.33
-0.215,0.33
-0.215,0.33
-0.215,0.29
-0.215,0.282
-0.215,0.211
-0.215,0.178
-0.215,0.129
-0.215,0.065
-0.215,0.0
-0.215,0.0
-0.215,0.0
-0.215,0.0
-0.215,0.0
-0.215,0.0
-0.215,0.0
-0.215,0.0
-0.215,0.0
-0.215,0.0
-0.215,0.0
-0.215,0.0
-0.215,0.0
-0.215,0.0
-0.215,0.0
-0.159,0.0
-0.095,0.0
-0.071,0.0
0.0,0.0
0.0,0.0
0.0,0.0
0.0,0.0
0.0,0.0
0.0,0.0
0.0,0.0
0.0,0.0
0.0,0.0
0.0,0.0
0.0,0.0
0.0,0.0
0.0,0.0
0.0,0.0
0.0,0.0
0.0,0.0
0.0,0.0
0.0,0.0
0.0,0.0
0.0,0.0
0.0,0.0
0.0,0.0
0.0,0.014
0.0,0.054
0.0,0.077
0.0,0.093
0.0,0.111
0.0,0.117
0.0,0.117
0.0,0.117
0.0,0.117
0.0,0.117
0.0,0.117
0.0,0.117
0.0,0.117
0.0,0.117
0.0,0.117
0.0,0.117
0.0,0.117
-0.071,0.117
-0.215,0.117
-0.279,0.117
-0.391,0.117
-0.479,0.117
-0.519,0.117
-0.519,0.117
-0.519,0.117
-0.519,0.117
-0.519,0.156
-0.519,0.243
-0.519,0.381
-0.519,0.472
-0.519,0.488
-0.519,0.511
-0.519,0.511
-0.519,0.511
-0.519,0.511
-0.519,0.511
-0.519,0.511
-0.519,0.511
-0.495,0.472
-0.495,0.472
-0.495,0.472
-0.455,0.454
-0.415,0.448
-0.415,0.432
-0.415,0.409
-0.415,0.409
-0.415,0.393
-0.415,0.369
-0.415,0.369
-0.415,0.353
-0.415,0.33
-0.415,0.314
-0.415,0.314
-0.415,0.314
-0.415,0.29
-0.415,0.29
-0.415,0.29
-0.415,0.29
-0.415,0.29
-0.407,0.29
-0.407,0.29
-0.375,0.29
-0.367,0.29
-0.367,0.29
-0.367,0.29
-0.367,0.29
-0.367,0.29
-0.367,0.29
-0.367,0.29
-0.367,0.29
-0.367,0.29
-0.367,0.29
-0.367,0.29
-0.367,0.29
-0.367,0.29
-0.367,0.29
-0.367,0.29
-0.367,0.29
-0.367,0.29
-0.367,0.29
-0.367,0.29
-0.367,0.29
-0.367,0.29
-0.367,0.29
-0.367,0.302
-0.367,0.29
-0.367,0.29
-0.367,0.322
-0.367,0.369
-0.367,0.369
-0.367,0.369
-0.367,0.369
-0.367,0.369
-0.367,0.387
-0.367,0.393
-0.367,0.393
-0.367,0.393
-0.367,0.393
-0.367,0.409
-0.367,0.415
-0.367,0.432
-0.367,0.448
-0.367,0.448
-0.367,0.448
-0.367,0.454
-0.367,0.472
-0.367,0.472
-0.367,0.472
-0.367,0.472
-0.367,0.472
-0.367,0.472
-0.367,0.472
-0.367,0.472
-0.367,0.472
-0.367,0.472
-0.367,0.472
-0.367,0.472
-0.367,0.472
-0.367,0.472
-0.367,0.472
-0.367,0.472
-0.367,0.472
-0.367,0.472
-0.367,0.472
-0.367,0.472
-0.367,0.472
-0.367,0.472
-0.367,0.472
-0.367,0.472
-0.367,0.472
-0.367,0.472
-0.367,0.46
-0.367,0.472
-0.367,0.472
-0.367,0.472
-0.367,0.472
-0.367,0.472
-0.367,0.472
-0.367,0.472
-0.391,0.472
-0.439,0.466
-0.439,0.472
-0.439,0.472
-0.455,0.472
-0.471,0.472
-0.471,0.472
-0.479,0.472
-0.503,0.472
-0.479,0.472
-0.503,0.515
-0.503,0.527
-0.503,0.567
-0.503,0.567
-0.503,0.567
-0.503,0.567
-0.503,0.567
-0.503,0.567
-0.535,0.567
-0.543,0.567
-0.567,0.567
-0.567,0.572
-0.583,0.59
-0.591,0.59
-0.591,0.59
-0.607,0.59
-0.623,0.59
-0.623,0.598
-0.623,0.606
-0.623,0.606
-0.631,0.606
-0.631,0.606
-0.631,0.606
-0.631,0.606
-0.631,0.606
-0.631,0.606
-0.631,0.606
-0.631,0.606
-0.631,0.59
-0.631,0.539
-0.631,0.511
-0.631,0.494
-0.631,0.488
-0.631,0.472
-0.631,0.472
-0.631,0.472
-0.631,0.472
-0.631,0.472
-0.631,0.472
-0.631,0.472
-0.631,0.472
-0.631,0.472
-0.631,0.472
-0.631,0.472
-0.631,0.472
-0.631,0.472
-0.631,0.472
-0.631,0.472
-0.631,0.472
-0.631,0.472
-0.631,0.472
-0.631,0.472
-0.631,0.472
-0.631,0.472
-0.631,0.472
-0.631,0.472
-0.631,0.472
-0.631,0.472
-0.631,0.472
-0.631,0.472
-0.631,0.472
-0.631,0.472
-0.631,0.472
-0.631,0.472
-0.631,0.472
-0.631,0.472
-0.631,0.472
-0.647,0.472
-0.671,0.472
-0.751,0.472
-0.839,0.472
-0.879,0.472
-0.879,0.472
-0.879,0.472
-0.879,0.472
-0.879,0.472
-0.879,0.472
-0.879,0.472
-0.879,0.472
-0.879,0.472
-0.879,0.472
-0.879,0.472
-0.879,0.472
-0.879,0.472
-0.911,0.472
-0.927,0.472
-0.943,0.472
-0.943,0.472
-0.943,0.472
-0.943,0.472
-0.943,0.472
-0.943,0.472
-0.943,0.511
-0.943,0.527
-0.943,0.527
-0.943,0.527
-0.943,0.527
-0.903,0.527
-0.543,0.527
-0.071,0.527
0.0,0.527
0.188,0.527
0.314,0.527
0.393,0.527
0.495,0.527
0.495,0.527
0.495,0.527
0.495,0.539
0.495,0.567
0.44,0.598
0.393,0.63
0.385,0.645
0.377,0.645
0.377,0.645
0.377,0.645
0.377,0.645
0.377,0.645
0.377,0.645
0.377,0.645
0.377,0.645
0.353,0.645
0.338,0.645
0.322,0.645
0.314,0.645
0.29,0.645
0.29,0.645
0.306,0.645
0.314,0.645
0.29,0.645
0.267,0.645
0.267,0.645
0.267,0.645
0.267,0.645
0.251,0.669
0.251,0.709
0.251,0.709
0.251,0.709
0.251,0.724
0.251,0.724
0.251,0.724
0.251,0.724
0.251,0.724
0.251,0.724
0.251,0.724
0.251,0.724
0.251,0.724
0.251,0.724
0.251,0.724
0.251,0.724
0.251,0.724
0.251,0.724
0.251,0.724
0.251,0.724
0.251,0.724
0.251,0.724
0.251,0.724
0.251,0.724
0.251,0.724
0.251,0.724
0.251,0.724
0.251,0.724
0.251,0.724
0.251,0.724
0.251,0.724
0.251,0.724
0.251,0.724
0.251,0.724
0.251,0.724
0.251,0.724
0.251,0.724
0.251,0.724
0.251,0.724
0.251,0.724
0.251,0.724
0.251,0.724
0.251,0.681
0.251,0.645
0.251,0.594
0.251,0.567
0.251,0.527
0.251,0.527
0.251,0.527
0.251,0.527
0.251,0.519
0.251,0.511
0.243,0.511
0.243,0.488
0.227,0.488
0.227,0.488
0.227,0.488
0.227,0.488
0.227,0.488
0.227,0.488
0.227,0.488
0.227,0.488
0.227,0.488
0.227,0.448
0.227,0.448
0.227,0.448
0.227,0.436
0.227,0.432
0.227,0.409
0.227,0.409
0.227,0.409
0.227,0.409
0.227,0.409
0.227,0.393
0.227,0.393
0.227,0.393
0.227,0.393
0.227,0.369
0.227,0.369
0.227,0.369
0.227,0.369
0.227,0.357
0.227,0.353
0.227,0.353
0.227,0.353
0.227,0.33
0.227,0.33
0.227,0.314
0.227,0.314
0.227,0.314
0.227,0.314
0.227,0.314
0.227,0.314
0.227,0.314
0.227,0.314
0.227,0.314
0.227,0.314
0.227,0.314
0.227,0.314
0.227,0.314
0.227,0.314
0.227,0.314
0.227,0.314
0.227,0.314
0.227,0.314
0.227,0.314
0.227,0.314
0.227,0.314
0.227,0.314
0.227,0.314
0.227,0.314
0.227,0.314
0.227,0.314
0.227,0.314
0.251,0.44
0.251,0.48
0.251,0.511
0.251,0.539
0.251,0.551
0.251,0.551
0.267,0.533
0.251,0.551
0.251,0.551
0.251,0.527
0.251,0.472
0.251,0.44
0.251,0.409
0.251,0.409
0.251,0.393
0.251,0.393
0.251,0.393
0.251,0.393
0.251,0.369
0.251,0.369
0.251,0.369
0.251,0.369
0.251,0.369
0.251,0.369
0.251,0.369
0.196,0.369
0.133,0.369
0.054,0.369
0.022,0.369
0.046,0.369
0.046,0.369
0.046,0.369
0.046,0.369
0.046,0.369
0.014,0.369
0.014,0.369
0.006,0.369
0.0,0.369
0.0,0.369
0.0,0.369
0.0,0.369
0.0,0.369
0.0,0.369
0.0,0.369
0.0,0.369
0.0,0.369
0.0,0.369
0.0,0.369
0.0,0.369
0.0,0.369
0.0,0.369
0.0,0.369
0.0,0.369
0.0,0.369
0.0,0.369
0.0,0.369
0.0,0.369
0.0,0.369
0.022,0.369
0.046,0.369
0.054,0.369
0.062,0.369
0.077,0.369
0.054,0.369
0.085,0.369
0.093,0.369
0.101,0.369
0.117,0.369
0.117,0.369
0.117,0.369
0.117,0.375
0.117,0.369
0.117,0.369
0.117,0.369
0.117,0.369
0.117,0.369
0.117,0.369
0.117,0.369
0.117,0.369
0.085,0.369
0.038,0.375
0.038,0.369
0.046,0.369
0.046,0.369
0.046,0.369
0.046,0.365
0.046,0.342
0.014,0.314
0.014,0.29
0.014,0.296
0.006,0.275
0.006,0.247
0.006,0.211
0.006,0.211
0.006,0.211
0.006,0.211
0.006,0.211
0.006,0.204
0.006,0.211
0.0,0.211
0.0,0.211
0.0,0.196
0.0,0.196
0.0,0.196
0.0,0.196
0.0,0.196
0.022,0.196
0.077,0.196
0.14,0.196
0.172,0.196
0.204,0.196
0.211,0.196
0.211,0.196
0.211,0.196
0.211,0.196
0.211,0.196
0.211,0.196
0.211,0.206
0.211,0.332
0.211,0.426
0.227,0.448
0.227,0.472
0.243,0.472
0.275,0.472
0.306,0.472
0.338,0.472
0.346,0.472
0.353,0.482
0.353,0.511
0.353,0.523
0.353,0.551
0.353,0.567
0.353,0.567
0.353,0.567
0.361,0.567
0.361,0.572
0.361,0.567
0.377,0.567
0.377,0.567
0.377,0.567
0.353,0.567
0.353,0.567
0.377,0.567
0.353,0.567
0.377,0.567
0.377,0.551
0.353,0.488
0.353,0.432
0.361,0.393
0.361,0.314
0.361,0.314
0.353,0.29
0.353,0.29
0.353,0.29
0.353,0.29
0.353,0.29
0.353,0.29
0.353,0.29
0.353,0.29
0.353,0.29
0.353,0.29
0.353,0.251
0.353,0.275
0.353,0.275
0.353,0.257
0.353,0.251
0.353,0.235
0.353,0.235
0.353,0.211
0.353,0.211
0.353,0.211
0.353,0.196
0.353,0.196
0.353,0.196
0.353,0.172
0.353,0.172
0.353,0.172
0.353,0.156
0.353,0.156
0.353,0.156
0.353,0.156
0.353,0.156
0.353,0.156
0.353,0.138
0.353,0.144
0.353,0.15
0.353,0.133
0.353,0.133
0.353,0.15
0.353,0.133
0.353,0.133
0.353,0.133
0.353,0.133
0.353,0.133
0.353,0.133
0.353,0.133
0.353,0.133
0.353,0.133
0.353,0.133
0.353,0.133
0.353,0.133
0.353,0.133
0.353,0.211
0.353,0.29
0.353,0.393
0.353,0.393
0.353,0.369
0.353,0.369
0.353,0.369
0.353,0.369
0.353,0.369
0.353,0.369
0.353,0.369
0.353,0.369
0.353,0.369
0.353,0.369
0.353,0.369
0.353,0.369
0.353,0.369
0.353,0.369
0.353,0.369
0.353,0.369
0.353,0.369
0.353,0.369
0.353,0.369
0.353,0.369
0.353,0.369
0.353,0.353
0.353,0.353
0.353,0.353
0.353,0.353
0.353,0.353
0.353,0.353
0.353,0.353
0.338,0.353
0.346,0.33
0.346,0.314
0.346,0.314
0.322,0.314
0.322,0.314
0.314,0.29
0.29,0.29
0.306,0.29
0.29,0.29
0.267,0.29
0.282,0.251
0.251,0.251
0.282,0.243
0.282,0.235
0.29,0.235
0.29,0.211
0.29,0.211
0.29,0.211
0.29,0.211
0.29,0.196
0.29,0.196
0.29,0.196
0.29,0.196
0.29,0.196
0.29,0.196
0.29,0.196
0.29,0.196
0.29,0.196
0.29,0.196
0.29,0.196
0.29,0.196
0.29,0.196
0.29,0.196
0.29,0.296
0.29,0.375
0.29,0.432
0.267,0.432
0.267,0.432
0.267,0.432
0.267,0.432
0.267,0.432
0.267,0.432
0.267,0.448
0.267,0.448
0.267,0.448
0.29,0.409
0.29,0.393
0.29,0.369
0.29,0.33
0.29,0.314
0.29,0.29
0.29,0.29
0.29,0.29
0.29,0.29
0.29,0.275
0.29,0.251
0.29,0.251
0.29,0.235
0.29,0.235
0.29,0.211
0.251,0.211
0.251,0.211
0.227,0.196
0.188,0.196
0.156,0.196
0.133,0.196
0.077,0.196
0.038,0.172
0.014,0.172
0.022,0.172
0.022,0.133
0.022,0.093
0.022,0.054
0.022,0.026
0.022,0.0
0.022,0.0
0.022,0.0
0.022,0.0
0.022,0.0
0.022,0.0
0.022,0.0
0.022,0.0
0.022,0.0
0.022,0.0
0.022,0.0
0.022,0.0
0.022,0.0
0.038,0.0
0.062,0.0
0.133,0.0
0.164,0.0
0.188,0.0
0.204,0.0
0.204,0.0
0.204,0.0
0.204,0.0
0.204,0.0
0.211,0.0
0.227,0.0
0.267,0.0
0.275,0.0
0.29,0.0
0.275,0.0
0.282,0.138
0.314,0.211
0.314,0.279
0.314,0.29
0.322,0.314
0.338,0.314
0.346,0.314
0.353,0.314
0.353,0.314
0.361,0.33
0.377,0.353
0.353,0.369
0.353,0.369
0.353,0.369
0.353,0.369
0.353,0.369
0.353,0.375
0.353,0.393
0.353,0.393
0.353,0.393
0.353,0.409
0.353,0.432
0.353,0.472
0.353,0.472
0.377,0.511
0.346,0.523
0.377,0.527
0.361,0.527
0.385,0.539
0.401,0.567
0.417,0.567
0.432,0.567
0.472,0.59
0.488,0.606
0.503,0.63
0.503,0.63
0.503,0.645
0.511,0.645
0.488,0.645
0.488,0.645
0.527,0.645
0.511,0.645
0.535,0.645
0.535,0.645
0.535,0.645
0.535,0.645
0.543,0.645
0.567,0.645
0.567,0.645
0.567,0.645
0.574,0.645
0.574,0.645
0.582,0.645
0.582,0.645
0.582,0.645
0.59,0.645
0.59,0.645
0.567,0.645
0.567,0.645
0.59,0.645
0.59,0.645
0.59,0.645
0.59,0.645
0.567,0.645
0.567,0.645
0.567,0.645
0.567,0.645
0.567,0.645
0.567,0.645
0.567,0.645
0.567,0.645
0.567,0.645
0.567,0.645
0.567,0.645
0.567,0.645
0.567,0.645
0.567,0.645
0.567,0.645
0.567,0.645
0.567,0.645
0.567,0.645
0.567,0.645
0.567,0.645
0.567,0.645
0.59,0.645
0.59,0.606
0.59,0.606
0.59,0.606
0.59,0.606
0.59,0.59
0.59,0.59
0.59,0.59
0.59,0.59
0.59,0.59
0.59,0.567
0.59,0.567
0.59,0.567
0.582,0.567
0.574,0.567
0.574,0.563
0.574,0.551
0.574,0.527
0.574,0.527
0.574,0.527
0.574,0.527
0.582,0.527
0.606,0.511
0.606,0.511
0.582,0.511
0.606,0.511
0.606,0.511
0.606,0.505
0.606,0.488
0.606,0.488
0.614,0.488
0.59,0.488
0.614,0.488
0.622,0.488
0.614,0.472
0.606,0.472
0.606,0.472
0.614,0.472
0.645,0.472
0.685,0.472
0.677,0.472
0.677,0.472
0.685,0.472
0.685,0.472
0.685,0.472
0.693,0.472
0.693,0.472
0.693,0.472
0.701,0.472
0.701,0.472
0.701,0.472
0.701,0.472
0.701,0.472
0.701,0.472
0.701,0.472
0.701,0.472
0.701,0.472
0.701,0.472
0.701,0.472
0.701,0.472
0.701,0.472
0.701,0.472
0.701,0.472
0.701,0.472
0.701,0.472
0.701,0.472
0.701,0.472
0.701,0.472
0.701,0.472
0.701,0.472
0.701,0.472
0.701,0.472
0.701,0.472
0.701,0.472
0.701,0.472
0.701,0.472
0.701,0.472
0.701,0.472
0.701,0.472
0.645,0.472
0.59,0.472
0.551,0.472
0.472,0.472
0.29,0.472
0.093,0.472
0.093,0.472
0.077,0.472
0.038,0.448
0.0,0.448
0.0,0.448
0.0,0.448
0.0,0.432
0.0,0.432
0.0,0.432
0.0,0.432
0.0,0.432
0.0,0.432
0.0,0.432
0.0,0.432
0.0,0.415
0.0,0.409
0.0,0.432
0.0,0.415
0.0,0.409
0.0,0.409
0.0,0.409
0.0,0.409
0.0,0.409
0.0,0.409
0.0,0.409
0.0,0.409
0.0,0.409
0.0,0.409
0.0,0.409
0.0,0.409
0.0,0.409
0.0,0.409
0.0,0.409
0.0,0.409
0.0,0.409
0.0,0.409
0.0,0.409
0.0,0.409
0.062,0.393
0.093,0.393
0.156,0.393
0.196,0.393
0.235,0.369
