valence,arousal
0.0,0.0
0.0,0.0
0.0,0.0
0.0,0.0
0.0,0.0
0.0,0.0
0.0,0.0
0.0,0.0
0.0,0.0
0.0,0.0
0.0,0.0
0.0,0.0
0.0,0.0
0.0,0.0
0.0,0.0
0.0,0.0
0.0,0.0
0.0,0.0
0.0,0.0
0.0,0.0
0.0,0.0
0.0,0.0
0.0,0.0
0.0,0.0
0.0,0.0
0.0,0.0
0.0,0.0
0.0,0.0
0.0,0.0
0.0,0.0
0.0,0.0
0.0,0.0
0.0,0.0
0.0,0.0
0.0,0.0
0.0,0.0
0.0,0.0
0.0,0.0
0.0,0.0
0.0,0.0
0.0,0.0
0.0,0.0
0.0,0.0
0.0,0.0
0.0,0.0
0.0,0.0
0.0,0.0
0.0,0.0
0.0,0.0
0.0,0.0
0.0,0.0
0.0,0.038
0.0,0.046
0.0,0.054
0.0,0.054
0.01,0.054
0.038,0.054
0.065,0.054
0.077,0.077
0.101,0.077
0.105,0.081
0.14,0.093
0.164,0.111
0.204,0.117
0.219,0.117
0.219,0.117
0.219,0.117
0.219,0.117
0.219,0.117
0.219,0.117
0.219,0.117
0.219,0.093
0.219,0.077
0.219,0.077
0.219,0.077
0.18,0.077
0.109,0.077
0.038,0.077
0.022,0.077
0.0,0.077
0.0,0.133
-0.036,0.196
-0.08,0.211
-0.151,0.211
-0.21,0.211
-0.232,0.211
-0.283,0.211
-0.289,0.211
-0.337,0.211
-0.345,0.217
-0.368,0.211
-0.368,0.211
-0.368,0.211
-0.368,0.211
-0.368,0.211
-0.368,0.211
-0.368,0.211
-0.368,0.211
-0.368,0.211
-0.368,0.211
-0.368,0.211
-0.368,0.211
-0.368,0.211
-0.368,0.211
-0.368,0.211
-0.368,0.211
-0.368,0.211
-0.368,0.211
-0.368,0.211
-0.368,0.211
-0.368,0.211
-0.368,0.211
-0.368,0.211
-0.368,0.211
-0.368,0.211
-0.368,0.211
-0.329,0.211
-0.301,0.217
-0.266,0.211
-0.147,0.211
-0.044,0.211
0.0,0.211
0.0,0.211
0.0,0.211
0.056,0.211
0.065,0.211
0.117,0.211
0.117,0.196
0.117,0.172
0.117,0.16
0.129,0.133
0.117,0.117
0.117,0.117
0.129,0.117
0.117,0.093
0.117,0.105
0.117,0.077
0.117,0.046
0.117,0.026
0.117,0.014
0.117,0.014
0.117,0.014
0.117,0.014
0.117,0.014
0.117,0.014
0.117,0.014
0.117,0.014
0.117,0.026
0.117,0.014
0.117,0.014
0.14,0.014
0.14,0.014
0.14,0.014
0.14,0.02
0.14,0.014
0.14,0.014
0.14,0.014
0.117,0.014
0.038,0.014
0.0,0.014
0.0,0.014
0.0,0.026
0.0,0.014
0.0,0.014
-0.01,0.014
-0.068,0.02
-0.083,0.014
-0.083,0.014
-0.083,0.014
-0.083,0.014
-0.083,0.014
-0.083,0.014
-0.083,0.014
-0.083,0.014
-0.083,0.038
-0.083,0.038
-0.083,0.038
-0.083,0.038
-0.083,0.054
-0.083,0.054
-0.083,0.054
-0.083,0.054
-0.083,0.054
-0.119,0.054
-0.135,0.054
-0.147,0.054
-0.186,0.054
-0.186,0.054
-0.226,0.054
-0.258,0.054
-0.289,0.054
-0.289,0.054
-0.277,0.054
-0.289,0.054
-0.289,0.054
-0.289,0.054
-0.289,0.054
-0.289,0.054
-0.289,0.054
-0.289,0.054
-0.289,0.054
-0.266,0.054
-0.25,0.054
-0.25,0.054
-0.25,0.054
-0.226,0.054
-0.226,0.054
-0.21,0.054
-0.21,0.054
-0.21,0.054
-0.21,0.054
-0.21,0.054
-0.186,0.054
-0.186,0.054
-0.186,0.054
-0.186,0.054
-0.174,0.054
-0.186,0.054
-0.163,0.054
-0.159,0.054
-0.163,0.054
-0.163,0.054
-0.147,0.054
-0.147,0.054
-0.147,0.054
-0.147,0.054
-0.147,0.054
-0.147,0.054
-0.147,0.054
-0.147,0.054
-0.147,0.054
-0.147,0.054
-0.147,0.054
-0.147,0.054
-0.147,0.054
-0.147,0.054
-0.147,0.054
-0.147,0.054
-0.147,0.054
-0.147,0.054
-0.147,0.054
-0.147,0.054
-0.147,0.054
-0.147,0.054
-0.147,0.054
-0.147,0.054
-0.147,0.054
-0.147,0.054
-0.147,0.054
-0.147,0.054
-0.147,0.054
-0.147,0.054
-0.147,0.054
-0.147,0.054
-0.147,0.054
-0.186,0.054
-0.21,0.054
-0.21,0.054
-0.226,0.054
-0.25,0.054
-0.25,0.054
-0.25,0.054
-0.25,0.054
-0.25,0.054
-0.25,0.054
-0.25,0.054
-0.25,0.054
-0.25,0.054
-0.21,0.054
-0.186,0.054
-0.18,0.054
-0.163,0.054
-0.163,0.054
-0.174,0.054
-0.163,0.054
-0.147,0.054
-0.147,0.054
-0.147,0.054
-0.135,0.054
-0.147,0.054
-0.147,0.054
-0.147,0.054
-0.147,0.054
-0.147,0.054
-0.147,0.054
-0.141,0.054
-0.123,0.054
-0.123,0.054
-0.123,0.054
-0.123,0.054
-0.123,0.054
-0.123,0.054
-0.123,0.054
-0.123,0.054
-0.123,0.054
-0.123,0.054
-0.123,0.054
-0.123,0.054
-0.123,0.054
-0.123,0.054
-0.123,0.054
-0.123,0.054
-0.123,0.054
-0.123,0.054
-0.123,0.054
-0.123,0.054
-0.093,0.054
-0.083,0.054
-0.068,0.054
-0.068,0.054
-0.068,0.054
-0.068,0.054
-0.068,0.054
-0.068,0.054
-0.068,0.054
-0.068,0.054
-0.068,0.054
-0.068,0.054
-0.068,0.054
-0.068,0.054
-0.068,0.054
-0.068,0.054
-0.068,0.054
-0.068,0.054
-0.068,0.054
-0.068,0.054
-0.068,0.054
-0.068,0.054
-0.068,0.054
-0.068,0.054
-0.068,0.054
-0.068,0.054
-0.068,0.054
-0.068,0.054
-0.068,0.054
-0.068,0.054
-0.068,0.054
-0.068,0.054
-0.068,0.054
-0.068,0.054
-0.068,0.054
-0.068,0.054
-0.068,0.054
-0.068,0.054
-0.068,0.054
-0.068,0.054
-0.068,0.054
-0.068,0.054
-0.068,0.054
-0.068,0.054
-0.068,0.054
-0.068,0.054
-0.068,0.054
-0.068,0.054
-0.068,0.054
-0.068,0.054
-0.068,0.054
-0.068,0.054
-0.068,0.054
-0.068,0.054
-0.068,0.054
-0.068,0.054
-0.068,0.054
-0.068,0.054
-0.068,0.054
-0.068,0.054
-0.068,0.054
-0.068,0.054
-0.107,0.054
-0.107,0.054
-0.107,0.054
-0.107,0.054
-0.107,0.054
-0.107,0.054
-0.107,0.054
-0.107,0.054
-0.107,0.054
-0.107,0.054
-0.107,0.054
-0.107,0.054
-0.107,0.054
-0.107,0.054
-0.107,0.054
-0.107,0.054
-0.107,0.054
-0.107,0.054
-0.107,0.054
-0.107,0.054
-0.107,0.054
-0.107,0.054
-0.107,0.054
-0.107,0.054
-0.107,0.054
-0.107,0.054
-0.107,0.054
-0.107,0.054
-0.107,0.054
-0.107,0.054
-0.107,0.054
-0.107,0.054
-0.107,0.054
-0.107,0.054
-0.107,0.054
-0.107,0.054
-0.107,0.054
-0.107,0.054
-0.107,0.054
-0.107,0.054
-0.107,0.054
-0.107,0.054
-0.107,0.054
-0.107,0.054
-0.107,0.054
-0.107,0.054
-0.107,0.054
-0.107,0.054
-0.107,0.054
-0.107,0.054
-0.107,0.054
-0.107,0.054
-0.107,0.054
-0.107,0.054
-0.107,0.054
-0.107,0.054
-0.107,0.054
-0.107,0.054
-0.107,0.054
-0.107,0.054
-0.107,0.054
-0.107,0.054
-0.107,0.054
-0.107,0.054
-0.107,0.054
-0.107,0.054
-0.107,0.054
-0.107,0.054
-0.107,0.054
-0.107,0.054
-0.107,0.054
-0.107,0.054
-0.107,0.054
-0.107,0.054
-0.107,0.054
-0.107,0.054
-0.107,0.054
-0.107,0.054
-0.107,0.054
-0.107,0.054
-0.107,0.054
-0.107,0.054
-0.107,0.054
-0.107,0.054
-0.107,0.054
-0.107,0.054
-0.107,0.054
-0.107,0.054
-0.107,0.054
-0.107,0.054
-0.107,0.054
-0.107,0.054
-0.107,0.054
-0.107,0.054
-0.107,0.054
-0.107,0.054
-0.107,0.054
-0.107,0.054
-0.107,0.054
-0.107,0.054
-0.107,0.054
-0.107,0.054
-0.107,0.054
-0.107,0.054
-0.107,0.054
-0.107,0.054
-0.107,0.054
-0.107,0.054
-0.107,0.054
-0.107,0.054
-0.107,0.054
-0.107,0.054
-0.107,0.054
-0.107,0.054
-0.107,0.054
-0.107,0.054
-0.107,0.054
-0.107,0.054
-0.107,0.054
-0.107,0.054
-0.107,0.054
-0.107,0.054
-0.107,0.054
-0.107,0.054
-0.107,0.054
-0.107,0.054
-0.107,0.054
-0.107,0.054
-0.107,0.054
-0.107,0.054
-0.107,0.054
-0.107,0.054
-0.107,0.054
-0.107,0.054
-0.107,0.054
-0.107,0.054
-0.107,0.054
-0.107,0.054
-0.107,0.054
-0.107,0.054
-0.107,0.054
-0.107,0.054
-0.107,0.054
-0.107,0.054
-0.107,0.054
-0.107,0.054
-0.107,0.054
-0.107,0.054
-0.107,0.054
-0.107,0.054
-0.107,0.054
-0.107,0.054
-0.107,0.054
-0.107,0.054
-0.107,0.054
-0.107,0.054
-0.107,0.054
-0.107,0.054
-0.107,0.054
-0.107,0.054
-0.107,0.054
-0.107,0.054
-0.107,0.054
-0.107,0.054
-0.107,0.054
-0.107,0.054
-0.107,0.054
-0.107,0.054
-0.107,0.054
-0.107,0.054
-0.107,0.054
-0.107,0.054
-0.107,0.054
-0.107,0.054
-0.107,0.054
-0.107,0.054
-0.107,0.054
-0.107,0.054
-0.107,0.054
-0.107,0.054
-0.107,0.054
-0.147,0.054
-0.147,0.054
-0.135,0.054
-0.147,0.054
-0.147,0.054
-0.147,0.054
-0.147,0.054
-0.147,0.054
-0.147,0.054
-0.147,0.077
-0.147,0.093
-0.147,0.133
-0.147,0.156
-0.141,0.172
-0.147,0.172
-0.147,0.172
-0.147,0.172
-0.147,0.172
-0.147,0.178
-0.147,0.172
-0.141,0.172
-0.147,0.184
-0.147,0.172
-0.147,0.172
-0.147,0.172
-0.147,0.172
-0.135,0.178
-0.147,0.172
-0.147,0.172
-0.163,0.172
-0.163,0.172
-0.163,0.172
-0.163,0.172
-0.163,0.172
-0.186,0.172
-0.163,0.184
-0.186,0.172
-0.186,0.172
-0.163,0.172
-0.18,0.172
-0.186,0.172
-0.174,0.172
-0.186,0.172
-0.186,0.172
-0.186,0.172
-0.186,0.172
-0.186,0.172
-0.21,0.172
-0.21,0.172
-0.21,0.172
-0.21,0.172
-0.21,0.172
-0.21,0.172
-0.21,0.172
-0.21,0.172
-0.204,0.172
-0.21,0.172
-0.21,0.172
-0.21,0.172
-0.21,0.172
-0.21,0.172
-0.21,0.172
-0.21,0.172
-0.21,0.172
-0.21,0.172
-0.204,0.172
-0.21,0.172
-0.21,0.172
-0.21,0.172
-0.21,0.172
-0.21,0.172
-0.21,0.184
-0.21,0.178
-0.21,0.172
-0.21,0.172
-0.21,0.172
-0.198,0.172
-0.21,0.172
-0.21,0.172
-0.21,0.172
-0.21,0.172
-0.21,0.156
-0.21,0.156
-0.21,0.156
-0.21,0.156
-0.21,0.156
-0.21,0.156
-0.21,0.156
-0.21,0.156
-0.198,0.156
-0.21,0.156
-0.21,0.156
-0.21,0.156
-0.21,0.156
-0.21,0.156
-0.21,0.156
-0.21,0.156
-0.21,0.15
-0.21,0.133
-0.21,0.133
-0.21,0.156
-0.21,0.144
-0.198,0.133
-0.21,0.133
-0.21,0.133
-0.21,0.156
-0.21,0.156
-0.21,0.133
-0.21,0.133
-0.21,0.133
-0.21,0.133
-0.21,0.15
-0.21,0.144
-0.21,0.133
-0.21,0.133
-0.21,0.138
-0.21,0.133
-0.21,0.133
-0.204,0.144
-0.21,0.133
-0.21,0.133
-0.21,0.138
-0.21,0.133
-0.21,0.133
-0.21,0.138
-0.21,0.133
-0.21,0.133
-0.21,0.133
-0.21,0.133
-0.21,0.156
-0.21,0.156
-0.21,0.133
-0.21,0.133
-0.21,0.138
-0.198,0.133
-0.21,0.133
-0.21,0.133
-0.21,0.144
-0.21,0.133
-0.21,0.133
-0.21,0.15
-0.21,0.133
-0.21,0.133
-0.21,0.144
-0.21,0.133
-0.186,0.156
-0.163,0.133
-0.147,0.15
-0.147,0.133
-0.147,0.133
-0.147,0.15
-0.147,0.15
-0.147,0.133
-0.147,0.156
-0.123,0.138
-0.123,0.144
-0.123,0.15
-0.123,0.133
-0.123,0.138
-0.123,0.15
-0.123,0.156
-0.123,0.156
-0.123,0.133
-0.123,0.156
-0.123,0.156
-0.123,0.156
-0.123,0.138
-0.123,0.133
-0.107,0.133
-0.107,0.133
-0.107,0.133
-0.107,0.144
-0.107,0.138
-0.107,0.133
-0.107,0.133
-0.107,0.133
-0.107,0.133
-0.107,0.133
-0.107,0.138
-0.107,0.144
-0.107,0.156
-0.107,0.133
-0.107,0.138
-0.107,0.138
-0.107,0.133
-0.107,0.133
-0.107,0.15
-0.107,0.133
-0.107,0.133
-0.107,0.138
-0.107,0.133
-0.107,0.133
-0.107,0.156
-0.107,0.133
-0.107,0.138
-0.107,0.156
-0.107,0.133
-0.107,0.133
-0.107,0.15
-0.107,0.133
-0.107,0.133
-0.107,0.15
-0.107,0.133
-0.107,0.133
-0.107,0.156
-0.107,0.133
-0.107,0.133
-0.107,0.138
-0.107,0.15
-0.107,0.15
-0.107,0.133
-0.107,0.156
-0.107,0.138
-0.107,0.138
-0.107,0.144
-0.107,0.144
-0.107,0.15
-0.107,0.133
-0.107,0.133
-0.107,0.133
-0.107,0.156
-0.107,0.133
-0.107,0.144
-0.107,0.133
-0.107,0.133
-0.107,0.15
-0.056,0.144
-0.028,0.156
0.0,0.133
0.0,0.138
0.0,0.133
0.0,0.133
0.0,0.133
0.022,0.15
0.022,0.133
0.038,0.15
0.038,0.156
0.062,0.156
0.062,0.156
0.062,0.196
0.077,0.196
0.077,0.211
0.077,0.211
0.077,0.211
0.077,0.229
0.077,0.211
0.077,0.211
0.077,0.211
0.077,0.217
0.101,0.211
0.117,0.211
0.14,0.229
0.18,0.211
0.18,0.211
0.18,0.211
0.18,0.211
0.18,0.211
0.18,0.211
0.18,0.211
0.18,0.211
0.18,0.211
0.18,0.211
0.18,0.211
0.18,0.211
0.186,0.211
0.186,0.211
0.18,0.223
0.146,0.217
0.105,0.211
0.062,0.223
0.062,0.211
0.044,0.223
0.038,0.211
0.044,0.211
0.044,0.211
0.038,0.211
0.038,0.211
0.038,0.207
0.038,0.196
0.038,0.196
0.056,0.196
0.05,0.196
0.062,0.178
0.038,0.168
0.062,0.156
0.05,0.156
0.044,0.156
0.038,0.156
0.038,0.144
0.056,0.15
0.056,0.144
0.05,0.133
0.044,0.117
0.044,0.093
0.038,0.093
0.062,0.077
0.062,0.077
0.038,0.054
0.062,0.054
0.062,0.054
0.062,0.054
0.038,0.054
0.038,0.054
0.022,0.054
0.022,0.054
0.022,0.054
0.022,0.054
0.022,0.038
0.022,0.038
0.0,0.038
0.004,0.038
0.016,0.038
0.0,0.038
0.0,0.038
0.0,0.038
0.004,0.038
0.0,0.038
0.0,0.038
0.016,0.038
0.016,0.038
0.004,0.038
0.0,0.038
0.0,0.038
0.0,0.038
0.0,0.038
0.004,0.038
0.01,0.038
0.0,0.038
0.0,0.038
0.0,0.038
0.0,0.038
0.0,0.038
0.0,0.038
0.0,0.038
0.0,0.038
0.0,0.038
0.0,0.038
0.0,0.038
0.0,0.038
0.0,0.038
0.0,0.038
0.0,0.038
0.0,0.038
0.0,0.038
-0.004,0.038
-0.004,0.038
-0.004,0.038
-0.004,0.038
-0.004,0.038
-0.004,0.038
-0.004,0.038
-0.004,0.038
-0.004,0.038
-0.004,0.038
-0.004,0.038
-0.004,0.038
-0.004,0.038
-0.004,0.038
-0.004,0.038
-0.004,0.038
-0.004,0.038
-0.004,0.038
-0.004,0.038
-0.004,0.038
-0.004,0.038
-0.004,0.038
-0.004,0.038
-0.004,0.038
-0.004,0.038
-0.004,0.038
-0.004,0.038
-0.004,0.038
-0.004,0.038
-0.004,0.038
-0.004,0.038
-0.004,0.038
-0.004,0.038
-0.004,0.038
-0.004,0.038
-0.004,0.038
-0.004,0.038
-0.004,0.038
-0.004,0.038
-0.004,0.038
-0.004,0.038
-0.004,0.038
-0.004,0.038
-0.004,0.038
-0.004,0.038
-0.004,0.038
0.0,0.038
0.0,0.038
0.0,0.038
0.0,0.038
0.0,0.038
0.0,0.038
0.0,0.038
0.0,0.038
0.0,0.038
0.0,0.038
0.0,0.038
0.0,0.038
0.022,0.038
0.022,0.038
0.038,0.038
0.038,0.038
0.038,0.038
0.038,0.038
0.062,0.038
0.062,0.038
0.077,0.093
0.105,0.093
0.117,0.117
0.129,0.117
0.14,0.117
0.14,0.117
0.14,0.133
0.14,0.133
0.152,0.156
0.152,0.156
0.164,0.156
0.146,0.156
0.14,0.156
0.14,0.156
0.14,0.156
0.146,0.156
0.146,0.156
0.14,0.184
0.152,0.172
0.14,0.196
0.146,0.196
0.14,0.196
0.14,0.196
0.14,0.211
0.14,0.211
0.146,0.211
0.14,0.211
0.14,0.211
0.14,0.211
0.152,0.211
0.14,0.211
0.164,0.211
0.14,0.211
0.164,0.211
0.14,0.211
0.14,0.211
0.14,0.211
0.14,0.211
0.152,0.211
0.14,0.211
0.14,0.211
0.14,0.211
0.14,0.211
0.146,0.211
0.152,0.211
0.14,0.211
0.14,0.211
0.14,0.211
0.14,0.211
0.14,0.211
0.14,0.211
0.14,0.211
0.152,0.211
0.14,0.211
0.14,0.211
0.14,0.211
0.14,0.211
0.14,0.211
0.14,0.211
0.14,0.211
0.14,0.211
0.146,0.211
0.14,0.211
0.14,0.211
0.14,0.211
0.14,0.211
0.14,0.211
0.14,0.211
0.146,0.211
0.14,0.211
0.14,0.211
0.14,0.211
0.14,0.211
0.158,0.211
0.14,0.211
0.14,0.211
0.14,0.211
0.164,0.211
0.14,0.211
0.14,0.211
0.14,0.211
0.14,0.211
0.14,0.211
0.152,0.211
0.14,0.211
0.152,0.211
0.152,0.211
0.14,0.211
0.14,0.211
0.14,0.211
0.14,0.211
0.14,0.211
0.14,0.211
0.14,0.211
0.152,0.211
0.14,0.211
0.164,0.211
0.14,0.223
0.14,0.235
0.14,0.235
0.146,0.251
0.14,0.251
0.14,0.251
0.14,0.251
0.158,0.251
0.14,0.251
0.14,0.251
0.14,0.251
0.14,0.251
0.14,0.251
0.152,0.251
0.14,0.251
0.14,0.251
0.14,0.251
0.14,0.251
0.14,0.251
0.14,0.275
0.146,0.269
0.14,0.275
0.14,0.275
0.14,0.275
0.14,0.275
0.14,0.275
0.14,0.275
0.14,0.275
0.14,0.275
0.146,0.275
0.158,0.275
0.14,0.275
0.14,0.275
0.14,0.275
0.146,0.275
0.14,0.275
0.14,0.275
0.164,0.275
0.14,0.275
0.158,0.275
0.14,0.275
0.14,0.275
0.14,0.275
0.14,0.275
0.14,0.275
0.14,0.275
0.146,0.275
0.14,0.275
0.14,0.275
0.14,0.275
0.14,0.275
0.14,0.275
0.146,0.29
0.14,0.29
0.14,0.29
0.14,0.29
0.146,0.29
0.14,0.29
0.14,0.29
0.146,0.29
0.14,0.29
0.14,0.29
0.14,0.29
0.14,0.29
0.14,0.29
0.152,0.29
0.146,0.29
0.146,0.29
0.14,0.29
0.14,0.296
0.14,0.33
0.14,0.369
0.164,0.369
0.215,0.369
0.219,0.369
0.243,0.369
0.259,0.369
0.259,0.369
0.282,0.369
0.298,0.369
0.304,0.369
0.298,0.369
0.298,0.369
0.322,0.369
0.338,0.369
0.338,0.381
0.338,0.369
0.361,0.369
0.361,0.369
0.361,0.375
0.361,0.393
0.385,0.397
0.385,0.409
0.385,0.409
0.385,0.409
0.385,0.409
0.401,0.409
0.401,0.409
0.401,0.409
0.401,0.409
0.401,0.409
0.401,0.409
0.401,0.409
0.401,0.409
0.401,0.409
0.401,0.409
0.401,0.421
0.401,0.409
0.401,0.409
0.401,0.409
0.401,0.409
0.401,0.409
0.401,0.409
0.401,0.409
0.401,0.409
0.401,0.409
0.401,0.409
0.401,0.409
0.401,0.409
0.401,0.409
0.401,0.409
0.401,0.409
0.401,0.421
0.401,0.409
0.401,0.409
0.401,0.409
0.401,0.409
0.401,0.409
0.401,0.409
0.401,0.409
0.401,0.409
0.401,0.409
0.401,0.409
0.401,0.409
0.401,0.409
0.401,0.409
0.401,0.409
0.401,0.409
0.401,0.409
0.401,0.409
0.401,0.409
0.401,0.409
0.401,0.421
0.401,0.409
0.401,0.409
0.401,0.409
0.401,0.409
0.401,0.409
0.401,0.409
0.401,0.409
0.413,0.409
0.424,0.409
0.401,0.409
0.424,0.409
0.424,0.409
0.424,0.409
0.424,0.409
0.424,0.409
0.424,0.409
0.424,0.409
0.424,0.409
0.424,0.409
0.424,0.409
0.424,0.415
0.424,0.409
0.424,0.409
0.424,0.409
0.424,0.409
0.424,0.409
0.424,0.432
0.424,0.448
0.424,0.46
0.424,0.472
0.434,0.482
0.48,0.511
0.497,0.499
0.503,0.511
0.503,0.488
0.519,0.505
0.519,0.488
0.519,0.505
0.519,0.494
0.525,0.488
0.543,0.511
0.543,0.488
0.543,0.511
0.559,0.511
0.559,0.494
0.559,0.494
0.559,0.494
0.559,0.511
0.559,0.511
0.559,0.511
0.559,0.511
0.559,0.511
0.559,0.511
0.559,0.494
0.559,0.511
0.559,0.511
0.559,0.511
0.559,0.511
0.559,0.511
0.559,0.511
0.559,0.505
0.559,0.505
0.559,0.511
0.559,0.511
0.559,0.511
0.559,0.511
0.559,0.511
0.559,0.505
0.57,0.511
0.559,0.511
0.559,0.511
0.559,0.511
0.559,0.511
0.559,0.511
0.559,0.511
0.559,0.505
0.559,0.511
0.559,0.511
0.559,0.511
0.559,0.494
0.559,0.511
0.559,0.511
0.559,0.511
0.559,0.499
0.559,0.505
0.559,0.505
0.559,0.511
0.559,0.511
0.559,0.511
0.559,0.511
0.559,0.511
0.559,0.511
0.559,0.511
0.565,0.511
0.559,0.505
0.559,0.511
0.559,0.488
0.559,0.511
0.565,0.494
0.559,0.511
0.559,0.511
0.559,0.511
0.559,0.511
0.559,0.511
0.559,0.511
0.559,0.499
0.559,0.511
0.559,0.511
0.559,0.511
0.559,0.511
0.559,0.494
0.559,0.494
0.559,0.511
0.57,0.511
0.559,0.505
0.559,0.511
0.559,0.511
0.559,0.511
0.565,0.511
0.559,0.511
0.559,0.511
0.559,0.511
0.559,0.505
0.559,0.505
0.559,0.511
0.559,0.511
0.559,0.511
0.559,0.511
0.559,0.505
0.559,0.511
0.559,0.511
0.559,0.511
0.559,0.499
0.559,0.511
0.559,0.511
0.559,0.511
0.559,0.511
0.57,0.511
0.559,0.511
0.559,0.511
0.559,0.511
0.559,0.511
0.559,0.511
0.559,0.505
0.559,0.511
0.559,0.511
0.565,0.511
0.559,0.505
0.559,0.499
0.559,0.511
0.559,0.511
0.559,0.511
0.559,0.505
0.559,0.511
0.559,0.511
0.559,0.511
0.559,0.505
0.559,0.511
0.559,0.511
0.559,0.511
0.559,0.505
0.565,0.511
0.559,0.511
0.559,0.511
0.57,0.511
0.559,0.505
0.559,0.511
0.559,0.505
0.559,0.511
0.559,0.511
0.559,0.511
0.559,0.511
0.559,0.511
0.559,0.511
0.559,0.511
0.559,0.511
0.559,0.499
0.559,0.511
0.559,0.511
0.559,0.494
0.559,0.511
0.559,0.511
0.559,0.511
0.559,0.511
0.559,0.511
0.559,0.499
0.559,0.511
0.559,0.511
0.559,0.511
0.559,0.505
0.559,0.494
0.565,0.511
0.559,0.511
0.559,0.511
0.559,0.488
0.559,0.488
0.565,0.48
0.559,0.472
0.559,0.472
0.559,0.472
0.559,0.472
0.559,0.472
0.559,0.472
0.559,0.472
0.559,0.472
0.559,0.472
0.559,0.472
0.559,0.472
0.559,0.472
0.559,0.472
0.57,0.472
0.559,0.472
0.559,0.472
0.559,0.472
0.559,0.472
0.559,0.472
0.559,0.472
0.559,0.472
0.559,0.472
0.559,0.472
0.559,0.472
0.559,0.472
0.559,0.472
0.559,0.472
0.559,0.472
0.559,0.472
0.559,0.472
0.565,0.472
0.559,0.472
0.559,0.472
0.559,0.472
0.559,0.472
0.559,0.472
0.559,0.472
0.559,0.472
0.559,0.472
0.559,0.472
0.559,0.472
0.57,0.472
0.559,0.472
0.559,0.472
0.559,0.472
0.531,0.448
0.519,0.432
0.519,0.432
0.492,0.409
0.464,0.409
0.44,0.409
0.401,0.409
0.401,0.409
0.385,0.409
0.379,0.393
0.361,0.393
0.361,0.393
0.361,0.393
0.361,0.393
0.361,0.393
0.361,0.393
0.338,0.393
0.338,0.393
0.338,0.393
0.35,0.393
0.338,0.393
0.338,0.393
0.338,0.393
0.338,0.387
0.338,0.387
0.338,0.369
0.338,0.369
0.338,0.369
0.338,0.375
0.338,0.375
0.338,0.369
0.338,0.375
0.338,0.393
0.338,0.369
0.338,0.375
0.338,0.369
0.338,0.369
0.338,0.375
0.338,0.369
0.338,0.369
0.338,0.375
0.338,0.369
0.338,0.369
0.338,0.393
0.338,0.369
0.338,0.369
0.338,0.375
0.338,0.369
0.338,0.369
0.338,0.369
0.338,0.369
0.338,0.369
0.338,0.375
0.338,0.381
0.338,0.369
0.338,0.387
0.338,0.369
0.338,0.369
0.338,0.393
0.338,0.393
0.338,0.369
0.338,0.375
0.338,0.369
0.338,0.369
0.338,0.357
0.338,0.33
0.338,0.33
0.338,0.33
0.338,0.314
0.338,0.314
0.338,0.314
0.413,0.314
0.468,0.314
0.503,0.369
0.519,0.421
0.559,0.444
0.559,0.472
0.582,0.466
0.606,0.472
0.606,0.472
0.618,0.472
0.649,0.472
0.661,0.492
0.685,0.511
0.685,0.511
0.685,0.511
0.701,0.511
0.701,0.511
0.701,0.511
0.701,0.511
0.701,0.511
0.724,0.511
0.724,0.511
0.724,0.511
0.74,0.511
0.752,0.511
0.764,0.511
0.768,0.511
0.78,0.511
0.78,0.511
0.78,0.511
0.803,0.511
0.803,0.511
0.803,0.511
0.803,0.511
0.803,0.511
0.803,0.511
0.803,0.511
0.803,0.511
0.803,0.511
0.803,0.511
0.803,0.511
0.803,0.511
0.827,0.511
0.827,0.511
0.827,0.511
0.827,0.511
0.827,0.511
0.843,0.511
0.843,0.511
0.843,0.511
0.843,0.511
0.843,0.511
0.843,0.511
0.843,0.511
0.843,0.511
0.843,0.511
0.843,0.511
0.843,0.511
0.843,0.511
0.843,0.511
0.843,0.511
0.843,0.511
0.803,0.511
0.78,0.511
0.764,0.511
0.74,0.511
0.724,0.511
0.724,0.511
0.724,0.511
0.693,0.511
0.679,0.511
0.661,0.511
0.645,0.511
0.645,0.511
0.645,0.488
0.645,0.472
0.645,0.472
0.645,0.472
0.645,0.466
0.645,0.448
0.645,0.448
0.645,0.454
0.645,0.448
0.645,0.432
0.645,0.432
0.645,0.432
0.645,0.432
0.645,0.432
0.645,0.432
0.645,0.432
0.645,0.432
0.645,0.432
0.645,0.432
0.645,0.432
0.645,0.432
0.645,0.432
0.645,0.472
0.645,0.472
0.645,0.472
0.645,0.472
0.645,0.472
0.645,0.494
0.645,0.511
0.645,0.511
0.645,0.511
0.645,0.511
0.645,0.527
0.645,0.527
0.645,0.527
0.645,0.527
0.645,0.527
0.645,0.527
0.645,0.527
0.645,0.527
0.645,0.527
0.645,0.527
0.645,0.527
0.645,0.527
0.645,0.527
0.645,0.527
0.645,0.527
0.645,0.527
0.645,0.527
0.645,0.527
0.645,0.527
0.645,0.527
0.645,0.527
0.645,0.527
0.645,0.527
0.645,0.527
0.645,0.527
0.645,0.527
0.645,0.527
0.645,0.527
0.645,0.527
0.645,0.527
0.645,0.527
0.645,0.527
0.645,0.527
0.645,0.527
0.645,0.527
0.645,0.527
0.645,0.527
0.645,0.527
0.645,0.527
0.645,0.527
0.645,0.527
0.645,0.527
0.645,0.527
0.645,0.527
0.645,0.527
0.645,0.527
0.645,0.527
0.645,0.527
0.645,0.527
0.645,0.527
0.645,0.527
0.645,0.527
0.645,0.527
0.645,0.527
0.645,0.527
0.645,0.527
0.645,0.527
0.645,0.527
0.645,0.527
0.645,0.527
0.645,0.527
0.645,0.527
0.645,0.527
0.645,0.527
0.645,0.527
0.645,0.527
0.645,0.527
0.645,0.527
0.645,0.527
0.645,0.527
0.645,0.527
0.645,0.527
0.645,0.527
0.645,0.527
0.645,0.527
0.645,0.527
0.645,0.527
0.645,0.527
0.645,0.527
0.645,0.527
0.645,0.527
0.645,0.527
0.645,0.527
0.645,0.527
0.645,0.527
0.645,0.527
0.645,0.527
0.645,0.527
0.645,0.527
0.645,0.527
0.645,0.527
0.645,0.527
0.645,0.527
0.645,0.527
0.645,0.527
0.645,0.527
0.645,0.527
0.645,0.527
0.645,0.527
0.645,0.527
0.645,0.527
0.645,0.527
0.645,0.527
0.622,0.527
0.622,0.527
0.622,0.527
0.622,0.527
0.582,0.527
0.559,0.527
0.543,0.488
0.519,0.472
0.519,0.472
0.48,0.472
0.464,0.472
0.393,0.472
0.361,0.472
0.338,0.448
0.322,0.448
0.298,0.432
0.298,0.409
0.298,0.415
0.282,0.409
0.259,0.393
0.243,0.393
0.231,0.369
0.204,0.369
0.168,0.369
0.095,0.369
0.038,0.375
0.022,0.369
0.0,0.35
0.0,0.314
0.0,0.314
0.0,0.314
0.0,0.314
0.0,0.314
0.0,0.314
-0.01,0.314
-0.028,0.314
-0.044,0.314
-0.068,0.314
-0.08,0.314
-0.111,0.314
-0.123,0.314
-0.147,0.314
-0.147,0.314
-0.163,0.314
-0.163,0.314
-0.186,0.314
-0.21,0.314
-0.21,0.353
-0.226,0.369
-0.25,0.369
-0.25,0.369
-0.266,0.369
-0.266,0.393
-0.266,0.409
-0.266,0.432
-0.266,0.448
-0.266,0.472
-0.266,0.472
-0.266,0.472
-0.266,0.472
-0.266,0.472
-0.266,0.488
-0.266,0.494
-0.266,0.488
-0.266,0.488
-0.266,0.488
-0.266,0.488
-0.266,0.488
-0.266,0.488
-0.266,0.511
-0.266,0.511
-0.266,0.511
-0.266,0.511
-0.266,0.527
-0.266,0.527
-0.266,0.527
-0.266,0.527
-0.266,0.527
-0.266,0.527
-0.266,0.527
-0.266,0.527
-0.266,0.527
-0.266,0.527
-0.266,0.527
-0.266,0.527
-0.266,0.527
-0.266,0.533
-0.266,0.527
-0.266,0.527
-0.266,0.527
-0.266,0.527
-0.266,0.527
-0.266,0.551
-0.266,0.551
-0.266,0.551
-0.266,0.551
-0.266,0.551
-0.266,0.551
-0.277,0.551
-0.289,0.567
-0.289,0.567
-0.305,0.567
-0.345,0.578
-0.368,0.59
-0.368,0.59
-0.368,0.606
-0.384,0.606
-0.408,0.606
-0.408,0.606
-0.408,0.606
-0.432,0.606
-0.44,0.606
-0.487,0.606
-0.487,0.606
-0.487,0.551
-0.499,0.527
-0.511,0.527
-0.515,0.511
-0.527,0.511
-0.527,0.488
-0.527,0.472
-0.527,0.472
-0.527,0.472
-0.527,0.472
-0.527,0.472
-0.55,0.472
-0.55,0.472
-0.55,0.472
-0.55,0.472
-0.544,0.472
-0.55,0.472
-0.55,0.472
-0.55,0.472
-0.55,0.472
-0.55,0.472
-0.55,0.472
-0.55,0.472
-0.55,0.472
-0.55,0.472
-0.566,0.472
-0.566,0.472
-0.566,0.472
-0.566,0.472
-0.566,0.472
-0.566,0.472
-0.566,0.472
-0.566,0.472
-0.566,0.472
-0.566,0.472
-0.566,0.472
-0.566,0.472
-0.566,0.472
-0.566,0.472
-0.566,0.472
-0.566,0.472
-0.566,0.472
-0.566,0.472
-0.566,0.472
-0.566,0.472
-0.566,0.472
-0.566,0.472
-0.566,0.472
-0.566,0.472
-0.566,0.472
-0.566,0.472
-0.566,0.472
-0.566,0.472
-0.566,0.472
-0.566,0.472
-0.566,0.472
-0.566,0.472
-0.566,0.472
-0.566,0.472
-0.566,0.472
-0.566,0.472
-0.566,0.472
-0.566,0.472
-0.566,0.472
-0.566,0.472
-0.566,0.472
-0.566,0.472
-0.566,0.472
-0.566,0.472
-0.566,0.472
-0.566,0.472
-0.566,0.472
-0.566,0.472
-0.566,0.472
-0.566,0.472
-0.566,0.472
-0.566,0.472
-0.566,0.472
-0.566,0.472
-0.566,0.472
-0.566,0.472
-0.566,0.472
-0.566,0.472
-0.566,0.472
-0.566,0.472
-0.566,0.472
-0.566,0.472
-0.566,0.472
-0.566,0.472
-0.566,0.472
-0.566,0.472
-0.566,0.472
-0.566,0.472
-0.566,0.472
-0.566,0.472
-0.566,0.472
-0.566,0.472
-0.566,0.472
-0.566,0.472
-0.566,0.472
-0.566,0.472
-0.566,0.472
-0.566,0.472
-0.566,0.472
-0.566,0.472
-0.566,0.472
-0.566,0.472
-0.566,0.472
-0.566,0.472
-0.566,0.472
-0.566,0.472
-0.566,0.472
-0.566,0.472
-0.566,0.472
-0.566,0.472
-0.566,0.472
-0.566,0.472
-0.566,0.472
-0.566,0.472
-0.566,0.472
-0.566,0.472
-0.55,0.472
-0.55,0.472
-0.55,0.472
-0.55,0.472
-0.527,0.505
-0.527,0.499
-0.527,0.511
-0.511,0.511
-0.511,0.511
-0.487,0.511
-0.471,0.511
-0.471,0.511
-0.448,0.511
-0.448,0.511
-0.448,0.511
-0.448,0.511
-0.448,0.511
-0.448,0.511
-0.448,0.511
-0.448,0.511
-0.408,0.511
-0.408,0.511
-0.402,0.511
-0.368,0.511
-0.368,0.527
-0.368,0.527
-0.368,0.527
-0.357,0.527
-0.368,0.527
-0.337,0.527
-0.329,0.527
-0.329,0.527
-0.329,0.527
-0.329,0.527
-0.329,0.527
-0.329,0.527
-0.329,0.527
-0.329,0.527
-0.329,0.527
-0.329,0.527
-0.329,0.527
-0.329,0.527
-0.329,0.527
-0.329,0.527
-0.329,0.511
-0.329,0.472
-0.329,0.472
-0.329,0.448
-0.329,0.432
-0.329,0.409
-0.329,0.393
-0.329,0.369
-0.329,0.326
-0.329,0.29
-0.329,0.275
-0.329,0.251
-0.329,0.251
-0.329,0.251
-0.329,0.251
-0.329,0.251
-0.329,0.251
-0.329,0.251
-0.329,0.251
-0.329,0.251
-0.329,0.251
-0.329,0.251
-0.329,0.257
-0.329,0.251
-0.329,0.251
-0.329,0.251
-0.329,0.235
-0.329,0.235
-0.329,0.235
-0.329,0.235
-0.317,0.235
-0.329,0.235
-0.329,0.235
-0.329,0.235
-0.329,0.235
-0.329,0.235
-0.329,0.235
-0.329,0.235
-0.329,0.235
-0.329,0.235
-0.311,0.235
-0.329,0.235
-0.329,0.235
-0.329,0.235
-0.305,0.235
-0.311,0.235
-0.317,0.235
-0.329,0.235
-0.311,0.235
-0.311,0.235
-0.311,0.235
-0.323,0.235
-0.329,0.235
-0.305,0.235
-0.317,0.235
-0.329,0.235
-0.317,0.235
-0.305,0.235
-0.305,0.235
-0.329,0.235
-0.323,0.235
-0.305,0.251
-0.323,0.251
-0.305,0.251
-0.329,0.251
-0.311,0.275
-0.305,0.275
-0.305,0.275
-0.305,0.275
-0.305,0.275
-0.305,0.275
-0.305,0.29
-0.305,0.29
-0.305,0.29
-0.305,0.29
-0.305,0.29
-0.305,0.29
-0.305,0.29
-0.305,0.29
-0.305,0.29
-0.305,0.29
-0.305,0.29
-0.305,0.29
-0.305,0.29
-0.305,0.29
-0.305,0.29
-0.305,0.29
-0.305,0.29
-0.305,0.29
-0.305,0.29
-0.305,0.29
-0.305,0.29
-0.305,0.29
-0.305,0.29
-0.305,0.29
-0.305,0.29
-0.305,0.29
-0.305,0.251
-0.305,0.251
-0.266,0.235
-0.266,0.211
-0.25,0.207
-0.25,0.196
-0.25,0.184
-0.226,0.16
-0.226,0.156
-0.226,0.15
-0.226,0.133
-0.214,0.121
-0.21,0.117
-0.21,0.093
-0.21,0.093
-0.21,0.077
-0.21,0.054
-0.21,0.054
-0.21,0.054
-0.21,0.054
-0.21,0.065
-0.21,0.06
-0.21,0.054
-0.21,0.054
-0.21,0.065
-0.21,0.117
-0.21,0.168
-0.21,0.196
-0.21,0.211
-0.21,0.223
-0.21,0.275
-0.21,0.275
-0.21,0.29
-0.21,0.33
-0.21,0.369
-0.21,0.369
-0.198,0.409
-0.21,0.432
-0.21,0.448
-0.21,0.472
-0.21,0.472
-0.21,0.484
-0.21,0.488
-0.21,0.488
-0.21,0.488
-0.21,0.511
-0.21,0.511
-0.21,0.511
-0.21,0.511
-0.21,0.511
-0.21,0.511
-0.21,0.511
-0.21,0.527
-0.21,0.527
-0.21,0.527
-0.21,0.527
-0.21,0.527
-0.21,0.527
-0.21,0.527
-0.21,0.527
-0.21,0.527
-0.21,0.527
-0.21,0.527
-0.21,0.527
-0.198,0.527
-0.21,0.527
-0.21,0.527
-0.198,0.527
-0.21,0.527
-0.21,0.527
-0.198,0.527
-0.21,0.527
-0.21,0.527
-0.21,0.527
-0.21,0.527
-0.21,0.527
-0.21,0.527
-0.21,0.527
-0.21,0.527
-0.21,0.527
-0.21,0.527
-0.21,0.527
-0.21,0.527
-0.21,0.527
-0.21,0.527
-0.204,0.527
-0.21,0.527
-0.21,0.527
-0.21,0.527
-0.21,0.527
-0.21,0.527
-0.21,0.527
-0.204,0.527
-0.21,0.527
-0.21,0.527
-0.21,0.527
-0.21,0.527
-0.21,0.527
-0.21,0.527
-0.21,0.527
-0.21,0.527
-0.21,0.527
-0.21,0.527
-0.21,0.527
-0.198,0.527
-0.21,0.527
-0.21,0.527
-0.21,0.527
-0.21,0.527
-0.21,0.527
-0.21,0.527
-0.21,0.527
-0.204,0.527
-0.21,0.472
-0.21,0.472
-0.21,0.472
-0.21,0.448
-0.21,0.448
-0.21,0.448
-0.204,0.448
-0.21,0.432
-0.21,0.432
-0.198,0.432
-0.21,0.432
-0.21,0.432
-0.204,0.409
-0.21,0.409
-0.21,0.409
-0.198,0.415
-0.21,0.409
-0.21,0.409
-0.21,0.409
-0.21,0.409
-0.204,0.409
-0.21,0.409
-0.186,0.409
-0.21,0.393
-0.21,0.393
-0.198,0.369
-0.21,0.369
-0.21,0.33
-0.21,0.314
-0.21,0.314
-0.21,0.314
-0.21,0.314
-0.21,0.308
-0.21,0.296
-0.186,0.29
-0.174,0.29
-0.186,0.29
-0.18,0.29
-0.186,0.29
-0.163,0.29
-0.163,0.29
-0.163,0.29
-0.147,0.29
-0.123,0.29
-0.123,0.29
-0.083,0.29
-0.068,0.353
-0.044,0.381
-0.004,0.448
0.0,0.472
0.0,0.488
0.0,0.488
0.0,0.488
0.0,0.511
0.0,0.511
0.0,0.511
-0.044,0.511
-0.083,0.511
-0.123,0.511
-0.123,0.511
-0.147,0.511
-0.204,0.511
-0.266,0.511
-0.323,0.511
-0.368,0.511
-0.384,0.511
-0.432,0.511
-0.448,0.511
-0.471,0.511
-0.487,0.511
-0.487,0.511
-0.487,0.511
-0.511,0.511
-0.527,0.511
-0.533,0.511
-0.55,0.511
-0.527,0.511
-0.55,0.511
-0.55,0.511
-0.55,0.511
-0.544,0.511
-0.55,0.511
-0.566,0.511
-0.566,0.511
-0.566,0.511
-0.566,0.511
-0.566,0.511
-0.566,0.511
-0.566,0.511
-0.566,0.511
-0.566,0.511
-0.566,0.511
-0.566,0.511
-0.566,0.511
-0.566,0.511
-0.566,0.511
-0.566,0.511
-0.566,0.511
-0.566,0.511
-0.572,0.511
-0.59,0.511
-0.59,0.511
-0.566,0.511
-0.59,0.511
-0.584,0.511
-0.59,0.511
-0.59,0.511
-0.59,0.511
-0.59,0.511
-0.578,0.511
-0.584,0.511
-0.59,0.511
-0.59,0.511
-0.59,0.511
-0.59,0.511
-0.59,0.511
-0.59,0.511
-0.59,0.511
-0.59,0.511
-0.59,0.511
-0.59,0.511
-0.59,0.511
-0.59,0.511
-0.59,0.511
-0.59,0.511
-0.59,0.511
-0.59,0.511
-0.59,0.511
-0.59,0.511
-0.578,0.511
-0.59,0.511
-0.59,0.511
-0.59,0.511
-0.578,0.511
-0.572,0.511
-0.566,0.511
-0.527,0.511
-0.511,0.511
-0.487,0.511
-0.487,0.511
-0.487,0.511
-0.487,0.511
-0.487,0.511
-0.487,0.511
-0.487,0.511
-0.487,0.511
-0.487,0.511
-0.487,0.511
-0.487,0.511
-0.487,0.488
-0.487,0.472
-0.487,0.472
-0.487,0.472
-0.487,0.472
-0.487,0.472
-0.487,0.472
-0.487,0.466
-0.487,0.448
-0.487,0.448
-0.487,0.448
-0.487,0.432
-0.487,0.432
-0.487,0.432
-0.487,0.432
-0.487,0.432
-0.487,0.432
-0.487,0.432
-0.487,0.421
-0.487,0.409
-0.487,0.415
-0.487,0.409
-0.487,0.409
-0.487,0.409
-0.487,0.409
-0.487,0.409
-0.487,0.409
-0.487,0.409
-0.487,0.409
-0.487,0.409
-0.487,0.409
-0.487,0.409
-0.487,0.409
-0.493,0.409
-0.487,0.409
-0.487,0.409
-0.487,0.409
-0.487,0.409
-0.487,0.409
-0.487,0.409
-0.487,0.409
-0.487,0.409
-0.487,0.415
-0.487,0.409
-0.487,0.409
-0.487,0.409
-0.487,0.409
-0.487,0.409
-0.487,0.421
-0.487,0.409
-0.487,0.409
-0.487,0.409
-0.487,0.409
-0.487,0.409
-0.487,0.409
-0.487,0.409
-0.487,0.409
-0.487,0.409
-0.487,0.409
-0.487,0.409
-0.487,0.409
-0.487,0.409
-0.487,0.409
-0.487,0.421
-0.487,0.409
-0.487,0.409
-0.487,0.409
-0.487,0.409
-0.432,0.409
-0.432,0.409
-0.408,0.409
-0.368,0.409
-0.368,0.409
-0.357,0.409
-0.329,0.409
-0.329,0.409
-0.329,0.409
-0.329,0.409
-0.329,0.409
-0.305,0.415
-0.305,0.409
-0.305,0.409
-0.266,0.409
-0.266,0.409
-0.266,0.409
-0.266,0.409
-0.266,0.409
-0.266,0.409
-0.266,0.409
-0.25,0.409
-0.25,0.409
-0.25,0.409
-0.25,0.369
-0.238,0.369
-0.25,0.353
-0.25,0.322
-0.25,0.314
-0.25,0.314
-0.238,0.314
-0.25,0.314
-0.232,0.29
-0.25,0.302
-0.25,0.296
-0.25,0.29
-0.238,0.308
-0.25,0.308
-0.25,0.302
-0.238,0.314
-0.25,0.29
-0.25,0.29
-0.238,0.29
-0.226,0.302
-0.238,0.296
-0.25,0.29
-0.25,0.308
-0.244,0.29
-0.25,0.29
-0.25,0.29
-0.238,0.29
-0.25,0.29
-0.25,0.29
-0.25,0.29
-0.25,0.29
-0.25,0.29
-0.25,0.29
-0.238,0.29
-0.25,0.302
-0.25,0.29
-0.25,0.308
-0.25,0.336
-0.25,0.369
-0.25,0.409
-0.25,0.432
-0.25,0.448
-0.266,0.472
-0.289,0.484
-0.345,0.488
-0.368,0.511
-0.384,0.511
-0.408,0.511
-0.408,0.511
-0.408,0.511
-0.426,0.511
-0.426,0.511
-0.432,0.511
-0.432,0.511
-0.432,0.511
-0.448,0.488
-0.471,0.472
-0.471,0.432
-0.487,0.421
-0.487,0.415
-0.487,0.409
-0.511,0.409
-0.511,0.409
-0.527,0.409
-0.527,0.409
-0.527,0.409
-0.527,0.409
-0.527,0.409
-0.527,0.409
-0.527,0.409
-0.527,0.409
-0.527,0.409
-0.527,0.409
-0.527,0.409
-0.527,0.409
-0.527,0.409
-0.527,0.409
-0.527,0.409
-0.527,0.409
-0.527,0.409
-0.527,0.409
-0.527,0.409
-0.527,0.409
-0.519,0.409
-0.487,0.409
-0.471,0.409
-0.448,0.409
-0.432,0.409
-0.408,0.409
-0.368,0.421
-0.368,0.409
-0.329,0.409
-0.329,0.409
-0.329,0.409
-0.329,0.409
-0.329,0.409
-0.323,0.409
-0.317,0.409
-0.329,0.409
-0.323,0.409
-0.305,0.409
-0.289,0.409
-0.289,0.409
-0.289,0.409
-0.266,0.415
-0.266,0.409
-0.266,0.409
-0.25,0.409
-0.25,0.409
-0.25,0.409
-0.25,0.409
-0.25,0.409
-0.25,0.409
-0.25,0.415
-0.25,0.409
-0.25,0.409
-0.25,0.409
-0.25,0.409
-0.25,0.409
-0.25,0.409
-0.25,0.409
-0.25,0.409
-0.25,0.409
-0.25,0.409
-0.25,0.409
-0.25,0.409
-0.25,0.409
-0.25,0.409
-0.25,0.409
-0.25,0.409
-0.25,0.409
-0.25,0.409
-0.25,0.409
-0.25,0.409
-0.25,0.409
-0.25,0.409
-0.25,0.409
-0.25,0.409
-0.25,0.409
-0.277,0.409
-0.289,0.409
-0.289,0.409
-0.289,0.409
-0.289,0.409
-0.289,0.409
-0.289,0.409
-0.289,0.409
-0.289,0.409
-0.289,0.409
-0.289,0.409
-0.289,0.409
-0.289,0.409
-0.289,0.432
-0.289,0.409
-0.289,0.409
-0.289,0.409
-0.289,0.409
-0.289,0.409
-0.289,0.409
-0.289,0.409
-0.289,0.409
-0.289,0.409
-0.289,0.409
-0.289,0.409
-0.289,0.415
-0.289,0.409
-0.289,0.409
-0.289,0.409
-0.289,0.409
-0.289,0.409
-0.289,0.409
-0.289,0.409
-0.289,0.409
-0.289,0.415
-0.289,0.409
-0.289,0.409
-0.289,0.409
-0.289,0.409
-0.289,0.409
-0.289,0.409
-0.289,0.409
-0.289,0.409
-0.283,0.409
-0.289,0.409
-0.289,0.409
-0.289,0.415
-0.289,0.409
-0.289,0.409
-0.289,0.432
-0.305,0.409
-0.345,0.409
-0.368,0.409
-0.368,0.426
-0.402,0.472
-0.42,0.488
-0.432,0.511
-0.432,0.527
-0.448,0.527
-0.448,0.551
-0.448,0.551
-0.448,0.567
-0.448,0.567
-0.448,0.606
-0.448,0.63
-0.448,0.645
-0.448,0.645
-0.448,0.645
-0.448,0.645
-0.448,0.645
-0.448,0.645
-0.448,0.645
-0.448,0.645
-0.448,0.645
-0.448,0.645
-0.448,0.645
-0.448,0.645
-0.448,0.645
-0.448,0.645
-0.448,0.645
-0.448,0.645
-0.448,0.645
-0.448,0.645
-0.448,0.645
-0.448,0.606
-0.448,0.606
-0.448,0.606
-0.396,0.606
-0.351,0.606
-0.329,0.606
-0.289,0.606
-0.238,0.606
-0.204,0.598
-0.198,0.606
-0.186,0.606
-0.186,0.606
-0.186,0.59
-0.174,0.59
-0.163,0.59
-0.147,0.59
-0.147,0.59
-0.147,0.59
-0.147,0.59
-0.147,0.567
-0.147,0.555
-0.147,0.551
-0.147,0.545
-0.147,0.527
-0.147,0.527
-0.147,0.527
-0.147,0.527
-0.147,0.527
-0.147,0.527
-0.147,0.527
-0.147,0.527
-0.135,0.527
-0.123,0.527
-0.119,0.527
-0.107,0.527
-0.101,0.527
-0.083,0.505
-0.068,0.488
-0.044,0.488
-0.044,0.472
-0.044,0.472
-0.044,0.472
-0.028,0.472
-0.028,0.472
-0.028,0.472
-0.028,0.472
-0.028,0.472
-0.028,0.472
-0.08,0.448
-0.083,0.472
-0.107,0.448
-0.083,0.432
-0.107,0.432
-0.107,0.432
-0.123,0.432
-0.123,0.432
-0.123,0.409
-0.123,0.409
-0.123,0.409
-0.123,0.409
-0.123,0.409
-0.123,0.409
-0.123,0.409
-0.123,0.409
-0.123,0.409
-0.123,0.409
-0.123,0.409
-0.123,0.409
-0.123,0.409
-0.123,0.409
-0.123,0.409
-0.123,0.409
-0.123,0.409
-0.123,0.409
-0.123,0.409
-0.123,0.409
-0.123,0.409
-0.123,0.409
-0.123,0.393
-0.123,0.393
-0.123,0.393
-0.123,0.369
-0.123,0.369
-0.123,0.369
-0.123,0.369
-0.123,0.322
-0.123,0.314
-0.123,0.314
-0.123,0.314
-0.123,0.29
-0.068,0.29
-0.044,0.296
-0.004,0.29
0.0,0.29
0.0,0.29
0.0,0.29
0.0,0.29
0.0,0.279
0.0,0.275
0.0,0.275
0.0,0.275
0.0,0.275
0.0,0.263
0.0,0.263
0.022,0.251
0.022,0.251
0.038,0.251
0.038,0.251
0.038,0.251
0.038,0.251
0.062,0.251
0.077,0.251
0.101,0.251
0.129,0.251
0.14,0.251
0.164,0.251
0.18,0.251
0.192,0.251
0.18,0.251
0.18,0.251
0.204,0.251
0.204,0.251
0.204,0.251
0.204,0.251
0.204,0.251
0.204,0.251
0.204,0.251
0.204,0.251
0.204,0.251
0.204,0.251
0.204,0.251
0.213,0.251
0.219,0.251
0.219,0.251
0.219,0.251
0.219,0.251
0.207,0.251
0.204,0.251
0.204,0.251
0.204,0.251
0.204,0.251
0.204,0.251
0.204,0.251
0.204,0.257
0.204,0.251
0.204,0.257
0.18,0.251
0.18,0.251
0.164,0.251
0.164,0.251
0.164,0.251
0.164,0.251
0.14,0.251
0.117,0.251
0.109,0.251
0.101,0.251
0.101,0.251
0.101,0.251
0.101,0.251
0.101,0.251
0.073,0.251
0.062,0.251
0.038,0.251
0.034,0.251
0.0,0.251
0.0,0.251
0.0,0.263
0.0,0.251
0.0,0.251
0.0,0.251
0.0,0.251
0.0,0.251
0.0,0.251
0.0,0.251
0.0,0.251
0.0,0.251
0.0,0.251
0.0,0.251
0.0,0.251
0.0,0.251
0.0,0.251
0.0,0.251
0.0,0.251
0.0,0.251
0.0,0.251
0.0,0.251
0.0,0.251
0.0,0.251
0.0,0.251
0.0,0.263
0.0,0.251
0.0,0.251
0.0,0.251
0.0,0.251
0.0,0.251
0.0,0.251
0.0,0.251
0.0,0.257
0.0,0.251
0.0,0.251
0.0,0.251
0.0,0.251
0.0,0.251
0.0,0.251
0.0,0.251
0.0,0.251
0.0,0.251
0.0,0.251
0.0,0.251
0.0,0.251
0.0,0.251
0.0,0.251
0.0,0.251
0.0,0.251
0.0,0.251
0.0,0.251
0.0,0.251
0.0,0.251
0.0,0.251
0.0,0.251
0.0,0.251
0.0,0.251
0.0,0.251
0.0,0.251
0.0,0.251
0.0,0.251
0.0,0.251
0.0,0.251
0.0,0.251
0.0,0.251
0.0,0.251
0.0,0.251
0.0,0.251
0.0,0.251
0.0,0.251
0.0,0.251
0.0,0.251
0.0,0.251
0.0,0.251
0.0,0.263
0.0,0.251
0.0,0.251
0.0,0.251
0.0,0.251
0.0,0.251
0.0,0.251
0.0,0.251
0.0,0.251
0.0,0.257
0.0,0.251
0.0,0.251
0.0,0.251
0.0,0.251
0.0,0.251
0.0,0.251
0.0,0.251
0.0,0.251
0.0,0.251
0.0,0.251
0.0,0.251
0.0,0.251
0.0,0.251
0.0,0.251
0.0,0.251
0.0,0.251
0.0,0.251
0.0,0.251
0.0,0.251
0.0,0.251
0.0,0.251
0.0,0.263
0.0,0.251
0.0,0.251
0.0,0.251
0.0,0.263
0.0,0.251
0.0,0.251
0.0,0.251
0.0,0.263
0.0,0.251
0.0,0.251
0.0,0.29
0.0,0.393
0.0,0.44
0.0,0.454
0.0,0.472
0.0,0.488
0.0,0.511
0.0,0.511
0.0,0.527
0.0,0.539
0.0,0.567
0.0,0.567
0.038,0.584
0.069,0.59
0.14,0.59
0.204,0.59
0.259,0.59
0.298,0.59
0.338,0.59
0.361,0.59
0.373,0.59
0.361,0.59
0.361,0.59
0.361,0.59
0.367,0.59
0.361,0.606
0.361,0.606
0.361,0.606
0.361,0.606
0.322,0.606
0.298,0.606
0.304,0.606
0.282,0.567
0.282,0.527
0.243,0.511
0.243,0.472
0.243,0.472
0.219,0.448
0.219,0.432
0.219,0.432
0.219,0.409
0.219,0.369
0.219,0.353
0.219,0.314
0.219,0.29
0.219,0.29
0.219,0.275
0.219,0.251
0.219,0.251
0.219,0.235
0.219,0.235
0.219,0.211
0.219,0.211
0.219,0.211
0.219,0.211
0.219,0.211
0.219,0.211
0.219,0.211
0.219,0.211
0.219,0.211
0.219,0.211
0.219,0.211
0.219,0.211
0.219,0.211
0.219,0.211
0.219,0.211
0.219,0.211
0.219,0.211
0.219,0.211
0.219,0.211
0.219,0.223
0.219,0.211
0.219,0.211
0.219,0.211
0.219,0.211
0.219,0.211
0.219,0.211
0.219,0.211
0.219,0.223
0.219,0.223
0.219,0.211
0.219,0.211
0.219,0.211
0.219,0.211
0.219,0.211
0.219,0.211
0.219,0.211
0.219,0.211
0.219,0.211
0.219,0.211
0.219,0.211
0.219,0.223
0.219,0.223
0.219,0.217
0.219,0.211
0.219,0.211
0.219,0.211
0.219,0.211
0.219,0.211
0.219,0.211
0.219,0.211
0.219,0.211
0.219,0.211
0.219,0.211
0.219,0.211
0.219,0.211
0.219,0.211
0.219,0.211
0.219,0.211
0.231,0.211
0.219,0.211
0.219,0.217
0.219,0.239
0.152,0.29
0.044,0.397
0.004,0.472
0.0,0.511
0.022,0.511
0.022,0.511
0.022,0.511
0.022,0.511
0.022,0.511
0.022,0.511
0.022,0.511
0.022,0.511
0.01,0.511
0.0,0.527
0.0,0.527
0.0,0.527
0.0,0.527
-0.068,0.527
-0.101,0.454
-0.107,0.409
-0.101,0.353
-0.107,0.302
-0.107,0.296
-0.101,0.29
-0.107,0.251
-0.107,0.251
-0.107,0.211
-0.107,0.196
-0.107,0.196
-0.107,0.196
-0.107,0.196
-0.107,0.196
-0.107,0.196
-0.107,0.196
-0.107,0.196
-0.123,0.196
-0.123,0.196
-0.123,0.196
-0.123,0.196
-0.123,0.196
-0.123,0.196
-0.123,0.196
-0.123,0.196
-0.123,0.196
-0.123,0.196
-0.123,0.196
-0.123,0.196
-0.123,0.196
-0.123,0.196
-0.123,0.196
-0.123,0.196
-0.123,0.196
-0.123,0.196
-0.123,0.196
-0.123,0.196
-0.123,0.196
-0.123,0.196
-0.123,0.196
-0.123,0.196
-0.123,0.196
-0.123,0.196
-0.123,0.196
-0.123,0.196
-0.123,0.196
-0.123,0.196
-0.123,0.196
-0.123,0.196
-0.123,0.196
-0.123,0.196
-0.123,0.196
-0.123,0.196
-0.123,0.196
-0.123,0.196
-0.123,0.239
-0.123,0.322
-0.123,0.448
-0.123,0.494
-0.123,0.527
-0.123,0.527
-0.123,0.551
-0.123,0.551
-0.123,0.551
-0.123,0.551
-0.123,0.551
-0.147,0.551
-0.147,0.551
-0.147,0.551
-0.147,0.551
-0.147,0.551
-0.147,0.551
-0.147,0.551
-0.147,0.551
-0.147,0.551
-0.147,0.551
-0.147,0.567
-0.095,0.567
-0.004,0.567
0.0,0.606
0.0,0.618
0.0,0.63
0.004,0.63
0.01,0.63
0.022,0.63
0.022,0.618
0.022,0.624
0.022,0.612
0.062,0.572
0.062,0.527
0.077,0.511
0.117,0.488
0.14,0.472
0.14,0.472
0.18,0.472
0.18,0.448
0.204,0.448
0.204,0.432
0.204,0.432
0.219,0.432
0.219,0.415
0.219,0.409
0.219,0.409
0.219,0.415
0.219,0.401
0.219,0.375
0.219,0.369
0.219,0.33
0.219,0.314
0.219,0.296
0.219,0.29
0.219,0.302
0.186,0.296
0.192,0.29
0.186,0.29
0.164,0.29
0.164,0.29
0.14,0.29
0.117,0.29
0.117,0.29
0.077,0.29
0.062,0.29
0.062,0.29
0.056,0.286
0.038,0.275
0.038,0.275
0.038,0.275
0.038,0.275
0.038,0.251
0.038,0.251
0.038,0.235
0.038,0.235
0.05,0.235
0.038,0.235
0.038,0.235
0.038,0.235
0.038,0.235
0.05,0.235
0.038,0.235
0.056,0.235
0.038,0.235
0.038,0.235
0.038,0.235
0.038,0.235
0.038,0.235
0.038,0.235
0.05,0.235
0.044,0.235
0.038,0.235
0.038,0.235
0.038,0.235
0.038,0.235
0.038,0.235
0.022,0.235
0.022,0.235
0.022,0.235
0.022,0.235
0.022,0.235
0.022,0.235
0.022,0.235
0.022,0.235
0.022,0.235
0.022,0.235
0.022,0.235
0.022,0.235
0.022,0.235
0.022,0.235
0.022,0.235
0.022,0.235
0.022,0.235
0.022,0.235
0.022,0.235
0.022,0.235
0.022,0.235
0.022,0.235
0.0,0.235
0.01,0.235
0.0,0.235
0.0,0.235
0.0,0.235
0.0,0.235
0.0,0.235
0.0,0.235
0.0,0.235
0.0,0.235
0.0,0.235
0.0,0.235
0.0,0.235
0.0,0.235
0.0,0.235
-0.004,0.235
-0.004,0.235
-0.004,0.235
-0.004,0.235
-0.004,0.235
-0.004,0.235
-0.004,0.235
-0.004,0.235
-0.004,0.235
-0.004,0.235
-0.004,0.235
-0.004,0.235
-0.004,0.235
-0.004,0.235
-0.004,0.235
-0.004,0.235
-0.004,0.235
-0.004,0.235
-0.004,0.235
-0.004,0.235
-0.004,0.235
-0.004,0.235
-0.004,0.235
-0.004,0.235
-0.004,0.235
-0.004,0.235
-0.004,0.235
-0.004,0.235
-0.004,0.235
-0.004,0.235
-0.004,0.235
-0.004,0.235
-0.004,0.235
-0.004,0.235
-0.004,0.235
-0.004,0.235
-0.004,0.235
-0.004,0.235
-0.004,0.235
-0.004,0.235
-0.004,0.235
-0.004,0.235
-0.004,0.235
-0.004,0.235
-0.004,0.235
-0.004,0.235
-0.004,0.235
-0.004,0.235
-0.004,0.235
-0.004,0.235
-0.004,0.235
-0.004,0.235
-0.004,0.235
-0.004,0.235
-0.004,0.235
-0.004,0.235
-0.004,0.235
-0.004,0.235
-0.004,0.235
-0.004,0.235
-0.004,0.235
-0.004,0.235
-0.004,0.235
-0.004,0.235
-0.004,0.235
-0.004,0.235
-0.004,0.235
-0.004,0.235
-0.004,0.235
-0.004,0.235
-0.004,0.235
-0.004,0.235
-0.004,0.235
-0.004,0.235
-0.004,0.235
-0.004,0.235
-0.004,0.235
-0.004,0.235
-0.004,0.235
-0.004,0.235
-0.004,0.235
-0.004,0.235
-0.004,0.235
-0.004,0.235
-0.004,0.235
-0.004,0.235
-0.004,0.235
-0.004,0.235
-0.004,0.235
-0.004,0.235
-0.004,0.235
-0.004,0.235
-0.004,0.235
-0.004,0.235
-0.004,0.235
-0.004,0.235
-0.004,0.235
-0.004,0.235
-0.004,0.235
-0.004,0.235
-0.004,0.235
-0.004,0.235
-0.004,0.235
-0.004,0.235
-0.004,0.235
-0.004,0.235
-0.004,0.235
-0.004,0.235
-0.004,0.235
-0.004,0.235
-0.004,0.235
-0.004,0.235
-0.004,0.235
-0.004,0.235
-0.004,0.235
-0.004,0.235
-0.004,0.235
-0.004,0.235
-0.004,0.235
-0.004,0.235
-0.004,0.235
-0.004,0.235
-0.004,0.235
-0.004,0.235
-0.004,0.235
-0.004,0.235
-0.004,0.235
-0.068,0.235
-0.119,0.235
-0.135,0.235
-0.147,0.235
-0.163,0.235
-0.21,0.235
-0.222,0.235
-0.226,0.235
-0.226,0.235
-0.226,0.235
-0.226,0.235
-0.226,0.235
-0.226,0.235
-0.226,0.235
-0.226,0.235
-0.226,0.235
-0.226,0.235
-0.226,0.235
-0.226,0.235
-0.226,0.235
-0.226,0.235
-0.226,0.235
-0.25,0.235
-0.25,0.235
-0.25,0.235
-0.25,0.235
-0.254,0.235
-0.266,0.235
-0.266,0.235
-0.289,0.235
-0.289,0.235
-0.289,0.235
-0.289,0.235
-0.289,0.235
-0.289,0.235
-0.289,0.235
-0.277,0.235
-0.289,0.235
-0.289,0.235
-0.289,0.235
-0.289,0.235
-0.289,0.235
-0.289,0.235
-0.289,0.235
-0.289,0.235
-0.289,0.235
-0.289,0.235
-0.289,0.235
-0.289,0.235
-0.289,0.235
-0.277,0.235
-0.289,0.235
-0.289,0.235
-0.289,0.235
-0.289,0.235
-0.289,0.235
-0.289,0.235
-0.289,0.235
-0.289,0.235
-0.289,0.235
-0.289,0.235
-0.289,0.235
-0.289,0.235
-0.289,0.235
-0.289,0.235
-0.289,0.235
-0.289,0.235
-0.289,0.235
-0.289,0.235
-0.289,0.235
-0.289,0.235
-0.289,0.235
-0.289,0.235
-0.289,0.235
-0.289,0.235
-0.289,0.235
-0.289,0.235
-0.289,0.235
-0.289,0.235
-0.289,0.235
-0.289,0.235
-0.289,0.235
-0.289,0.235
-0.289,0.235
-0.289,0.235
-0.289,0.235
-0.289,0.235
-0.289,0.235
-0.289,0.235
-0.289,0.235
-0.289,0.235
-0.289,0.235
-0.305,0.235
-0.305,0.235
-0.329,0.275
-0.345,0.29
-0.345,0.314
-0.345,0.33
-0.368,0.353
-0.368,0.369
-0.368,0.369
-0.368,0.369
-0.368,0.381
-0.368,0.369
-0.368,0.369
-0.368,0.369
-0.368,0.369
-0.368,0.369
-0.368,0.369
-0.368,0.369
-0.357,0.369
-0.368,0.369
-0.368,0.369
-0.368,0.381
-0.368,0.369
-0.368,0.369
-0.368,0.369
-0.368,0.369
-0.368,0.369
-0.368,0.369
-0.368,0.369
-0.368,0.369
-0.368,0.369
-0.368,0.369
-0.368,0.369
-0.368,0.369
-0.368,0.369
-0.368,0.369
-0.368,0.369
-0.368,0.369
-0.368,0.369
-0.368,0.369
-0.368,0.369
-0.368,0.369
-0.368,0.369
-0.368,0.369
-0.368,0.369
-0.368,0.369
-0.368,0.369
-0.368,0.369
-0.368,0.369
-0.368,0.369
-0.368,0.369
-0.368,0.369
-0.368,0.375
-0.368,0.369
-0.368,0.369
-0.368,0.369
-0.368,0.369
-0.368,0.369
-0.368,0.369
-0.368,0.369
-0.368,0.381
-0.368,0.369
-0.368,0.369
-0.368,0.369
-0.368,0.369
-0.368,0.369
-0.368,0.369
-0.368,0.369
-0.368,0.369
-0.368,0.369
-0.368,0.353
-0.362,0.353
-0.362,0.33
-0.368,0.33
-0.368,0.336
-0.368,0.348
-0.368,0.353
-0.368,0.33
-0.362,0.348
-0.368,0.353
-0.368,0.33
-0.368,0.353
-0.368,0.33
-0.368,0.33
-0.368,0.336
-0.368,0.33
-0.368,0.33
-0.368,0.33
-0.368,0.33
-0.368,0.33
-0.368,0.33
-0.357,0.342
-0.357,0.336
-0.368,0.342
-0.368,0.33
-0.368,0.33
-0.368,0.33
-0.368,0.33
-0.362,0.33
-0.368,0.33
-0.368,0.33
-0.368,0.33
-0.368,0.33
-0.368,0.33
-0.368,0.33
-0.368,0.33
-0.368,0.33
-0.368,0.33
-0.368,0.33
-0.368,0.33
-0.368,0.33
-0.368,0.33
-0.368,0.33
-0.408,0.33
-0.408,0.33
-0.432,0.336
-0.432,0.33
-0.448,0.33
-0.448,0.33
-0.471,0.33
-0.471,0.336
-0.487,0.33
-0.487,0.33
-0.487,0.33
-0.487,0.33
-0.527,0.33
-0.527,0.33
-0.527,0.33
-0.55,0.33
-0.55,0.33
-0.539,0.33
-0.55,0.33
-0.55,0.33
-0.55,0.33
-0.55,0.33
-0.55,0.33
-0.55,0.33
-0.55,0.342
-0.55,0.33
-0.55,0.33
-0.55,0.33
-0.55,0.33
-0.55,0.336
-0.55,0.33
-0.55,0.33
-0.55,0.33
-0.55,0.33
-0.55,0.33
-0.55,0.33
-0.55,0.33
-0.55,0.33
-0.55,0.336
-0.55,0.33
-0.55,0.33
-0.55,0.33
-0.55,0.33
-0.55,0.33
-0.55,0.33
-0.523,0.33
-0.511,0.33
-0.471,0.33
-0.471,0.33
-0.471,0.348
-0.471,0.33
-0.471,0.342
-0.471,0.336
-0.471,0.33
-0.471,0.33
-0.471,0.33
-0.471,0.33
-0.471,0.33
-0.471,0.33
-0.471,0.342
-0.471,0.342
-0.471,0.33
-0.471,0.33
-0.471,0.33
-0.471,0.33
-0.471,0.33
-0.471,0.33
-0.471,0.353
-0.471,0.33
-0.471,0.33
-0.471,0.33
-0.471,0.342
-0.471,0.336
-0.471,0.33
-0.471,0.33
-0.471,0.33
-0.471,0.336
-0.471,0.33
-0.471,0.33
-0.471,0.33
-0.471,0.353
-0.471,0.336
-0.471,0.33
-0.471,0.33
-0.471,0.33
-0.471,0.33
-0.471,0.336
-0.511,0.33
-0.511,0.33
-0.527,0.342
-0.527,0.33
-0.55,0.33
-0.55,0.33
-0.55,0.33
-0.55,0.33
-0.55,0.33
-0.55,0.33
-0.55,0.33
-0.566,0.33
-0.566,0.33
-0.566,0.33
-0.566,0.33
-0.566,0.33
-0.566,0.342
-0.566,0.33
-0.566,0.33
-0.566,0.33
-0.566,0.33
-0.566,0.33
-0.566,0.33
-0.566,0.33
-0.566,0.33
-0.566,0.33
-0.566,0.33
-0.566,0.33
-0.566,0.33
-0.566,0.33
-0.566,0.336
-0.566,0.33
-0.566,0.33
-0.527,0.33
-0.511,0.33
-0.471,0.33
-0.432,0.33
-0.408,0.33
-0.368,0.33
-0.368,0.33
-0.329,0.342
-0.329,0.33
-0.329,0.33
-0.329,0.33
-0.329,0.33
-0.329,0.33
-0.329,0.33
-0.329,0.33
-0.329,0.33
-0.329,0.33
-0.329,0.33
-0.329,0.33
-0.329,0.33
-0.329,0.33
-0.329,0.342
-0.329,0.33
-0.329,0.33
-0.329,0.33
-0.329,0.33
-0.329,0.33
-0.329,0.33
-0.329,0.33
-0.329,0.342
-0.329,0.336
-0.317,0.33
-0.311,0.33
-0.305,0.33
-0.289,0.33
-0.266,0.33
-0.25,0.33
-0.226,0.348
-0.226,0.33
-0.226,0.33
-0.226,0.33
-0.226,0.33
-0.226,0.33
-0.226,0.33
-0.226,0.336
-0.226,0.33
-0.222,0.33
-0.21,0.33
-0.21,0.33
-0.21,0.33
-0.21,0.33
-0.21,0.33
-0.21,0.342
-0.21,0.336
-0.21,0.33
-0.21,0.33
-0.21,0.33
-0.21,0.33
-0.21,0.33
-0.21,0.33
-0.266,0.33
-0.289,0.33
-0.289,0.33
-0.305,0.33
-0.305,0.33
-0.329,0.33
-0.329,0.33
-0.329,0.33
-0.345,0.33
-0.345,0.33
-0.345,0.33
-0.345,0.33
-0.345,0.33
-0.345,0.33
-0.345,0.33
-0.345,0.336
-0.345,0.33
-0.277,0.33
-0.21,0.33
-0.123,0.369
0.0,0.397
0.0,0.409
0.0,0.409
0.0,0.432
0.0,0.432
0.0,0.448
0.0,0.466
0.0,0.488
0.022,0.499
0.038,0.511
0.038,0.527
0.044,0.527
0.069,0.551
0.14,0.551
0.192,0.551
0.243,0.561
0.298,0.567
0.338,0.567
0.361,0.572
0.385,0.59
0.424,0.59
0.44,0.59
0.44,0.59
0.44,0.606
0.44,0.606
0.44,0.606
0.44,0.606
0.44,0.606
0.44,0.606
0.44,0.606
0.44,0.606
0.44,0.606
0.44,0.606
0.44,0.606
0.44,0.606
0.44,0.606
0.44,0.606
0.44,0.606
0.44,0.606
0.44,0.606
0.361,0.606
0.35,0.606
0.322,0.606
0.298,0.606
0.298,0.606
0.282,0.606
0.259,0.606
0.259,0.606
0.259,0.606
0.259,0.606
0.259,0.606
0.259,0.606
0.259,0.606
0.282,0.606
0.282,0.606
0.298,0.576
0.322,0.567
0.338,0.567
0.361,0.567
0.367,0.559
0.361,0.551
0.361,0.551
0.361,0.551
0.361,0.551
0.361,0.527
0.361,0.527
0.361,0.527
0.361,0.527
0.361,0.527
0.361,0.527
0.361,0.527
0.361,0.527
0.361,0.527
0.361,0.527
0.361,0.523
0.361,0.511
0.361,0.511
0.361,0.511
0.361,0.511
0.361,0.511
0.361,0.511
0.361,0.511
0.361,0.511
0.361,0.511
0.361,0.511
0.361,0.511
0.361,0.511
0.361,0.511
0.361,0.511
0.361,0.511
0.361,0.505
0.361,0.499
0.361,0.488
0.361,0.488
0.361,0.488
0.361,0.488
0.361,0.488
0.361,0.494
0.361,0.488
0.361,0.488
0.361,0.488
0.367,0.472
0.361,0.472
0.361,0.472
0.361,0.472
0.338,0.472
0.322,0.472
0.298,0.472
0.282,0.472
0.243,0.472
0.243,0.472
0.243,0.472
0.231,0.472
0.219,0.472
0.207,0.472
0.204,0.472
0.204,0.472
0.18,0.472
0.164,0.472
0.164,0.472
0.14,0.472
0.117,0.472
0.123,0.472
0.117,0.448
0.101,0.472
0.101,0.466
0.101,0.448
0.101,0.472
0.089,0.448
0.077,0.448
0.077,0.448
0.077,0.448
0.069,0.454
0.062,0.448
0.062,0.454
0.062,0.448
0.062,0.448
0.062,0.448
0.062,0.448
0.062,0.448
0.062,0.448
0.038,0.46
0.056,0.448
0.044,0.448
0.062,0.448
0.056,0.448
0.05,0.448
0.056,0.448
0.062,0.46
0.056,0.448
0.077,0.448
0.077,0.448
0.117,0.448
0.14,0.448
0.14,0.46
0.152,0.454
0.14,0.454
0.14,0.448
0.14,0.448
0.14,0.448
0.14,0.448
0.14,0.448
0.146,0.448
0.065,0.454
0.03,0.448
0.0,0.448
0.0,0.448
0.0,0.448
0.0,0.448
0.0,0.448
0.0,0.448
-0.004,0.448
-0.028,0.448
-0.044,0.448
-0.044,0.448
-0.068,0.448
-0.068,0.448
-0.068,0.454
-0.072,0.448
-0.083,0.444
-0.083,0.432
-0.107,0.432
-0.107,0.432
-0.123,0.432
-0.123,0.432
-0.123,0.432
-0.123,0.432
-0.123,0.432
-0.123,0.432
-0.123,0.409
-0.123,0.409
-0.147,0.409
-0.147,0.409
-0.147,0.409
-0.147,0.409
-0.147,0.409
-0.147,0.409
-0.147,0.409
-0.147,0.409
-0.147,0.415
-0.147,0.409
-0.147,0.409
-0.135,0.409
-0.123,0.409
-0.123,0.409
-0.123,0.409
-0.107,0.409
-0.032,0.409
0.0,0.409
0.0,0.409
0.0,0.409
0.03,0.409
0.062,0.409
0.077,0.409
0.14,0.472
0.215,0.511
0.251,0.527
0.298,0.527
0.361,0.551
0.44,0.567
0.48,0.59
0.503,0.606
0.519,0.63
0.531,0.63
0.547,0.645
0.559,0.645
0.559,0.645
0.559,0.645
0.582,0.669
0.582,0.669
0.582,0.669
0.606,0.669
0.606,0.685
0.606,0.685
0.61,0.685
0.622,0.685
0.622,0.685
0.622,0.685
0.622,0.685
0.622,0.685
0.622,0.685
0.622,0.685
0.622,0.685
0.622,0.685
0.622,0.685
0.622,0.685
0.622,0.685
0.622,0.685
0.622,0.685
0.622,0.685
0.622,0.685
0.622,0.685
0.645,0.685
0.649,0.703
0.661,0.685
0.661,0.703
0.661,0.685
0.661,0.685
0.685,0.697
0.685,0.709
0.701,0.709
0.701,0.709
0.701,0.691
0.701,0.697
0.701,0.685
0.701,0.703
0.701,0.697
0.724,0.697
0.724,0.685
0.724,0.691
0.724,0.703
0.74,0.697
0.74,0.685
0.74,0.685
0.74,0.685
0.74,0.685
0.764,0.697
0.764,0.685
0.764,0.709
0.764,0.691
0.764,0.685
0.764,0.685
0.764,0.685
0.764,0.691
0.764,0.685
0.764,0.685
0.758,0.709
0.764,0.703
0.764,0.685
0.74,0.691
0.724,0.703
0.693,0.685
0.661,0.691
0.645,0.697
0.64,0.709
0.622,0.685
0.606,0.697
0.582,0.697
0.582,0.703
0.559,0.685
0.559,0.685
0.559,0.685
0.559,0.685
0.543,0.685
0.543,0.685
0.543,0.691
0.543,0.691
0.543,0.691
0.543,0.691
0.543,0.685
0.543,0.691
0.543,0.697
0.543,0.709
0.543,0.703
0.543,0.703
0.543,0.685
0.543,0.685
0.543,0.669
0.543,0.645
0.543,0.645
0.543,0.63
0.543,0.606
0.519,0.606
0.519,0.598
0.519,0.59
0.519,0.59
0.507,0.567
0.48,0.551
0.48,0.523
0.464,0.511
0.464,0.472
0.424,0.472
0.401,0.472
0.361,0.472
0.361,0.472
0.361,0.472
0.361,0.448
0.361,0.448
0.361,0.448
0.338,0.432
0.338,0.432
0.322,0.432
0.322,0.432
0.322,0.432
0.31,0.415
0.298,0.409
0.298,0.409
0.282,0.409
0.243,0.409
0.243,0.409
0.219,0.409
0.219,0.393
0.219,0.393
0.219,0.393
0.219,0.393
0.219,0.393
0.219,0.393
0.219,0.393
0.219,0.393
0.219,0.393
0.219,0.393
0.219,0.393
0.237,0.393
0.259,0.393
0.282,0.393
0.298,0.393
0.322,0.393
0.338,0.393
0.338,0.403
0.338,0.432
0.35,0.472
0.338,0.511
0.338,0.527
0.344,0.551
0.338,0.59
0.338,0.606
0.338,0.63
0.338,0.645
0.338,0.645
0.338,0.645
0.338,0.645
0.338,0.645
0.338,0.645
0.338,0.645
0.338,0.645
0.338,0.645
0.338,0.645
0.338,0.645
0.338,0.645
0.338,0.651
0.338,0.645
0.338,0.645
0.338,0.645
0.338,0.645
0.338,0.645
0.338,0.645
0.344,0.645
0.338,0.645
0.338,0.645
0.338,0.645
0.322,0.645
0.322,0.606
0.298,0.59
0.298,0.578
0.282,0.559
0.282,0.551
0.259,0.533
0.259,0.515
0.243,0.511
0.243,0.511
0.243,0.488
0.243,0.472
0.243,0.472
0.243,0.472
0.243,0.472
0.243,0.472
0.243,0.472
0.243,0.472
0.243,0.472
0.243,0.472
0.243,0.472
0.243,0.472
0.243,0.472
0.243,0.472
0.243,0.472
0.243,0.472
0.243,0.472
0.243,0.472
0.243,0.472
0.243,0.472
0.243,0.472
0.243,0.472
0.243,0.472
0.243,0.472
0.243,0.472
0.243,0.472
0.243,0.472
0.243,0.472
0.243,0.472
0.243,0.472
0.243,0.472
0.243,0.472
0.243,0.472
0.243,0.472
0.243,0.472
0.243,0.472
0.243,0.472
0.219,0.472
0.243,0.472
0.243,0.472
0.243,0.472
0.243,0.472
0.243,0.472
0.243,0.472
0.243,0.472
0.243,0.472
0.243,0.472
0.243,0.472
0.243,0.472
0.237,0.472
0.243,0.448
0.231,0.432
0.219,0.369
0.219,0.314
0.219,0.29
0.219,0.275
0.211,0.275
0.204,0.251
0.204,0.251
0.204,0.251
0.204,0.251
0.204,0.235
0.204,0.235
0.204,0.211
0.18,0.211
0.198,0.196
0.18,0.196
0.18,0.196
0.18,0.172
0.18,0.172
0.172,0.156
0.164,0.156
0.164,0.156
0.164,0.156
0.164,0.133
0.164,0.133
0.164,0.133
0.164,0.117
0.164,0.111
0.164,0.093
0.164,0.093
0.164,0.093
0.164,0.093
0.164,0.054
0.164,0.054
0.164,0.054
0.164,0.054
0.164,0.038
0.14,0.038
0.117,0.038
0.117,0.038
0.117,0.038
0.117,0.038
0.117,0.038
0.101,0.038
0.101,0.038
0.101,0.038
0.101,0.038
0.101,0.038
0.101,0.038
0.101,0.038
0.101,0.038
0.101,0.038
0.101,0.038
0.101,0.038
0.101,0.038
0.101,0.038
0.101,0.038
0.101,0.038
0.101,0.038
0.101,0.038
0.101,0.038
0.101,0.038
0.101,0.038
0.101,0.038
0.101,0.038
0.101,0.038
0.101,0.038
0.101,0.048
0.101,0.117
0.101,0.16
0.101,0.207
0.101,0.247
0.101,0.275
0.101,0.29
0.101,0.29
0.101,0.314
0.101,0.314
0.101,0.314
0.101,0.314
0.101,0.314
0.101,0.314
0.101,0.314
0.101,0.314
0.101,0.314
0.101,0.314
0.101,0.314
0.101,0.314
0.101,0.314
0.101,0.314
0.101,0.314
0.101,0.314
0.101,0.314
0.101,0.314
0.101,0.29
0.101,0.257
0.101,0.251
0.101,0.211
0.101,0.196
0.101,0.16
0.101,0.156
0.101,0.133
0.101,0.133
0.101,0.125
0.101,0.117
0.101,0.117
0.101,0.117
0.101,0.117
0.101,0.093
0.089,0.077
0.062,0.054
0.038,0.038
0.022,0.038
0.022,0.038
0.022,0.038
0.022,0.038
0.022,0.038
0.022,0.038
0.022,0.038
0.022,0.038
0.016,0.038
0.0,0.014
0.0,0.0
0.0,0.0
0.0,0.0
0.0,0.0
0.0,0.0
0.0,0.0
0.0,0.0
0.0,0.0
0.0,0.0
0.0,0.0
0.0,0.0
0.0,0.0
0.0,0.0
0.0,0.0
0.0,0.0
0.0,0.0
0.0,0.0
0.0,0.0
0.0,0.0
0.0,0.0
0.0,0.0
0.0,0.0
0.0,0.0
0.0,0.0
0.0,0.0
0.0,0.0
0.0,0.0
0.0,0.0
0.0,0.0
0.0,0.0
0.0,0.0
0.0,0.0
0.0,0.0
0.0,0.0
0.0,0.0
0.0,0.0
0.0,0.0
0.0,0.0
0.0,0.0
0.0,0.0
0.0,0.0
0.0,0.0
0.0,0.0
0.0,0.0
0.0,0.0
0.0,0.0
0.0,0.0
0.0,0.0
0.0,0.0
0.0,0.0
0.0,0.0
0.0,0.0
0.0,0.0
0.0,0.0
0.0,0.0
0.0,0.0
0.0,0.0
0.0,0.0
0.0,0.0
0.0,0.0
0.0,0.0
0.0,0.0
0.0,0.0
0.0,0.0
0.0,0.0
0.0,0.0
0.0,0.0
0.0,0.0
0.0,0.0
0.0,0.0
0.0,0.0
0.0,0.0
0.0,0.0
0.0,0.0
0.0,0.0
0.0,0.0
0.0,0.0
0.0,0.0
0.0,0.0
0.0,0.0
0.0,0.0
0.0,0.0
0.0,0.0
0.0,0.0
0.0,0.0
0.0,0.0
0.0,0.0
0.0,0.0
0.0,0.0
