valence,arousal
0.0,-0.386
0.0,-0.386
0.0,-0.386
0.0,-0.386
0.0,-0.386
0.0,-0.386
0.0,-0.386
0.0,-0.386
-0.002,-0.386
-0.014,-0.386
-0.014,-0.386
-0.014,-0.386
-0.014,-0.386
-0.014,-0.386
-0.011,-0.386
-0.011,-0.386
-0.005,-0.386
-0.002,-0.386
0.0,-0.386
0.0,-0.386
0.0,-0.386
0.0,-0.386
0.0,-0.386
0.0,-0.386
0.0,-0.388
0.0,-0.408
0.0,-0.42
0.0,-0.4395
0.0,-0.4395
0.0,-0.4365
0.0,-0.4395
0.0,-0.4565
0.0,-0.4675
0.0,-0.476
0.0,-0.488
0.0,-0.505
0.0,-0.519
0.0,-0.5305
0.0,-0.5385
0.0,-0.5385
0.0,-0.5385
0.0,-0.5385
0.0,-0.5385
0.0,-0.5505
0.0,-0.5505
0.0,-0.5585
0.0,-0.5585
0.005,-0.57
0.0,-0.57
0.0,-0.57
0.0,-0.578
0.0,-0.59
0.0,-0.584
0.0,-0.578
0.0,-0.59
0.0,-0.584
0.0,-0.59
0.0,-0.59
0.0,-0.59
0.0,-0.584
0.0,-0.59
0.0,-0.587
0.0,-0.587
0.0,-0.581
0.0,-0.578
0.0,-0.581
0.0,-0.59
0.0,-0.578
0.0,-0.578
0.0,-0.584
0.0,-0.587
0.0,-0.584
0.0,-0.581
0.0,-0.584
0.0,-0.581
0.0,-0.584
0.0,-0.581
0.0,-0.59
0.0,-0.578
0.0,-0.584
0.0,-0.584
0.0,-0.578
0.0,-0.59
0.0,-0.587
0.0,-0.578
0.0,-0.584
0.0,-0.587
0.0,-0.578
0.0,-0.578
0.0,-0.581
0.0,-0.59
0.0,-0.59
0.0,-0.59
0.0,-0.59
0.0,-0.59
0.0,-0.587
0.0,-0.581
0.0,-0.578
0.0,-0.578
0.0,-0.584
0.0,-0.59
0.0,-0.581
0.0,-0.59
0.0,-0.578
0.0,-0.59
0.0,-0.584
0.0,-0.581
0.0,-0.578
0.0,-0.59
0.0,-0.578
0.0,-0.59
0.0,-0.59
0.0,-0.59
0.0,-0.59
0.0,-0.59
0.0,-0.59
0.0,-0.59
0.0,-0.59
0.0,-0.59
0.0,-0.59
0.0,-0.61
0.0,-0.61
0.0,-0.6215
0.0,-0.6215
0.0,-0.6215
0.0,-0.6215
0.0,-0.6215
0.0,-0.6215
0.0,-0.6215
0.0,-0.6215
0.0,-0.6215
0.0,-0.6215
0.0,-0.6215
0.0,-0.6215
0.0,-0.6215
0.0,-0.6215
0.0,-0.6215
0.0,-0.6295
0.0,-0.6295
0.0,-0.6295
0.0,-0.6295
0.0,-0.6295
0.0,-0.6295
0.0,-0.6295
0.0,-0.6295
0.0,-0.6295
0.0,-0.6295
0.0,-0.6295
0.0,-0.6295
0.0,-0.6295
0.0,-0.6295
0.0,-0.6295
0.0,-0.6295
0.0,-0.6295
0.0,-0.6295
0.0,-0.61
0.0,-0.61
0.0,-0.61
0.0,-0.61
0.0,-0.61
0.0,-0.61
0.0,-0.602
0.0,-0.602
0.0,-0.602
0.0,-0.602
0.0,-0.602
0.0,-0.602
0.0,-0.602
0.0,-0.602
0.0,-0.602
0.0,-0.602
0.0,-0.602
0.0,-0.602
0.0,-0.602
0.0,-0.596
0.0,-0.602
0.011,-0.602
0.011,-0.602
0.011,-0.602
0.011,-0.602
0.011,-0.602
0.011,-0.61
0.019,-0.61
0.019,-0.6215
0.019,-0.6295
0.019,-0.6295
0.019,-0.6415
0.019,-0.6415
0.019,-0.6415
0.019,-0.6415
0.019,-0.6415
0.019,-0.6415
0.019,-0.6415
0.019,-0.6415
0.019,-0.6415
0.019,-0.6415
0.019,-0.6415
0.019,-0.6415
0.019,-0.6415
0.019,-0.6415
0.019,-0.6415
0.019,-0.6415
0.019,-0.6415
0.025,-0.6415
0.019,-0.6415
0.019,-0.6415
0.019,-0.6415
0.019,-0.6415
0.019,-0.6415
0.019,-0.6415
0.019,-0.6415
0.019,-0.6415
0.019,-0.6415
0.019,-0.6415
0.019,-0.6415
0.019,-0.6415
0.019,-0.6415
0.022,-0.6415
0.019,-0.6415
0.019,-0.6415
0.019,-0.6415
0.019,-0.6415
0.019,-0.6415
0.019,-0.6415
0.019,-0.6415
0.019,-0.6415
0.025,-0.6415
0.019,-0.6415
0.019,-0.6415
0.019,-0.6415
0.019,-0.6415
0.019,-0.6415
0.019,-0.6415
0.019,-0.6415
0.019,-0.6415
0.019,-0.6415
0.019,-0.6415
0.019,-0.6415
0.019,-0.6415
0.019,-0.6415
0.019,-0.6415
0.019,-0.6415
0.022,-0.6415
0.019,-0.6415
0.022,-0.6415
0.031,-0.6415
0.031,-0.6415
0.031,-0.6415
0.031,-0.6415
0.031,-0.6415
0.031,-0.6415
0.031,-0.6415
0.0385,-0.6415
0.0385,-0.6415
0.0385,-0.6415
0.0385,-0.6415
0.0385,-0.6415
0.0385,-0.6415
0.0385,-0.6415
0.0385,-0.6415
0.0385,-0.6415
0.0385,-0.6415
0.0385,-0.6415
0.0385,-0.6415
0.0505,-0.6415
0.0505,-0.6415
0.0505,-0.6415
0.0505,-0.6415
0.0505,-0.6415
0.0505,-0.6415
0.0505,-0.6415
0.0505,-0.6415
0.0505,-0.6355
0.0505,-0.6415
0.0505,-0.6415
0.0505,-0.6415
0.0505,-0.6415
0.0505,-0.6415
0.0505,-0.6355
0.0505,-0.6385
0.0505,-0.6415
0.0505,-0.6415
0.0505,-0.6415
0.0505,-0.6415
0.0505,-0.6415
0.0505,-0.6415
0.0505,-0.6415
0.0505,-0.6415
0.0505,-0.6415
0.0505,-0.6415
0.0505,-0.6415
0.0505,-0.6415
0.0505,-0.6385
0.0505,-0.6415
0.0505,-0.6415
0.0505,-0.6415
0.0505,-0.6415
0.0505,-0.6355
0.0505,-0.6415
0.0505,-0.6415
0.0505,-0.6415
0.0505,-0.6415
0.0505,-0.6415
0.0505,-0.6355
0.0505,-0.6385
0.0505,-0.6415
0.0505,-0.6415
0.0505,-0.6415
0.0505,-0.6415
0.0505,-0.6415
0.0505,-0.6415
0.0505,-0.6415
0.0505,-0.6415
0.0505,-0.6415
0.0505,-0.6415
0.0505,-0.6415
0.0505,-0.6415
0.0505,-0.6385
0.0505,-0.6415
0.0505,-0.6415
0.0505,-0.6415
0.0505,-0.6415
0.0505,-0.6355
0.0505,-0.6355
0.0505,-0.6415
0.0505,-0.6415
0.0505,-0.6415
0.0505,-0.6415
0.0505,-0.6415
0.0505,-0.6415
0.0505,-0.6415
0.0505,-0.6415
0.0505,-0.6415
0.0505,-0.6415
0.0505,-0.6415
0.0505,-0.6415
0.0505,-0.6415
0.0505,-0.6415
0.0505,-0.6415
0.0505,-0.6415
0.0505,-0.6415
0.0505,-0.6415
0.0505,-0.6415
0.0505,-0.6385
0.0505,-0.6415
0.0505,-0.6385
0.0505,-0.6415
0.0505,-0.6415
0.0505,-0.6415
0.0505,-0.6415
0.0505,-0.6415
0.0505,-0.6385
0.0505,-0.6385
0.0505,-0.6415
0.0505,-0.6415
0.0505,-0.6415
0.0505,-0.6415
0.0505,-0.6415
0.0505,-0.6385
0.0505,-0.6415
0.0505,-0.6415
0.0505,-0.6415
0.0505,-0.6355
0.0505,-0.6415
0.0505,-0.6415
0.0505,-0.6415
0.0505,-0.6415
0.0505,-0.6415
0.0505,-0.6415
0.0505,-0.6415
0.0505,-0.6415
0.0505,-0.6415
0.0505,-0.6415
0.0505,-0.6415
0.0505,-0.6415
0.0505,-0.6415
0.0505,-0.6385
0.0505,-0.6415
0.0505,-0.6415
0.0505,-0.6415
0.0505,-0.6415
0.0505,-0.6415
0.0505,-0.6415
0.0505,-0.6415
0.0505,-0.6415
0.0505,-0.6415
0.0505,-0.6415
0.0505,-0.6415
0.0505,-0.6415
0.0505,-0.6415
0.0505,-0.6355
0.0505,-0.6415
0.0505,-0.6355
0.0505,-0.6415
0.0505,-0.6385
0.0505,-0.6415
0.0505,-0.6415
0.0505,-0.6415
0.0505,-0.6415
0.0505,-0.6415
0.0505,-0.6325
0.0505,-0.6415
0.0505,-0.6415
0.0505,-0.6415
0.0505,-0.6415
0.0505,-0.6385
0.0505,-0.6385
0.0505,-0.6325
0.0505,-0.6415
0.0505,-0.6325
0.0505,-0.6415
0.0505,-0.6415
0.0505,-0.6415
0.0505,-0.6415
0.0505,-0.6415
0.0505,-0.6415
0.0505,-0.6415
0.0505,-0.6385
0.0505,-0.6415
0.0505,-0.6415
0.0505,-0.6415
0.0505,-0.6385
0.0505,-0.6295
0.0505,-0.6295
0.0505,-0.6295
0.0505,-0.6355
0.0505,-0.6415
0.0505,-0.6415
0.0505,-0.6355
0.0505,-0.6415
0.0505,-0.6415
0.0505,-0.6415
0.0505,-0.6415
0.0505,-0.6415
0.0505,-0.6295
0.0505,-0.6415
0.0505,-0.6415
0.0505,-0.6415
0.0505,-0.6415
0.0505,-0.6295
0.0505,-0.6325
0.0505,-0.6415
0.0505,-0.6415
0.0505,-0.6355
0.0505,-0.6295
0.0505,-0.6295
0.0505,-0.6385
0.0505,-0.6385
0.0505,-0.6415
0.0505,-0.6415
0.0505,-0.6385
0.0505,-0.6415
0.0505,-0.6325
0.0505,-0.6295
0.0505,-0.6415
0.0505,-0.6265
0.0505,-0.6355
0.0505,-0.6295
0.0505,-0.6385
0.0505,-0.6415
0.0505,-0.6295
0.0385,-0.6415
0.031,-0.6415
0.031,-0.6415
0.019,-0.6295
0.022,-0.6295
0.011,-0.6415
0.011,-0.6325
0.011,-0.6295
0.011,-0.6385
0.011,-0.6385
0.0,-0.6415
0.0,-0.6415
0.0,-0.6415
0.0,-0.6415
0.0,-0.6415
0.0,-0.6415
0.0,-0.6415
0.0,-0.6415
0.0,-0.6415
0.0,-0.6325
0.0,-0.6415
0.0,-0.6415
0.0,-0.6415
0.0,-0.6355
0.0,-0.6385
0.0,-0.6415
0.0,-0.6415
0.0,-0.6415
0.0,-0.6415
0.0,-0.6415
0.0,-0.6385
0.0,-0.6415
0.0,-0.6415
0.0,-0.6415
0.0,-0.6415
0.0,-0.6415
0.0,-0.6415
0.0,-0.6415
0.0,-0.6415
0.0,-0.6415
0.0,-0.6415
0.0,-0.6415
0.0,-0.6415
0.0,-0.6415
0.0,-0.6415
0.0,-0.6415
0.0,-0.6415
0.0,-0.6415
0.0,-0.6385
0.0,-0.6385
0.0,-0.6415
0.0,-0.6415
0.0,-0.6415
0.0,-0.6415
0.0,-0.6415
0.0,-0.6415
0.0,-0.6415
0.0,-0.6415
0.0,-0.6415
0.0,-0.6415
0.0,-0.6415
0.0,-0.6415
0.0,-0.6415
0.0,-0.6415
0.0,-0.6415
0.0,-0.6415
0.0,-0.6415
0.0,-0.6385
0.0,-0.6415
0.0,-0.6415
0.0,-0.6415
0.0,-0.6415
0.0,-0.6415
0.0,-0.6415
0.0,-0.6415
0.0,-0.6415
0.0,-0.6415
0.0,-0.6385
0.0,-0.6415
0.0,-0.6415
0.0,-0.6415
0.0,-0.6415
0.0,-0.6415
0.0,-0.6385
0.0,-0.6415
0.0,-0.6415
0.0,-0.6415
0.0,-0.6415
0.0,-0.6415
0.0,-0.6415
0.0,-0.6385
0.0,-0.6415
0.0,-0.6415
0.0,-0.6415
0.0,-0.6415
0.0,-0.6415
0.0,-0.6415
0.0,-0.6415
0.0,-0.6415
0.0,-0.6415
0.0,-0.6415
0.0,-0.6385
0.0,-0.6385
0.0,-0.6415
0.0,-0.6415
0.0,-0.6415
0.0,-0.6355
0.0,-0.6385
0.0,-0.6415
0.0,-0.6415
0.0,-0.6415
0.0,-0.6415
0.0,-0.6415
0.0,-0.6415
0.0,-0.6415
0.0,-0.6415
0.0,-0.6415
0.0,-0.6415
0.0,-0.6415
0.0,-0.6325
0.0,-0.6415
0.0,-0.6415
0.0,-0.6355
0.0,-0.6355
0.0,-0.6295
0.0,-0.6295
0.0,-0.6295
0.0,-0.6295
0.0,-0.6295
0.0,-0.6295
0.0,-0.6295
0.0,-0.6295
0.0,-0.6295
0.0,-0.6295
0.0,-0.6295
0.0,-0.6235
0.0,-0.6205
0.0,-0.61
0.0,-0.602
0.0,-0.602
0.0,-0.602
0.0,-0.602
0.0,-0.596
0.0,-0.602
0.0,-0.602
0.0,-0.602
0.0,-0.602
0.0,-0.6215
0.0,-0.6295
0.0,-0.6295
0.0,-0.6415
0.0,-0.6295
0.0,-0.6295
0.0,-0.6295
0.0,-0.6355
0.0,-0.6415
0.0,-0.6415
0.0,-0.6415
0.0,-0.6355
0.0,-0.6295
0.0,-0.6295
0.0,-0.6355
0.0,-0.6355
0.0,-0.6295
0.0,-0.6295
0.0,-0.6355
0.0,-0.6295
0.0,-0.6385
0.0,-0.6385
0.0,-0.6385
0.0,-0.6355
0.0,-0.6295
0.0,-0.6295
0.0,-0.6295
0.0,-0.6295
0.0,-0.6295
0.0,-0.6295
0.0,-0.6295
0.0,-0.6295
0.0,-0.6295
0.0,-0.6295
0.0,-0.6295
0.0,-0.6295
0.0,-0.6295
0.0,-0.6295
0.0,-0.6295
0.0,-0.6375
0.0,-0.6375
0.0,-0.6375
0.0,-0.6375
0.0,-0.6295
0.0,-0.6295
0.0,-0.618
0.0,-0.61
0.0,-0.61
0.0,-0.61
0.0,-0.61
0.0,-0.61
0.0,-0.61
0.0,-0.61
0.0,-0.61
0.0,-0.61
0.0,-0.61
0.0,-0.61
0.0,-0.61
0.0,-0.61
0.0,-0.61
0.0,-0.61
0.007,-0.61
0.007,-0.61
0.007,-0.61
0.007,-0.61
0.019,-0.61
0.019,-0.61
0.019,-0.61
0.019,-0.61
0.027,-0.61
0.027,-0.61
0.027,-0.61
0.027,-0.61
0.027,-0.61
0.027,-0.61
0.027,-0.61
0.027,-0.61
0.027,-0.61
0.03,-0.61
0.027,-0.61
0.03,-0.61
0.027,-0.61
0.027,-0.61
0.0325,-0.61
0.027,-0.61
0.027,-0.61
0.027,-0.61
0.027,-0.61
0.027,-0.61
0.027,-0.61
0.027,-0.61
0.027,-0.61
0.027,-0.61
0.027,-0.61
0.027,-0.61
0.027,-0.61
0.027,-0.61
0.027,-0.61
0.027,-0.616
0.027,-0.6415
0.027,-0.6415
0.027,-0.6415
0.027,-0.6415
0.027,-0.6415
0.027,-0.6495
0.027,-0.6495
0.027,-0.6495
0.027,-0.6495
0.027,-0.6495
0.027,-0.6495
0.027,-0.6495
0.027,-0.6585
0.027,-0.6615
0.027,-0.6495
0.027,-0.6615
0.027,-0.6615
0.027,-0.6615
0.027,-0.6615
0.027,-0.6615
0.027,-0.6615
0.027,-0.6615
0.03,-0.6615
0.0385,-0.6615
0.0385,-0.6615
0.0385,-0.6615
0.0385,-0.6615
0.0385,-0.6615
0.0585,-0.6615
0.0585,-0.6615
0.0585,-0.6615
0.0585,-0.664
0.0585,-0.67
0.0585,-0.661
0.0585,-0.6415
0.0585,-0.6215
0.0585,-0.6175
0.0585,-0.6095
0.0665,-0.59
0.0665,-0.578
0.078,-0.5585
0.078,-0.5585
0.078,-0.5505
0.086,-0.5505
0.086,-0.5505
0.086,-0.5385
0.086,-0.5385
0.086,-0.5415
0.086,-0.5385
0.086,-0.5385
0.086,-0.5385
0.086,-0.5385
0.086,-0.5385
0.086,-0.5385
0.086,-0.5385
0.086,-0.5385
0.086,-0.5385
0.086,-0.5385
0.086,-0.5385
0.086,-0.5385
0.086,-0.5385
0.086,-0.5385
0.086,-0.5385
0.086,-0.5385
0.086,-0.5385
0.086,-0.5385
0.086,-0.5385
0.086,-0.5385
0.086,-0.5385
0.086,-0.5385
0.086,-0.5385
0.086,-0.5385
0.086,-0.5385
0.086,-0.5385
0.086,-0.5385
0.086,-0.5385
0.086,-0.5385
0.086,-0.5385
0.086,-0.5385
0.086,-0.5385
0.086,-0.5385
0.086,-0.5385
0.086,-0.5505
0.086,-0.5505
0.086,-0.5505
0.086,-0.5585
0.086,-0.5585
0.086,-0.5585
0.086,-0.5585
0.086,-0.5585
0.086,-0.5585
0.086,-0.5585
0.086,-0.57
0.086,-0.57
0.086,-0.57
0.086,-0.57
0.086,-0.57
0.086,-0.57
0.086,-0.57
0.086,-0.57
0.086,-0.5585
0.0665,-0.5585
0.0665,-0.5585
0.072,-0.57
0.0665,-0.561
0.0665,-0.57
0.0665,-0.57
0.0665,-0.567
0.0665,-0.57
0.0665,-0.57
0.0665,-0.57
0.0585,-0.57
0.0585,-0.57
0.0585,-0.578
0.0585,-0.578
0.0585,-0.578
0.0585,-0.578
0.0585,-0.5585
0.0585,-0.5585
0.0585,-0.5585
0.0585,-0.5585
0.0585,-0.5585
0.0585,-0.5585
0.0585,-0.5585
0.0585,-0.5585
0.0585,-0.5585
0.0585,-0.5585
0.0585,-0.5585
0.0585,-0.5585
0.0585,-0.5585
0.0585,-0.5585
0.0585,-0.5585
0.0585,-0.5525
0.0585,-0.5555
0.0585,-0.5465
0.0605,-0.5465
0.0775,-0.5465
0.0835,-0.5465
0.0895,-0.5465
0.0895,-0.5465
0.097,-0.5465
0.097,-0.5465
0.097,-0.5465
0.097,-0.5385
0.097,-0.5385
0.097,-0.5385
0.097,-0.5385
0.097,-0.5385
0.097,-0.5385
0.097,-0.5505
0.097,-0.5505
0.097,-0.5505
0.097,-0.5505
0.109,-0.5505
0.115,-0.5585
0.117,-0.5585
0.117,-0.5585
0.12,-0.5585
0.126,-0.5585
0.1285,-0.5585
0.1285,-0.5585
0.12,-0.5585
0.1285,-0.5585
0.1285,-0.5585
0.1285,-0.5585
0.1285,-0.5585
0.1285,-0.5585
0.1285,-0.57
0.1285,-0.57
0.1285,-0.578
0.1285,-0.578
0.1285,-0.59
0.1285,-0.5955
0.1285,-0.6035
0.1285,-0.6095
0.1375,-0.6155
0.1405,-0.6095
0.1405,-0.6095
0.1405,-0.6095
0.1405,-0.6095
0.1405,-0.6095
0.1405,-0.6095
0.1405,-0.6095
0.1405,-0.6095
0.1405,-0.6095
0.1405,-0.6095
0.1405,-0.6095
0.1405,-0.6095
0.1405,-0.6095
0.1405,-0.6095
0.1405,-0.6095
0.1405,-0.6095
0.1405,-0.6095
0.1405,-0.6095
0.1405,-0.6095
0.1405,-0.6095
0.1405,-0.6095
0.1405,-0.6095
0.1405,-0.6095
0.1405,-0.6095
0.1405,-0.6095
0.1405,-0.6095
0.1405,-0.6095
0.1405,-0.6095
0.1405,-0.6095
0.1405,-0.6095
0.1405,-0.6095
0.1405,-0.6095
0.1405,-0.6095
0.1405,-0.6095
0.1405,-0.6095
0.1405,-0.6095
0.1405,-0.6095
0.1405,-0.6095
0.1405,-0.6095
0.1405,-0.6095
0.1405,-0.6095
0.1405,-0.6095
0.1405,-0.6095
0.1405,-0.6095
0.1405,-0.6095
0.1405,-0.6095
0.1315,-0.6095
0.1285,-0.6095
0.1285,-0.6095
0.1285,-0.6095
0.1315,-0.6095
0.1285,-0.6095
0.1285,-0.6095
0.1285,-0.6095
0.1285,-0.6095
0.1285,-0.6095
0.1285,-0.6095
0.1285,-0.6095
0.1285,-0.6095
0.1285,-0.6095
0.1285,-0.6095
0.1285,-0.6095
0.1285,-0.6095
0.1285,-0.6095
0.1285,-0.6095
0.1285,-0.6095
0.1285,-0.6095
0.1285,-0.6095
0.1285,-0.6095
0.1285,-0.6095
0.1285,-0.6095
0.1285,-0.6095
0.1285,-0.6095
0.1285,-0.6095
0.1285,-0.6095
0.1285,-0.6095
0.1285,-0.6095
0.1285,-0.6095
0.1285,-0.6095
0.1285,-0.6095
0.1285,-0.6095
0.1285,-0.6175
0.1285,-0.6175
0.1285,-0.6175
0.1285,-0.6175
0.1285,-0.6175
0.1285,-0.6175
0.1285,-0.6175
0.1285,-0.6175
0.1285,-0.6175
0.1285,-0.6175
0.1285,-0.6175
0.1285,-0.6175
0.1285,-0.6175
0.1285,-0.6175
0.1285,-0.6175
0.1285,-0.6175
0.1285,-0.6175
0.1285,-0.6175
0.1285,-0.6175
0.1285,-0.6175
0.1285,-0.6175
0.1285,-0.6175
0.1285,-0.6175
0.1285,-0.6175
0.1285,-0.6175
0.1285,-0.6175
0.1285,-0.6175
0.1315,-0.6175
0.1285,-0.6175
0.1285,-0.6175
0.1285,-0.6175
0.1285,-0.6175
0.1285,-0.6175
0.1285,-0.6175
0.1285,-0.6175
0.1285,-0.6175
0.1285,-0.6175
0.1285,-0.6175
0.1285,-0.6175
0.1285,-0.6175
0.1285,-0.6175
0.1345,-0.6175
0.1285,-0.6175
0.1285,-0.6175
0.1285,-0.6175
0.1285,-0.6175
0.1285,-0.6175
0.1285,-0.6175
0.1285,-0.6175
0.1285,-0.6175
0.1285,-0.6175
0.1285,-0.6175
0.1285,-0.6175
0.1285,-0.6175
0.1285,-0.6175
0.1285,-0.6175
0.1285,-0.6175
0.1285,-0.6175
0.1285,-0.6175
0.1285,-0.6175
0.1285,-0.6175
0.1285,-0.6175
0.1285,-0.6175
0.1285,-0.6175
0.1285,-0.6175
0.1285,-0.6175
0.1285,-0.6175
0.1285,-0.6175
0.1225,-0.6175
0.1165,-0.6175
0.1165,-0.6175
0.1165,-0.6175
0.1165,-0.6175
0.1165,-0.6175
0.1195,-0.6175
0.1165,-0.6175
0.1165,-0.6175
0.1165,-0.6175
0.1165,-0.6175
0.1165,-0.6175
0.1165,-0.6175
0.1165,-0.6175
0.1165,-0.6175
0.1165,-0.6175
0.1285,-0.6175
0.1315,-0.6175
0.1365,-0.6175
0.1365,-0.6175
0.1365,-0.6175
0.1365,-0.6175
0.1395,-0.6175
0.1365,-0.6175
0.1365,-0.6175
0.1365,-0.6175
0.1365,-0.6175
0.1365,-0.6175
0.1365,-0.6175
0.1395,-0.6175
0.1365,-0.6175
0.1365,-0.6175
0.1365,-0.6175
0.1365,-0.6175
0.1365,-0.6175
0.1425,-0.6175
0.1365,-0.6175
0.1365,-0.6175
0.1365,-0.6175
0.1365,-0.6175
0.1365,-0.6175
0.1395,-0.6175
0.1165,-0.6175
0.111,-0.6175
0.105,-0.6175
0.105,-0.6175
0.111,-0.6175
0.105,-0.6175
0.105,-0.6175
0.105,-0.6175
0.105,-0.6175
0.105,-0.6175
0.105,-0.6175
0.105,-0.6175
0.105,-0.6175
0.105,-0.6175
0.105,-0.6175
0.105,-0.6175
0.105,-0.6175
0.105,-0.6175
0.105,-0.6175
0.105,-0.6175
0.105,-0.6175
0.105,-0.6175
0.101,-0.6175
0.097,-0.6175
0.097,-0.6175
0.097,-0.6175
0.097,-0.6175
0.1,-0.6175
0.097,-0.6175
0.097,-0.6175
0.097,-0.6175
0.097,-0.6175
0.097,-0.6175
0.097,-0.6175
0.109,-0.6175
0.097,-0.6175
0.097,-0.6175
0.097,-0.6175
0.097,-0.6175
0.097,-0.6175
0.097,-0.6175
0.097,-0.6175
0.097,-0.6175
0.097,-0.6175
0.105,-0.6175
0.105,-0.6175
0.105,-0.6175
0.105,-0.598
0.105,-0.6035
0.111,-0.598
0.105,-0.598
0.105,-0.598
0.105,-0.598
0.105,-0.598
0.105,-0.598
0.105,-0.598
0.105,-0.598
0.105,-0.598
0.105,-0.598
0.105,-0.598
0.105,-0.598
0.105,-0.598
0.105,-0.595
0.105,-0.586
0.105,-0.598
0.105,-0.592
0.108,-0.586
0.105,-0.586
0.108,-0.595
0.105,-0.592
0.105,-0.586
0.111,-0.598
0.105,-0.598
0.105,-0.595
0.108,-0.586
0.105,-0.586
0.105,-0.586
0.105,-0.598
0.105,-0.595
0.105,-0.595
0.111,-0.586
0.105,-0.592
0.105,-0.592
0.105,-0.592
0.105,-0.598
0.105,-0.589
0.105,-0.586
0.111,-0.592
0.105,-0.598
0.105,-0.595
0.105,-0.592
0.111,-0.598
0.105,-0.598
0.105,-0.598
0.105,-0.595
0.105,-0.598
0.105,-0.589
0.105,-0.598
0.105,-0.598
0.105,-0.598
0.105,-0.598
0.105,-0.598
0.105,-0.595
0.111,-0.586
0.105,-0.598
0.105,-0.598
0.105,-0.598
0.105,-0.598
0.111,-0.598
0.105,-0.598
0.105,-0.595
0.105,-0.598
0.105,-0.598
0.105,-0.589
0.111,-0.598
0.105,-0.595
0.105,-0.598
0.105,-0.598
0.105,-0.598
0.111,-0.6095
0.111,-0.6095
0.105,-0.6175
0.105,-0.6265
0.108,-0.6295
0.105,-0.6295
0.105,-0.6295
0.108,-0.6295
0.105,-0.6295
0.105,-0.649
0.108,-0.649
0.105,-0.649
0.105,-0.649
0.105,-0.649
0.105,-0.649
0.105,-0.649
0.105,-0.649
0.105,-0.649
0.105,-0.649
0.111,-0.649
0.105,-0.649
0.111,-0.649
0.105,-0.649
0.105,-0.649
0.105,-0.649
0.105,-0.649
0.111,-0.649
0.105,-0.649
0.105,-0.649
0.111,-0.649
0.105,-0.649
0.108,-0.649
0.105,-0.649
0.105,-0.649
0.108,-0.649
0.111,-0.649
0.105,-0.6435
0.105,-0.6405
0.108,-0.6375
0.105,-0.649
0.105,-0.6375
0.105,-0.6405
0.105,-0.6405
0.108,-0.6375
0.105,-0.6375
0.105,-0.6375
0.105,-0.6375
0.105,-0.6375
0.105,-0.6375
0.105,-0.649
0.111,-0.6375
0.105,-0.6375
0.105,-0.6375
0.105,-0.6375
0.105,-0.6375
0.105,-0.6375
0.105,-0.6375
0.105,-0.6375
0.105,-0.6375
0.105,-0.6375
0.105,-0.6375
0.105,-0.6375
0.105,-0.6375
0.117,-0.6375
0.105,-0.6375
0.105,-0.6375
0.105,-0.6405
0.105,-0.6375
0.105,-0.6375
0.105,-0.6375
0.117,-0.6375
0.105,-0.6375
0.111,-0.6375
0.105,-0.6375
0.111,-0.6325
0.111,-0.5555
0.105,-0.443
0.105,-0.3675
0.108,-0.3545
0.105,-0.3545
0.105,-0.3545
0.105,-0.3545
0.117,-0.3545
0.121,-0.3435
0.125,-0.3355
0.125,-0.316
0.1365,-0.313
0.1445,-0.302
0.1525,-0.296
0.1525,-0.296
0.1525,-0.296
0.1525,-0.296
0.1525,-0.29
0.1525,-0.2905
0.1525,-0.2845
0.1585,-0.2845
0.1525,-0.2815
0.1525,-0.2845
0.1525,-0.2845
0.1555,-0.2845
0.1555,-0.2785
0.1555,-0.2845
0.1525,-0.2845
0.1525,-0.2845
0.1525,-0.2845
0.1525,-0.2845
0.1525,-0.2845
0.1555,-0.2845
0.1525,-0.293
0.164,-0.2845
0.1525,-0.2845
0.1525,-0.2845
0.1525,-0.2845
0.1615,-0.2845
0.1555,-0.2815
0.1525,-0.2845
0.1555,-0.2845
0.1525,-0.2845
0.1525,-0.2845
0.1525,-0.2905
0.1555,-0.2845
0.1525,-0.2905
0.1525,-0.2845
0.1525,-0.2845
0.1585,-0.2905
0.1525,-0.2815
0.1585,-0.2845
0.1585,-0.2905
0.1525,-0.2845
0.1525,-0.2815
0.1585,-0.2845
0.1585,-0.2845
0.1615,-0.2845
0.1555,-0.2845
0.1525,-0.2845
0.1525,-0.2845
0.1525,-0.296
0.1525,-0.3075
0.1555,-0.304
0.1555,-0.304
0.1525,-0.304
0.1525,-0.304
0.1525,-0.304
0.1525,-0.304
0.1525,-0.304
0.1525,-0.304
0.1525,-0.304
0.1525,-0.304
0.1525,-0.304
0.1525,-0.304
0.1585,-0.304
0.1525,-0.304
0.1555,-0.3125
0.1525,-0.304
0.1525,-0.304
0.1615,-0.304
0.1585,-0.3235
0.1525,-0.3355
0.1525,-0.3435
0.1525,-0.3545
0.1555,-0.3545
0.1525,-0.3545
0.1525,-0.3545
0.1525,-0.3565
0.164,-0.3855
0.1525,-0.408
0.1525,-0.416
0.1525,-0.436
0.1525,-0.4635
0.1525,-0.4765
0.1555,-0.4875
0.1555,-0.519
0.1525,-0.527
0.1525,-0.5465
0.1525,-0.5585
0.1525,-0.5705
0.1555,-0.5705
0.1585,-0.5785
0.1525,-0.5785
0.1525,-0.5785
0.1525,-0.5785
0.1525,-0.5785
0.1585,-0.5785
0.1525,-0.5785
0.1525,-0.5785
0.1525,-0.5785
0.1555,-0.5785
0.1525,-0.5785
0.1555,-0.5785
0.1525,-0.5785
0.1525,-0.5785
0.1525,-0.5785
0.1525,-0.59
0.1525,-0.59
0.1525,-0.59
0.1525,-0.59
0.1525,-0.59
0.1525,-0.59
0.1525,-0.59
0.1525,-0.598
0.1525,-0.598
0.1555,-0.598
0.1525,-0.598
0.1585,-0.598
0.1525,-0.598
0.1525,-0.598
0.1525,-0.598
0.1525,-0.598
0.1525,-0.598
0.1525,-0.598
0.1615,-0.61
0.1525,-0.61
0.1525,-0.607
0.1585,-0.61
0.1525,-0.61
0.1525,-0.61
0.1525,-0.61
0.1525,-0.61
0.1525,-0.61
0.1525,-0.61
0.1525,-0.61
0.1525,-0.61
0.1525,-0.61
0.1525,-0.61
0.1585,-0.613
0.1525,-0.61
0.1525,-0.61
0.1525,-0.61
0.1525,-0.61
0.1525,-0.61
0.1525,-0.61
0.1525,-0.61
0.1525,-0.61
0.1525,-0.61
0.1525,-0.61
0.1525,-0.61
0.1525,-0.61
0.1525,-0.61
0.1525,-0.61
0.1525,-0.61
0.1525,-0.604
0.1525,-0.61
0.1525,-0.61
0.1525,-0.61
0.1525,-0.61
0.1525,-0.61
0.1525,-0.61
0.1525,-0.61
0.1525,-0.61
0.1525,-0.61
0.1555,-0.61
0.1525,-0.61
0.1525,-0.61
0.1525,-0.61
0.1525,-0.61
0.1525,-0.61
0.1525,-0.61
0.1525,-0.616
0.1525,-0.604
0.1525,-0.616
0.1585,-0.61
0.1525,-0.61
0.1525,-0.61
0.1525,-0.61
0.1585,-0.616
0.1525,-0.61
0.1585,-0.61
0.1525,-0.613
0.1525,-0.61
0.1525,-0.61
0.1525,-0.61
0.1525,-0.61
0.1525,-0.61
0.1525,-0.61
0.1525,-0.61
0.1525,-0.584
0.1525,-0.51
0.1525,-0.427
0.1525,-0.3545
0.1525,-0.3545
0.1525,-0.3435
0.1555,-0.322
0.1525,-0.316
0.1525,-0.2725
0.1525,-0.245
0.1525,-0.233
0.164,-0.225
0.164,-0.225
0.173,-0.225
0.176,-0.2135
0.184,-0.2165
0.19,-0.216
0.199,-0.2135
0.196,-0.2135
0.229,-0.216
0.2465,-0.2135
0.2745,-0.2165
0.3005,-0.222
0.318,-0.2135
0.3405,-0.2135
0.357,-0.1915
0.365,-0.1205
0.382,-0.0805
0.405,-0.039
0.4325,0.0005
0.441,0.124
0.48,0.149
0.503,0.149
0.523,0.1965
0.543,0.2075
0.5655,0.219
0.5685,0.239
0.574,0.239
0.59,0.2705
0.602,0.2705
0.602,0.2785
0.61,0.2785
0.61,0.298
0.613,0.304
0.6215,0.318
0.6215,0.318
0.6215,0.318
0.6215,0.318
0.6295,0.318
0.6415,0.318
0.6415,0.318
0.6415,0.318
0.6415,0.318
0.6415,0.318
0.6415,0.318
0.6415,0.318
0.6415,0.318
0.6415,0.318
0.6415,0.33
0.6415,0.338
0.6415,0.338
0.6415,0.3555
0.6495,0.3615
0.6495,0.3615
0.6495,0.3615
0.6495,0.3785
0.6495,0.381
0.6495,0.381
0.6495,0.381
0.6495,0.381
0.6495,0.381
0.6495,0.395
0.6495,0.389
0.6495,0.395
0.6495,0.4005
0.6495,0.4005
0.6495,0.4005
0.6495,0.4005
0.6495,0.4005
0.6495,0.4005
0.6495,0.4005
0.6495,0.4065
0.6575,0.4005
0.6575,0.4005
0.6575,0.4005
0.6295,0.4005
0.601,0.4005
0.5825,0.4005
0.5605,0.4005
0.541,0.4005
0.505,0.4125
0.4835,0.4035
0.4715,0.4095
0.4485,0.4125
0.4405,0.4125
0.4315,0.4125
0.4205,0.4125
0.4125,0.4125
0.4035,0.4125
0.385,0.432
0.381,0.432
0.381,0.432
0.381,0.432
0.381,0.432
0.381,0.432
0.384,0.432
0.381,0.432
0.4005,0.44
0.4005,0.44
0.4085,0.44
0.4125,0.44
0.4205,0.44
0.4205,0.44
0.432,0.44
0.432,0.44
0.429,0.44
0.429,0.44
0.432,0.44
0.432,0.44
0.432,0.44
0.432,0.44
0.429,0.44
0.432,0.44
0.432,0.44
0.432,0.44
0.432,0.44
0.432,0.44
0.4205,0.44
0.432,0.44
0.4235,0.432
0.4205,0.432
0.4205,0.432
0.4205,0.4265
0.4205,0.4205
0.4205,0.4205
0.4205,0.4205
0.4205,0.4265
0.4235,0.4235
0.415,0.4205
0.415,0.4205
0.409,0.4265
0.415,0.4205
0.409,0.432
0.409,0.4235
0.409,0.432
0.409,0.4265
0.401,0.4265
0.401,0.4295
0.401,0.4295
0.401,0.4205
0.395,0.393
0.389,0.4045
0.392,0.39
0.389,0.384
0.389,0.3925
0.389,0.39
0.389,0.381
0.389,0.381
0.389,0.3725
0.389,0.381
0.389,0.373
0.389,0.3615
0.389,0.3615
0.389,0.3535
0.389,0.3415
0.389,0.3385
0.389,0.318
0.389,0.317
0.389,0.31
0.389,0.31
0.389,0.3075
0.389,0.3075
0.389,0.2985
0.389,0.2985
0.389,0.2985
0.389,0.2985
0.395,0.2985
0.389,0.2985
0.389,0.2985
0.389,0.2985
0.389,0.2985
0.389,0.2985
0.389,0.2905
0.389,0.2905
0.389,0.2905
0.392,0.2845
0.389,0.2765
0.389,0.254
0.389,0.24
0.389,0.2115
0.389,0.2035
0.389,0.18
0.389,0.16
0.389,0.1405
0.389,0.1235
0.389,0.1215
0.389,0.1105
0.389,0.0855
0.389,0.0345
0.389,0.0165
0.389,0.0085
0.389,0.0085
0.389,-0.0115
0.389,-0.023
0.3975,-0.043
0.389,-0.0685
0.389,-0.0885
0.389,-0.118
0.389,-0.134
0.392,-0.134
0.389,-0.142
0.389,-0.1535
0.389,-0.1615
0.389,-0.1735
0.389,-0.1735
0.389,-0.1735
0.389,-0.1735
0.3975,-0.1735
0.395,-0.1735
0.395,-0.1735
0.4005,-0.1735
0.392,-0.1735
0.392,-0.1735
0.389,-0.1815
0.3975,-0.1815
0.4005,-0.1815
0.4005,-0.1815
0.4005,-0.1815
0.4005,-0.1815
0.4005,-0.1815
0.392,-0.1815
0.395,-0.1815
0.4005,-0.1815
0.4005,-0.1815
0.4005,-0.1815
0.3975,-0.1815
0.389,-0.1815
0.395,-0.1815
0.3975,-0.1815
0.4005,-0.1815
0.4005,-0.1815
0.3755,-0.1815
0.373,-0.1815
0.365,-0.1815
0.365,-0.1815
0.3595,-0.1815
0.3535,-0.1815
0.359,-0.1875
0.345,-0.1905
0.3535,-0.1845
0.3535,-0.1935
0.3535,-0.1935
0.3535,-0.1935
0.3535,-0.1935
0.3505,-0.1935
0.3535,-0.1935
0.342,-0.1935
0.3505,-0.1935
0.3505,-0.1935
0.3535,-0.1935
0.3535,-0.1935
0.345,-0.1935
0.348,-0.1935
0.345,-0.1935
0.3535,-0.1935
0.3535,-0.1935
0.3535,-0.1935
0.3505,-0.1935
0.3535,-0.1935
0.3505,-0.1935
0.3535,-0.1935
0.3535,-0.1935
0.3535,-0.1935
0.3535,-0.1935
0.342,-0.1935
0.348,-0.1935
0.3535,-0.1935
0.342,-0.1935
0.342,-0.1935
0.334,-0.1935
0.334,-0.1935
0.3275,-0.1935
0.322,-0.1935
0.314,-0.1935
0.314,-0.1935
0.314,-0.1935
0.314,-0.1935
0.3255,-0.1935
0.3335,-0.1935
0.3335,-0.1935
0.3335,-0.1935
0.3335,-0.1935
0.3335,-0.1935
0.3335,-0.1935
0.3335,-0.1935
0.3335,-0.1935
0.3335,-0.1935
0.3335,-0.1935
0.3335,-0.1935
0.3335,-0.1935
0.3335,-0.1935
0.3335,-0.1935
0.3335,-0.1935
0.3335,-0.1935
0.3415,-0.1935
0.3415,-0.1935
0.3415,-0.1935
0.3415,-0.1935
0.3415,-0.1935
0.3415,-0.1935
0.3415,-0.1935
0.3415,-0.1935
0.3415,-0.1935
0.3415,-0.1935
0.3415,-0.1935
0.3415,-0.1935
0.3415,-0.1935
0.3415,-0.1935
0.3415,-0.1935
0.3415,-0.1935
0.3415,-0.1935
0.3415,-0.1935
0.3415,-0.1935
0.3415,-0.1935
0.3415,-0.1935
0.3415,-0.1935
0.3415,-0.1935
0.3415,-0.1935
0.3415,-0.1935
0.3445,-0.1935
0.3415,-0.1935
0.3415,-0.1935
0.3415,-0.1935
0.3415,-0.1935
0.3415,-0.1935
0.3535,-0.1935
0.3535,-0.2055
0.3535,-0.2055
0.3535,-0.2055
0.3535,-0.2055
0.3535,-0.2055
0.3535,-0.2055
0.3505,-0.2055
0.3445,-0.2055
0.3535,-0.2055
0.3505,-0.2055
0.3535,-0.2055
0.3505,-0.1995
0.3505,-0.2055
0.3535,-0.2055
0.3535,-0.2055
0.3535,-0.2055
0.3535,-0.2055
0.3535,-0.2055
0.3535,-0.1995
0.3505,-0.2055
0.3535,-0.2055
0.3535,-0.2055
0.3535,-0.2055
0.3535,-0.2055
0.3535,-0.2055
0.3535,-0.2055
0.3535,-0.2055
0.3535,-0.2055
0.3535,-0.2055
0.3535,-0.2055
0.3535,-0.2055
0.3535,-0.2055
0.3535,-0.2055
0.3535,-0.2055
0.3535,-0.2055
0.3535,-0.2055
0.3535,-0.2055
0.3535,-0.2055
0.3535,-0.2055
0.3535,-0.2055
0.3535,-0.2055
0.3535,-0.2055
0.3535,-0.2055
0.3535,-0.2055
0.3535,-0.2055
0.3535,-0.2025
0.3535,-0.2055
0.3535,-0.2055
0.3535,-0.1995
0.3535,-0.2055
0.3535,-0.2055
0.3535,-0.2055
0.3535,-0.2055
0.3535,-0.2055
0.3535,-0.2055
0.3535,-0.2055
0.3535,-0.2055
0.3535,-0.2055
0.3535,-0.2055
0.3535,-0.2055
0.3535,-0.2055
0.3535,-0.2055
0.3535,-0.2055
0.3535,-0.2055
0.3535,-0.2055
0.3535,-0.1995
0.3535,-0.2055
0.3535,-0.2055
0.3535,-0.2055
0.3535,-0.2055
0.3535,-0.2055
0.3535,-0.2055
0.3535,-0.2055
0.3535,-0.2055
0.3535,-0.2055
0.3535,-0.2055
0.3535,-0.2055
0.3535,-0.2055
0.3535,-0.2055
0.3535,-0.2055
0.3535,-0.2055
0.3535,-0.2055
0.3535,-0.2055
0.3535,-0.2055
0.3535,-0.2055
0.3535,-0.2055
0.3535,-0.2055
0.3535,-0.2055
0.3535,-0.2055
0.3535,-0.2055
0.3535,-0.2055
0.3535,-0.2055
0.3535,-0.2055
0.3535,-0.2055
0.3535,-0.213
0.3535,-0.213
0.3535,-0.213
0.3535,-0.213
0.3535,-0.225
0.3535,-0.2365
0.3535,-0.2365
0.3535,-0.2365
0.3535,-0.2445
0.3535,-0.2505
0.3535,-0.2525
0.3535,-0.2525
0.3535,-0.2525
0.3535,-0.2525
0.3535,-0.2525
0.3535,-0.2525
0.3535,-0.2525
0.3535,-0.2645
0.3535,-0.2645
0.3535,-0.2645
0.3535,-0.2645
0.3535,-0.2615
0.3535,-0.2645
0.3535,-0.2645
0.3535,-0.2645
0.3535,-0.2645
0.3535,-0.2645
0.3535,-0.2645
0.3535,-0.2645
0.3535,-0.2645
0.3535,-0.2645
0.3535,-0.2645
0.3535,-0.2645
0.3535,-0.2645
0.3675,-0.2645
0.3615,-0.2645
0.3615,-0.2645
0.3615,-0.2645
0.3615,-0.2645
0.3615,-0.2645
0.3675,-0.2645
0.3615,-0.2645
0.3615,-0.2645
0.3615,-0.2585
0.3615,-0.2645
0.3615,-0.2645
0.3615,-0.2645
0.3615,-0.2645
0.3615,-0.2645
0.3615,-0.2645
0.3675,-0.2585
0.3615,-0.2645
0.3615,-0.2645
0.3615,-0.2645
0.3615,-0.2645
0.3615,-0.2645
0.3615,-0.2645
0.3615,-0.2645
0.3615,-0.2645
0.3615,-0.2645
0.3615,-0.2645
0.3615,-0.2585
0.3615,-0.2525
0.3615,-0.2525
0.3615,-0.2425
0.3615,-0.2325
0.3615,-0.2325
0.3615,-0.231
0.3615,-0.225
0.3615,-0.225
0.3615,-0.225
0.3615,-0.225
0.3615,-0.225
0.3675,-0.225
0.3615,-0.225
0.3615,-0.225
0.3615,-0.225
0.3615,-0.225
0.3615,-0.225
0.3615,-0.225
0.3615,-0.225
0.3615,-0.225
0.3615,-0.225
0.3615,-0.225
0.3615,-0.225
0.3615,-0.225
0.3615,-0.225
0.3615,-0.225
0.3615,-0.225
0.3615,-0.225
0.3615,-0.225
0.3645,-0.225
0.3615,-0.225
0.3615,-0.225
0.3615,-0.225
0.3615,-0.225
0.3615,-0.225
0.3615,-0.225
0.3615,-0.225
0.3615,-0.225
0.3615,-0.225
0.3615,-0.213
0.3615,-0.213
0.3615,-0.213
0.3615,-0.205
0.3615,-0.205
0.3615,-0.205
0.3615,-0.196
0.3615,-0.199
0.3615,-0.1935
0.3615,-0.1935
0.3675,-0.1935
0.3675,-0.1935
0.373,-0.1935
0.373,-0.1935
0.3505,-0.1935
0.345,-0.1935
0.342,-0.1935
0.3535,-0.1935
0.3505,-0.1935
0.3425,-0.1935
0.3455,-0.1935
0.3455,-0.1935
0.3455,-0.1935
0.3455,-0.1935
0.3455,-0.1935
0.3455,-0.1935
0.3455,-0.1935
0.3455,-0.1935
0.3425,-0.1935
0.3395,-0.1935
0.3335,-0.1935
0.3335,-0.1935
0.3335,-0.1935
0.3335,-0.1935
0.3335,-0.1935
0.3335,-0.1935
0.3335,-0.1935
0.3335,-0.1935
0.3255,-0.1935
0.3225,-0.1935
0.3255,-0.1935
0.3255,-0.1935
0.3255,-0.1935
0.3255,-0.1935
0.3255,-0.1935
0.3255,-0.1935
0.3255,-0.1935
0.3255,-0.1935
0.3255,-0.1935
0.3255,-0.1935
0.3255,-0.1935
0.3255,-0.1935
0.3315,-0.1935
0.3255,-0.1935
0.3255,-0.1935
0.3255,-0.1935
0.3255,-0.1935
0.3255,-0.1935
0.3315,-0.1935
0.3255,-0.196
0.3255,-0.1935
0.3255,-0.1935
0.3255,-0.1935
0.3255,-0.1935
0.3255,-0.1935
0.3255,-0.1935
0.3255,-0.1935
0.3255,-0.1935
0.3255,-0.1935
0.3255,-0.1935
0.3255,-0.1935
0.3255,-0.1935
0.3345,-0.202
0.3375,-0.1935
0.3375,-0.1935
0.3375,-0.1935
0.3375,-0.1935
0.3575,-0.199
0.3655,-0.1935
0.3655,-0.1935
0.3655,-0.1935
0.3735,-0.1935
0.3735,-0.1935
0.3735,-0.1935
0.3735,-0.1935
0.3735,-0.1935
0.3735,-0.1935
0.3735,-0.1935
0.3735,-0.1935
0.3735,-0.1935
0.3735,-0.1935
0.376,-0.1935
0.3735,-0.1935
0.3735,-0.196
0.3735,-0.1935
0.3735,-0.1935
0.3735,-0.1935
0.3735,-0.1935
0.3735,-0.1935
0.3735,-0.1935
0.376,-0.196
0.3735,-0.1935
0.3735,-0.1935
0.3735,-0.1935
0.382,-0.1935
0.3735,-0.1935
0.3735,-0.1935
0.385,-0.1935
0.3735,-0.1935
0.3735,-0.196
0.376,-0.202
0.3735,-0.1935
0.3735,-0.1935
0.3735,-0.1935
0.3735,-0.1935
0.3735,-0.1935
0.3735,-0.199
0.3735,-0.199
0.3735,-0.1935
0.376,-0.1935
0.385,-0.1935
0.385,-0.1935
0.385,-0.1935
0.385,-0.1935
0.385,-0.1935
0.385,-0.1935
0.385,-0.1935
0.393,-0.1935
0.401,-0.1935
0.401,-0.1935
0.401,-0.1935
0.401,-0.1935
0.4125,-0.1935
0.41,-0.1935
0.404,-0.1935
0.416,-0.1935
0.41,-0.1935
0.401,-0.1935
0.401,-0.1935
0.404,-0.1935
0.401,-0.1935
0.401,-0.1935
0.401,-0.1935
0.401,-0.1935
0.4125,-0.1935
0.401,-0.1935
0.401,-0.1935
0.407,-0.1935
0.401,-0.1935
0.401,-0.1935
0.401,-0.1935
0.401,-0.1935
0.41,-0.1935
0.401,-0.1935
0.401,-0.1935
0.404,-0.1935
0.401,-0.199
0.407,-0.1935
0.413,-0.1935
0.401,-0.1935
0.401,-0.1935
0.401,-0.1935
0.407,-0.1935
0.401,-0.196
0.401,-0.1935
0.416,-0.1935
0.401,-0.1935
0.401,-0.196
0.401,-0.1935
0.401,-0.1935
0.4125,-0.1935
0.401,-0.1935
0.401,-0.1935
0.401,-0.205
0.401,-0.1935
0.401,-0.1935
0.401,-0.1935
0.404,-0.1935
0.4155,-0.1935
0.401,-0.1935
0.401,-0.1935
0.404,-0.1935
0.401,-0.1935
0.401,-0.1935
0.407,-0.205
0.401,-0.1935
0.407,-0.1935
0.401,-0.1935
0.407,-0.1935
0.401,-0.199
0.401,-0.1935
0.401,-0.1935
0.401,-0.1935
0.402,-0.1935
0.384,-0.1935
0.387,-0.1935
0.3695,-0.1935
0.3695,-0.1935
0.3705,-0.199
0.3705,-0.1935
0.3695,-0.1935
0.3695,-0.1935
0.3785,-0.1935
0.3695,-0.1935
0.3725,-0.205
0.3755,-0.205
0.3695,-0.213
0.3725,-0.213
0.3535,-0.213
0.342,-0.216
0.342,-0.225
0.342,-0.225
0.342,-0.225
0.342,-0.2325
0.334,-0.2325
0.334,-0.2445
0.328,-0.2525
0.322,-0.2525
0.322,-0.2525
0.325,-0.2525
0.3335,-0.2525
0.322,-0.2525
0.322,-0.2525
0.317,-0.2645
0.314,-0.2645
0.314,-0.2645
0.314,-0.2645
0.32,-0.2645
0.314,-0.2645
0.31,-0.2645
0.306,-0.2645
0.306,-0.2645
0.294,-0.2645
0.286,-0.284
0.294,-0.292
0.294,-0.272
0.294,-0.272
0.294,-0.281
0.294,-0.2645
0.294,-0.2645
0.294,-0.2475
0.294,-0.2565
0.294,-0.2565
0.294,-0.2565
0.3,-0.2535
0.306,-0.2565
0.314,-0.2565
0.314,-0.2565
0.314,-0.2475
0.3025,-0.2475
0.3025,-0.2565
0.3025,-0.2535
0.305,-0.2565
0.3025,-0.2505
0.2945,-0.2565
0.2945,-0.2565
0.2945,-0.2565
0.297,-0.2565
0.2945,-0.2565
0.2945,-0.2565
0.2945,-0.2565
0.2945,-0.2565
0.2945,-0.2565
0.2945,-0.2565
0.2945,-0.2565
0.2945,-0.2565
0.3,-0.2505
0.2945,-0.2565
0.2945,-0.2565
0.2945,-0.2565
0.2945,-0.2565
0.303,-0.2565
0.2945,-0.2565
0.3,-0.2565
0.297,-0.2565
0.2945,-0.2565
0.2945,-0.2565
0.2945,-0.2565
0.2945,-0.2565
0.2945,-0.2565
0.2945,-0.2565
0.2945,-0.2565
0.2945,-0.2565
0.2945,-0.2565
0.2945,-0.2565
0.2945,-0.2565
0.297,-0.2565
0.2945,-0.2565
0.2945,-0.2565
0.2945,-0.2565
0.2945,-0.2565
0.2945,-0.2565
0.2945,-0.2645
0.2945,-0.2645
0.2945,-0.2645
0.2945,-0.2645
0.2945,-0.2645
0.2945,-0.2645
0.2945,-0.2645
0.2945,-0.2645
0.2945,-0.2645
0.2945,-0.2645
0.2945,-0.2645
0.2945,-0.2645
0.2945,-0.2645
0.2945,-0.292
0.2945,-0.292
0.2945,-0.298
0.2945,-0.304
0.2865,-0.304
0.2865,-0.312
0.2745,-0.324
0.2745,-0.324
0.2745,-0.3265
0.2745,-0.3355
0.2745,-0.3355
0.2745,-0.3435
0.2745,-0.3435
0.2745,-0.3435
0.2745,-0.3435
0.2745,-0.3435
0.2745,-0.3435
0.2745,-0.3435
0.2825,-0.3435
0.2715,-0.3435
0.263,-0.3435
0.257,-0.3435
0.255,-0.3435
0.255,-0.3435
0.255,-0.3435
0.243,-0.3435
0.252,-0.3435
0.243,-0.3435
0.243,-0.3435
0.243,-0.3435
0.243,-0.3435
0.243,-0.3435
0.235,-0.3435
0.235,-0.3435
0.235,-0.3435
0.235,-0.3435
0.235,-0.3435
0.235,-0.3435
0.235,-0.3435
0.235,-0.3435
0.235,-0.3435
0.235,-0.3435
0.235,-0.3435
0.235,-0.3435
0.235,-0.3435
0.235,-0.3435
0.235,-0.3435
0.235,-0.3235
0.235,-0.293
0.238,-0.218
0.235,-0.117
0.235,0.037
0.255,0.113
0.2745,0.141
0.2835,0.18
0.294,0.2135
0.318,0.239
0.345,0.2705
0.3535,0.2785
0.359,0.2785
0.356,0.2785
0.365,0.2785
0.373,0.2615
0.373,0.251
0.381,0.237
0.381,0.225
0.381,0.237
0.381,0.228
0.381,0.24
0.381,0.231
0.381,0.219
0.3695,0.2105
0.3615,0.2075
0.3615,0.1995
0.3525,0.1875
0.3415,0.1835
0.3415,0.1835
0.33,0.168
0.322,0.155
0.31,0.149
0.3025,0.135
0.3025,0.118
0.2905,0.0785
0.2905,0.027
0.2845,-0.0035
0.2825,-0.0175
0.2825,-0.046
0.2825,-0.069
0.2825,-0.0945
0.2825,-0.126
0.2705,-0.143
0.2705,-0.146
0.2705,-0.154
0.2705,-0.142
0.2705,-0.154
0.2705,-0.166
0.259,-0.166
0.268,-0.163
0.259,-0.166
0.262,-0.166
0.262,-0.163
0.265,-0.166
0.262,-0.163
0.259,-0.166
0.262,-0.166
0.265,-0.16
0.259,-0.166
0.259,-0.166
0.265,-0.166
0.265,-0.163
0.268,-0.166
0.259,-0.163
0.268,-0.166
0.262,-0.166
0.265,-0.166
0.2705,-0.166
0.262,-0.166
0.268,-0.16
0.268,-0.166
0.259,-0.166
0.268,-0.166
0.262,-0.166
0.259,-0.166
0.259,-0.163
0.259,-0.166
0.265,-0.166
0.262,-0.174
0.262,-0.174
0.25,-0.1795
0.24,-0.191
0.2345,-0.1855
0.2405,-0.197
0.2375,-0.205
0.2235,-0.202
0.2265,-0.205
0.2115,-0.205
0.2115,-0.199
0.2115,-0.205
0.2115,-0.205
0.2115,-0.205
0.2115,-0.205
0.2115,-0.205
0.2115,-0.205
0.2115,-0.205
0.2115,-0.205
0.2115,-0.205
0.2115,-0.205
0.2115,-0.205
0.2115,-0.205
0.2035,-0.205
0.2035,-0.205
0.2035,-0.205
0.2035,-0.199
0.2035,-0.205
0.2035,-0.205
0.2035,-0.205
0.2035,-0.205
0.2035,-0.205
0.2095,-0.205
0.2175,-0.199
0.2115,-0.205
0.2115,-0.205
0.2115,-0.205
0.2115,-0.205
0.2115,-0.202
0.2115,-0.205
0.2115,-0.1795
0.2115,-0.1825
0.2115,-0.1855
0.2115,-0.1855
0.2145,-0.1855
0.2115,-0.1735
0.2115,-0.1855
0.2115,-0.1735
0.2175,-0.1735
0.2115,-0.1845
0.2115,-0.1935
0.2115,-0.217
0.2115,-0.2445
0.2115,-0.264
0.2115,-0.296
0.2115,-0.304
0.2115,-0.304
0.2115,-0.324
0.2115,-0.324
0.2115,-0.3355
0.2115,-0.3355
0.2115,-0.3395
0.2115,-0.3435
0.2115,-0.3435
0.2115,-0.3435
0.2115,-0.3435
0.2115,-0.3435
0.2115,-0.3435
0.2115,-0.3435
0.2115,-0.3435
0.2115,-0.3555
0.2115,-0.3555
0.2115,-0.3555
0.2115,-0.3555
0.2115,-0.3555
0.2175,-0.3555
0.2115,-0.3555
0.2145,-0.3555
0.2115,-0.3465
0.2145,-0.3525
0.2115,-0.3525
0.2115,-0.3555
0.2115,-0.3645
0.2115,-0.3585
0.2115,-0.3675
0.2115,-0.3645
0.2145,-0.3675
0.2115,-0.3675
0.2175,-0.3675
0.2115,-0.3675
0.2115,-0.3555
0.2115,-0.3555
0.2115,-0.3555
0.2175,-0.3555
0.2115,-0.3555
0.2115,-0.3555
0.2115,-0.3555
0.2115,-0.3555
0.2115,-0.3555
0.2115,-0.3555
0.2115,-0.3555
0.2115,-0.3555
0.2115,-0.3555
0.2115,-0.3555
0.2145,-0.3555
0.2115,-0.3555
0.2115,-0.3555
0.2115,-0.3555
0.2035,-0.3555
0.2035,-0.3525
0.2095,-0.3555
0.2035,-0.3555
0.2095,-0.3555
0.2035,-0.3555
0.192,-0.3555
0.188,-0.3555
0.184,-0.3555
0.172,-0.3555
0.172,-0.3555
0.172,-0.3555
0.172,-0.3555
0.178,-0.3555
0.172,-0.3555
0.172,-0.363
0.164,-0.363
0.164,-0.375
0.164,-0.381
0.164,-0.383
0.164,-0.394
0.164,-0.394
0.164,-0.394
0.164,-0.394
0.167,-0.394
0.164,-0.394
0.164,-0.394
0.164,-0.394
0.164,-0.394
0.164,-0.394
0.164,-0.394
0.1525,-0.394
0.1525,-0.394
0.1525,-0.394
0.1525,-0.394
0.1525,-0.394
0.1525,-0.394
0.1585,-0.394
0.1525,-0.396
0.1525,-0.408
0.1525,-0.428
0.1525,-0.4475
0.1525,-0.4475
0.1525,-0.4555
0.1525,-0.4555
0.1525,-0.4555
0.1525,-0.4555
0.1525,-0.4555
0.1445,-0.4555
0.1445,-0.4555
0.1445,-0.4555
0.1445,-0.4555
0.1445,-0.4555
0.1445,-0.4555
0.1365,-0.4475
0.1365,-0.4475
0.1365,-0.4475
0.1365,-0.4475
0.1365,-0.4475
0.1365,-0.4475
0.1365,-0.4475
0.1365,-0.4475
0.125,-0.4475
0.117,-0.4475
0.105,-0.4475
0.097,-0.4475
0.0855,-0.4475
0.0855,-0.4475
0.0855,-0.4475
0.0855,-0.4475
0.0835,-0.4475
0.0775,-0.4475
0.0775,-0.4475
0.0775,-0.4475
0.0775,-0.4475
0.0775,-0.4475
0.0775,-0.4475
0.0775,-0.4475
0.0775,-0.4475
0.0775,-0.4475
0.0775,-0.4475
0.0775,-0.4475
0.0775,-0.4475
0.0775,-0.4475
0.0775,-0.4475
0.0775,-0.4475
0.0775,-0.4475
0.0775,-0.4475
0.0775,-0.4475
0.0775,-0.4475
0.0775,-0.4475
0.0775,-0.4475
0.0775,-0.4475
0.0775,-0.4475
0.0775,-0.4475
0.0775,-0.4475
0.0775,-0.4595
0.0775,-0.4675
0.0775,-0.4875
0.0775,-0.4875
0.0775,-0.4875
0.0775,-0.499
0.0775,-0.499
0.0775,-0.511
0.0775,-0.511
0.0775,-0.511
0.0775,-0.519
0.0775,-0.519
0.0775,-0.519
0.0775,-0.519
0.0775,-0.519
0.0775,-0.519
0.0775,-0.519
0.0775,-0.519
0.0775,-0.519
0.0775,-0.519
0.0775,-0.519
0.0775,-0.519
0.0775,-0.5265
0.0655,-0.5265
0.0655,-0.5265
0.0655,-0.5265
0.0655,-0.5265
0.0685,-0.5265
0.0655,-0.5265
0.0655,-0.5265
0.0655,-0.5265
0.0655,-0.5265
0.0655,-0.5265
0.0655,-0.5265
0.0655,-0.5265
0.0655,-0.5265
0.0655,-0.5265
0.0655,-0.5265
0.0655,-0.5265
0.0685,-0.5265
0.0655,-0.5265
0.0655,-0.5265
0.0655,-0.5265
0.0655,-0.5265
0.0655,-0.5265
0.0655,-0.5265
0.0655,-0.5265
0.0655,-0.5265
0.0655,-0.5265
0.0655,-0.5265
0.0655,-0.5385
0.0655,-0.5295
0.0685,-0.5265
0.0655,-0.5385
0.0655,-0.5385
0.0775,-0.5385
0.0655,-0.5385
0.0655,-0.5385
0.0655,-0.5475
0.0655,-0.5385
0.0655,-0.5505
0.0655,-0.5385
0.0655,-0.5505
0.0685,-0.5505
0.0655,-0.5505
0.0655,-0.5505
0.0655,-0.5505
0.0715,-0.5505
0.0655,-0.5505
0.0575,-0.5585
0.0575,-0.5585
0.0575,-0.5585
0.0605,-0.5585
0.0575,-0.5585
0.0575,-0.5585
0.0655,-0.5585
0.0655,-0.5585
0.0655,-0.5585
0.0655,-0.5585
0.0655,-0.5585
0.0655,-0.5585
0.0655,-0.5585
0.0715,-0.5585
0.0655,-0.5585
0.0655,-0.5585
0.0655,-0.5585
0.0655,-0.5585
0.0655,-0.5585
0.0655,-0.5585
0.0655,-0.5585
0.0655,-0.5585
0.0655,-0.5585
0.0655,-0.5585
0.0655,-0.5585
0.0655,-0.5585
0.0655,-0.5585
0.0655,-0.5585
0.0655,-0.5585
0.0685,-0.5585
0.0685,-0.5585
0.0655,-0.5585
0.0655,-0.5585
0.0655,-0.5585
0.0655,-0.5585
0.0655,-0.5585
0.0655,-0.5585
0.0655,-0.5585
0.0655,-0.5585
0.0655,-0.5505
0.0655,-0.5505
0.0685,-0.5505
0.0655,-0.5505
0.0655,-0.5505
0.0655,-0.5505
0.0655,-0.5505
0.0655,-0.5505
0.0655,-0.5505
0.0655,-0.5505
0.0655,-0.5505
0.0655,-0.5505
0.0655,-0.5505
0.0655,-0.5505
0.0655,-0.5505
0.0655,-0.5505
0.0655,-0.5505
0.0655,-0.5505
0.0685,-0.5505
0.0655,-0.5505
0.0655,-0.5505
0.0655,-0.5505
0.0655,-0.5505
0.0655,-0.5505
0.0655,-0.5505
0.0685,-0.5505
0.0655,-0.5505
0.0655,-0.5505
0.0655,-0.5505
0.0655,-0.5505
0.0685,-0.5505
0.0655,-0.5505
0.0655,-0.5505
0.0655,-0.5505
0.0655,-0.5505
0.0655,-0.5505
0.0655,-0.5505
0.0655,-0.5505
0.0655,-0.5505
0.0655,-0.5505
0.0655,-0.5505
0.0655,-0.5505
0.0655,-0.5505
0.0655,-0.5505
0.0655,-0.5505
0.0655,-0.5505
0.0655,-0.5505
0.0715,-0.5505
0.0655,-0.5505
0.0655,-0.5505
0.0655,-0.5505
0.0655,-0.5505
0.0655,-0.5505
0.0655,-0.5505
0.0685,-0.5505
0.0655,-0.5505
0.0715,-0.5505
0.0685,-0.5505
0.0655,-0.5505
0.0655,-0.5505
0.0655,-0.5505
0.0655,-0.5505
0.0655,-0.5505
0.0655,-0.5505
0.0655,-0.5505
0.0655,-0.5505
0.0655,-0.5505
0.0655,-0.5505
0.0655,-0.5505
0.0655,-0.5505
0.0655,-0.5505
0.0655,-0.5505
0.0655,-0.5505
0.0655,-0.5505
0.0655,-0.5505
0.0655,-0.5505
0.0655,-0.5505
0.0655,-0.5505
0.0655,-0.5505
0.0655,-0.5505
0.0685,-0.5505
0.0655,-0.5505
0.0655,-0.5505
0.0685,-0.5505
0.0655,-0.5505
0.0655,-0.5505
0.0685,-0.5505
0.0655,-0.5505
0.0655,-0.5505
0.0655,-0.5505
0.0655,-0.5385
0.0655,-0.5505
0.0655,-0.5505
0.0635,-0.5385
0.0575,-0.5385
0.0575,-0.5385
0.0575,-0.5385
0.0575,-0.5385
0.0575,-0.5385
0.0575,-0.5385
0.0575,-0.5385
0.0575,-0.5385
0.0575,-0.5385
0.0575,-0.5385
0.0575,-0.5385
0.0695,-0.5385
0.0695,-0.5385
0.0695,-0.5185
0.0695,-0.507
0.0695,-0.49
0.0775,-0.479
0.0775,-0.4365
0.0775,-0.4255
0.0775,-0.4255
0.0775,-0.4255
0.0775,-0.4255
0.0805,-0.4285
0.089,-0.4145
0.089,-0.4145
0.089,-0.4065
0.089,-0.387
0.089,-0.375
0.089,-0.358
0.089,-0.3355
0.089,-0.3355
0.089,-0.3355
0.089,-0.3355
0.089,-0.3325
0.0805,-0.3355
0.089,-0.3235
0.089,-0.3235
0.089,-0.3235
0.089,-0.3235
0.089,-0.3235
0.089,-0.3235
0.089,-0.3235
0.089,-0.3235
0.089,-0.3235
0.089,-0.3235
0.089,-0.3205
0.089,-0.3235
0.089,-0.3235
0.089,-0.3235
0.089,-0.3235
0.089,-0.3235
0.089,-0.3235
0.089,-0.3235
0.089,-0.316
0.089,-0.316
0.089,-0.316
0.089,-0.31
0.0775,-0.316
0.086,-0.304
0.089,-0.304
0.089,-0.304
0.089,-0.298
0.089,-0.296
0.117,-0.278
0.1425,-0.281
0.1535,-0.2565
0.178,-0.233
0.184,-0.225
0.1995,-0.217
0.2095,-0.205
0.2035,-0.19
0.2035,-0.1735
0.2035,-0.162
0.2035,-0.162
0.2035,-0.162
0.223,-0.142
0.235,-0.142
0.255,-0.1145
0.255,-0.1145
0.261,-0.1065
0.2565,-0.0945
0.2625,-0.0865
0.2625,-0.055
0.2625,-0.043
0.2625,-0.04
0.2625,-0.043
0.2745,-0.027
0.2825,-0.023
0.2825,-0.023
0.294,-0.023
0.294,-0.0145
0.302,-0.0115
0.302,-0.0115
0.302,-0.0115
0.302,-0.0115
0.314,-0.0115
0.314,-0.0115
0.314,-0.0035
0.316,-0.0035
0.322,0.0055
0.325,0.0085
0.322,0.0085
0.322,0.0085
0.328,0.0165
0.3335,0.0225
0.3335,0.028
0.3335,0.028
0.3335,0.028
0.3365,0.028
0.3335,0.028
0.3335,0.028
0.3395,0.028
0.3335,0.028
0.3335,0.028
0.3335,0.028
0.3365,0.028
0.3335,0.028
0.3335,0.028
0.3335,0.028
0.3335,0.048
0.3335,0.05
0.3365,0.056
0.3365,0.056
0.3335,0.056
0.3335,0.056
0.3335,0.056
0.3335,0.056
0.3335,0.056
0.3335,0.056
0.3335,0.056
0.3335,0.056
0.3335,0.056
0.3335,0.056
0.3335,0.056
0.3365,0.062
0.3335,0.056
0.3335,0.056
0.3335,0.056
0.3335,0.056
0.3335,0.056
0.3335,0.062
0.3365,0.068
0.3335,0.068
0.3335,0.056
0.3335,0.056
0.3335,0.068
0.3335,0.068
0.3335,0.068
0.3425,0.068
0.3335,0.056
0.3335,0.056
0.3335,0.056
0.3335,0.059
0.3335,0.056
0.3335,0.062
0.3365,0.062
0.3335,0.059
0.3335,0.059
0.3335,0.056
0.3335,0.056
0.3335,0.065
0.3335,0.056
0.3335,0.056
0.3335,0.059
0.3395,0.056
0.3335,0.056
0.3335,0.056
0.3335,0.056
0.3335,0.062
0.3335,0.056
0.3395,0.056
0.3395,0.056
0.3335,0.059
0.3335,0.059
0.3335,0.056
0.3335,0.056
0.3335,0.0845
0.3335,0.0955
0.3335,0.118
0.3535,0.121
0.365,0.115
0.384,0.124
0.3925,0.121
0.4005,0.115
0.4005,0.121
0.4125,0.115
0.4205,0.121
0.4205,0.115
0.4325,0.115
0.4235,0.118
0.444,0.115
0.448,0.121
0.46,0.115
0.46,0.115
0.46,0.127
0.46,0.1385
0.4835,0.1625
0.4835,0.186
0.4835,0.209
0.4995,0.22
0.4995,0.223
0.4995,0.226
0.4995,0.22
0.4995,0.22
0.5115,0.239
0.5175,0.245
0.5175,0.2645
0.5115,0.2785
0.5115,0.29
0.5115,0.31
0.5195,0.3295
0.5195,0.3415
0.5195,0.3495
0.5195,0.3495
0.5195,0.3495
0.5255,0.3495
0.531,0.3495
0.5425,0.3495
0.5505,0.3495
0.5585,0.3525
0.5585,0.3495
0.5585,0.3495
0.5585,0.361
0.5585,0.361
0.5665,0.3555
0.5665,0.364
0.5665,0.3495
0.5665,0.3495
0.5665,0.3585
0.5665,0.361
0.5665,0.369
0.5665,0.369
0.5665,0.369
0.5665,0.381
0.5665,0.381
0.5665,0.381
0.5665,0.381
0.5505,0.381
0.537,0.381
0.531,0.381
0.525,0.381
0.519,0.381
0.519,0.389
0.511,0.389
0.511,0.389
0.511,0.389
0.511,0.381
0.508,0.381
0.4915,0.3725
0.4915,0.3615
0.4795,0.3615
0.4795,0.3615
0.4715,0.3615
0.46,0.3615
0.452,0.3615
0.436,0.3615
0.4185,0.3615
0.413,0.3615
0.413,0.3615
0.413,0.3615
0.413,0.3615
0.413,0.3615
0.405,0.3615
0.405,0.3495
0.393,0.3495
0.393,0.3495
0.393,0.3495
0.4165,0.338
0.424,0.338
0.424,0.338
0.435,0.338
0.4385,0.338
0.4405,0.338
0.4405,0.344
0.4405,0.338
0.4465,0.338
0.4405,0.338
0.4405,0.338
0.4405,0.33
0.4465,0.318
0.4465,0.318
0.452,0.3075
0.455,0.2985
0.452,0.2985
0.452,0.2985
0.452,0.2985
0.452,0.2985
0.452,0.2985
0.452,0.2985
0.452,0.2985
0.444,0.2985
0.444,0.2985
0.444,0.2985
0.444,0.2985
0.444,0.2985
0.444,0.2985
0.444,0.2985
0.444,0.31
0.444,0.31
0.444,0.31
0.444,0.318
0.444,0.327
0.444,0.33
0.444,0.33
0.444,0.33
0.444,0.3495
0.444,0.3495
0.444,0.3615
0.444,0.3615
0.444,0.3695
0.444,0.3755
0.444,0.381
0.444,0.381
0.444,0.381
0.444,0.381
0.444,0.381
0.444,0.381
0.444,0.381
0.444,0.381
0.444,0.381
0.444,0.381
0.444,0.361
0.444,0.353
0.444,0.353
0.444,0.3415
0.444,0.3415
0.444,0.3415
0.444,0.3415
0.444,0.3415
0.444,0.3415
0.444,0.3415
0.444,0.3415
0.444,0.3415
0.444,0.3415
0.444,0.3445
0.444,0.3415
0.444,0.3415
0.444,0.3415
0.432,0.3415
0.432,0.3415
0.4205,0.336
0.4205,0.3415
0.4205,0.3415
0.4205,0.3415
0.4205,0.3415
0.4205,0.333
0.4205,0.3415
0.4205,0.3415
0.4205,0.3475
0.4205,0.339
0.4205,0.336
0.4205,0.3475
0.4205,0.3415
0.4205,0.3415
0.4205,0.3415
0.4235,0.3415
0.4205,0.333
0.4205,0.339
0.4205,0.3415
0.4205,0.3415
0.4205,0.3415
0.4205,0.3415
0.4205,0.3415
0.4205,0.3415
0.4205,0.3445
0.4205,0.339
0.4265,0.3415
0.4205,0.3415
0.4205,0.3415
0.4205,0.3475
0.4205,0.3415
0.4205,0.3415
0.4205,0.3415
0.4205,0.3415
0.4205,0.3415
0.4205,0.3415
0.4205,0.3415
0.4205,0.3415
0.4205,0.3355
0.4235,0.322
0.4205,0.3245
0.4205,0.3415
0.4305,0.361
0.4465,0.381
0.476,0.384
0.4895,0.392
0.4955,0.4005
0.5075,0.4005
0.5075,0.4005
0.5105,0.4005
0.5075,0.4005
0.5075,0.4095
0.5015,0.4125
0.5075,0.4125
0.5075,0.4125
0.5075,0.395
0.5075,0.401
0.5075,0.381
0.4955,0.3755
0.488,0.3615
0.476,0.3415
0.468,0.3415
0.465,0.3505
0.46,0.3555
0.4515,0.3645
0.4485,0.373
0.4405,0.375
0.4435,0.381
0.437,0.3925
0.44,0.387
0.44,0.381
0.44,0.3695
0.44,0.3695
0.44,0.3725
0.44,0.3695
0.44,0.3695
0.443,0.3695
0.44,0.393
0.44,0.4205
0.44,0.4205
0.44,0.4325
0.44,0.4325
0.432,0.4325
0.432,0.4325
0.432,0.4325
0.432,0.4325
0.432,0.4325
0.4205,0.4325
0.4205,0.4325
0.4125,0.4325
0.4125,0.4325
0.401,0.4325
0.389,0.4325
0.381,0.4325
0.361,0.4325
0.353,0.4325
0.3415,0.404
0.31,0.396
0.302,0.393
0.2865,0.381
0.2865,0.384
0.2865,0.381
0.275,0.3695
0.275,0.3695
0.275,0.3695
0.275,0.3615
0.267,0.3615
0.255,0.3615
0.252,0.3615
0.246,0.3525
0.243,0.3415
0.249,0.3415
0.243,0.3215
0.243,0.3215
0.235,0.31
0.235,0.31
0.235,0.2985
0.227,0.3045
0.227,0.3015
0.227,0.2985
0.227,0.31
0.227,0.2985
0.227,0.2985
0.227,0.3015
0.2095,0.2905
0.2035,0.2905
0.1955,0.2825
0.1955,0.2825
0.1835,0.2705
0.1835,0.2705
0.1865,0.2585
0.1865,0.2585
0.1835,0.2585
0.1835,0.2505
0.1835,0.2505
0.1835,0.239
0.1835,0.239
0.1835,0.239
0.1835,0.239
0.1835,0.239
0.1835,0.245
0.1835,0.239
0.1835,0.239
0.1835,0.231
0.1835,0.231
0.1895,0.231
0.1865,0.231
0.1835,0.228
0.1835,0.231
0.1835,0.228
0.1995,0.228
0.217,0.228
0.235,0.219
0.237,0.219
0.243,0.1995
0.2485,0.1995
0.2625,0.1995
0.2705,0.1795
0.2765,0.1795
0.282,0.1795
0.282,0.1795
0.29,0.1795
0.29,0.174
0.293,0.171
0.293,0.168
0.293,0.16
0.29,0.16
0.302,0.16
0.29,0.148
0.29,0.148
0.296,0.157
0.296,0.157
0.293,0.163
0.296,0.16
0.29,0.16
0.29,0.16
0.29,0.16
0.29,0.16
0.29,0.16
0.29,0.16
0.29,0.16
0.29,0.168
0.296,0.168
0.29,0.168
0.2705,0.168
0.2625,0.168
0.2545,0.168
0.243,0.168
0.243,0.168
0.243,0.168
0.249,0.168
0.235,0.168
0.235,0.168
0.223,0.168
0.223,0.168
0.223,0.168
0.215,0.168
0.215,0.168
0.218,0.168
0.215,0.168
0.215,0.168
0.215,0.168
0.215,0.168
0.215,0.168
0.2035,0.168
0.2035,0.168
0.2035,0.168
0.1955,0.168
0.1955,0.168
0.1955,0.168
0.1955,0.168
0.1955,0.168
0.1955,0.168
0.1955,0.168
0.1955,0.168
0.1955,0.168
0.2015,0.168
0.1955,0.168
0.1955,0.174
0.1955,0.168
0.1955,0.168
0.1955,0.168
0.1955,0.168
0.1955,0.168
0.218,0.174
0.235,0.168
0.249,0.168
0.2705,0.168
0.282,0.168
0.282,0.168
0.282,0.168
0.282,0.168
0.2705,0.168
0.2705,0.168
0.288,0.168
0.282,0.168
0.243,0.168
0.235,0.168
0.215,0.168
0.215,0.171
0.215,0.168
0.2065,0.168
0.2095,0.168
0.1955,0.171
0.2045,0.168
0.1925,0.168
0.1835,0.168
0.1865,0.177
0.1835,0.1795
0.1835,0.1795
0.1895,0.172
0.1835,0.164
0.1835,0.1465
0.1895,0.1325
0.1835,0.1285
0.1835,0.1285
0.1835,0.121
0.1755,0.109
0.1755,0.109
0.1755,0.109
0.1755,0.109
0.1785,0.109
0.1755,0.109
0.1755,0.109
0.1755,0.109
0.1755,0.109
0.1755,0.109
0.1755,0.109
0.1755,0.109
0.1785,0.109
0.1755,0.109
0.1755,0.109
0.1785,0.109
0.1755,0.109
0.1755,0.109
0.1755,0.109
0.1755,0.109
0.1755,0.109
0.1755,0.089
0.1755,0.0775
0.1755,0.0695
0.1755,0.047
0.1845,0.032
0.1755,0.019
0.1785,0.019
0.1815,0.019
0.1755,0.019
0.1755,0.019
0.1785,0.022
0.1815,0.019
0.1755,0.019
0.164,0.019
0.173,0.019
0.176,0.019
0.176,0.019
0.173,0.019
0.176,0.019
0.176,0.019
0.176,0.019
0.176,0.019
0.176,0.038
0.176,0.0675
0.176,0.089
0.176,0.109
0.182,0.1205
0.176,0.1205
0.176,0.1405
0.176,0.1405
0.176,0.1405
0.176,0.1405
0.176,0.1405
0.176,0.1405
0.176,0.1425
0.176,0.1485
0.176,0.1485
0.176,0.1485
0.176,0.1485
0.176,0.1485
0.176,0.1485
0.176,0.1485
0.176,0.1485
0.176,0.1485
0.176,0.1485
0.176,0.1485
0.176,0.1485
0.176,0.1485
0.176,0.1485
0.176,0.1485
0.176,0.1485
0.176,0.1485
0.176,0.1485
0.176,0.1485
0.176,0.1485
0.176,0.1485
0.176,0.1485
0.176,0.1485
0.176,0.1485
0.176,0.1485
0.176,0.1485
0.176,0.1405
0.176,0.1405
0.176,0.1405
0.176,0.1405
0.176,0.1405
0.176,0.1405
0.176,0.1405
0.176,0.1405
0.176,0.1405
0.176,0.1405
0.176,0.1405
0.176,0.1405
0.176,0.1405
0.176,0.1405
0.176,0.1405
0.176,0.1405
0.176,0.1405
0.176,0.1405
0.176,0.1405
0.182,0.1405
0.176,0.1405
0.176,0.1405
0.176,0.1405
0.176,0.1405
0.176,0.1405
0.176,0.1405
0.176,0.1405
0.176,0.1405
0.176,0.1405
0.176,0.1405
0.176,0.1405
0.176,0.1405
0.176,0.1405
0.176,0.1405
0.176,0.1405
0.176,0.1405
0.176,0.1405
0.176,0.1405
0.176,0.1405
0.176,0.1405
0.176,0.1405
0.176,0.1405
0.176,0.1405
0.176,0.1405
0.176,0.1405
0.176,0.1405
0.176,0.1405
0.176,0.1405
0.176,0.1405
0.176,0.1405
0.176,0.1405
0.176,0.1405
0.176,0.1405
0.176,0.1405
0.176,0.1405
0.176,0.1405
0.176,0.1405
0.176,0.1405
0.176,0.1405
0.176,0.1405
0.176,0.1405
0.176,0.1405
0.176,0.1405
0.176,0.1405
0.176,0.1405
0.176,0.1405
0.176,0.1405
0.176,0.1405
0.176,0.1405
0.176,0.1405
0.176,0.1405
0.176,0.1405
0.176,0.1405
0.176,0.1405
0.176,0.1405
0.176,0.1405
0.176,0.1405
0.176,0.1405
0.176,0.1405
0.176,0.1405
0.176,0.1405
0.176,0.1405
0.176,0.1405
0.176,0.1405
0.176,0.1405
0.176,0.1405
0.176,0.1405
0.176,0.1405
0.176,0.1405
0.176,0.1405
0.176,0.1285
0.176,0.111
0.176,0.103
0.176,0.0805
0.176,0.07
0.176,0.082
0.182,0.09
0.176,0.094
0.176,0.088
0.176,0.088
0.176,0.0895
0.176,0.0955
0.176,0.0955
0.176,0.0755
0.176,0.0755
0.176,0.0755
0.176,0.068
0.176,0.068
0.176,0.056
0.176,0.056
0.176,0.056
0.176,0.059
0.176,0.056
0.176,0.056
0.176,0.056
0.176,0.056
0.176,0.056
0.176,0.056
0.176,0.056
0.176,0.056
0.176,0.056
0.176,0.056
0.176,0.056
0.176,0.056
0.176,0.056
0.176,0.056
0.176,0.056
0.176,0.056
0.176,0.056
0.176,0.056
0.176,0.056
0.176,0.056
0.176,0.056
0.176,0.056
0.176,0.056
0.176,0.056
0.176,0.059
0.164,0.056
0.164,0.056
0.164,0.056
0.164,0.056
0.167,0.056
0.164,0.056
0.164,0.056
0.164,0.056
0.1525,0.059
0.1525,0.056
0.1525,0.056
0.1525,0.056
0.1525,0.056
0.1525,0.056
0.1525,0.056
0.1525,0.056
0.1525,0.056
0.1525,0.056
0.1525,0.059
0.1525,0.056
0.1525,0.056
0.1525,0.056
0.1525,0.056
0.1525,0.056
0.1525,0.056
0.1525,0.056
0.1525,0.056
0.1525,0.056
0.1525,0.056
0.1525,0.056
0.1525,0.062
0.1525,0.056
0.1525,0.056
0.1525,0.056
0.1525,0.056
0.1525,0.056
0.1525,0.056
0.1525,0.059
0.1525,0.056
0.1525,0.056
0.1525,0.056
0.1525,0.056
0.1525,0.056
0.1585,0.056
0.1525,0.056
0.1525,0.056
0.1525,0.062
0.1525,0.056
0.1585,0.056
0.1525,0.048
0.1525,0.048
0.1525,0.036
0.1525,0.042
0.1525,0.036
0.1525,0.036
0.1525,0.036
0.1525,0.036
0.1525,0.036
0.1525,0.036
0.1555,0.036
0.1525,0.036
0.1525,0.036
0.1525,0.036
0.1525,0.036
0.1525,0.036
0.1525,0.042
0.1525,0.039
0.1525,0.036
0.1525,0.036
0.1525,0.036
0.1525,0.036
0.1525,0.036
0.1525,0.036
0.1555,0.036
0.1525,0.036
0.1525,0.036
0.1525,0.036
0.1525,0.036
0.1585,0.036
0.1525,0.036
0.1525,0.036
0.1525,0.036
0.1525,0.036
0.1585,0.036
0.1525,0.036
0.1525,0.036
0.1525,0.036
0.1525,0.036
0.1525,0.036
0.1525,0.039
0.1525,0.036
0.1525,0.036
0.1525,0.036
0.1585,0.028
0.1525,0.028
0.1525,0.028
0.1525,0.028
0.1525,0.028
0.1525,0.028
0.1525,0.028
0.1525,0.028
0.1555,0.028
0.1525,0.028
0.1525,0.028
0.1585,0.028
0.1525,0.028
0.1525,0.028
0.1525,0.028
0.1525,0.028
0.1525,0.028
0.1525,0.028
0.1525,0.028
0.1525,0.028
0.1525,0.028
0.1525,0.028
0.1525,0.028
0.1525,0.028
0.1525,0.028
0.1525,0.028
0.1555,0.028
0.1525,0.028
0.1525,0.028
0.1525,0.028
0.1525,0.028
0.1525,0.028
0.1525,0.028
0.1585,0.028
0.1555,0.028
0.1525,0.028
0.1525,0.028
0.1525,0.028
0.1525,0.028
0.1525,0.028
0.1525,0.028
0.1525,0.028
0.1525,0.028
0.1615,0.028
0.1585,0.028
0.1525,0.028
0.1525,0.028
0.1525,0.028
0.1525,0.028
0.1525,0.028
0.1525,0.028
0.1525,0.028
0.1525,0.028
0.1525,0.028
0.1555,0.028
0.1555,0.028
0.1555,0.028
0.1525,0.028
0.1525,0.028
0.1525,0.028
0.1525,0.028
0.1525,0.028
0.1525,0.028
0.1525,0.028
0.1525,0.028
0.1525,0.028
0.1525,0.028
0.1525,0.028
0.1525,0.028
0.1525,0.028
0.1525,0.028
0.1585,0.028
0.1525,0.028
0.1585,0.028
0.1555,0.028
0.1525,0.028
0.1525,0.028
0.1525,0.037
0.1525,0.04
0.1525,0.046
0.1525,0.048
0.1525,0.0595
0.1525,0.0595
0.1525,0.0595
0.1525,0.0595
0.1525,0.0595
0.1585,0.0595
0.1525,0.0595
0.1525,0.0595
0.1525,0.0595
0.1525,0.0595
0.1585,0.0595
0.1585,0.0595
0.1525,0.0595
0.1525,0.0595
0.1525,0.0595
0.1525,0.0595
0.1525,0.0595
0.1525,0.0595
0.1525,0.057
0.1555,0.0595
0.1525,0.0595
0.1525,0.0595
0.1525,0.0595
0.1525,0.0595
0.1585,0.0595
0.1525,0.057
0.1525,0.0595
0.1555,0.0595
0.1525,0.0595
0.1525,0.0595
0.1525,0.0595
0.1525,0.0595
0.1525,0.0595
0.1525,0.0595
0.1525,0.0595
0.1525,0.0595
0.1525,0.0595
0.1585,0.0595
0.1525,0.0595
0.1525,0.0595
0.1525,0.0595
0.1525,0.0595
0.164,0.054
0.164,0.051
0.176,0.0595
0.176,0.0595
0.176,0.0595
0.184,0.0595
0.187,0.0595
0.187,0.0595
0.184,0.051
0.184,0.0595
0.184,0.0595
0.184,0.057
0.184,0.0595
0.196,0.057
0.196,0.0595
0.196,0.0595
0.196,0.0595
0.196,0.0595
0.196,0.0595
0.2035,0.0595
0.2035,0.054
0.2035,0.0595
0.2035,0.0595
0.2035,0.057
0.2035,0.0595
0.2035,0.0595
0.2035,0.057
0.2035,0.0595
0.2035,0.057
0.2035,0.051
0.2035,0.054
0.2035,0.0595
0.2035,0.0595
0.2035,0.0735
0.2035,0.065
0.2035,0.0675
0.2035,0.062
0.2035,0.0675
0.2035,0.0675
0.2035,0.062
0.184,0.0675
0.176,0.0675
0.176,0.0675
0.176,0.062
0.164,0.0675
0.164,0.0675
0.164,0.0675
0.164,0.0675
0.164,0.0675
0.164,0.0675
0.164,0.0675
0.17,0.0675
0.1775,0.0675
0.1955,0.059
0.2035,0.0675
0.215,0.0675
0.223,0.0675
0.235,0.0675
0.235,0.077
0.238,0.0995
0.243,0.141
0.2655,0.141
0.269,0.154
0.2865,0.177
0.308,0.1995
0.3275,0.1995
0.3535,0.223
0.3615,0.223
0.373,0.231
0.373,0.248
0.373,0.2705
0.373,0.2825
0.373,0.2825
0.373,0.2905
0.385,0.2905
0.393,0.2965
0.4045,0.2905
0.4245,0.2985
0.4325,0.2985
0.4325,0.2985
0.4325,0.3045
0.4325,0.2985
0.4325,0.2985
0.4325,0.2985
0.4325,0.2985
0.4325,0.2985
0.4325,0.2985
0.4325,0.2985
0.4325,0.2985
0.4325,0.2985
0.4325,0.2985
0.4325,0.2985
0.4325,0.2985
0.4125,0.2985
0.4125,0.2985
0.402,0.2985
0.393,0.2985
0.385,0.2985
0.373,0.2985
0.373,0.2985
0.37,0.2985
0.3615,0.2985
0.3615,0.2985
0.3535,0.2985
0.3535,0.2985
0.3535,0.2985
0.3535,0.3015
0.3535,0.3015
0.3535,0.2985
0.3535,0.2985
0.3415,0.2985
0.3395,0.2985
0.3335,0.2985
0.3335,0.2985
0.3335,0.2985
0.3335,0.2985
0.3335,0.2985
0.308,0.3015
0.286,0.2985
0.2545,0.3045
0.235,0.2985
0.2295,0.2985
0.2155,0.2985
0.1995,0.3015
0.1905,0.2985
0.188,0.3045
0.18,0.302
0.18,0.282
0.168,0.2705
0.16,0.2705
0.16,0.2625
0.16,0.2505
0.1485,0.231
0.1485,0.211
0.16,0.211
0.154,0.2135
0.1515,0.1995
0.1485,0.1995
0.157,0.1995
0.1515,0.1995
0.16,0.1995
0.154,0.1995
0.1515,0.1935
0.1485,0.1875
0.1485,0.1995
0.16,0.1995
0.16,0.2025
0.16,0.2025
0.16,0.2115
0.188,0.2115
0.1965,0.2115
0.2075,0.24
0.227,0.263
0.227,0.2735
0.235,0.2825
0.247,0.2825
0.255,0.2825
0.2665,0.2905
0.2665,0.302
0.2745,0.302
0.2745,0.302
0.2745,0.302
0.2745,0.302
0.2745,0.302
0.2835,0.31
0.2865,0.319
0.2825,0.322
0.2825,0.319
0.2825,0.322
0.2825,0.319
0.275,0.322
0.275,0.322
0.275,0.319
0.263,0.322
0.257,0.322
0.255,0.322
0.255,0.322
0.255,0.322
0.255,0.324
0.255,0.318
0.255,0.33
0.235,0.324
0.235,0.327
0.215,0.33
0.215,0.33
0.215,0.33
0.2035,0.318
0.192,0.33
0.184,0.33
0.184,0.33
0.184,0.33
0.172,0.324
0.172,0.318
0.172,0.318
0.175,0.318
0.172,0.31
0.172,0.2985
0.172,0.2985
0.178,0.2985
0.172,0.2985
0.172,0.2985
0.172,0.2985
0.172,0.2985
0.172,0.2985
0.172,0.2985
0.172,0.2985
0.172,0.2985
0.172,0.2985
0.175,0.2985
0.172,0.2985
0.178,0.2985
0.172,0.2985
0.172,0.2985
0.178,0.2985
0.172,0.2985
0.175,0.3045
0.1835,0.2985
0.181,0.3045
0.172,0.2985
0.181,0.2985
0.175,0.2985
0.172,0.2985
0.181,0.2985
0.175,0.2985
0.175,0.2985
0.178,0.2985
0.178,0.2985
0.172,0.2985
0.172,0.2985
0.1835,0.2985
0.1835,0.2985
0.1835,0.2985
0.181,0.2985
0.19,0.2985
0.2035,0.2985
0.192,0.2985
0.215,0.2985
0.235,0.2985
0.2295,0.2985
0.2235,0.2985
0.2375,0.2985
0.243,0.2985
0.2345,0.3045
0.243,0.2985
0.243,0.3015
0.2375,0.2985
0.2405,0.2985
0.2405,0.31
0.2345,0.31
0.2405,0.31
0.2405,0.31
0.243,0.31
0.243,0.31
