valence,arousal
0.0,0.0
0.0,0.0
0.0,0.0
0.0,0.0
0.0,0.0
0.0,0.0
0.0,0.0
0.0,0.0
0.0,0.0
0.0,0.0
0.0,0.0
0.007,0.0
0.023,0.0
0.0425,0.0
0.0425,0.0
0.023,0.0
0.031,0.0
0.0585,0.0
0.0505,0.0
0.0585,0.0
0.0585,0.0
0.0585,0.0
0.0425,0.0
0.074,0.0
0.0665,0.007
0.074,0.019
0.074,0.019
0.074,0.027
0.0425,0.027
0.0585,0.0425
0.074,0.0425
0.074,0.0425
0.0665,0.0425
0.086,0.0425
0.0585,0.0425
0.0505,0.0425
0.094,0.0425
0.0505,0.0425
0.0585,0.0425
0.074,0.0425
0.0665,0.0425
0.086,0.0425
0.074,0.0555
0.074,0.0615
0.094,0.0615
0.086,0.0615
0.086,0.0615
0.074,0.0615
0.094,0.0615
0.102,0.0735
0.074,0.0845
0.086,0.0815
0.086,0.097
0.086,0.097
0.086,0.111
0.094,0.117
0.094,0.129
0.094,0.144
0.094,0.156
0.084,0.156
0.092,0.156
0.0955,0.164
0.08,0.164
0.08,0.172
0.08,0.18
0.072,0.18
0.088,0.18
0.088,0.18
0.1075,0.18
0.1075,0.18
0.072,0.186
0.1,0.18
0.092,0.189
0.084,0.1915
0.084,0.1915
0.1,0.2035
0.084,0.2115
0.1,0.2115
0.092,0.231
0.1,0.243
0.1,0.251
0.092,0.251
0.1,0.251
0.1,0.2625
0.1,0.2625
0.1,0.2705
0.1,0.2705
0.1075,0.2705
0.092,0.2705
0.1075,0.2825
0.1155,0.2825
0.1155,0.2825
0.1155,0.2885
0.1155,0.2825
0.1155,0.2825
0.1,0.2905
0.1,0.2905
0.1,0.2905
0.1,0.2905
0.1,0.2905
0.1,0.2905
0.1,0.2965
0.1,0.2905
0.1,0.2905
0.092,0.2905
0.092,0.2905
0.092,0.2905
0.092,0.2905
0.092,0.2905
0.092,0.2905
0.092,0.2965
0.092,0.2905
0.092,0.2905
0.092,0.2905
0.092,0.2905
0.092,0.2905
0.092,0.3085
0.092,0.31
0.092,0.326
0.092,0.338
0.092,0.338
0.092,0.338
0.092,0.338
0.092,0.338
0.084,0.338
0.084,0.338
0.1075,0.338
0.1355,0.3455
0.1155,0.3535
0.1355,0.3615
0.1275,0.3615
0.143,0.3615
0.151,0.3615
0.171,0.3615
0.159,0.3615
0.1785,0.3615
0.171,0.3615
0.171,0.3645
0.153,0.3615
0.1805,0.3615
0.1805,0.3615
0.1805,0.3615
0.173,0.338
0.1885,0.326
0.1965,0.322
0.1965,0.31
0.1965,0.31
0.1885,0.3025
0.1965,0.3025
0.2045,0.3025
0.2045,0.2905
0.2045,0.2825
0.1965,0.2825
0.1965,0.2825
0.2045,0.2825
0.2045,0.2825
0.2045,0.2825
0.2045,0.2825
0.2045,0.3025
0.2045,0.313
0.2045,0.326
0.2045,0.338
0.2045,0.3455
0.2045,0.3615
0.2045,0.3735
0.2045,0.3735
0.2045,0.382
0.2045,0.381
0.2045,0.381
0.2045,0.381
0.2045,0.387
0.2045,0.3895
0.1885,0.3485
0.2045,0.3495
0.2045,0.3375
0.2045,0.3295
0.1885,0.3215
0.1885,0.326
0.1885,0.314
0.1805,0.314
0.1805,0.306
0.1805,0.314
0.1805,0.314
0.173,0.314
0.173,0.32
0.145,0.314
0.153,0.317
0.153,0.3255
0.1375,0.3255
0.145,0.3255
0.1295,0.3335
0.1295,0.3335
0.1295,0.3335
0.1375,0.3395
0.1375,0.3455
0.1375,0.3455
0.145,0.3535
0.1295,0.3715
0.1295,0.373
0.1295,0.373
0.1295,0.375
0.1295,0.381
0.1295,0.381
0.1375,0.389
0.1295,0.389
0.1295,0.389
0.1295,0.389
0.1295,0.389
0.1095,0.389
0.094,0.389
0.1175,0.397
0.1095,0.397
0.102,0.397
0.1175,0.397
0.1095,0.409
0.1095,0.409
0.1095,0.409
0.1095,0.409
0.1095,0.409
0.1175,0.409
0.1295,0.409
0.1295,0.409
0.1375,0.409
0.153,0.381
0.153,0.3535
0.153,0.3535
0.153,0.3535
0.153,0.3535
0.153,0.3535
0.153,0.3535
0.153,0.3535
0.153,0.3535
0.153,0.3535
0.153,0.3535
0.153,0.3535
0.153,0.3535
0.153,0.3535
0.153,0.3615
0.153,0.3615
0.153,0.3615
0.153,0.3615
0.153,0.3615
0.153,0.373
0.153,0.373
0.153,0.365
0.153,0.357
0.1375,0.355
0.102,0.3495
0.102,0.3495
0.094,0.3495
0.1095,0.3495
0.1295,0.3375
0.1175,0.3375
0.1175,0.326
0.102,0.31
0.1095,0.307
0.094,0.298
0.086,0.286
0.074,0.2735
0.074,0.257
0.086,0.243
0.0585,0.2315
0.0585,0.2235
0.0585,0.2235
0.0425,0.2115
0.074,0.2115
0.0585,0.2035
0.0505,0.2035
0.0505,0.192
0.0505,0.192
0.0505,0.184
0.0425,0.1645
0.0425,0.1525
0.0425,0.1525
0.0585,0.1525
0.0425,0.1445
0.0425,0.1445
0.0585,0.1445
0.023,0.1445
0.015,0.1445
0.023,0.1275
0.023,0.1125
0.0,0.097
0.0,0.089
0.0,0.0775
0.0,0.0595
0.0,0.0585
0.0,0.0585
0.0,0.0585
0.0,0.0585
0.0,0.0585
0.0,0.0585
0.0,0.0585
0.0,0.0505
0.0,0.0505
0.0,0.0445
0.0,0.0385
0.0,0.0385
0.0,0.031
0.0,0.031
0.0,0.019
0.0,0.019
0.0,0.019
0.0,0.019
0.0,0.019
0.0,0.019
0.0,0.013
0.0,0.005
0.0,0.005
0.0,-0.014
0.0,-0.014
0.0,-0.014
0.0,-0.014
0.015,-0.014
0.031,-0.014
0.0585,-0.014
0.1095,-0.014
0.1175,-0.014
0.145,-0.014
0.1295,-0.014
0.145,-0.014
0.145,-0.014
0.145,-0.014
0.145,-0.014
0.145,-0.014
0.145,-0.014
0.145,-0.014
0.145,-0.014
0.145,-0.014
0.145,-0.014
0.145,-0.014
0.145,-0.014
0.145,0.0
0.145,0.0
0.145,0.0
0.145,0.0
0.145,0.0
0.145,0.0
0.145,0.0
0.145,0.0
0.145,0.0
0.145,0.0
0.145,0.0
0.145,0.0
0.145,0.0
0.145,0.0
0.145,0.0
0.145,0.0
0.145,0.0
0.145,0.0
0.145,0.0
0.145,0.0
0.145,0.0
0.145,0.0
0.145,-0.014
0.145,-0.022
0.1375,-0.038
0.145,-0.0455
0.145,-0.0455
0.1295,-0.0535
0.1175,-0.0595
0.102,-0.0615
0.102,-0.0615
0.102,-0.0615
0.094,-0.0615
0.094,-0.0615
0.094,-0.0635
0.094,-0.0635
0.094,-0.0725
0.094,-0.0835
0.094,-0.0835
0.094,-0.0835
0.094,-0.0835
0.094,-0.0835
0.094,-0.0955
0.094,-0.0795
0.094,-0.087
0.094,-0.087
0.094,-0.087
0.094,-0.099
0.094,-0.0995
0.094,-0.1115
0.094,-0.1115
0.094,-0.1115
0.094,-0.1115
0.094,-0.1035
0.094,-0.0955
0.094,-0.0955
0.094,-0.0955
0.086,-0.0955
0.086,-0.0955
0.102,-0.0955
0.086,-0.107
0.086,-0.107
0.086,-0.107
0.074,-0.119
0.094,-0.119
0.074,-0.119
0.086,-0.119
0.094,-0.139
0.0665,-0.131
0.086,-0.125
0.094,-0.133
0.086,-0.133
0.094,-0.133
0.074,-0.133
0.086,-0.133
0.0585,-0.133
0.0585,-0.133
0.0585,-0.133
0.0665,-0.133
0.0425,-0.133
0.0665,-0.133
0.031,-0.133
0.0425,-0.133
0.0505,-0.133
0.0425,-0.133
0.031,-0.133
0.0425,-0.133
0.0425,-0.133
0.0425,-0.1445
0.0425,-0.1445
0.0425,-0.1525
0.0425,-0.1525
0.031,-0.1525
0.031,-0.1525
0.031,-0.1525
0.0505,-0.1525
0.0425,-0.1525
0.031,-0.1525
0.0425,-0.1455
0.0585,-0.1335
0.0585,-0.1335
0.0425,-0.1255
0.0585,-0.11
0.0585,-0.0745
0.0585,-0.0545
0.0585,-0.0545
0.0665,-0.0545
0.0505,-0.0545
0.094,-0.0545
0.086,-0.0545
0.074,-0.0545
0.094,-0.0685
0.086,-0.088
0.086,-0.11
0.102,-0.1195
0.094,-0.114
0.102,-0.133
0.1095,-0.1355
0.074,-0.1355
0.094,-0.133
0.1095,-0.133
0.102,-0.133
0.1095,-0.133
0.1175,-0.133
0.1295,-0.133
0.1175,-0.133
0.1175,-0.133
0.1095,-0.133
0.1095,-0.133
0.1295,-0.133
0.1175,-0.133
0.1095,-0.133
0.1095,-0.133
0.1295,-0.133
0.1295,-0.133
0.1175,-0.133
0.1295,-0.133
0.1295,-0.133
0.1295,-0.133
0.1295,-0.133
0.1295,-0.1355
0.1295,-0.133
0.1175,-0.133
0.1295,-0.133
0.1295,-0.133
0.1295,-0.133
0.1295,-0.1445
0.1295,-0.1445
0.1175,-0.1445
0.1175,-0.1445
0.1175,-0.1445
0.1175,-0.114
0.1405,-0.0265
0.1485,0.0425
0.156,0.095
0.18,0.1135
0.2115,0.15
0.238,0.1835
0.2775,0.2055
0.306,0.2115
0.3375,0.243
0.357,0.2625
0.365,0.2825
0.381,0.2965
0.393,0.31
0.393,0.31
0.4005,0.318
0.405,0.318
0.413,0.3495
0.4285,0.369
0.432,0.377
0.448,0.389
0.46,0.397
0.46,0.397
0.468,0.397
0.4765,0.397
0.4795,0.397
0.4795,0.397
0.4795,0.397
0.4795,0.397
0.4795,0.389
0.4795,0.377
0.4795,0.3495
0.4795,0.326
0.4795,0.326
0.4795,0.318
0.4795,0.306
0.4795,0.2955
0.468,0.2865
0.46,0.2665
0.44,0.2505
0.4285,0.243
0.4085,0.231
0.4005,0.231
0.387,0.231
0.381,0.2235
0.3575,0.2155
0.3495,0.2035
0.3495,0.1955
0.3495,0.1955
0.3465,0.1955
0.3435,0.1835
0.3375,0.1835
0.3295,0.1835
0.3295,0.1835
0.3295,0.1835
0.3295,0.1755
0.3295,0.1755
0.3295,0.1755
0.3295,0.1755
0.3295,0.1755
0.3295,0.1875
0.3295,0.1875
0.3295,0.1875
0.3295,0.18
0.3295,0.18
0.3295,0.18
0.3295,0.18
0.3295,0.185
0.324,0.188
0.318,0.188
0.318,0.194
0.318,0.2015
0.318,0.2075
0.324,0.2075
0.318,0.2075
0.318,0.2195
0.318,0.2075
0.318,0.2155
0.318,0.2075
0.318,0.2075
0.318,0.2075
0.318,0.2075
0.318,0.2075
0.318,0.2075
0.31,0.1995
0.31,0.1995
0.31,0.1995
0.31,0.1995
0.31,0.2035
0.31,0.235
0.31,0.254
0.31,0.263
0.318,0.2785
0.326,0.2785
0.3375,0.2785
0.3375,0.2865
0.3375,0.2985
0.3615,0.31
0.369,0.31
0.381,0.31
0.3535,0.31
0.365,0.315
0.365,0.33
0.377,0.33
0.385,0.33
0.385,0.33
0.385,0.33
0.401,0.33
0.407,0.33
0.401,0.33
0.401,0.33
0.393,0.33
0.393,0.318
0.399,0.306
0.393,0.2785
0.393,0.2645
0.393,0.243
0.393,0.2235
0.393,0.2115
0.393,0.2035
0.393,0.1955
0.393,0.1955
0.393,0.1835
0.393,0.181
0.393,0.1835
0.393,0.167
0.393,0.17
0.393,0.164
0.393,0.17
0.393,0.164
0.393,0.164
0.393,0.164
0.393,0.164
0.393,0.1565
0.393,0.1565
0.393,0.1565
0.393,0.1565
0.393,0.1565
0.393,0.168
0.4045,0.168
0.4045,0.174
0.393,0.168
0.393,0.168
0.393,0.168
0.396,0.171
0.393,0.168
0.393,0.168
0.393,0.168
0.393,0.168
0.393,0.168
0.393,0.171
0.393,0.168
0.409,0.168
0.393,0.168
0.399,0.171
0.393,0.18
0.393,0.18
0.393,0.18
0.393,0.18
0.393,0.18
0.393,0.18
0.409,0.18
0.409,0.18
0.409,0.18
0.399,0.18
0.396,0.18
0.393,0.168
0.393,0.165
0.393,0.164
0.393,0.154
0.393,0.16
0.393,0.16
0.399,0.16
0.393,0.16
0.393,0.16
0.393,0.16
0.393,0.157
0.409,0.149
0.385,0.152
0.385,0.152
0.388,0.152
0.3735,0.1445
0.3575,0.1445
0.3575,0.1445
0.3655,0.1355
0.3685,0.1445
0.3575,0.1415
0.3575,0.1445
0.3575,0.1355
0.322,0.1445
0.3655,0.1445
0.342,0.1415
0.322,0.1385
0.3495,0.1445
0.322,0.1445
0.345,0.1445
0.314,0.1445
0.314,0.1445
0.314,0.1445
0.322,0.1415
0.3125,0.1445
0.322,0.1445
0.322,0.1445
0.314,0.1445
0.314,0.1445
0.314,0.1445
0.314,0.1445
0.271,0.1445
0.277,0.1445
0.2865,0.1445
0.271,0.1365
0.271,0.1245
0.271,0.1245
0.271,0.1245
0.271,0.1215
0.263,0.1245
0.251,0.1245
0.243,0.1245
0.247,0.1245
0.247,0.1245
0.247,0.1245
0.259,0.1245
0.247,0.1245
0.231,0.1245
0.251,0.1245
0.239,0.1245
0.251,0.1245
0.251,0.1245
0.239,0.1245
0.251,0.1245
0.251,0.1245
0.251,0.1245
0.251,0.1245
0.239,0.1245
0.231,0.1165
0.231,0.1165
0.231,0.1165
0.2075,0.1195
0.2075,0.1135
0.188,0.1135
0.1955,0.1165
0.1955,0.1165
0.1955,0.1165
0.1955,0.1165
0.1955,0.1105
0.1955,0.1165
0.1955,0.1105
0.1955,0.1165
0.2075,0.1135
0.2075,0.1165
0.2075,0.1165
0.2155,0.1075
0.2155,0.1165
0.2155,0.1045
0.2155,0.1165
0.2155,0.1165
0.2155,0.1135
0.2155,0.1135
0.2155,0.1165
0.2235,0.1075
0.2235,0.1165
0.2235,0.1165
0.2235,0.1165
0.2235,0.1165
0.2235,0.1165
0.2235,0.1135
0.2235,0.1135
0.2075,0.1105
0.2075,0.1165
0.2075,0.1165
0.2075,0.1165
0.2075,0.1165
0.2075,0.1165
0.2075,0.1165
0.2075,0.1165
0.2075,0.1165
0.2235,0.1045
0.2235,0.1045
0.2235,0.1045
0.231,0.1045
0.231,0.099
0.239,0.093
0.239,0.1045
0.239,0.1045
0.239,0.093
0.259,0.096
0.259,0.093
0.259,0.093
0.259,0.093
0.259,0.085
0.259,0.085
0.259,0.085
0.259,0.085
0.259,0.085
0.259,0.085
0.259,0.085
0.259,0.085
0.259,0.085
0.259,0.085
0.259,0.085
0.259,0.085
0.259,0.085
0.259,0.085
0.259,0.085
0.239,0.085
0.239,0.085
0.239,0.085
0.231,0.085
0.231,0.085
0.231,0.085
0.231,0.085
0.231,0.1
0.239,0.1365
0.251,0.156
0.251,0.164
0.251,0.164
0.239,0.172
0.239,0.1915
0.239,0.1915
0.239,0.1995
0.239,0.2075
0.239,0.2075
0.239,0.2075
0.239,0.2075
0.231,0.2075
0.251,0.2075
0.251,0.2075
0.239,0.236
0.251,0.247
0.2825,0.2665
0.2825,0.2865
0.2745,0.306
0.2825,0.326
0.2945,0.326
0.2945,0.326
0.2825,0.326
0.302,0.326
0.302,0.326
0.302,0.326
0.302,0.326
0.302,0.326
0.302,0.326
0.302,0.326
0.302,0.326
0.302,0.326
0.31,0.326
0.31,0.326
0.31,0.3375
0.31,0.3375
0.31,0.3495
0.31,0.3495
0.31,0.3495
0.31,0.3495
0.31,0.3335
0.31,0.3335
0.31,0.3335
0.31,0.3335
0.31,0.3335
0.31,0.326
0.2945,0.326
0.2945,0.326
0.2945,0.326
0.2825,0.326
0.2825,0.326
0.2825,0.314
0.2825,0.2905
0.2825,0.2745
0.2825,0.2625
0.2825,0.2565
0.2825,0.2545
0.2825,0.243
0.2945,0.243
0.2945,0.235
0.2945,0.231
0.2945,0.227
0.2945,0.2195
0.2945,0.1985
0.2945,0.1895
0.2945,0.1795
0.2945,0.1525
0.2945,0.1525
0.2945,0.1525
0.2945,0.1485
0.2945,0.1445
0.2945,0.1475
0.2945,0.1445
0.2945,0.1445
0.2945,0.1445
0.2945,0.1445
0.2945,0.1445
0.2945,0.1445
0.2825,0.1445
0.2945,0.1445
0.2825,0.1505
0.2825,0.1445
0.2825,0.1445
0.2745,0.1445
0.2745,0.1445
0.2745,0.1445
0.2745,0.1445
0.2745,0.1475
0.2745,0.1445
0.2745,0.1445
0.2745,0.1445
0.2745,0.1445
0.2745,0.1445
0.2745,0.1445
0.2745,0.1445
0.2745,0.1445
0.2745,0.1445
0.2745,0.1445
0.2745,0.1445
0.2745,0.1445
0.2745,0.1445
0.2745,0.1445
0.2745,0.1445
0.2745,0.1475
0.2745,0.1565
0.2745,0.164
0.2745,0.176
0.2745,0.176
0.2745,0.184
0.2745,0.1955
0.2745,0.1955
0.2745,0.2035
0.2745,0.2035
0.2745,0.2035
0.2745,0.2035
0.2745,0.2035
0.2745,0.2035
0.2745,0.2035
0.2745,0.2035
0.2745,0.2035
0.2745,0.2035
0.2745,0.2065
0.2745,0.2035
0.2745,0.2035
0.2745,0.2035
0.2745,0.2035
0.2745,0.2035
0.2745,0.2035
0.2745,0.2035
0.2745,0.2035
0.2745,0.2095
0.2745,0.2035
0.2745,0.2035
0.2745,0.2035
0.2665,0.2035
0.2665,0.2035
0.2665,0.2035
0.2665,0.2035
0.2665,0.2035
0.2665,0.2095
0.2665,0.2035
0.2665,0.2035
0.2665,0.2035
0.2665,0.2035
0.2665,0.2065
0.2665,0.2035
0.2665,0.1955
0.2665,0.176
0.2665,0.164
0.2665,0.1565
0.2665,0.1445
0.2665,0.1445
0.2665,0.1445
0.2665,0.1445
0.2665,0.1445
0.2665,0.1445
0.2665,0.1445
0.2665,0.1445
0.2665,0.1445
0.2665,0.1445
0.2665,0.1445
0.2665,0.1445
0.2665,0.1475
0.2665,0.1365
0.2665,0.1365
0.2665,0.1365
0.2665,0.1365
0.259,0.1365
0.259,0.1365
0.259,0.1365
0.259,0.1365
0.251,0.1365
0.251,0.1365
0.251,0.1365
0.251,0.1365
0.251,0.1365
0.231,0.1365
0.2235,0.1365
0.2235,0.1365
0.2235,0.1365
0.2235,0.1365
0.2235,0.1365
0.2235,0.1365
0.2235,0.1875
0.2235,0.1955
0.239,0.2035
0.239,0.2035
0.239,0.2205
0.251,0.251
0.251,0.2625
0.286,0.2905
0.3295,0.2905
0.3405,0.314
0.3655,0.322
0.3655,0.3535
0.393,0.3635
0.409,0.387
0.4165,0.401
0.448,0.401
0.456,0.401
0.468,0.401
0.459,0.401
0.465,0.413
0.468,0.4285
0.459,0.4285
0.468,0.4365
0.468,0.4365
0.468,0.4365
0.465,0.4365
0.462,0.4165
0.468,0.397
0.468,0.369
0.468,0.3495
0.468,0.313
0.468,0.3025
0.462,0.2825
0.468,0.2705
0.468,0.2545
0.468,0.246
0.468,0.2545
0.468,0.2545
0.468,0.2465
0.468,0.2465
0.468,0.239
0.476,0.239
0.4835,0.239
0.4835,0.239
0.5035,0.239
0.533,0.239
0.547,0.239
0.544,0.239
0.547,0.2655
0.5425,0.286
0.531,0.298
0.523,0.304
0.511,0.298
0.511,0.298
0.511,0.298
0.511,0.298
0.503,0.298
0.503,0.298
0.503,0.298
0.4945,0.298
0.4915,0.298
0.468,0.298
0.456,0.298
0.4165,0.298
0.405,0.298
0.3855,0.298
0.3655,0.31
0.3575,0.31
0.3495,0.298
0.33,0.298
0.33,0.318
0.342,0.31
0.3415,0.318
0.3535,0.318
0.3455,0.318
0.3705,0.318
0.381,0.316
0.401,0.318
0.4245,0.318
0.4245,0.318
0.4325,0.318
0.444,0.318
0.444,0.318
0.444,0.318
0.444,0.318
0.452,0.318
0.4875,0.31
0.4875,0.31
0.499,0.31
0.507,0.31
0.507,0.31
0.531,0.31
0.519,0.31
0.5115,0.31
0.5115,0.31
0.484,0.31
0.476,0.31
0.476,0.31
0.4955,0.31
0.4955,0.31
0.501,0.31
0.5035,0.31
0.5115,0.31
0.5115,0.31
0.5115,0.31
0.5115,0.31
0.5115,0.31
0.5115,0.31
0.5115,0.31
0.4955,0.31
0.4955,0.31
0.4955,0.31
0.4955,0.31
0.4955,0.31
0.4955,0.31
0.4955,0.31
0.4955,0.31
0.4955,0.31
0.4955,0.31
0.5075,0.31
0.5115,0.31
0.499,0.31
0.511,0.31
0.5155,0.31
0.551,0.31
0.543,0.31
0.543,0.31
0.531,0.31
0.539,0.31
0.539,0.3215
0.539,0.3335
0.5465,0.361
0.531,0.373
0.5465,0.373
0.574,0.373
0.59,0.373
0.5785,0.373
0.5745,0.373
0.5705,0.373
0.5705,0.373
0.5675,0.373
0.5585,0.373
0.5585,0.373
0.5585,0.373
0.531,0.373
0.531,0.373
0.5235,0.373
0.5035,0.373
0.476,0.373
0.472,0.373
0.452,0.373
0.4285,0.373
0.4285,0.373
0.393,0.373
0.385,0.373
0.385,0.373
0.385,0.373
0.385,0.373
0.385,0.373
0.401,0.373
0.4085,0.373
0.4365,0.3715
0.464,0.3655
0.464,0.3655
0.464,0.3535
0.48,0.3495
0.4955,0.3455
0.523,0.3455
0.531,0.3455
0.531,0.3455
0.531,0.3455
0.531,0.3455
0.531,0.3455
0.531,0.3455
0.531,0.3455
0.531,0.3455
0.519,0.3455
0.519,0.3375
0.519,0.3375
0.511,0.3375
0.511,0.3375
0.4955,0.3375
0.4755,0.3375
0.4675,0.3375
0.4675,0.3375
0.46,0.3375
0.452,0.3375
0.452,0.3375
0.452,0.3375
0.452,0.3375
0.4245,0.3375
0.4165,0.3375
0.4085,0.334
0.4085,0.3375
0.4085,0.3375
0.4085,0.3375
0.4085,0.3375
0.4085,0.3375
0.4085,0.3375
0.4085,0.3375
0.4245,0.3355
0.432,0.3375
0.46,0.3375
0.4875,0.3375
0.4955,0.3375
0.4955,0.3375
0.4955,0.3375
0.4955,0.3535
0.4955,0.373
0.511,0.3445
0.5385,0.3305
0.5545,0.31
0.5545,0.302
0.5545,0.307
0.5625,0.304
0.5625,0.298
0.5625,0.2865
0.5625,0.2865
0.5465,0.2865
0.5465,0.2665
0.5465,0.2665
0.5385,0.259
0.5385,0.259
0.5385,0.247
0.531,0.247
0.511,0.247
0.511,0.247
0.5055,0.247
0.4915,0.247
0.4915,0.247
0.4915,0.239
0.484,0.239
0.476,0.239
0.476,0.239
0.468,0.239
0.4325,0.239
0.4325,0.239
0.4325,0.239
0.4245,0.239
0.4245,0.239
0.4245,0.239
0.4245,0.239
0.448,0.239
0.448,0.239
0.456,0.239
0.456,0.239
0.456,0.239
0.456,0.239
0.456,0.239
0.456,0.239
0.456,0.239
0.456,0.239
0.468,0.239
0.5115,0.239
0.543,0.239
0.5625,0.239
0.598,0.239
0.606,0.239
0.606,0.245
0.606,0.251
0.606,0.2585
0.606,0.2665
0.606,0.2665
0.606,0.2665
0.606,0.2665
0.5625,0.2665
0.5545,0.2665
0.535,0.2665
0.5115,0.294
0.4915,0.306
0.4835,0.314
0.468,0.3255
0.456,0.3255
0.456,0.3255
0.4405,0.3335
0.4125,0.3455
0.4125,0.3455
0.4125,0.3535
0.4005,0.3535
0.405,0.365
0.4285,0.365
0.48,0.371
0.543,0.377
0.602,0.391
0.602,0.4125
0.602,0.4305
0.6165,0.468
0.6215,0.4875
0.6215,0.5235
0.6215,0.531
0.6215,0.531
0.641,0.5425
0.641,0.5425
0.641,0.5625
0.641,0.5705
0.649,0.5705
0.652,0.5705
0.649,0.551
0.649,0.543
0.649,0.535
0.661,0.527
0.663,0.527
0.669,0.527
0.669,0.5155
0.669,0.4875
0.669,0.468
0.669,0.456
0.669,0.4365
0.669,0.4285
0.669,0.4285
0.669,0.4285
0.669,0.4165
0.669,0.411
0.669,0.405
0.657,0.405
0.665,0.405
0.6415,0.397
0.622,0.389
0.598,0.389
0.5705,0.389
0.5705,0.389
0.5625,0.389
0.5625,0.389
0.5625,0.389
0.5625,0.377
0.555,0.369
0.555,0.3575
0.547,0.3635
0.527,0.3495
0.523,0.3415
0.523,0.3415
0.523,0.3415
0.523,0.3415
0.5465,0.3415
0.5465,0.3415
0.5545,0.3415
0.582,0.3415
0.598,0.3415
0.61,0.3415
0.61,0.3415
0.6175,0.369
0.6175,0.369
0.6175,0.369
0.6175,0.369
0.598,0.369
0.578,0.369
0.5585,0.361
0.5385,0.3535
0.5385,0.3315
0.527,0.318
0.527,0.318
0.476,0.298
0.468,0.2925
0.4485,0.2785
0.4245,0.2585
0.4245,0.239
0.401,0.239
0.401,0.239
0.393,0.239
0.3655,0.239
0.3595,0.239
0.3515,0.239
0.318,0.259
0.2905,0.2825
0.2825,0.2945
0.2825,0.302
0.2825,0.305
0.2825,0.302
0.2825,0.302
0.2825,0.302
0.2825,0.302
0.2825,0.294
0.2825,0.294
0.2825,0.2665
0.2985,0.251
0.306,0.251
0.306,0.239
0.304,0.239
0.306,0.231
0.306,0.227
0.309,0.223
0.306,0.223
0.306,0.223
0.306,0.2155
0.318,0.2035
0.306,0.2015
0.314,0.1955
0.323,0.1955
0.314,0.1955
0.317,0.1955
0.326,0.1955
0.323,0.1955
0.323,0.1955
0.317,0.1955
0.326,0.1955
0.334,0.1955
0.334,0.1955
0.334,0.1955
0.322,0.1955
0.334,0.1955
0.334,0.1955
0.325,0.1955
0.334,0.1955
0.334,0.1955
0.334,0.1955
0.334,0.1955
0.334,0.1955
0.3415,0.1955
0.3415,0.1955
0.3415,0.1955
0.3535,0.1955
0.3415,0.1955
0.3415,0.1955
0.3415,0.1955
0.3415,0.2095
0.3415,0.2155
0.334,0.2155
0.326,0.2155
0.318,0.2155
0.31,0.235
0.2825,0.294
0.2825,0.375
0.318,0.408
0.318,0.436
0.318,0.444
0.306,0.444
0.2985,0.444
0.2985,0.444
0.2905,0.456
0.2825,0.464
0.2745,0.4915
0.2745,0.4915
0.2985,0.4915
0.326,0.4945
0.342,0.5005
0.342,0.5035
0.342,0.5035
0.3495,0.5035
0.3495,0.5035
0.3495,0.5115
0.3615,0.5115
0.3775,0.5115
0.393,0.5115
0.393,0.5145
0.393,0.523
0.393,0.523
0.393,0.531
0.393,0.531
0.393,0.531
0.393,0.531
0.393,0.534
0.393,0.531
0.393,0.531
0.393,0.531
0.393,0.531
0.393,0.531
0.393,0.546
0.393,0.555
0.393,0.5705
0.393,0.5785
0.393,0.5785
0.393,0.5785
0.393,0.5785
0.393,0.5785
0.393,0.5785
0.393,0.5785
0.393,0.5785
0.393,0.5785
0.393,0.5785
0.393,0.5785
0.393,0.5785
0.393,0.5635
0.393,0.5505
0.393,0.545
0.393,0.535
0.393,0.52
0.393,0.523
0.393,0.5115
0.393,0.4955
0.393,0.4875
0.393,0.4875
0.393,0.4655
0.393,0.448
0.393,0.448
0.393,0.4315
0.393,0.4285
0.393,0.4285
0.3695,0.4285
0.3615,0.4285
0.3615,0.4285
0.334,0.4205
0.318,0.4205
0.2905,0.4145
0.2745,0.4005
0.255,0.4005
0.239,0.3925
0.239,0.3925
0.239,0.3925
0.2315,0.373
0.2315,0.36
0.2115,0.3495
0.2035,0.3375
0.2035,0.3355
0.2035,0.3295
0.2035,0.31
0.196,0.31
0.196,0.31
0.196,0.2945
0.196,0.2825
0.196,0.2705
0.196,0.2705
0.196,0.2705
0.188,0.2705
0.188,0.2545
0.1605,0.249
0.1525,0.223
0.1525,0.2155
0.1525,0.2035
0.1525,0.1955
0.1525,0.1925
0.1525,0.1835
0.1525,0.1835
0.1525,0.164
0.1525,0.156
0.1525,0.1365
0.1525,0.1365
0.1525,0.117
0.1525,0.086
0.164,0.078
0.164,0.064
0.164,0.04
0.164,0.0305
0.164,0.0365
0.164,0.0285
0.167,0.0105
0.164,-0.0035
0.164,-0.0115
0.17,-0.019
0.164,-0.021
0.164,-0.0355
0.164,-0.0505
0.164,-0.0505
0.164,-0.0625
0.167,-0.0645
0.164,-0.0795
0.164,-0.0905
0.164,-0.0905
0.164,-0.0905
0.164,-0.0905
0.164,-0.0905
0.164,-0.0905
0.164,-0.0875
0.164,-0.0905
0.164,-0.0905
0.164,-0.0905
0.164,-0.0905
0.164,-0.0905
0.164,-0.0905
0.164,-0.0905
0.164,-0.0905
0.164,-0.102
0.164,-0.102
0.164,-0.11
0.164,-0.11
0.164,-0.11
0.17,-0.11
0.164,-0.11
0.164,-0.118
0.164,-0.118
0.164,-0.118
0.164,-0.118
0.164,-0.1255
0.162,-0.1255
0.156,-0.1255
0.156,-0.1255
0.156,-0.1255
0.162,-0.1335
0.156,-0.1335
0.156,-0.1335
0.156,-0.1335
0.156,-0.1335
0.156,-0.114
0.156,-0.092
0.156,-0.0825
0.156,-0.0825
0.156,-0.0825
0.156,-0.0805
0.156,-0.0745
0.156,-0.0745
0.156,-0.0745
0.1795,-0.0745
0.1875,-0.0745
0.2075,-0.021
0.223,0.0165
0.223,0.0245
0.223,0.044
0.223,0.056
0.223,0.064
0.223,0.064
0.223,0.064
0.223,0.064
0.223,0.064
0.223,0.064
0.223,0.044
0.231,0.038
0.231,0.0365
0.234,0.0205
0.215,0.0005
0.215,-0.0035
0.215,-0.0035
0.215,-0.0035
0.215,-0.015
0.215,-0.009
0.215,-0.012
0.215,-0.0065
0.215,-0.0035
0.215,-0.0035
0.215,-0.0065
0.215,-0.015
0.215,-0.0035
0.215,-0.0035
0.215,-0.0035
0.215,-0.0035
0.215,-0.0035
0.218,0.032
0.215,0.0595
0.215,0.0815
0.231,0.0875
0.237,0.0875
0.2505,0.103
0.2665,0.103
0.294,0.103
0.31,0.103
0.31,0.103
0.31,0.103
0.31,0.111
0.31,0.111
0.31,0.12
0.31,0.143
0.31,0.1625
0.3175,0.1705
0.3175,0.1845
0.3175,0.2155
0.3175,0.243
0.3175,0.243
0.3175,0.2545
0.3175,0.2725
0.3175,0.306
0.3175,0.3295
0.3175,0.3455
0.3175,0.365
0.3175,0.385
0.3175,0.3965
0.3295,0.4245
0.3295,0.4245
0.3375,0.4245
0.3455,0.4245
0.3535,0.4245
0.361,0.409
0.373,0.409
0.373,0.397
0.373,0.3605
0.384,0.3295
0.381,0.318
0.381,0.31
0.384,0.298
0.384,0.298
0.381,0.29
0.381,0.29
0.381,0.29
0.381,0.29
0.381,0.29
0.387,0.29
0.381,0.29
0.381,0.29
0.381,0.29
0.381,0.2705
0.381,0.2765
0.381,0.2625
0.381,0.2505
0.381,0.2505
0.381,0.2505
0.381,0.243
0.381,0.231
0.387,0.231
0.384,0.231
0.381,0.231
0.381,0.231
0.387,0.231
0.387,0.231
0.393,0.231
0.393,0.223
0.393,0.223
0.393,0.223
0.393,0.223
0.373,0.22
0.373,0.211
0.3655,0.211
0.3655,0.211
0.3655,0.211
0.3575,0.211
0.3575,0.2055
0.3575,0.2085
0.3495,0.211
0.3495,0.211
0.3495,0.211
0.3415,0.211
0.3495,0.211
0.3495,0.223
0.3375,0.223
0.3375,0.223
0.322,0.223
0.314,0.223
0.314,0.223
0.314,0.223
0.306,0.223
0.306,0.223
0.306,0.223
0.306,0.223
0.306,0.223
0.306,0.2155
0.306,0.2035
0.306,0.2035
0.306,0.1955
0.306,0.1955
0.306,0.1955
0.306,0.1835
0.306,0.1835
0.306,0.178
0.306,0.172
0.306,0.172
0.306,0.172
0.306,0.164
0.306,0.164
0.306,0.164
0.306,0.164
0.298,0.155
0.298,0.1425
0.298,0.1245
0.298,0.1165
0.298,0.1055
0.298,0.1055
0.298,0.1055
0.298,0.1055
0.298,0.1055
0.298,0.1055
0.298,0.1055
0.298,0.1055
0.298,0.1055
0.298,0.1055
0.298,0.1055
0.298,0.1035
0.298,0.1035
0.298,0.1035
0.298,0.1035
0.298,0.1035
0.298,0.1035
0.298,0.1035
0.298,0.1035
0.298,0.0855
0.298,0.0715
0.298,0.064
0.298,0.064
0.298,0.0835
0.298,0.1035
0.298,0.1035
0.298,0.1035
0.298,0.1035
0.298,0.1055
0.298,0.1055
0.298,0.0915
0.298,0.0915
0.298,0.0835
0.298,0.0715
0.298,0.055
0.298,0.032
0.298,0.032
0.298,0.032
0.298,0.044
0.298,0.052
0.298,0.052
0.298,0.052
0.298,0.052
0.298,0.052
0.298,0.052
0.298,0.052
0.298,0.052
0.298,0.026
0.298,0.024
0.314,0.024
0.314,0.0125
0.314,0.0425
0.3295,0.044
0.3415,0.046
0.3415,0.052
0.3415,0.052
0.3415,0.052
0.3415,0.032
0.3415,0.033
0.3415,0.024
0.3495,0.024
0.3495,0.027
0.3575,0.036
0.3575,0.024
0.3575,0.016
0.3575,0.008
0.3575,0.008
0.3575,0.0005
0.3575,-0.0025
0.3575,-0.0115
0.3575,-0.0115
0.3575,-0.0115
0.3575,0.0085
0.3575,0.0085
0.3575,0.0085
0.3575,0.0195
0.3575,0.0165
0.3415,0.0165
0.3295,0.0165
0.322,0.0165
0.314,0.0165
0.314,0.0165
0.314,0.0165
0.306,0.0165
0.298,0.0165
0.298,0.0165
0.298,0.0165
0.298,0.0165
0.298,0.0165
0.298,0.0165
0.298,0.0225
0.298,0.0165
0.2785,0.0165
0.2785,0.0165
0.2785,0.0165
0.2705,0.0165
0.2705,0.0165
0.2625,0.0195
0.2625,0.0285
0.255,0.0285
0.243,0.0285
0.255,0.0285
0.255,0.0345
0.255,0.0285
0.255,0.0345
0.263,0.0285
0.263,0.0285
0.2705,0.0285
0.2785,0.0285
0.2865,0.0345
0.2945,0.0165
0.312,0.0085
0.306,-0.0035
0.306,-0.0035
0.306,-0.0115
0.306,-0.0085
0.306,-0.0115
0.306,0.0115
0.306,0.0085
0.306,0.0085
0.306,0.0085
0.306,0.0085
0.306,0.0085
0.306,0.0115
0.306,0.0085
0.306,0.0085
0.322,0.0085
0.33,0.0165
0.33,0.0165
0.3375,0.0165
0.3495,0.0165
0.3495,0.0165
0.3495,0.0165
0.3575,0.0165
0.3575,0.0225
0.3575,0.0165
0.3575,0.0165
0.3575,0.0165
0.3575,0.0165
0.3575,0.0165
0.3575,0.0165
0.3575,0.0225
0.3575,0.0165
0.3575,0.0165
0.3575,0.0165
0.3575,0.0165
0.3575,0.0165
0.3575,0.0165
0.3575,0.0165
0.3575,0.0165
0.3575,0.0225
0.3575,0.0165
0.3575,0.0165
0.3575,0.0165
0.3575,0.0165
0.3575,0.0165
0.3575,0.0165
0.3575,0.0165
0.3575,0.0165
0.3575,0.0165
0.3575,0.0165
0.3575,0.0165
0.3575,0.0225
0.3605,0.0165
0.3575,0.0165
0.3575,0.0165
0.3575,0.0165
0.3575,0.0165
0.3575,0.0165
0.3575,0.0165
0.3575,0.0165
0.3575,0.0165
0.3575,0.0165
0.3575,0.0165
0.3575,0.0165
0.3575,0.0165
0.3575,0.0165
0.3575,0.0195
0.3635,0.0165
0.3575,0.0165
0.3575,0.0165
0.3575,0.0145
0.3575,0.0085
0.3605,0.027
0.3575,0.0705
0.3735,0.0835
0.3735,0.111
0.393,0.119
0.401,0.119
0.409,0.131
0.409,0.131
0.409,0.128
0.4165,0.119
0.4165,0.128
0.4165,0.131
0.4165,0.119
0.4165,0.111
0.4165,0.111
0.4225,0.103
0.4165,0.103
0.4165,0.103
0.4165,0.092
0.4165,0.0715
0.4165,0.0865
0.4165,0.0715
0.4165,0.0715
0.4195,0.0715
0.4165,0.0715
0.4165,0.0715
0.4165,0.0635
0.4165,0.0615
0.4165,0.0555
0.4165,0.0675
0.4165,0.0675
0.4165,0.0765
0.4165,0.099
0.401,0.1275
0.401,0.1305
0.393,0.1305
0.381,0.1445
0.3735,0.1385
0.3655,0.1445
0.3495,0.1505
0.33,0.1505
0.33,0.1505
0.33,0.1505
0.314,0.1525
0.306,0.1585
0.322,0.1585
0.33,0.1705
0.3495,0.1585
0.3495,0.1705
0.3495,0.178
0.3575,0.178
0.3575,0.178
0.3575,0.19
0.3655,0.198
0.3655,0.212
0.3655,0.212
0.3655,0.212
0.3715,0.212
0.3655,0.223
0.3735,0.231
0.3735,0.2505
0.3735,0.2705
0.3735,0.285
0.3735,0.302
0.3735,0.3175
0.3735,0.3415
0.3735,0.3475
0.3735,0.353
0.3735,0.353
0.3735,0.353
0.3655,0.353
0.3655,0.353
0.3655,0.353
0.3655,0.353
0.3655,0.353
0.3655,0.353
0.3655,0.353
0.3655,0.353
0.3655,0.353
0.3655,0.353
0.3655,0.353
0.3655,0.353
0.3655,0.353
0.381,0.353
0.4245,0.353
0.4445,0.4005
0.4445,0.44
0.452,0.448
0.452,0.462
0.46,0.456
0.46,0.456
0.468,0.468
0.468,0.468
0.468,0.468
0.468,0.468
0.468,0.468
0.474,0.476
0.48,0.476
0.5115,0.476
0.527,0.476
0.53,0.46
0.5385,0.46
0.5465,0.46
0.5585,0.46
0.5665,0.46
0.59,0.46
0.59,0.46
0.59,0.46
0.59,0.46
0.59,0.46
0.598,0.46
0.598,0.4525
0.598,0.4525
0.6095,0.4325
0.6095,0.4325
0.6095,0.4245
0.6095,0.413
0.6175,0.413
0.59,0.405
0.59,0.3735
0.59,0.3735
0.582,0.3735
0.582,0.3655
0.582,0.3655
0.5745,0.3655
0.5745,0.3655
0.5745,0.3655
0.5745,0.3535
0.5665,0.3595
0.5665,0.3535
0.5665,0.3335
0.535,0.3335
0.527,0.322
0.527,0.314
0.488,0.314
0.46,0.314
0.4405,0.306
0.4245,0.306
0.4125,0.306
0.405,0.306
0.397,0.306
0.397,0.306
0.397,0.306
0.397,0.294
0.397,0.306
0.4125,0.294
0.4245,0.294
0.448,0.3
0.456,0.294
0.456,0.294
0.444,0.294
0.444,0.294
0.4275,0.3
0.4245,0.294
0.4165,0.294
0.4165,0.294
0.4165,0.294
0.4165,0.294
0.4165,0.294
0.4165,0.303
0.4165,0.3
0.4165,0.294
0.401,0.297
0.401,0.297
0.393,0.3
0.373,0.286
0.3575,0.289
0.3575,0.2745
0.3495,0.2805
0.3295,0.2865
0.314,0.2865
0.306,0.2865
0.298,0.2865
0.2785,0.2865
0.2785,0.2865
0.2785,0.2865
0.2785,0.2865
0.2785,0.2865
0.2785,0.2865
0.2785,0.2865
0.2705,0.2865
0.2705,0.2865
0.2625,0.2865
0.2625,0.2865
0.2625,0.2865
0.2625,0.2895
0.2625,0.2865
0.2625,0.2865
0.2625,0.2865
0.255,0.2865
0.255,0.2865
0.255,0.2865
0.314,0.2865
0.3415,0.2895
0.3655,0.2865
0.385,0.2925
0.401,0.306
0.4285,0.306
0.4365,0.323
0.4365,0.322
0.4365,0.322
0.4365,0.322
0.4365,0.322
0.444,0.322
0.444,0.322
0.452,0.322
0.452,0.322
0.46,0.322
0.468,0.322
0.468,0.33
0.468,0.33
0.468,0.33
0.468,0.33
0.468,0.33
0.468,0.333
0.468,0.33
0.468,0.33
0.468,0.33
0.468,0.33
0.468,0.33
0.468,0.33
0.468,0.33
0.468,0.33
0.468,0.33
0.468,0.33
0.471,0.322
0.468,0.322
0.468,0.316
0.468,0.31
0.468,0.31
0.468,0.3025
0.468,0.3025
0.468,0.2905
0.468,0.2825
0.468,0.2715
0.468,0.2715
0.468,0.2715
0.468,0.2715
0.468,0.2715
0.468,0.2715
0.468,0.2715
0.468,0.2715
0.452,0.2555
0.4445,0.2555
0.4195,0.2555
0.4285,0.2475
0.421,0.2475
0.421,0.2455
0.4205,0.237
0.4205,0.234
0.4125,0.234
0.4005,0.234
0.393,0.236
0.393,0.236
0.385,0.247
0.377,0.258
0.377,0.267
0.377,0.276
0.377,0.267
0.377,0.273
0.377,0.2865
0.377,0.2865
0.377,0.2865
0.369,0.2945
0.369,0.2945
0.369,0.2945
0.369,0.2945
0.369,0.2865
0.369,0.2865
0.369,0.2865
0.369,0.2865
0.369,0.2865
0.369,0.2865
0.369,0.2865
0.369,0.2865
0.369,0.2865
0.369,0.2865
0.369,0.2865
0.372,0.2865
0.357,0.2865
0.369,0.2865
0.369,0.2865
0.369,0.2865
0.369,0.2865
0.369,0.2865
0.369,0.2785
0.357,0.2785
0.357,0.2785
0.3495,0.2815
0.306,0.2705
0.306,0.2625
0.306,0.2625
0.298,0.2595
0.296,0.2505
0.29,0.2565
0.2825,0.2505
0.2855,0.2485
0.2705,0.231
0.2545,0.223
0.2575,0.223
0.247,0.223
0.247,0.223
0.247,0.223
0.239,0.223
0.239,0.223
0.239,0.223
0.239,0.223
0.239,0.223
0.239,0.223
0.227,0.223
0.227,0.2355
0.219,0.243
0.219,0.243
0.2115,0.255
0.2115,0.255
0.2115,0.255
0.2115,0.255
0.2115,0.255
0.2115,0.255
0.2115,0.255
0.2035,0.269
0.2035,0.263
0.2035,0.263
0.2065,0.263
0.2035,0.263
0.2035,0.263
0.2035,0.266
0.2035,0.263
0.2095,0.269
0.2035,0.263
0.2035,0.2745
0.2035,0.2745
0.2035,0.2745
0.219,0.2745
0.219,0.2655
0.219,0.2625
0.219,0.2625
0.219,0.2625
0.219,0.2605
0.219,0.2545
0.219,0.2545
0.219,0.2545
0.219,0.2545
0.219,0.2465
0.219,0.2465
0.219,0.2465
0.219,0.2465
0.219,0.2465
0.219,0.2465
0.219,0.2465
0.219,0.2465
0.219,0.2465
0.219,0.2465
0.219,0.235
0.219,0.235
0.219,0.227
0.219,0.2075
0.219,0.1955
0.222,0.1765
0.2035,0.1765
0.2035,0.1765
0.219,0.1765
0.219,0.1765
0.219,0.1765
0.219,0.1765
0.219,0.1765
0.219,0.1765
0.219,0.1765
0.219,0.1745
0.219,0.1625
0.219,0.1545
0.219,0.1545
0.219,0.1515
0.219,0.1385
0.219,0.135
0.219,0.123
0.219,0.117
0.219,0.103
0.219,0.095
0.225,0.095
0.219,0.095
0.219,0.095
0.219,0.095
0.219,0.095
0.219,0.095
0.219,0.095
0.219,0.095
0.219,0.0835
0.219,0.0835
0.219,0.0895
0.219,0.0865
0.219,0.0835
0.219,0.0835
0.219,0.0835
0.219,0.0895
0.219,0.0835
0.219,0.0835
0.219,0.0835
0.219,0.076
0.219,0.076
0.219,0.076
0.219,0.079
0.219,0.076
0.219,0.076
0.219,0.076
0.219,0.076
0.219,0.064
0.219,0.064
0.219,0.064
0.219,0.056
0.225,0.044
0.219,0.044
0.219,0.036
0.219,0.036
0.219,0.036
0.219,0.036
0.219,0.036
0.219,0.036
0.219,0.036
0.219,0.036
0.219,0.036
0.219,0.036
0.219,0.036
0.219,0.036
0.219,0.036
0.219,0.036
0.219,0.036
0.219,0.036
0.219,0.036
0.219,0.036
0.219,0.036
0.219,0.036
0.219,0.036
0.219,0.036
0.219,0.024
0.219,0.016
0.219,0.016
0.219,0.014
0.219,0.008
0.219,0.008
0.219,0.0005
0.219,0.0005
0.225,0.0005
0.219,-0.0115
0.219,-0.0115
0.219,-0.0115
0.2705,-0.0115
0.32,0.0345
0.3495,0.0955
0.377,0.147
0.385,0.1925
0.385,0.212
0.385,0.231
0.393,0.2705
0.393,0.282
0.399,0.29
0.393,0.293
0.393,0.306
0.393,0.319
0.393,0.3415
0.393,0.3495
0.393,0.361
0.393,0.365
0.393,0.3335
0.393,0.318
0.393,0.324
0.399,0.318
0.393,0.31
0.399,0.31
0.377,0.31
0.369,0.3025
0.3415,0.2965
0.3335,0.2905
0.3335,0.2825
0.3315,0.2825
0.306,0.2825
0.312,0.2775
0.306,0.2745
0.306,0.27
0.306,0.267
0.306,0.261
0.306,0.247
0.298,0.239
0.29,0.2275
0.29,0.2195
0.2825,0.2075
0.2825,0.188
0.2705,0.188
0.2705,0.188
0.2625,0.194
0.2545,0.188
0.2545,0.188
0.2545,0.186
0.2545,0.18
0.2545,0.18
0.2605,0.18
0.2545,0.18
0.2545,0.18
0.2545,0.168
0.2545,0.168
0.2545,0.168
0.2545,0.174
0.2545,0.168
0.2545,0.168
0.2545,0.168
0.2545,0.168
0.2545,0.168
0.2545,0.168
0.2545,0.171
0.2545,0.168
0.2545,0.168
0.2545,0.168
0.2545,0.1565
0.2545,0.1525
0.2545,0.1485
0.2545,0.1485
0.2545,0.1485
0.2545,0.1485
0.2545,0.1485
0.2545,0.1485
0.2545,0.1485
0.2545,0.1485
0.2545,0.1485
0.2545,0.1485
0.2545,0.1485
0.2545,0.1485
0.2545,0.1485
0.2545,0.1485
0.2545,0.1835
0.2545,0.1955
0.2545,0.2035
0.2545,0.2115
0.2545,0.231
0.2545,0.243
0.2545,0.251
0.2545,0.251
0.2545,0.26
0.2545,0.2625
0.2545,0.2705
0.2545,0.2825
0.2545,0.2705
0.2545,0.2825
0.2545,0.2825
0.2545,0.2825
0.2545,0.2825
0.2545,0.2905
0.2545,0.2905
0.2545,0.2905
0.2545,0.2905
0.2545,0.2905
0.2545,0.2905
0.2545,0.2905
0.2545,0.2905
0.2545,0.2905
0.2545,0.2905
0.2545,0.2965
0.2545,0.2905
0.2545,0.2905
0.2545,0.2905
0.2545,0.2905
0.2545,0.2905
0.2545,0.2905
0.2545,0.3025
0.2545,0.3045
0.247,0.31
0.247,0.31
0.247,0.31
0.247,0.31
0.247,0.31
0.247,0.31
0.247,0.31
0.247,0.31
0.247,0.31
0.247,0.318
0.247,0.318
0.247,0.318
0.247,0.318
0.247,0.318
0.247,0.318
0.247,0.318
0.253,0.318
0.247,0.318
0.247,0.318
0.253,0.318
0.247,0.318
0.247,0.318
0.247,0.318
0.247,0.318
0.247,0.318
0.247,0.318
0.247,0.318
0.247,0.318
0.247,0.318
0.247,0.318
0.25,0.318
0.247,0.318
0.247,0.318
0.247,0.318
0.247,0.318
0.247,0.318
0.247,0.318
0.259,0.318
0.259,0.318
0.273,0.318
0.2985,0.318
0.318,0.318
0.3495,0.318
0.3695,0.318
0.3775,0.318
0.389,0.318
0.397,0.318
0.409,0.318
0.409,0.318
0.409,0.318
0.409,0.318
0.409,0.318
0.409,0.318
0.4325,0.318
0.46,0.31
0.4955,0.31
0.531,0.3445
0.5585,0.377
0.594,0.385
0.602,0.3885
0.614,0.3685
0.6415,0.377
0.687,0.385
0.7085,0.385
0.7245,0.385
0.7245,0.385
0.7365,0.385
0.7445,0.385
0.752,0.385
0.752,0.385
0.752,0.3965
0.752,0.4045
0.752,0.4165
0.752,0.4165
0.752,0.4165
0.752,0.4245
0.724,0.4245
0.7045,0.4245
0.6925,0.436
0.673,0.448
0.665,0.442
0.653,0.448
0.6335,0.448
0.6135,0.448
0.602,0.448
0.582,0.448
0.574,0.4765
0.5545,0.4795
0.5545,0.4795
0.5545,0.4875
0.5425,0.4875
0.531,0.499
0.523,0.499
0.503,0.499
0.4915,0.4965
0.4835,0.527
0.4835,0.527
0.4835,0.5155
0.4715,0.5155
0.4715,0.5155
0.4715,0.5215
0.464,0.5215
0.452,0.5155
0.452,0.4955
0.4285,0.4875
0.4285,0.47
0.4285,0.465
0.4285,0.4195
0.4285,0.405
0.4285,0.399
0.4285,0.385
0.4285,0.385
0.4285,0.385
0.4285,0.377
0.4285,0.3655
0.4285,0.3575
0.4285,0.3575
0.4285,0.3575
0.4165,0.3575
0.4165,0.3575
0.4165,0.3575
0.4165,0.369
0.4165,0.381
0.401,0.385
0.401,0.389
0.393,0.4005
0.385,0.4095
0.373,0.4125
0.385,0.4205
0.3655,0.4205
0.3575,0.4205
0.3575,0.432
0.3495,0.44
0.3495,0.44
0.3495,0.432
0.3495,0.444
0.3495,0.444
0.3495,0.444
0.3495,0.444
0.3495,0.444
0.3495,0.444
0.3495,0.444
0.3495,0.444
0.3495,0.444
0.3495,0.452
0.3495,0.458
0.3495,0.4635
0.3495,0.4635
0.3495,0.4655
0.3495,0.4715
0.3495,0.4715
0.3575,0.4715
0.3575,0.4715
0.3575,0.4715
0.3575,0.452
0.3575,0.441
0.3695,0.4155
0.3695,0.4045
0.3695,0.3925
0.377,0.3925
0.377,0.3925
0.377,0.381
0.377,0.381
0.377,0.373
0.377,0.373
0.377,0.373
0.377,0.373
0.377,0.373
0.377,0.373
0.389,0.373
0.389,0.373
0.389,0.373
0.389,0.373
0.389,0.364
0.389,0.361
0.389,0.361
0.389,0.361
0.389,0.353
0.389,0.353
0.405,0.353
0.405,0.353
0.405,0.353
0.405,0.353
0.405,0.3475
0.405,0.353
0.405,0.3475
0.405,0.3505
0.4125,0.3475
0.4485,0.3415
0.464,0.317
0.476,0.2985
0.4915,0.2985
0.4995,0.2865
0.4995,0.2865
0.4995,0.2845
0.4995,0.29
0.5025,0.282
0.4995,0.29
0.5135,0.308
0.533,0.313
0.5625,0.3185
0.5625,0.3415
0.5625,0.353
0.5625,0.381
0.5625,0.4045
0.5625,0.4045
0.5625,0.405
0.5675,0.3925
0.5705,0.381
0.5735,0.381
0.5825,0.369
0.5825,0.381
0.5825,0.381
0.5825,0.381
0.5905,0.381
0.5905,0.3655
0.5905,0.332
0.5905,0.33
0.5905,0.33
0.5905,0.318
0.5905,0.31
0.5905,0.302
0.5905,0.302
0.5905,0.302
0.5905,0.2945
0.5905,0.2945
0.5965,0.2945
0.602,0.2945
0.614,0.2995
0.614,0.314
0.622,0.3415
0.622,0.3575
0.622,0.379
0.622,0.4045
0.622,0.4245
0.622,0.4305
0.622,0.4305
0.622,0.435
0.622,0.443
0.622,0.44
0.622,0.44
0.622,0.44
0.622,0.44
0.622,0.436
0.622,0.4205
0.606,0.4125
0.5705,0.392
0.542,0.389
0.531,0.381
0.531,0.369
0.531,0.369
0.5225,0.369
0.5225,0.322
0.519,0.318
0.4945,0.306
0.493,0.306
0.4955,0.2785
0.476,0.2705
0.476,0.2565
0.464,0.239
0.456,0.231
0.4405,0.231
0.4405,0.231
0.4405,0.231
0.4325,0.2235
0.4205,0.2235
0.4185,0.2235
0.4215,0.2235
0.4155,0.2235
0.4245,0.2235
0.405,0.2235
0.405,0.2235
0.405,0.2235
0.405,0.2235
0.456,0.239
0.4955,0.2785
0.523,0.302
0.559,0.3575
0.5885,0.399
0.645,0.408
0.648,0.4485
0.685,0.4935
0.685,0.5405
0.693,0.5745
0.693,0.586
0.7045,0.594
0.7045,0.594
0.7125,0.594
0.7125,0.594
0.7125,0.594
0.732,0.594
0.74,0.603
0.74,0.606
0.7515,0.606
0.74,0.606
0.744,0.606
0.7595,0.614
0.7595,0.614
0.7595,0.614
0.7595,0.614
0.7595,0.614
0.7655,0.614
0.7595,0.614
0.7625,0.614
0.7595,0.606
0.7595,0.606
0.7595,0.594
0.7595,0.5745
0.7595,0.5545
0.7595,0.5545
0.7595,0.529
0.736,0.5035
0.7085,0.4955
0.7085,0.4755
0.6925,0.464
0.673,0.442
0.6455,0.44
0.6175,0.4285
0.59,0.4165
0.574,0.411
0.5585,0.405
0.527,0.405
0.519,0.405
0.519,0.405
0.519,0.397
0.507,0.389
0.4995,0.389
0.4995,0.389
0.4915,0.377
0.472,0.377
0.46,0.375
0.46,0.369
0.472,0.369
0.452,0.3575
0.4445,0.3575
0.4415,0.3575
0.4325,0.3575
0.4325,0.3495
0.4355,0.3495
0.4325,0.3375
0.4245,0.3375
0.4165,0.33
0.4165,0.33
0.4165,0.33
0.4165,0.321
0.4165,0.318
0.4085,0.31
0.4085,0.313
0.3885,0.31
0.3885,0.31
0.357,0.31
0.3455,0.302
0.3455,0.302
0.3455,0.302
0.3455,0.302
0.337,0.302
0.3455,0.302
0.3885,0.302
0.432,0.302
0.452,0.302
0.46,0.302
0.4755,0.321
0.4755,0.338
0.4875,0.338
0.4755,0.338
0.4755,0.3455
0.4755,0.357
0.444,0.357
0.4085,0.357
0.373,0.357
0.3575,0.357
0.3415,0.357
0.33,0.357
0.33,0.357
0.322,0.3485
0.322,0.3485
0.322,0.3515
0.322,0.357
0.322,0.3545
0.322,0.3575
0.3095,0.3605
0.2985,0.3605
0.271,0.3605
0.2745,0.3575
0.2665,0.3575
0.2665,0.3575
0.2665,0.3495
0.2665,0.3495
0.2785,0.3455
0.2785,0.3415
0.2665,0.3415
0.2785,0.3415
0.2785,0.3415
0.2665,0.361
0.2545,0.373
0.2665,0.373
0.2545,0.373
0.2545,0.373
0.2545,0.381
0.247,0.381
0.247,0.381
0.247,0.381
0.242,0.381
0.239,0.381
0.239,0.3735
0.239,0.3735
0.2545,0.3765
0.2545,0.3735
0.2545,0.3735
0.243,0.3735
0.243,0.3795
0.243,0.3735
0.243,0.3735
0.263,0.3735
0.2785,0.3735
0.2785,0.3765
0.2785,0.3735
0.2905,0.3735
0.2785,0.3735
0.2905,0.385
0.2865,0.397
0.2865,0.397
0.2865,0.397
0.294,0.405
0.297,0.405
0.294,0.405
0.294,0.405
0.294,0.405
0.302,0.405
0.302,0.405
0.302,0.405
0.302,0.4165
0.302,0.4245
0.314,0.4245
0.302,0.4245
0.302,0.4125
0.302,0.389
0.314,0.389
0.314,0.377
0.3215,0.377
0.3215,0.377
0.316,0.377
0.31,0.377
0.31,0.377
0.31,0.377
0.318,0.369
0.326,0.3635
0.334,0.3495
0.334,0.3375
0.334,0.326
0.3455,0.332
0.3455,0.326
0.3375,0.326
0.3375,0.318
0.3375,0.314
0.326,0.31
0.3375,0.302
0.3375,0.302
0.326,0.29
0.3375,0.29
0.3375,0.29
0.3375,0.2705
0.3375,0.2765
0.3255,0.2735
0.3375,0.2705
0.3255,0.2625
0.3285,0.2505
0.3345,0.2465
0.3315,0.243
0.3375,0.243
0.3345,0.243
0.3285,0.243
0.3255,0.243
0.3285,0.243
0.3285,0.243
0.3255,0.243
0.3375,0.243
0.3375,0.243
0.3375,0.243
0.3375,0.243
0.326,0.243
0.3375,0.243
0.3375,0.243
0.3375,0.243
0.3375,0.243
0.3455,0.243
0.3455,0.243
0.3455,0.243
0.3455,0.243
0.3455,0.243
0.3455,0.243
0.3455,0.243
0.3455,0.243
0.3455,0.243
0.3455,0.2505
0.3455,0.2505
0.3455,0.2505
0.3455,0.2565
0.3455,0.2705
0.3535,0.2705
0.3535,0.2705
0.3535,0.2705
0.3595,0.2705
0.365,0.2705
0.365,0.2705
0.365,0.2705
0.365,0.2705
0.365,0.2705
0.365,0.2705
0.365,0.2705
0.365,0.2705
0.365,0.2705
0.365,0.2705
0.365,0.2705
0.381,0.2705
0.381,0.2705
0.381,0.2705
0.3885,0.2705
0.3885,0.2705
0.3885,0.282
0.3885,0.282
0.3885,0.2705
0.3885,0.2705
0.3885,0.2705
0.3885,0.2705
0.3885,0.2705
0.3885,0.2705
0.3885,0.2705
0.377,0.2705
0.377,0.2705
0.369,0.2705
0.3375,0.2705
0.18,0.2765
0.1285,0.2705
0.106,0.282
0.026,0.282
0.026,0.288
0.042,0.326
0.042,0.368
0.056,0.405
0.0895,0.4445
0.127,0.4655
0.1405,0.4835
0.1805,0.4915
0.1885,0.4915
0.1885,0.4915
0.1885,0.4915
0.1525,0.4915
0.136,0.497
0.092,0.506
-0.042,0.523
-0.188,0.6235
-0.1285,0.7045
-0.1285,0.7915
-0.1205,0.8425
-0.1125,0.862
-0.1125,0.862
-0.1305,0.87
-0.189,0.87
-0.189,0.87
-0.189,0.87
-0.189,0.87
-0.209,0.9015
-0.268,0.9135
-0.288,0.9215
-0.345,0.9215
-0.3705,0.9215
-0.3805,0.9215
-0.414,0.879
-0.4615,0.862
-0.489,0.862
-0.5,0.862
-0.502,0.862
-0.514,0.862
-0.522,0.862
-0.534,0.862
-0.5415,0.8505
-0.5535,0.8405
-0.5615,0.8385
-0.5615,0.8305
-0.5615,0.8305
-0.5615,0.8305
-0.5535,0.8075
-0.534,0.7915
-0.511,0.7915
-0.5,0.7915
-0.5,0.7715
-0.5,0.7715
-0.5,0.752
-0.5,0.736
-0.489,0.72
-0.489,0.7085
-0.489,0.6925
-0.489,0.6925
-0.4445,0.673
-0.3925,0.6575
-0.3565,0.6455
-0.3245,0.6395
-0.3125,0.6175
-0.3005,0.6175
-0.2805,0.6175
-0.2405,0.61
-0.2205,0.61
-0.1685,0.622
-0.1165,0.63
-0.0805,0.61
-0.0565,0.6415
-0.0365,0.6415
-0.0245,0.6495
-0.0165,0.6495
-0.0045,0.6445
-0.0045,0.653
-0.0045,0.653
-0.0045,0.653
-0.0235,0.653
-0.0235,0.661
-0.0355,0.67
-0.0355,0.673
-0.0375,0.6925
-0.0655,0.7045
-0.0895,0.7065
-0.1095,0.7045
-0.1095,0.7045
-0.1095,0.7045
-0.1135,0.7045
-0.1215,0.7045
-0.129,0.7045
-0.129,0.7045
-0.141,0.7045
-0.141,0.7045
-0.129,0.7045
-0.129,0.7045
-0.129,0.7045
-0.125,0.7045
-0.117,0.7045
-0.105,0.7045
-0.089,0.7045
-0.085,0.7045
-0.077,0.7045
-0.077,0.661
-0.077,0.6415
-0.077,0.6335
-0.077,0.6175
-0.069,0.602
-0.069,0.594
-0.069,0.582
-0.069,0.582
-0.069,0.582
-0.069,0.5705
-0.069,0.5505
-0.069,0.5505
-0.069,0.5425
-0.065,0.5425
-0.065,0.5425
-0.065,0.534
-0.065,0.531
-0.065,0.531
-0.065,0.523
-0.065,0.523
-0.065,0.523
-0.065,0.514
-0.065,0.503
-0.065,0.4915
-0.065,0.4915
-0.0615,0.4835
-0.0615,0.4835
-0.0615,0.4835
-0.0565,0.4715
-0.0535,0.4715
-0.0535,0.466
-0.0535,0.46
-0.0415,0.46
-0.0265,0.46
-0.0185,0.46
-0.0275,0.466
-0.0305,0.46
-0.0305,0.46
-0.0225,0.46
-0.0225,0.452
-0.057,0.452
-0.169,0.452
-0.215,0.452
-0.233,0.452
-0.233,0.452
-0.233,0.452
-0.238,0.452
-0.253,0.452
-0.261,0.452
-0.261,0.452
-0.265,0.452
-0.265,0.452
-0.265,0.446
-0.262,0.44
-0.265,0.44
-0.273,0.44
-0.273,0.432
-0.281,0.4265
-0.281,0.4205
-0.281,0.4205
-0.281,0.4205
-0.281,0.4205
-0.281,0.4205
-0.281,0.4205
-0.281,0.4205
-0.281,0.4205
-0.281,0.4205
-0.281,0.4205
-0.281,0.4205
-0.293,0.4205
-0.293,0.4205
-0.287,0.4205
-0.293,0.4205
-0.293,0.4205
-0.293,0.4205
-0.287,0.4205
-0.293,0.4205
-0.301,0.4205
-0.305,0.4205
-0.313,0.4235
-0.321,0.432
-0.321,0.432
-0.315,0.432
-0.321,0.432
-0.321,0.44
-0.321,0.452
-0.321,0.46
-0.322,0.46
-0.333,0.46
-0.333,0.466
-0.345,0.46
-0.357,0.466
-0.365,0.4715
-0.365,0.4715
-0.365,0.463
-0.365,0.4715
-0.365,0.4715
-0.365,0.4715
-0.365,0.4715
-0.365,0.4715
-0.365,0.4855
-0.373,0.4915
-0.357,0.4915
-0.357,0.4915
-0.357,0.4915
-0.357,0.4915
-0.357,0.4915
-0.357,0.4915
-0.357,0.4915
-0.357,0.4915
-0.357,0.4915
-0.357,0.4915
-0.357,0.4915
-0.357,0.4915
-0.353,0.4915
-0.353,0.4915
-0.353,0.4915
-0.333,0.4915
-0.313,0.4915
-0.285,0.4915
-0.273,0.4915
-0.265,0.4915
-0.265,0.4915
-0.265,0.4915
-0.253,0.4915
-0.245,0.4715
-0.241,0.46
-0.229,0.463
-0.226,0.46
-0.229,0.452
-0.215,0.452
-0.221,0.452
-0.221,0.452
-0.221,0.446
-0.213,0.44
-0.213,0.44
-0.213,0.44
-0.213,0.44
-0.213,0.44
-0.213,0.44
-0.213,0.443
-0.221,0.432
-0.2295,0.432
-0.221,0.4235
-0.2325,0.413
-0.2265,0.413
-0.2325,0.413
-0.2325,0.41
-0.2325,0.413
-0.2325,0.401
-0.2325,0.401
-0.2325,0.413
-0.2325,0.41
-0.2325,0.41
-0.2325,0.401
-0.2325,0.381
-0.2445,0.377
-0.2445,0.3735
-0.2445,0.3615
-0.2445,0.3615
-0.2445,0.3615
-0.2445,0.3615
-0.2445,0.3615
-0.2445,0.3555
-0.2445,0.3535
-0.2445,0.3535
-0.2445,0.3455
-0.2385,0.3455
-0.2445,0.3455
-0.2325,0.3375
-0.2325,0.3375
-0.2325,0.3375
-0.221,0.3375
-0.221,0.3375
-0.215,0.3375
-0.233,0.3295
-0.253,0.3295
-0.301,0.327
-0.321,0.318
-0.321,0.318
-0.325,0.318
-0.345,0.31
-0.353,0.304
-0.355,0.302
-0.353,0.302
-0.353,0.294
-0.353,0.294
-0.353,0.2865
-0.353,0.2665
-0.353,0.251
-0.337,0.251
-0.337,0.251
-0.317,0.245
-0.285,0.239
-0.261,0.239
-0.253,0.239
-0.253,0.239
-0.245,0.239
-0.245,0.239
-0.245,0.223
-0.245,0.223
-0.249,0.223
-0.252,0.223
-0.255,0.223
-0.261,0.223
-0.261,0.223
-0.261,0.223
-0.261,0.223
-0.253,0.223
-0.253,0.223
-0.245,0.223
-0.241,0.223
-0.249,0.223
-0.249,0.223
-0.249,0.2215
-0.249,0.2155
-0.249,0.2155
-0.249,0.2155
-0.249,0.2035
-0.249,0.2035
-0.249,0.2035
-0.249,0.1955
-0.249,0.1955
-0.2575,0.1955
-0.2605,0.1955
-0.2605,0.1955
-0.2605,0.1955
-0.2605,0.1955
-0.2605,0.1955
-0.2465,0.1955
-0.2525,0.1955
