valence,arousal
-0.0035,0.0
-0.0035,0.0
-0.0035,0.0
-0.0035,0.0
-0.0035,0.0
-0.0035,0.0
-0.0035,0.0
-0.0035,0.0
-0.0035,0.0
-0.0035,0.0
-0.0035,0.0
-0.0035,0.0
-0.0035,0.0
-0.0035,0.0
-0.0035,0.0
-0.0035,0.0
-0.0035,0.0
-0.0035,0.0
-0.0035,0.0
0.0,0.0
0.0,0.0
0.0,0.0
0.0,-0.01
0.0,-0.0475
0.0,-0.0675
0.0,-0.0855
0.0,-0.113
0.0,-0.133
0.0,-0.133
0.0,-0.133
0.0,-0.133
0.0,-0.133
0.0,-0.133
0.0,-0.133
0.0,-0.133
0.0,-0.133
0.0,-0.1485
0.0,-0.1565
0.0,-0.1645
0.0,-0.1645
0.0,-0.1645
0.0,-0.1645
0.0,-0.1645
-0.0035,-0.1645
-0.0035,-0.1665
-0.0035,-0.1755
-0.0035,-0.1785
-0.0035,-0.1865
-0.0035,-0.1865
-0.0035,-0.1985
-0.0035,-0.206
-0.0035,-0.206
-0.0035,-0.206
-0.0035,-0.206
-0.0035,-0.206
-0.0035,-0.206
-0.0035,-0.206
-0.0035,-0.206
-0.0035,-0.206
0.0,-0.206
0.0,-0.206
0.0,-0.206
0.0,-0.215
0.0,-0.206
0.0,-0.206
0.0,-0.206
0.0,-0.206
0.0,-0.212
0.0,-0.206
0.0,-0.206
0.0,-0.206
0.0,-0.206
0.0,-0.206
-0.0035,-0.206
-0.0275,-0.1865
-0.0435,-0.1865
-0.0475,-0.1865
-0.0475,-0.1865
-0.0475,-0.1865
-0.0475,-0.1865
-0.0475,-0.1865
-0.0475,-0.1865
-0.0475,-0.1785
-0.0475,-0.1785
-0.0475,-0.1785
-0.0475,-0.1785
-0.0475,-0.1785
-0.0475,-0.1785
-0.0475,-0.1785
-0.0555,-0.1785
-0.0555,-0.1785
-0.0555,-0.1785
-0.0555,-0.1785
-0.0555,-0.1785
-0.0635,-0.1785
-0.0635,-0.1785
-0.0635,-0.1785
-0.0635,-0.1785
-0.0635,-0.1785
-0.0635,-0.1785
-0.0355,-0.1785
-0.0035,-0.1785
-0.0035,-0.1785
-0.0035,-0.1505
-0.0035,-0.129
-0.0035,-0.119
-0.0155,-0.107
-0.0155,-0.0855
-0.0155,-0.0775
-0.0155,-0.0675
-0.0155,-0.0675
-0.0155,-0.0655
-0.0155,-0.048
-0.0035,-0.014
0.0,0.002
0.023,0.0935
0.0665,0.1075
0.0505,0.127
0.102,0.135
0.153,0.143
0.153,0.155
0.153,0.155
0.153,0.155
0.153,0.167
0.1295,0.169
0.0585,0.186
0.0425,0.235
0.031,0.2665
0.015,0.2605
0.007,0.261
0.0,0.235
0.0,0.219
0.0,0.2125
0.0,0.248
0.0,0.2625
0.0,0.3305
0.0,0.3425
0.0,0.3505
0.0,0.3305
0.0,0.288
0.0,0.195
0.0,0.1265
0.0,0.0285
0.0,-0.027
0.0,-0.0705
0.0,-0.102
0.0,-0.1115
0.0,-0.1175
0.0,-0.1175
0.0,-0.1175
0.0,-0.1175
0.0,-0.1175
0.0,-0.1175
0.0,-0.1175
0.0,-0.1175
0.0,-0.1295
0.0,-0.1295
0.0,-0.1295
0.0,-0.1295
0.0,-0.1295
0.0,-0.1375
0.0,-0.1375
0.0,-0.1375
0.0,-0.1375
0.0,-0.1375
0.0,-0.1375
0.0,-0.1375
0.0,-0.1375
0.0,-0.1375
0.0,-0.1375
0.0,-0.1375
0.0,-0.1375
0.0,-0.1375
0.0,-0.1375
0.0,-0.1375
0.0,-0.1375
0.0,-0.1375
0.0,-0.1375
0.0,-0.1375
0.0,-0.1375
0.0,-0.1375
0.0,-0.1375
0.0,-0.1375
-0.0035,-0.1375
-0.0035,-0.1375
-0.0035,-0.1375
-0.0035,-0.1375
-0.0035,-0.1375
-0.0035,-0.122
-0.0035,-0.122
-0.0035,-0.122
-0.0035,-0.122
-0.0035,-0.122
-0.0035,-0.122
-0.0035,-0.122
-0.0035,-0.122
-0.0035,-0.122
-0.0035,-0.122
-0.0035,-0.122
-0.0035,-0.122
-0.0035,-0.122
-0.0035,-0.122
-0.0035,-0.114
-0.0035,-0.106
-0.0035,-0.106
-0.0035,-0.104
-0.0035,-0.098
-0.0035,-0.098
-0.0035,-0.096
-0.0035,-0.09
-0.0035,-0.09
-0.0035,-0.082
-0.0035,-0.082
-0.0035,-0.082
-0.0035,-0.0745
-0.0035,-0.0745
-0.0035,-0.0745
-0.0035,-0.0745
-0.0035,-0.0745
0.0,-0.0665
0.0,-0.0665
0.0,-0.0665
0.0,-0.0585
0.0,-0.0585
0.0,-0.0585
0.0,-0.0505
0.0,-0.0505
0.0,-0.0505
0.0,-0.0425
0.0,-0.0425
0.0,-0.0425
0.0,-0.0345
0.0,-0.0345
0.0,-0.0345
0.0,-0.0345
0.0,-0.0345
-0.0155,-0.027
-0.0475,-0.027
-0.0475,-0.027
-0.0475,-0.027
-0.0475,-0.027
-0.0555,-0.019
-0.0555,-0.019
-0.0555,-0.019
-0.0635,-0.019
-0.0635,-0.011
-0.0635,-0.003
-0.0635,0.005
-0.0675,0.011
-0.0755,0.019
-0.0795,0.019
-0.0875,0.019
-0.0955,0.019
-0.0955,0.019
-0.0955,0.019
-0.0955,0.019
-0.0955,0.019
-0.0955,0.019
-0.0955,0.019
-0.0955,0.019
-0.0955,0.019
-0.0955,0.019
-0.0955,0.019
-0.0955,0.019
-0.0955,0.019
-0.0955,0.019
-0.0955,0.019
-0.0955,0.019
-0.0955,0.0
-0.0955,0.0
-0.0955,0.0
-0.0955,0.0
-0.0955,-0.014
-0.0955,-0.022
-0.0955,-0.022
-0.0955,-0.012
-0.0955,-0.003
-0.0955,-0.003
-0.0955,0.005
-0.0955,0.005
-0.0955,0.005
-0.0955,0.005
-0.0955,0.005
-0.0955,0.005
-0.0955,0.0125
-0.0955,0.0125
-0.0955,0.0125
-0.0955,0.0125
-0.0955,0.0125
-0.0955,0.0035
-0.0955,0.0005
-0.0755,0.0005
-0.0235,0.0005
-0.0035,0.0035
0.0,0.0065
0.0,0.0005
0.0,0.0005
0.0,0.0095
0.0,0.0065
0.0,0.0005
0.0,0.0005
0.0,0.0035
0.0,-0.015
0.0,-0.021
0.0,-0.027
0.0,-0.034
0.0,-0.034
0.0,-0.034
0.0,-0.034
0.0,-0.034
0.0,-0.034
0.0,-0.034
0.0,-0.034
0.0,-0.034
-0.0035,-0.034
-0.0035,-0.034
-0.0035,-0.034
-0.0035,-0.034
-0.0035,-0.034
-0.0035,-0.034
-0.0035,-0.034
-0.0035,-0.034
-0.0035,-0.034
0.0,-0.034
0.0,-0.034
0.0,-0.034
0.0,-0.034
0.0,-0.034
0.0,-0.034
0.0,-0.034
0.0,-0.034
0.0,-0.034
0.0,-0.046
0.0,-0.056
0.0,-0.072
0.0,-0.072
0.0,-0.0795
0.0,-0.0875
0.0,-0.0955
0.0,-0.1035
0.0,-0.1115
0.0,-0.1115
0.0,-0.1115
0.0,-0.1115
0.0,-0.1115
0.0,-0.1115
0.0,-0.1115
0.0,-0.1115
-0.0035,-0.1115
-0.0035,-0.1115
-0.0035,-0.1115
-0.0035,-0.1115
-0.0035,-0.1115
0.0,-0.1115
0.0,-0.1115
0.0,-0.1115
0.0,-0.1115
0.0,-0.1115
0.0,-0.1115
0.0,-0.1115
0.0,-0.1115
0.0,-0.1115
0.0,-0.1115
0.0,-0.1115
0.0,-0.1055
0.0,-0.1115
0.0,-0.1115
0.0,-0.1115
0.0,-0.1085
0.0,-0.1115
0.0,-0.1115
0.0,-0.1115
0.0,-0.1115
0.0,-0.1115
0.0,-0.1115
0.0,-0.1115
0.0,-0.1115
0.0,-0.1115
0.0,-0.1115
-0.0035,-0.1115
-0.0035,-0.1115
-0.0035,-0.1115
0.0,-0.1115
0.0,-0.1115
0.0,-0.1175
0.0,-0.119
0.0,-0.119
0.0,-0.119
0.0,-0.119
0.0,-0.119
0.0,-0.119
0.0,-0.119
0.007,-0.119
0.007,-0.119
0.007,-0.119
0.007,-0.119
0.007,-0.119
0.007,-0.119
0.007,-0.119
0.007,-0.131
0.007,-0.115
0.007,-0.101
0.007,-0.099
0.007,-0.0895
0.007,-0.0835
0.007,-0.0755
0.007,-0.0615
0.007,-0.0615
0.007,-0.0645
0.007,-0.0735
0.007,-0.0575
0.007,-0.047
0.007,-0.039
0.009,-0.025
0.026,-0.019
0.019,-0.019
0.034,-0.019
0.0385,-0.019
0.0615,-0.019
0.0615,-0.019
0.0695,-0.019
0.0695,-0.019
0.0735,-0.019
0.0815,-0.019
0.095,-0.019
0.101,-0.019
0.093,-0.019
0.109,-0.019
0.16,-0.019
0.168,-0.019
0.168,-0.019
0.168,-0.019
0.176,-0.019
0.176,0.001
0.176,0.021
0.176,0.0285
0.176,0.0405
0.176,0.0505
0.176,0.07
0.176,0.078
0.176,0.086
0.176,0.105
0.176,0.1485
0.1875,0.1485
0.1875,0.164
0.1905,0.164
0.1995,0.1755
0.1995,0.1835
0.1995,0.1975
0.1995,0.2035
0.1995,0.2035
0.1995,0.2035
0.1995,0.2115
0.1995,0.2115
0.1995,0.2115
0.1995,0.2115
0.1995,0.2115
0.1995,0.2115
0.1995,0.2115
0.1995,0.2115
0.1995,0.2115
0.2045,0.2115
0.2075,0.2115
0.2075,0.2115
0.2075,0.2115
0.2075,0.2115
0.2075,0.2115
0.2075,0.2115
0.2075,0.2115
0.2105,0.2115
0.2075,0.2115
0.2075,0.2115
0.2075,0.2115
0.2075,0.2115
0.2075,0.2115
0.2075,0.2115
0.192,0.2115
0.192,0.2115
0.192,0.2115
0.192,0.2115
0.184,0.2115
0.184,0.2115
0.184,0.2115
0.184,0.2115
0.184,0.2115
0.184,0.1955
0.176,0.1955
0.176,0.1955
0.176,0.1955
0.176,0.188
0.176,0.188
0.182,0.188
0.176,0.188
0.176,0.188
0.176,0.188
0.176,0.156
0.176,0.156
0.176,0.156
0.176,0.156
0.176,0.1735
0.176,0.1835
0.1995,0.1915
0.1995,0.1915
0.1995,0.2035
0.1995,0.2035
0.2075,0.211
0.2075,0.211
0.192,0.219
0.2075,0.219
0.192,0.219
0.192,0.23
0.192,0.227
0.192,0.227
0.192,0.239
0.192,0.23
0.192,0.239
0.192,0.239
0.192,0.239
0.192,0.239
0.192,0.239
0.192,0.239
0.198,0.239
0.192,0.236
0.192,0.239
0.192,0.239
0.192,0.239
0.192,0.239
0.192,0.227
0.192,0.227
0.192,0.227
0.192,0.219
0.192,0.219
0.192,0.213
0.192,0.211
0.192,0.211
0.192,0.211
0.192,0.2035
0.192,0.1835
0.192,0.1835
0.192,0.1835
0.192,0.1755
0.192,0.1755
0.195,0.168
0.192,0.168
0.192,0.168
0.184,0.168
0.176,0.168
0.164,0.156
0.1565,0.156
0.1565,0.156
0.1565,0.154
0.1565,0.148
0.1565,0.148
0.1565,0.148
0.176,0.148
0.184,0.148
0.164,0.148
0.182,0.148
0.176,0.148
0.176,0.148
0.179,0.148
0.164,0.148
0.164,0.148
0.164,0.148
0.164,0.148
0.164,0.148
0.164,0.148
0.164,0.148
0.164,0.148
0.1595,0.148
0.1565,0.148
0.1565,0.148
0.1565,0.148
0.1565,0.148
0.1565,0.148
0.1625,0.148
0.1565,0.148
0.1565,0.148
0.1565,0.148
0.1565,0.148
0.1565,0.148
0.1565,0.148
0.1565,0.148
0.1565,0.148
0.1565,0.148
0.1565,0.148
0.1485,0.148
0.1485,0.148
0.1485,0.148
0.1405,0.148
0.1405,0.148
0.1565,0.151
0.1405,0.16
0.167,0.16
0.164,0.16
0.164,0.16
0.1565,0.16
0.1565,0.16
0.1565,0.16
0.1565,0.18
0.1565,0.1875
0.1565,0.1875
0.1595,0.1875
0.1565,0.1955
0.1565,0.1955
0.1565,0.2035
0.184,0.2115
0.2075,0.2235
0.2195,0.231
0.237,0.231
0.239,0.239
0.247,0.239
0.2705,0.247
0.2665,0.259
0.2785,0.2905
0.2865,0.312
0.31,0.316
0.322,0.322
0.33,0.322
0.3295,0.322
0.3295,0.322
0.3295,0.3335
0.3295,0.3335
0.3375,0.3415
0.3495,0.3535
0.3495,0.3535
0.3575,0.3535
0.371,0.3535
0.377,0.3535
0.377,0.3535
0.389,0.3535
0.389,0.3615
0.389,0.3615
0.389,0.3615
0.389,0.3615
0.389,0.3615
0.389,0.3615
0.397,0.3615
0.397,0.3615
0.397,0.3615
0.389,0.3615
0.389,0.3615
0.389,0.3615
0.389,0.3615
0.389,0.3615
0.389,0.3615
0.389,0.3615
0.389,0.3615
0.389,0.3615
0.389,0.338
0.409,0.338
0.417,0.338
0.417,0.338
0.417,0.338
0.417,0.326
0.417,0.326
0.417,0.326
0.417,0.318
0.417,0.318
0.417,0.31
0.417,0.31
0.412,0.31
0.397,0.31
0.391,0.2905
0.361,0.2825
0.3375,0.2775
0.2905,0.267
0.2825,0.273
0.2825,0.261
0.2625,0.255
0.2625,0.247
0.249,0.243
0.2315,0.2275
0.235,0.2115
0.243,0.2035
0.251,0.2035
0.235,0.2035
0.229,0.2035
0.2115,0.196
0.2225,0.196
0.2,0.196
0.2115,0.196
0.192,0.196
0.2035,0.196
0.18,0.2075
0.1915,0.202
0.183,0.202
0.1915,0.202
0.1915,0.2075
0.1915,0.196
0.1915,0.196
0.1915,0.196
0.1915,0.196
0.18,0.196
0.18,0.196
0.18,0.199
0.18,0.196
0.172,0.2075
0.172,0.196
0.172,0.196
0.172,0.196
0.172,0.196
0.164,0.196
0.164,0.196
0.164,0.196
0.164,0.196
0.164,0.196
0.1525,0.196
0.1525,0.199
0.164,0.196
0.164,0.196
0.164,0.196
0.164,0.196
0.164,0.196
0.164,0.196
0.164,0.196
0.1525,0.196
0.164,0.196
0.164,0.196
0.164,0.196
0.164,0.196
0.164,0.196
0.164,0.196
0.164,0.196
0.164,0.196
0.164,0.196
0.155,0.196
0.152,0.199
0.158,0.196
0.152,0.196
0.152,0.196
0.152,0.202
0.158,0.196
0.152,0.196
0.152,0.196
0.155,0.196
0.158,0.196
0.152,0.202
0.164,0.196
0.161,0.196
0.164,0.196
0.164,0.199
0.164,0.196
0.164,0.196
0.164,0.196
0.164,0.196
0.164,0.196
0.164,0.188
0.164,0.169
0.164,0.169
0.164,0.169
0.164,0.147
0.164,0.139
0.164,0.131
0.164,0.123
0.164,0.111
0.164,0.111
0.164,0.111
0.164,0.111
0.164,0.1035
0.164,0.1035
0.164,0.0955
0.164,0.0955
0.164,0.0955
0.164,0.0955
0.164,0.0955
0.164,0.0955
0.164,0.0875
0.164,0.0875
0.164,0.0965
0.164,0.0995
0.164,0.0995
0.164,0.0915
0.164,0.0915
0.164,0.0915
0.164,0.0915
0.164,0.0915
0.164,0.0915
0.164,0.0915
0.164,0.0915
0.164,0.0915
0.1445,0.0915
0.1305,0.0915
0.1125,0.0835
0.1125,0.0835
0.101,0.0835
0.093,0.0835
0.093,0.0835
0.093,0.0835
0.093,0.0835
0.093,0.0915
0.093,0.0915
0.093,0.0915
0.087,0.0915
0.081,0.0915
0.0695,0.0915
0.0735,0.0915
0.0735,0.0915
0.062,0.0915
0.0735,0.0915
0.0735,0.0915
0.0735,0.0915
0.0735,0.0915
0.0615,0.0915
0.0535,0.0915
0.0535,0.0915
0.0535,0.0915
0.0535,0.0915
0.0535,0.0915
0.0535,0.0915
0.042,0.0915
0.0535,0.0915
0.0535,0.0915
0.0535,0.0915
0.0535,0.0915
0.0535,0.0915
0.0535,0.0915
0.0535,0.0915
0.0535,0.0915
0.0535,0.0915
0.0535,0.0915
0.0535,0.0915
0.0535,0.0915
0.0535,0.0915
0.0535,0.0915
0.0535,0.0915
0.0615,0.0915
0.0615,0.0945
0.0615,0.0915
0.0615,0.0915
0.0615,0.0915
0.0645,0.0915
0.0735,0.1075
0.075,0.1175
0.081,0.151
0.09,0.169
0.093,0.169
0.093,0.2115
0.101,0.271
0.11,0.2845
0.1245,0.2935
0.1245,0.3025
0.1405,0.31
0.227,0.31
0.227,0.31
0.227,0.31
0.227,0.318
0.227,0.318
0.227,0.318
0.227,0.318
0.227,0.324
0.227,0.318
0.227,0.318
0.227,0.318
0.227,0.318
0.227,0.318
0.227,0.318
0.227,0.318
0.227,0.318
0.227,0.318
0.227,0.314
0.227,0.2825
0.227,0.2745
0.227,0.255
0.2115,0.2095
0.1915,0.182
0.184,0.1805
0.168,0.169
0.1365,0.175
0.109,0.1805
0.101,0.175
0.097,0.175
0.0735,0.169
0.0815,0.163
0.0695,0.166
0.0695,0.163
0.0695,0.163
0.0695,0.1745
0.0695,0.1715
0.0615,0.166
0.0615,0.1715
0.0615,0.159
0.0615,0.147
0.0615,0.133
0.0615,0.1155
0.0615,0.1075
0.0615,0.1035
0.0615,0.0875
0.0615,0.0835
0.0615,0.076
0.0615,0.076
0.0525,0.076
0.0505,0.076
0.0505,0.068
0.0505,0.068
0.0505,0.068
0.0505,0.068
0.0505,0.068
0.0505,0.068
0.0505,0.068
0.0505,0.068
0.0505,0.068
0.0505,0.068
0.0425,0.068
0.0425,0.068
0.0425,0.068
0.0425,0.068
0.0425,0.074
0.0425,0.068
0.0425,0.068
0.0425,0.068
0.0425,0.068
0.0425,0.06
0.0425,0.06
0.0425,0.06
0.0425,0.06
0.0425,0.06
0.0425,0.06
0.0425,0.06
0.0425,0.06
0.0425,0.06
0.0425,0.06
0.0425,0.06
0.0425,0.06
0.0425,0.06
0.0425,0.06
0.0425,0.06
0.0425,0.06
0.0425,0.06
0.0425,0.06
0.0425,0.06
0.0425,0.06
0.0425,0.06
0.0425,0.06
0.0425,0.06
0.0425,0.06
0.0425,0.06
0.0425,0.06
0.0425,0.06
0.0425,0.06
0.0425,0.06
0.0425,0.06
0.0425,0.06
0.0425,0.06
0.0425,0.06
0.0425,0.06
0.0425,0.06
0.0425,0.06
0.0425,0.06
0.0425,0.06
0.0425,0.06
0.0425,0.06
0.0425,0.048
0.0425,0.048
0.0425,0.048
0.0425,0.048
0.0425,0.048
0.0425,0.04
0.0425,0.0285
0.0425,0.0315
0.0425,0.0285
0.0425,0.0285
0.0425,0.0285
0.0425,0.0405
0.0425,0.044
0.0425,0.044
0.0425,0.052
0.0425,0.052
0.0425,0.06
0.0425,0.06
0.0425,0.068
0.0425,0.068
0.0425,0.068
0.0425,0.068
0.0425,0.068
0.0425,0.068
0.0425,0.068
0.0425,0.068
0.0425,0.068
0.0425,0.068
0.0425,0.071
0.0425,0.068
0.0425,0.071
0.0425,0.068
0.0425,0.068
0.0425,0.068
0.0425,0.071
0.0425,0.068
0.0425,0.068
0.0425,0.068
0.0425,0.068
0.0425,0.068
0.0425,0.068
0.0425,0.068
0.0425,0.068
0.0425,0.068
0.0425,0.068
0.0425,0.076
0.0425,0.082
0.0425,0.0915
0.0425,0.1075
0.0425,0.1295
0.0425,0.1295
0.0425,0.1295
0.0425,0.1295
0.0425,0.1295
0.0425,0.1365
0.0425,0.1545
0.0425,0.1505
0.0425,0.178
0.0425,0.172
0.0425,0.195
0.0425,0.2035
0.0425,0.2155
0.0425,0.2275
0.0425,0.235
0.0425,0.235
0.0425,0.243
0.0425,0.243
0.0425,0.243
0.0425,0.243
0.0425,0.243
0.0425,0.25
0.0425,0.243
0.0425,0.243
0.0425,0.243
0.0425,0.243
0.0425,0.243
0.0425,0.243
0.0425,0.251
0.0425,0.251
0.0425,0.251
0.0425,0.251
0.0425,0.251
0.0425,0.251
0.0425,0.251
0.0425,0.251
0.0425,0.251
0.0425,0.251
0.0425,0.251
0.0425,0.251
0.0425,0.26
0.0425,0.263
0.0425,0.263
0.0425,0.263
0.0425,0.266
0.0425,0.263
0.0425,0.263
0.0425,0.263
0.0425,0.263
0.0425,0.263
0.0425,0.263
0.0425,0.263
0.0425,0.263
0.0425,0.263
0.0425,0.263
0.0425,0.263
0.0425,0.263
0.0425,0.263
0.0425,0.263
0.0425,0.263
0.0425,0.263
0.0425,0.263
0.0425,0.263
0.0425,0.263
0.0425,0.263
0.0425,0.263
0.0425,0.263
0.0425,0.263
0.0425,0.263
0.0425,0.269
0.0425,0.263
0.0425,0.263
0.0425,0.255
0.0425,0.255
0.0425,0.255
0.0425,0.255
0.0425,0.252
0.0425,0.243
0.0425,0.2355
0.0425,0.2235
0.0425,0.2355
0.0425,0.2355
0.0425,0.2355
0.0425,0.2355
0.0455,0.2355
0.0475,0.2355
0.0445,0.2355
0.0475,0.2355
0.0505,0.2355
0.0535,0.2355
0.0535,0.2355
0.0535,0.2355
0.0425,0.2355
0.0475,0.2355
0.0445,0.2355
0.0535,0.2355
0.0535,0.2355
0.0535,0.2355
0.0535,0.2235
0.0535,0.2235
0.0535,0.2235
0.0535,0.2235
0.0535,0.2235
0.0535,0.2235
0.0535,0.2235
0.0535,0.2295
0.0535,0.2235
0.0535,0.2235
0.0535,0.2115
0.0535,0.2095
0.0535,0.1955
0.0535,0.1955
0.0535,0.1955
0.0535,0.1955
0.0535,0.1955
0.0535,0.1955
0.0535,0.1955
0.0535,0.1955
0.0535,0.1955
0.0535,0.1955
0.0535,0.1955
0.0535,0.1955
0.0535,0.1955
0.0535,0.1955
0.0535,0.1955
0.0535,0.1955
0.0535,0.1955
0.0535,0.1955
0.0535,0.1955
0.0535,0.1955
0.0535,0.1955
0.0535,0.1955
0.0535,0.1955
0.0535,0.1955
0.0535,0.1875
0.0535,0.1875
0.0535,0.1875
0.0535,0.1875
0.0535,0.1875
0.0535,0.1955
0.0535,0.1955
0.0535,0.1955
0.0535,0.188
0.0535,0.188
0.0535,0.191
0.0535,0.188
0.0535,0.188
0.0535,0.188
0.0535,0.188
0.0535,0.188
0.0535,0.188
0.0535,0.188
0.0535,0.188
0.0535,0.188
0.0535,0.176
0.0535,0.176
0.0535,0.172
0.0535,0.168
0.0535,0.16
0.0635,0.1585
0.0735,0.1445
0.0735,0.1445
0.0735,0.1325
0.0735,0.1325
0.081,0.1325
0.081,0.1245
0.081,0.1245
0.081,0.1245
0.081,0.1245
0.081,0.1245
0.081,0.1245
0.081,0.1245
0.081,0.1245
0.081,0.1245
0.081,0.117
0.081,0.115
0.081,0.09
0.081,0.09
0.081,0.09
0.081,0.09
0.081,0.09
0.081,0.09
0.081,0.09
0.087,0.093
0.093,0.09
0.093,0.09
0.081,0.09
0.093,0.09
0.093,0.09
0.0815,0.09
0.0815,0.09
0.093,0.09
0.093,0.09
0.0735,0.09
0.0655,0.09
0.0655,0.09
0.0735,0.09
0.0575,0.09
0.0735,0.096
0.0735,0.09
0.0735,0.09
0.0575,0.09
0.0735,0.09
0.0735,0.09
0.0575,0.09
0.0575,0.09
0.0735,0.09
0.0575,0.09
0.0655,0.09
0.0575,0.09
0.0655,0.09
0.0655,0.09
0.0655,0.09
0.0655,0.09
0.0655,0.09
0.0685,0.096
0.0655,0.09
0.0655,0.09
0.0655,0.09
0.0655,0.09
0.0655,0.09
0.0655,0.09
0.0655,0.09
0.0655,0.09
0.0655,0.09
0.0655,0.09
0.0655,0.09
0.0655,0.09
0.0715,0.09
0.0655,0.09
0.0655,0.09
0.0655,0.09
0.0655,0.09
0.0655,0.09
0.0715,0.09
0.0655,0.09
0.0655,0.09
0.0655,0.09
0.0655,0.09
0.0655,0.09
0.0715,0.09
0.0655,0.09
0.0655,0.096
0.0655,0.084
0.0655,0.068
0.0655,0.0445
0.0655,0.0395
0.0655,0.0285
0.0655,0.0265
0.0655,0.0125
0.0655,0.0125
0.0655,0.0045
0.0655,0.0045
0.0655,0.0045
0.0655,-0.003
0.0655,-0.003
0.0575,-0.003
0.0545,-0.003
0.0455,-0.003
0.0455,-0.003
0.038,-0.003
0.038,-0.003
0.038,-0.003
0.038,-0.003
0.035,-0.003
0.026,-0.003
0.018,-0.003
0.018,-0.003
0.018,-0.003
0.034,-0.003
0.034,-0.003
0.042,-0.003
0.0535,-0.003
0.0535,-0.003
0.0775,-0.003
0.0615,-0.003
0.0615,-0.003
0.0615,0.0205
0.0615,0.052
0.0615,0.068
0.0615,0.076
0.0615,0.076
0.0615,0.076
0.0615,0.09
0.0615,0.09
0.0615,0.09
0.0615,0.09
0.026,0.09
0.011,0.115
0.011,0.1285
0.011,0.16
0.011,0.176
0.011,0.1955
0.011,0.1955
0.011,0.1955
0.0075,0.1955
0.0075,0.1985
0.0035,0.1955
0.0075,0.1955
0.0075,0.1955
-0.0045,0.1955
-0.0045,0.1955
-0.0245,0.1955
-0.0325,0.1955
-0.0365,0.1955
-0.0445,0.2015
-0.0445,0.1955
-0.0525,0.1955
-0.0525,0.1955
-0.0565,0.1955
-0.0565,0.1955
-0.0645,0.1955
-0.0685,0.1955
-0.0685,0.1955
-0.0765,0.1955
-0.0845,0.1955
-0.1045,0.1955
-0.1165,0.1955
-0.1165,0.1955
-0.1165,0.1985
-0.1245,0.1955
-0.1085,0.1955
-0.1085,0.1955
-0.1245,0.1955
-0.1245,0.1955
-0.1245,0.1955
-0.1285,0.1955
-0.1365,0.1955
-0.1365,0.1955
-0.1365,0.1955
-0.0845,0.1955
-0.0045,0.2015
0.011,0.1955
0.011,0.1955
0.011,0.1955
0.011,0.1955
0.011,0.1955
0.011,0.1955
0.018,0.1955
0.026,0.1955
0.042,0.1975
0.0535,0.2035
0.0695,0.2115
0.085,0.2235
0.0775,0.231
0.0775,0.231
0.0775,0.231
0.0775,0.239
0.105,0.239
0.105,0.239
0.105,0.239
0.1205,0.239
0.113,0.239
0.1285,0.239
0.113,0.239
0.113,0.239
0.113,0.239
0.113,0.239
0.1285,0.239
0.1285,0.239
0.1285,0.239
0.1405,0.239
0.1405,0.239
0.1405,0.239
0.1405,0.245
0.1285,0.239
0.1285,0.239
0.1285,0.239
0.1285,0.239
0.1285,0.239
0.1285,0.239
0.1335,0.239
0.1485,0.239
0.156,0.239
0.1875,0.239
0.227,0.239
0.259,0.239
0.256,0.239
0.2785,0.239
0.2785,0.239
0.2785,0.239
0.2785,0.239
0.2665,0.239
0.2665,0.239
0.2785,0.239
0.2785,0.239
0.2665,0.239
0.2905,0.239
0.2905,0.239
0.2905,0.239
0.2905,0.245
0.2905,0.239
0.2905,0.239
0.2905,0.239
0.2905,0.239
0.2985,0.239
0.2985,0.239
0.2985,0.239
0.2905,0.239
0.2905,0.239
0.2985,0.239
0.2985,0.239
0.2985,0.239
0.2985,0.239
0.2985,0.239
0.2985,0.239
0.2985,0.239
0.2985,0.239
0.2985,0.239
0.2985,0.239
0.2985,0.239
0.2985,0.239
0.2985,0.239
0.2985,0.239
0.2985,0.239
0.2985,0.239
0.2985,0.239
0.2985,0.239
0.2985,0.239
0.2985,0.239
0.2985,0.239
0.2985,0.239
0.2985,0.239
0.2985,0.239
0.2985,0.247
0.2985,0.247
0.2985,0.253
0.2985,0.247
0.2985,0.256
0.2985,0.259
0.2985,0.259
0.2985,0.259
0.2985,0.259
0.2985,0.259
0.2985,0.259
0.2985,0.259
0.2985,0.259
0.2985,0.259
0.2985,0.259
0.2985,0.259
0.2985,0.259
0.2985,0.259
0.2985,0.259
0.2985,0.259
0.2985,0.259
0.2985,0.265
0.2985,0.259
0.2985,0.262
0.2985,0.259
0.2985,0.259
0.2865,0.251
0.263,0.251
0.255,0.2365
0.255,0.2305
0.243,0.2275
0.2195,0.2195
0.243,0.2195
0.2275,0.1995
0.2115,0.175
0.2195,0.155
0.2275,0.1365
0.2275,0.1455
0.2275,0.1365
0.2195,0.1365
0.2115,0.1365
0.2195,0.1365
0.2,0.1365
0.192,0.1365
0.192,0.1365
0.192,0.1365
0.184,0.1425
0.2,0.1365
0.2,0.1365
0.2,0.117
0.2,0.111
0.184,0.078
0.184,0.07
0.2,0.07
0.2,0.07
0.184,0.07
0.184,0.07
0.184,0.07
0.184,0.07
0.184,0.07
0.184,0.07
0.184,0.068
0.184,0.056
0.184,0.056
0.184,0.056
0.184,0.056
0.184,0.048
0.184,0.048
0.156,0.048
0.1365,0.048
0.1105,0.048
0.113,0.048
0.0735,0.048
0.0735,0.048
0.0615,0.048
0.0615,0.048
0.0615,0.042
0.0615,0.036
0.0615,0.036
0.0615,0.036
0.0615,0.036
0.0615,0.036
0.0615,0.036
0.0615,0.036
0.0615,0.0285
0.0615,0.0285
0.054,0.0285
0.054,0.0285
0.054,0.0285
0.054,0.0285
0.054,0.0285
0.054,0.0285
0.054,0.0285
0.062,0.0285
0.062,0.0285
0.062,0.0285
0.062,0.064
0.062,0.08
0.062,0.092
0.062,0.0995
0.0735,0.0995
0.0815,0.1075
0.0815,0.1075
0.0895,0.1075
0.0975,0.1075
0.0975,0.1075
0.0815,0.1075
0.0975,0.1075
0.105,0.1095
0.0895,0.1155
0.0895,0.1155
0.105,0.1155
0.105,0.1155
0.105,0.1155
0.105,0.1155
0.105,0.1155
0.105,0.1155
0.105,0.1155
0.105,0.1155
0.105,0.1155
0.105,0.1155
0.105,0.1155
0.105,0.1155
0.105,0.1155
0.0895,0.1155
0.0895,0.1155
0.0895,0.1155
0.0895,0.1155
0.0975,0.1155
0.105,0.1155
0.0895,0.1155
0.105,0.1155
0.105,0.0995
0.1245,0.0995
0.1245,0.092
0.1325,0.092
0.1325,0.0795
0.1325,0.0795
0.144,0.0855
0.156,0.0915
0.1485,0.0835
0.1485,0.08
0.1565,0.076
0.176,0.076
0.176,0.076
0.176,0.076
0.176,0.076
0.164,0.076
0.1485,0.064
0.121,0.064
0.097,0.056
0.113,0.048
0.113,0.0325
0.113,0.0205
0.116,0.0325
0.113,0.027
0.113,0.019
0.113,0.019
0.113,0.019
0.113,0.013
0.113,0.019
0.116,0.007
0.097,0.007
0.097,0.013
0.097,0.007
0.103,0.016
0.097,0.007
0.097,0.007
0.103,0.007
0.097,0.01
0.097,0.007
0.097,0.007
0.1,0.007
0.097,0.01
0.097,0.007
0.1,0.011
0.097,0.011
0.089,0.013
0.089,0.019
0.089,0.019
0.08,0.022
0.0745,0.019
0.0575,0.025
0.0575,0.031
0.0575,0.031
0.0515,0.031
0.0455,0.031
0.038,0.031
0.038,0.031
0.038,0.031
0.038,0.031
0.038,0.031
0.054,0.0385
0.042,0.0385
0.042,0.0385
0.042,0.0385
0.042,0.0385
0.042,0.0385
0.042,0.0385
0.045,0.0385
0.042,0.0385
0.042,0.0385
0.042,0.0385
0.042,0.0385
0.042,0.0385
0.042,0.0385
0.042,0.0385
0.042,0.0415
0.042,0.0385
0.042,0.0505
0.042,0.0505
0.042,0.0505
0.042,0.0505
0.042,0.0505
0.05,0.0505
0.05,0.0505
0.05,0.0525
0.05,0.0585
0.05,0.0585
0.05,0.0585
0.05,0.0585
0.05,0.0585
0.05,0.0585
0.05,0.0585
0.05,0.0585
0.05,0.0585
0.05,0.0585
0.05,0.0585
0.05,0.0585
0.05,0.0585
0.05,0.0585
0.05,0.0585
0.05,0.0585
0.05,0.0585
0.05,0.0615
0.05,0.0585
0.05,0.0585
0.05,0.0585
0.056,0.0585
0.05,0.0585
0.05,0.0585
0.05,0.0655
0.05,0.0775
0.05,0.0775
0.05,0.093
0.053,0.093
0.05,0.107
0.05,0.121
0.05,0.113
0.05,0.101
0.05,0.0935
0.05,0.0815
0.05,0.089
0.05,0.089
0.05,0.089
0.05,0.078
0.05,0.07
0.05,0.07
0.05,0.07
0.05,0.07
0.05,0.07
0.05,0.07
0.05,0.07
0.053,0.07
0.05,0.07
0.056,0.07
0.05,0.07
0.05,0.07
0.0735,0.07
0.05,0.07
0.0775,0.068
0.0615,0.056
0.0855,0.056
0.0695,0.056
0.0855,0.048
0.0695,0.048
0.0855,0.048
0.0885,0.048
0.0855,0.048
0.0915,0.048
0.0855,0.048
0.0755,0.048
0.0695,0.048
0.0695,0.048
0.0695,0.036
0.0695,0.039
0.0695,0.036
0.0695,0.042
0.0695,0.036
0.0695,0.036
0.0695,0.039
0.0695,0.036
0.0695,0.036
0.0695,0.042
0.0695,0.042
0.0615,0.048
0.0615,0.039
0.0615,0.048
0.0615,0.048
0.0615,0.048
0.0615,0.039
0.0615,0.048
0.0615,0.039
0.0615,0.045
0.0615,0.042
0.0615,0.036
0.0615,0.048
0.0615,0.048
0.0615,0.048
0.0615,0.048
0.0775,0.048
0.0775,0.048
0.0775,0.048
0.0775,0.048
0.0775,0.048
0.0835,0.048
0.0775,0.048
0.0775,0.048
0.0775,0.048
0.0775,0.048
0.0775,0.048
0.0775,0.048
0.0775,0.048
0.0775,0.048
0.0775,0.048
0.0775,0.048
0.0775,0.048
0.0775,0.048
0.0775,0.048
0.0715,0.048
0.0695,0.048
0.0695,0.048
0.0695,0.048
0.0605,0.048
0.0585,0.048
0.0585,0.048
0.0585,0.048
0.0585,0.048
0.0585,0.048
0.0585,0.048
0.0585,0.048
0.0585,0.06
0.0585,0.078
0.0585,0.0915
0.0585,0.0995
0.0585,0.0995
0.0585,0.1115
0.0585,0.1115
0.0585,0.1115
0.0585,0.1115
0.0585,0.1115
0.0585,0.119
0.0585,0.119
0.0585,0.119
0.0585,0.119
0.0585,0.119
0.0585,0.119
0.0585,0.119
0.0585,0.119
0.0585,0.0995
0.0585,0.0915
0.0585,0.076
0.0585,0.076
0.0585,0.058
0.0585,0.056
0.0585,0.048
0.0585,0.048
0.0585,0.048
0.0585,0.048
0.0585,0.048
0.0585,0.048
0.0585,0.048
0.0585,0.048
0.0585,0.048
0.0585,0.0425
0.0585,0.0405
0.0585,0.0405
0.0585,0.0405
0.0585,0.0405
0.0585,0.0405
0.0585,0.0405
0.0585,0.0405
0.0585,0.0325
0.0585,0.0325
0.0585,0.0205
0.0585,0.0205
0.0585,0.0205
0.0585,0.0205
0.0585,0.0205
0.0585,0.0125
0.0585,0.0125
0.0585,0.0125
0.0585,0.0125
0.0585,0.0125
0.0585,0.0125
0.0585,0.0125
0.0585,0.0125
0.0585,0.0125
0.0585,0.0125
0.0585,0.0125
0.0585,0.0125
0.0585,0.0125
0.0585,0.0125
0.0585,0.0125
0.0585,0.0125
0.0585,0.0125
0.0585,0.0125
0.0585,0.0125
0.0585,0.0125
0.0585,0.0125
0.0585,0.0125
0.0585,0.0125
0.0585,0.0125
0.0585,0.0125
0.0585,0.0125
0.0585,0.0125
0.0585,0.0125
0.0585,0.0125
0.0585,0.0125
0.0585,0.0125
0.0585,0.0125
0.0585,0.0125
0.0585,0.0325
0.0585,0.0405
0.0585,0.0405
0.0585,0.048
0.0585,0.056
0.0585,0.056
0.0585,0.056
0.0585,0.056
0.0585,0.056
0.0585,0.056
0.0585,0.056
0.0585,0.058
0.0585,0.064
0.0585,0.064
0.0585,0.064
0.0585,0.072
0.0585,0.084
0.0585,0.086
0.0585,0.086
0.0585,0.086
0.0585,0.086
0.0585,0.105
0.0585,0.105
0.0585,0.105
0.0585,0.105
0.0585,0.117
0.0585,0.1185
0.0585,0.1365
0.0585,0.1445
0.0585,0.1445
0.0585,0.1445
0.0585,0.1445
0.0585,0.1445
0.0585,0.1445
0.0585,0.1445
0.0585,0.1475
0.0585,0.156
0.0585,0.156
0.0585,0.156
0.0585,0.156
0.0585,0.156
0.0665,0.156
0.0505,0.162
0.0605,0.159
0.0695,0.1755
0.0695,0.1785
0.0855,0.1835
0.0855,0.1865
0.0855,0.1835
0.0775,0.1915
0.0775,0.1845
0.0895,0.1925
0.0895,0.1865
0.0895,0.1835
0.0895,0.1835
0.0895,0.1955
0.097,0.1955
0.097,0.1955
0.097,0.1955
0.1245,0.1955
0.1325,0.1955
0.148,0.1955
0.156,0.1955
0.1405,0.1955
0.1405,0.1955
0.168,0.1955
0.168,0.1955
0.176,0.1955
0.176,0.1955
0.176,0.1955
0.176,0.188
0.176,0.176
0.176,0.168
0.176,0.16
0.176,0.1445
0.176,0.1325
0.176,0.1245
0.176,0.1245
0.176,0.1245
0.176,0.1245
0.176,0.1245
0.176,0.1245
0.176,0.1245
0.176,0.1245
0.176,0.117
0.176,0.117
0.182,0.117
0.176,0.109
0.176,0.109
0.176,0.093
0.176,0.09
0.176,0.09
0.1605,0.09
0.1605,0.09
0.1605,0.09
0.1605,0.09
0.1605,0.09
0.1605,0.09
0.1605,0.09
0.1605,0.09
0.1605,0.09
0.1605,0.09
0.1605,0.09
0.1605,0.09
0.1605,0.09
0.1605,0.09
0.1605,0.09
0.1605,0.09
0.1605,0.09
0.1605,0.09
0.1605,0.09
0.1525,0.09
0.1525,0.09
0.1525,0.09
0.1525,0.09
0.1525,0.09
0.1525,0.09
0.1525,0.09
0.1525,0.09
0.1525,0.09
0.1525,0.09
0.1525,0.09
0.1525,0.09
0.1525,0.09
0.1525,0.09
0.1525,0.09
0.1525,0.09
0.1525,0.09
0.1525,0.09
0.1525,0.09
0.1525,0.09
0.1525,0.09
0.1525,0.109
0.1525,0.109
0.1525,0.117
0.1525,0.117
0.1525,0.117
0.1525,0.117
0.1525,0.119
0.1525,0.1245
0.1525,0.1245
0.1525,0.1245
0.1525,0.1245
0.1525,0.1325
0.1525,0.1325
0.1525,0.1325
0.1525,0.1325
0.1525,0.1325
0.1525,0.1325
0.1525,0.1325
0.1525,0.1325
0.1525,0.1325
0.1525,0.1325
0.1525,0.1325
0.1525,0.1325
0.1525,0.1325
0.1525,0.1325
0.1525,0.1325
0.1525,0.1325
0.1525,0.1325
0.1525,0.1465
0.1525,0.168
0.1525,0.176
0.1525,0.176
0.1525,0.176
0.1525,0.176
0.1525,0.185
0.1525,0.179
0.1525,0.176
0.1525,0.176
0.1525,0.176
0.1525,0.176
0.1525,0.188
0.1525,0.188
0.1525,0.176
0.1585,0.176
0.1525,0.176
0.1525,0.176
0.1525,0.182
0.1525,0.176
0.1525,0.176
0.1525,0.176
0.1525,0.176
0.1525,0.176
0.1555,0.176
0.1525,0.176
0.1525,0.176
0.1525,0.176
0.1525,0.176
0.1525,0.17
0.1525,0.168
0.1525,0.16
0.1525,0.16
0.1525,0.1525
0.1525,0.1525
0.1525,0.1445
0.1525,0.1385
0.1525,0.1325
0.1525,0.1415
0.1325,0.1365
0.125,0.1365
0.117,0.1365
0.109,0.144
0.101,0.144
0.109,0.144
0.109,0.144
0.101,0.144
0.0895,0.144
0.0895,0.144
0.0895,0.1395
0.0815,0.1365
0.0815,0.1285
0.0815,0.1285
0.101,0.1285
0.196,0.1285
0.196,0.1285
0.2035,0.1425
0.2035,0.1915
0.2035,0.237
0.188,0.2545
0.2035,0.2695
0.2195,0.2785
0.2195,0.2665
0.2315,0.2695
0.2315,0.2695
0.2315,0.2725
0.2315,0.2755
0.2115,0.2665
0.2195,0.2665
0.2315,0.2665
0.2315,0.2695
0.2315,0.2665
0.2315,0.2665
0.2315,0.2695
0.2315,0.2665
0.2315,0.2665
0.2225,0.2725
0.231,0.2665
0.2195,0.2665
0.2195,0.2665
0.2315,0.2665
0.2195,0.2665
0.2315,0.2665
0.2195,0.2535
0.2195,0.2505
0.2255,0.258
0.2195,0.246
0.2195,0.252
0.2195,0.231
0.2195,0.237
0.2195,0.223
0.2195,0.232
0.2195,0.223
0.2195,0.235
0.2195,0.235
0.2195,0.235
0.2195,0.235
0.2195,0.235
0.2195,0.235
0.2195,0.227
0.2195,0.227
0.2195,0.227
0.2195,0.227
0.2225,0.2195
0.2195,0.2195
0.2255,0.2195
0.2285,0.2195
0.2225,0.2195
0.2195,0.2195
0.2195,0.2195
0.2195,0.2195
0.2195,0.2135
0.2195,0.2075
0.2195,0.2075
0.2195,0.2075
0.2195,0.2075
0.2195,0.2075
0.2195,0.2075
0.2195,0.2075
0.2195,0.2075
0.2195,0.2075
0.2195,0.2075
0.2195,0.2075
0.2255,0.2075
0.2195,0.2075
0.2195,0.2135
0.2195,0.2075
0.2195,0.2075
0.2195,0.2075
0.2195,0.2075
0.2195,0.2075
0.2195,0.2075
0.2195,0.2075
0.2195,0.2075
0.2255,0.2075
0.2195,0.2075
0.2195,0.2075
0.2195,0.2075
0.2195,0.2075
0.2195,0.2075
0.2195,0.2075
0.2195,0.2075
0.2195,0.2075
0.2195,0.2075
0.2195,0.2075
0.2195,0.2075
0.2195,0.2075
0.2195,0.2075
0.2195,0.2075
0.2195,0.2075
0.2195,0.2075
0.2195,0.2075
0.2225,0.2075
0.2195,0.2075
0.2195,0.2075
0.2195,0.2075
0.2195,0.2075
0.2195,0.2075
0.2195,0.2075
0.2195,0.2075
0.2195,0.2075
0.2195,0.2075
0.2195,0.2075
0.2195,0.2075
0.2195,0.2075
0.2195,0.2075
0.2195,0.2075
0.2255,0.2075
0.2115,0.2075
0.2115,0.2075
0.2115,0.2075
0.2115,0.2075
0.2115,0.2075
0.2115,0.2075
0.2175,0.2075
0.2115,0.2075
0.2115,0.2075
0.2115,0.2075
0.2115,0.2075
0.2115,0.2075
0.2115,0.2075
0.2115,0.2075
0.2115,0.2075
0.2115,0.2075
0.2115,0.2075
0.2115,0.2075
0.2115,0.2075
0.2115,0.2075
0.2115,0.2075
0.2115,0.2075
0.2115,0.235
0.2115,0.246
0.2115,0.2665
0.223,0.2785
0.223,0.2785
0.223,0.2785
0.2585,0.2785
0.2585,0.2785
0.2665,0.2785
0.2745,0.2785
0.2745,0.2785
0.2745,0.2785
0.269,0.2785
0.255,0.2785
0.255,0.2785
0.241,0.2785
0.2355,0.2845
0.2355,0.2905
0.2275,0.3375
0.247,0.3575
0.263,0.385
0.271,0.393
0.3855,0.419
0.472,0.4265
0.5575,0.45
0.608,0.488
0.641,0.5055
0.7035,0.5525
0.732,0.59
0.7515,0.6135
0.7595,0.6215
0.7595,0.6215
0.7595,0.6295
0.7655,0.6295
0.7715,0.6295
0.791,0.6295
0.803,0.6295
0.811,0.6295
0.8225,0.6295
0.8305,0.6415
0.8305,0.6495
0.8505,0.667
0.8505,0.695
0.87,0.7005
0.882,0.7285
0.89,0.74
0.89,0.752
0.9015,0.752
0.9015,0.752
0.9015,0.754
0.9015,0.76
0.9015,0.76
0.9015,0.76
0.9015,0.7715
0.9015,0.7715
0.9015,0.7795
0.9015,0.7635
0.9015,0.7635
0.9015,0.7635
0.9015,0.7635
0.9015,0.7695
0.9015,0.758
0.9015,0.767
0.9015,0.766
0.9015,0.764
0.9015,0.756
0.89,0.748
0.89,0.7205
0.89,0.7205
0.89,0.705
0.89,0.693
0.8925,0.677
0.89,0.6695
0.8925,0.6495
0.89,0.6415
0.89,0.634
0.89,0.634
0.8035,0.622
0.7815,0.622
0.772,0.622
0.768,0.622
0.76,0.625
0.752,0.602
0.748,0.602
0.748,0.594
0.748,0.5805
0.742,0.5745
0.748,0.5625
0.739,0.551
0.736,0.543
0.728,0.543
0.722,0.543
0.7195,0.543
0.7165,0.531
0.7085,0.523
0.6995,0.5035
0.6965,0.5035
0.6885,0.4955
0.6885,0.4675
0.6885,0.459
0.6885,0.448
0.6885,0.448
0.677,0.436
0.677,0.434
0.677,0.4165
0.669,0.4165
0.669,0.4165
0.657,0.405
0.657,0.405
0.657,0.405
0.657,0.405
0.657,0.397
0.654,0.397
0.6455,0.397
0.6375,0.397
0.6375,0.385
0.6375,0.388
0.6215,0.385
0.616,0.385
0.598,0.385
0.59,0.377
0.578,0.377
0.5625,0.377
0.5545,0.361
0.5465,0.361
0.5465,0.353
0.5425,0.353
0.5425,0.353
0.5385,0.3455
0.535,0.3395
0.503,0.3255
0.4875,0.3175
0.44,0.3175
0.4365,0.31
0.4205,0.31
0.4205,0.298
0.4205,0.298
0.4125,0.29
0.4125,0.282
0.4125,0.2745
0.4125,0.2605
0.4125,0.2545
0.4125,0.2545
0.4125,0.2545
0.4005,0.2545
0.3925,0.2545
0.3925,0.2465
0.3925,0.2465
0.381,0.2465
0.381,0.2465
0.381,0.2465
0.381,0.2465
0.373,0.2465
0.373,0.2465
0.361,0.2465
0.364,0.2465
0.3495,0.2465
0.3435,0.2465
0.3415,0.2465
0.3415,0.2465
0.3415,0.2465
0.3295,0.2465
0.3295,0.2465
0.3295,0.2465
0.3295,0.2465
0.3295,0.2465
0.3295,0.2465
0.3295,0.2465
0.3295,0.2465
0.3295,0.2465
0.3355,0.2465
0.3295,0.2465
0.3295,0.2465
0.3295,0.235
0.3295,0.235
0.3295,0.235
0.3295,0.235
0.3355,0.227
0.3295,0.215
0.3295,0.215
0.3295,0.215
0.3385,0.215
0.3415,0.215
0.3415,0.215
0.3295,0.215
0.3295,0.215
0.3325,0.215
0.3295,0.215
0.3295,0.215
0.3385,0.215
0.3325,0.2075
0.3325,0.2075
0.3295,0.2075
0.3295,0.2075
0.3415,0.2235
0.3355,0.2235
0.3355,0.231
0.3295,0.243
0.3355,0.2535
0.3355,0.2565
0.3415,0.2625
0.3385,0.2625
0.3295,0.2625
0.3295,0.2625
0.3295,0.2625
0.3325,0.2625
0.3295,0.2625
0.3215,0.2625
0.3215,0.2505
0.3215,0.2505
0.3215,0.2505
0.3215,0.2585
0.3215,0.2585
0.3215,0.2585
0.3215,0.2615
0.3215,0.2705
0.3215,0.2705
0.3215,0.2705
0.3215,0.2705
0.3215,0.2705
0.3215,0.2705
0.3215,0.2705
0.3215,0.2705
0.3215,0.2705
0.3215,0.2705
0.3215,0.2705
0.3215,0.2705
0.3215,0.2705
0.3215,0.2705
0.3175,0.2705
0.3175,0.2525
0.294,0.251
0.282,0.2235
0.2745,0.1955
0.2625,0.1875
0.2585,0.18
0.2585,0.156
0.2585,0.156
0.2585,0.1365
0.2585,0.1425
0.2585,0.1285
0.2585,0.121
0.2545,0.121
0.2545,0.119
0.2545,0.113
0.2545,0.116
0.2545,0.113
0.2545,0.113
0.2545,0.1245
0.2545,0.1245
0.2545,0.1305
0.2545,0.1365
0.2545,0.1445
0.2545,0.1445
0.2545,0.1445
0.2545,0.1445
0.2545,0.1445
0.2545,0.1445
0.2545,0.1445
0.2545,0.1425
0.2545,0.1365
0.2545,0.1365
0.2545,0.1365
0.2545,0.1365
0.2545,0.1365
0.2545,0.1365
0.2545,0.1365
0.2545,0.1365
0.2545,0.1365
0.2545,0.1445
0.2545,0.1445
0.2545,0.1445
0.2545,0.1445
0.2545,0.1365
0.2545,0.1365
0.2545,0.1365
0.2545,0.1365
0.2545,0.1365
0.2545,0.1365
0.2545,0.1365
0.2465,0.1365
0.2465,0.1365
0.2465,0.1365
0.2465,0.1365
0.2465,0.1365
0.2465,0.1305
0.2465,0.1365
0.2465,0.1365
0.2465,0.1365
0.2465,0.1365
0.2465,0.1365
0.2465,0.1365
0.238,0.1365
0.235,0.1365
0.235,0.1365
0.227,0.1365
0.227,0.1365
0.215,0.1365
0.2075,0.1365
0.1955,0.1365
0.1955,0.1365
0.1955,0.1365
0.1955,0.1365
0.1875,0.1365
0.1755,0.1365
0.1755,0.1445
0.164,0.1445
0.156,0.1445
0.156,0.1445
0.156,0.1445
0.156,0.1445
0.156,0.1445
0.144,0.1445
0.144,0.1445
0.144,0.1445
0.1365,0.1445
0.1365,0.1445
0.1365,0.1445
0.1365,0.1445
0.1365,0.1445
0.1365,0.1445
0.1365,0.1445
0.1365,0.1445
0.1365,0.1445
0.1365,0.1445
0.1365,0.1445
0.1245,0.1445
0.1245,0.1445
0.1275,0.1365
0.1245,0.1245
0.1245,0.1245
0.1245,0.1365
0.1245,0.1245
0.1245,0.122
0.1245,0.116
0.1245,0.105
0.1185,0.093
0.1165,0.093
0.1165,0.0855
0.1165,0.0735
0.1165,0.0715
0.1165,0.0545
0.1165,0.0545
0.1165,0.0545
0.1165,0.0545
0.1165,0.0545
0.1165,0.0545
0.1165,0.0545
0.1135,0.0545
0.1055,0.0545
0.1055,0.0545
0.1055,0.0545
0.098,0.0545
0.094,0.0545
0.094,0.0545
0.086,0.0545
0.086,0.0545
0.086,0.0545
0.086,0.0545
0.086,0.0525
0.086,0.0525
0.086,0.0405
0.086,0.0405
0.086,0.0405
0.086,0.0325
0.086,0.0325
0.086,0.0325
0.086,0.0325
0.086,0.0325
0.086,0.0325
0.086,0.0325
0.086,0.0325
0.086,0.0325
0.086,0.0325
0.086,0.0325
0.098,0.0325
0.1055,0.0235
0.1175,0.0205
0.1215,0.0235
0.1305,0.0205
0.156,0.0205
0.156,0.0205
0.164,0.0205
0.164,0.0205
0.176,0.05
0.1835,0.066
0.1955,0.0795
0.1995,0.0795
0.215,0.0875
0.237,0.0875
0.243,0.08
0.243,0.08
0.243,0.08
0.243,0.08
0.243,0.08
0.243,0.08
0.243,0.08
0.243,0.08
0.243,0.08
0.243,0.071
0.243,0.068
0.243,0.068
0.243,0.068
0.243,0.068
0.243,0.068
0.243,0.068
0.243,0.06
0.243,0.06
0.243,0.052
0.243,0.052
0.243,0.049
0.243,0.052
0.243,0.052
0.243,0.052
0.243,0.052
0.243,0.052
0.243,0.052
0.231,0.052
0.2235,0.052
0.2075,0.052
0.2035,0.052
0.2155,0.052
0.2035,0.052
0.2065,0.052
0.2075,0.052
0.2075,0.052
0.1955,0.052
0.1955,0.052
0.192,0.044
0.192,0.044
0.184,0.044
0.184,0.0365
0.184,0.0365
0.184,0.0365
0.184,0.0365
0.184,0.0365
0.182,0.0365
0.176,0.0365
0.176,0.0365
0.176,0.0365
0.176,0.0365
0.176,0.0365
0.176,0.0365
0.176,0.0365
0.176,0.0365
0.176,0.0365
0.179,0.0365
0.176,0.0365
0.176,0.0365
0.176,0.0365
0.176,0.0365
0.176,0.0365
0.179,0.0365
0.176,0.0365
0.176,0.0365
0.176,0.0365
0.176,0.0365
0.182,0.0365
0.176,0.0365
0.176,0.0365
0.176,0.0365
0.182,0.0365
0.176,0.0365
0.176,0.0365
0.176,0.0365
0.176,0.0365
0.176,0.0365
0.176,0.0365
0.176,0.0365
0.176,0.0365
0.176,0.0365
0.176,0.0365
0.176,0.0365
0.176,0.0365
0.176,0.0365
0.176,0.0365
0.176,0.0365
0.182,0.0365
0.176,0.0365
0.172,0.0365
0.172,0.0365
0.172,0.0445
0.172,0.0445
0.172,0.0445
0.172,0.0445
0.172,0.0445
0.172,0.0445
0.172,0.0445
0.172,0.0445
0.172,0.0445
0.172,0.0365
0.172,0.0365
0.172,0.0365
0.172,0.0245
0.172,0.0245
0.172,0.0245
0.172,0.0365
0.172,0.0365
0.172,0.0365
0.178,0.0365
0.172,0.0305
0.172,0.0305
0.172,0.0365
0.172,0.0365
0.172,0.0365
0.172,0.0365
0.172,0.0365
0.172,0.0365
0.172,0.0365
0.184,0.0365
0.184,0.0365
0.184,0.0365
0.184,0.0445
0.184,0.0445
0.184,0.0445
0.184,0.0445
0.184,0.0445
0.184,0.0445
0.184,0.0445
0.184,0.0445
0.184,0.0445
0.184,0.0445
0.184,0.0445
0.184,0.0475
0.184,0.0445
0.172,0.0475
0.178,0.0445
0.172,0.0445
0.172,0.0445
0.172,0.0475
0.168,0.0445
0.168,0.0445
0.168,0.0445
0.168,0.0445
0.168,0.0475
0.16,0.0565
0.16,0.0565
0.16,0.0565
0.16,0.0565
0.16,0.0565
0.16,0.076
0.16,0.076
0.163,0.076
0.16,0.076
0.16,0.076
0.16,0.076
0.166,0.076
0.16,0.076
0.16,0.076
0.16,0.076
0.16,0.076
0.16,0.076
0.16,0.076
0.166,0.076
0.16,0.076
0.16,0.076
0.16,0.076
0.16,0.076
0.16,0.076
0.16,0.076
0.163,0.076
0.16,0.076
0.163,0.076
0.16,0.076
0.166,0.076
0.16,0.076
0.172,0.076
0.172,0.076
0.172,0.076
0.172,0.076
0.172,0.076
0.172,0.076
0.172,0.076
0.172,0.076
0.172,0.076
0.172,0.076
0.172,0.076
0.172,0.076
0.172,0.076
0.172,0.064
0.1735,0.064
0.1795,0.064
0.1795,0.064
0.1795,0.064
0.1795,0.064
0.1795,0.064
0.1795,0.067
0.1795,0.064
0.1795,0.064
0.1795,0.073
0.1795,0.064
0.1795,0.064
0.176,0.064
0.172,0.064
0.168,0.064
0.168,0.064
0.16,0.064
0.172,0.064
0.16,0.064
0.1525,0.064
0.1525,0.064
0.1445,0.064
0.1205,0.0565
0.109,0.0565
0.105,0.0565
0.101,0.0445
0.101,0.0505
0.101,0.0445
0.101,0.0445
0.101,0.0445
0.101,0.0445
0.101,0.0445
0.101,0.0445
0.101,0.0445
0.101,0.0445
0.098,0.0445
0.089,0.0445
0.089,0.0445
0.089,0.0445
0.089,0.0445
0.101,0.0445
0.089,0.0445
0.089,0.0445
0.098,0.0445
0.089,0.0445
0.089,0.0445
0.089,0.0445
0.089,0.0445
0.089,0.0445
0.089,0.0445
0.089,0.0445
0.089,0.0445
0.089,0.0445
0.089,0.0445
0.089,0.0445
0.089,0.0445
0.089,0.0445
0.095,0.0445
0.089,0.0445
0.089,0.0445
0.089,0.0445
0.095,0.0445
0.089,0.0445
0.089,0.0445
0.098,0.0445
0.098,0.0445
0.089,0.0445
0.089,0.0445
0.095,0.0445
0.089,0.0445
0.089,0.0445
0.095,0.0445
0.089,0.0445
0.095,0.0445
0.089,0.0445
0.089,0.0445
0.089,0.0445
0.095,0.0445
0.089,0.0445
0.089,0.0445
0.089,0.0445
0.092,0.0445
0.089,0.0445
0.101,0.0445
0.101,0.0445
0.089,0.0445
0.092,0.0445
0.089,0.0445
0.089,0.0445
0.098,0.0445
0.095,0.0445
0.095,0.0445
0.098,0.0445
0.101,0.0445
0.089,0.0445
0.098,0.0445
0.089,0.0265
0.098,-0.0325
0.111,-0.0535
0.1165,-0.0535
0.1325,-0.0755
0.1335,-0.0775
0.1365,-0.0835
0.1465,-0.0835
0.1465,-0.0835
0.1435,-0.0835
0.1435,-0.0555
0.1465,-0.0535
0.155,-0.0225
0.168,0.0465
0.168,0.074
0.172,0.1095
0.1955,0.139
0.2155,0.1585
0.2275,0.1785
0.2275,0.1905
0.235,0.1925
0.235,0.1925
0.235,0.1925
0.235,0.1925
0.235,0.1925
0.241,0.1925
0.247,0.1925
0.255,0.1925
0.255,0.1925
0.255,0.1925
0.258,0.2075
0.255,0.2115
0.255,0.2235
0.255,0.229
0.255,0.235
0.249,0.2275
0.2235,0.2275
0.2235,0.2275
0.2115,0.2185
0.2075,0.2155
0.2075,0.2155
0.2075,0.2215
0.2115,0.2155
0.2115,0.2075
0.1995,0.2075
0.1995,0.2075
0.2055,0.2075
0.2025,0.2075
0.1995,0.2075
0.1995,0.2075
0.1995,0.1995
0.2055,0.211
0.1995,0.2055
0.1995,0.2055
0.1995,0.1995
0.2115,0.192
0.2115,0.192
0.2155,0.192
0.2265,0.174
0.2275,0.172
0.2335,0.172
0.2275,0.164
0.2315,0.164
0.2315,0.164
0.2315,0.164
0.2315,0.164
0.2315,0.164
0.2315,0.164
0.2315,0.156
0.2315,0.1525
0.2315,0.1485
0.2315,0.1485
0.2315,0.1485
0.2315,0.1485
0.2345,0.1365
0.2315,0.1365
0.2315,0.1365
0.2315,0.1345
0.2315,0.1285
0.2315,0.1285
0.2315,0.1285
0.2315,0.1285
0.2315,0.1285
0.2315,0.1285
0.2315,0.1285
0.2315,0.1255
0.2315,0.1195
0.2375,0.1165
0.2315,0.1085
0.2315,0.1045
0.2315,0.101
0.2295,0.0935
0.204,0.0735
0.192,0.0735
0.172,0.0735
0.172,0.0555
0.1605,0.0425
0.1635,0.0425
0.1635,0.0425
0.1605,0.0425
0.1605,0.0385
0.172,0.0345
0.172,0.0345
0.172,0.0345
0.172,0.0345
0.172,0.0345
0.172,0.0345
0.172,0.0345
0.172,0.0345
0.172,0.0345
0.172,0.0345
0.172,0.0345
0.172,0.0345
0.172,0.0475
0.172,0.0535
0.172,0.0535
0.172,0.0535
0.172,0.0535
0.172,0.0535
0.172,0.0535
0.172,0.0535
0.172,0.0535
0.172,0.0535
0.172,0.0535
0.172,0.0535
0.172,0.0535
0.172,0.0565
0.172,0.0655
0.172,0.0655
0.172,0.062
0.172,0.058
0.172,0.058
0.178,0.058
0.172,0.058
0.172,0.058
0.172,0.058
0.172,0.058
0.172,0.058
0.172,0.058
0.172,0.058
0.172,0.058
0.172,0.058
0.172,0.058
0.172,0.058
0.172,0.058
0.172,0.0655
0.172,0.077
0.172,0.101
0.172,0.1245
0.172,0.1365
0.172,0.144
0.172,0.146
0.172,0.152
0.175,0.152
0.172,0.152
0.178,0.152
0.172,0.152
0.175,0.152
0.172,0.152
0.172,0.152
0.172,0.152
0.1755,0.152
0.1755,0.152
0.1755,0.152
0.1755,0.16
0.1755,0.16
0.1815,0.16
0.1755,0.16
0.1755,0.16
0.1755,0.16
0.1755,0.16
0.1755,0.16
0.1755,0.16
0.1755,0.16
0.1755,0.16
0.1755,0.16
0.1755,0.16
0.1755,0.16
0.1755,0.16
0.1755,0.16
0.1755,0.16
0.1755,0.16
0.1785,0.16
0.1755,0.16
0.1755,0.16
0.1755,0.16
0.1755,0.16
0.1755,0.16
0.1755,0.16
0.1755,0.16
0.164,0.16
0.164,0.16
0.164,0.16
0.164,0.16
0.164,0.16
0.164,0.16
0.164,0.16
0.156,0.16
0.156,0.16
0.156,0.16
0.156,0.16
0.156,0.16
0.156,0.16
0.156,0.16
0.156,0.16
0.156,0.16
0.156,0.16
0.156,0.16
0.15,0.16
0.144,0.16
0.1365,0.16
0.1365,0.16
0.1365,0.16
0.1365,0.16
0.1365,0.16
0.1365,0.16
0.1365,0.16
0.1365,0.16
0.1365,0.16
0.1365,0.16
0.1365,0.16
0.1365,0.16
0.1365,0.16
0.1365,0.16
0.1365,0.16
0.1365,0.163
0.1365,0.16
0.1305,0.16
0.1245,0.16
0.1245,0.16
0.1245,0.16
0.1245,0.16
0.1245,0.16
0.1245,0.16
0.1245,0.16
0.1245,0.16
0.1245,0.16
0.1275,0.16
0.1245,0.166
0.1245,0.16
0.1245,0.16
0.1245,0.16
0.1245,0.16
0.1245,0.16
0.1365,0.16
0.1365,0.16
0.1365,0.16
0.1365,0.16
0.1365,0.16
0.1365,0.16
0.1365,0.16
0.1365,0.163
0.1365,0.16
0.1365,0.166
0.1365,0.16
0.1365,0.166
0.1245,0.163
0.1245,0.16
0.1245,0.166
0.1245,0.16
0.1245,0.16
0.1245,0.166
0.1245,0.16
0.1275,0.16
0.1245,0.16
0.1245,0.16
0.1245,0.16
0.1245,0.16
0.1275,0.16
0.1245,0.16
0.1245,0.158
0.1245,0.1525
0.1245,0.1525
0.1245,0.1525
0.1245,0.1405
0.1245,0.1385
0.1245,0.1325
0.1245,0.1325
0.1245,0.1295
0.1245,0.1215
0.1245,0.1215
0.1245,0.1215
0.1245,0.1215
0.1245,0.1215
0.1245,0.1215
0.1245,0.1215
0.1245,0.1215
0.1245,0.1215
0.1245,0.1215
0.1245,0.1215
0.1245,0.1215
0.1245,0.1245
0.1275,0.1215
0.1245,0.1275
0.1245,0.1335
0.1245,0.141
0.1245,0.141
0.1245,0.141
0.1245,0.141
0.1305,0.141
0.1245,0.141
0.1245,0.141
0.101,0.141
0.101,0.141
0.101,0.139
0.113,0.139
0.104,0.139
0.097,0.127
0.097,0.119
0.1,0.119
0.089,0.119
0.089,0.119
0.089,0.119
0.089,0.119
0.089,0.119
0.089,0.119
0.101,0.119
0.089,0.119
0.089,0.119
0.089,0.119
0.089,0.119
0.089,0.119
0.089,0.107
0.089,0.0865
0.089,0.064
0.089,0.044
0.089,0.036
0.089,0.0235
0.089,0.0175
0.089,0.0005
0.095,0.002
0.089,-0.003
0.089,-0.015
0.089,-0.027
0.089,-0.015
0.089,-0.027
0.089,-0.027
0.092,-0.034
0.089,-0.034
0.089,-0.034
0.092,-0.034
0.089,-0.034
0.095,-0.034
0.089,-0.034
0.089,-0.028
0.092,-0.034
0.089,-0.034
0.089,-0.034
0.089,-0.031
0.089,-0.034
0.089,-0.031
0.089,-0.034
0.092,-0.031
0.089,-0.034
0.089,-0.034
0.089,-0.031
0.089,-0.034
0.089,-0.034
0.089,-0.034
0.089,-0.034
0.089,-0.0415
0.095,-0.0415
0.089,-0.0225
0.089,-0.0145
0.089,0.001
0.089,0.013
0.089,0.0365
0.089,0.0505
0.089,0.0565
0.092,0.064
0.092,0.064
0.101,0.064
0.101,0.064
0.113,0.064
0.117,0.052
0.117,0.052
0.1325,0.044
0.1405,0.032
0.1405,0.032
0.144,0.032
0.144,0.032
0.156,0.032
0.156,0.04
0.156,0.04
0.156,0.052
0.156,0.0595
0.156,0.0595
0.156,0.0595
0.156,0.0595
0.156,0.0595
0.156,0.0595
0.156,0.0595
0.156,0.0595
0.156,0.0595
0.156,0.0595
0.156,0.0595
0.156,0.0595
0.156,0.0595
0.156,0.0595
0.156,0.0595
0.156,0.0595
0.156,0.0595
0.156,0.0595
0.156,0.0595
0.156,0.0595
0.156,0.0595
0.156,0.0595
0.156,0.0595
0.156,0.0595
0.156,0.0595
0.156,0.055
0.156,0.032
0.156,0.0165
0.156,0.0165
0.156,0.0045
0.156,-0.0035
0.156,-0.0115
0.156,-0.017
0.156,-0.027
0.156,-0.0525
0.1285,-0.0625
0.1325,-0.0745
0.1205,-0.0745
0.109,-0.0745
0.109,-0.0685
0.109,-0.0685
0.109,-0.0655
0.109,-0.047
0.109,-0.019
0.109,0.0045
0.109,0.024
0.109,0.032
0.109,0.032
0.109,0.032
0.109,0.032
0.109,0.032
0.109,0.032
0.109,0.032
0.109,0.032
0.109,0.032
0.109,0.032
0.109,0.032
0.101,0.032
0.101,0.032
0.101,0.032
0.101,0.032
0.101,0.032
0.101,0.032
0.101,0.032
0.101,0.032
0.101,0.032
0.101,0.032
0.101,0.032
0.101,0.024
0.097,0.0165
0.097,0.0165
0.093,0.0365
0.089,0.0365
0.093,0.0245
0.0775,0.0365
0.089,0.0365
0.0775,0.0365
0.089,0.0365
0.0735,0.0275
0.0735,0.0245
0.0775,0.0305
0.0735,0.0275
0.0735,0.0245
0.0735,0.0245
0.0735,0.0245
0.0735,0.0245
0.0735,0.0245
0.0735,0.0245
0.0735,0.0245
0.0735,0.0245
0.0735,0.0245
0.0735,0.0165
0.0735,-0.007
0.0735,-0.0345
0.0735,-0.0545
0.0735,-0.0615
0.0735,-0.0615
0.0735,-0.0615
0.0735,-0.0615
0.0735,-0.0615
0.0735,-0.0615
0.0735,-0.0615
0.0735,-0.0615
0.0735,-0.0615
0.0735,-0.0615
0.0735,-0.0615
0.0735,-0.0615
0.0735,-0.0615
0.0735,-0.0615
0.0735,-0.0615
0.0735,-0.0615
0.0735,-0.0615
0.0735,-0.0615
0.089,-0.0615
0.089,-0.0615
0.093,-0.0615
0.097,-0.0615
0.101,-0.0615
0.109,-0.0615
0.109,-0.027
0.109,0.001
0.1205,0.0205
0.1205,0.0245
0.1285,0.044
0.1325,0.052
0.1365,0.0795
0.1365,0.0955
0.1365,0.143
0.1445,0.1505
0.1525,0.1665
0.1525,0.1725
0.1525,0.1745
0.156,0.1745
0.164,0.1745
0.164,0.1745
0.164,0.1745
0.168,0.1745
0.172,0.1745
0.172,0.1745
0.176,0.1825
0.184,0.1885
0.184,0.1945
0.184,0.196
0.188,0.214
0.1915,0.214
0.2035,0.234
0.2035,0.236
0.2075,0.236
0.2075,0.236
0.2075,0.255
0.2195,0.2745
0.2195,0.2945
0.2195,0.309
0.2195,0.326
0.2195,0.338
0.2195,0.3575
0.2195,0.3655
0.2195,0.377
0.2195,0.377
0.255,0.385
0.263,0.385
0.2925,0.397
0.3175,0.391
0.3295,0.397
0.381,0.397
0.393,0.397
0.4045,0.397
0.4105,0.397
0.4165,0.405
0.4285,0.405
0.448,0.405
0.465,0.405
0.479,0.405
0.4875,0.405
0.4875,0.389
0.4875,0.389
0.5035,0.389
0.5035,0.381
0.5115,0.381
0.5195,0.3675
0.5195,0.338
0.5195,0.338
0.5345,0.338
0.5345,0.338
0.5425,0.338
0.5425,0.338
0.5465,0.338
0.5465,0.338
0.5495,0.338
0.5495,0.338
0.5585,0.338
0.5695,0.338
0.586,0.338
0.586,0.338
0.586,0.338
0.598,0.338
0.598,0.338
0.598,0.338
0.598,0.338
0.598,0.338
0.598,0.338
0.598,0.338
0.598,0.338
0.598,0.338
0.598,0.3495
0.608,0.3615
0.606,0.381
0.6175,0.401
0.6175,0.401
0.6175,0.409
0.6175,0.409
0.6175,0.409
0.6175,0.409
0.6175,0.4205
0.6175,0.4205
0.6175,0.4205
0.6175,0.409
0.6175,0.409
0.6175,0.409
0.6175,0.4245
0.6175,0.4415
0.6175,0.458
0.6175,0.468
0.6335,0.476
0.6375,0.476
0.649,0.479
0.653,0.4875
0.665,0.4955
0.657,0.5035
0.665,0.5155
0.6965,0.519
0.6925,0.539
0.6925,0.527
0.6925,0.535
0.6925,0.552
0.6925,0.5585
0.7085,0.59
0.7125,0.614
0.74,0.6335
0.7835,0.661
0.894,0.661
0.91,0.669
0.91,0.66
0.91,0.657
0.91,0.657
0.9295,0.657
0.9295,0.657
0.9575,0.657
0.9575,0.657
0.9575,0.6455
0.9575,0.6455
0.9575,0.6455
0.9575,0.6455
0.9575,0.6455
0.9575,0.6455
0.9575,0.6455
0.9575,0.6455
0.9575,0.6455
0.9575,0.6455
0.9575,0.6455
0.9575,0.6455
0.9575,0.6455
0.9575,0.6455
0.9575,0.6455
0.9575,0.6455
0.9575,0.6455
0.9575,0.6455
0.9575,0.6455
0.9575,0.6455
0.9575,0.6455
0.9295,0.6515
0.91,0.618
0.898,0.61
0.898,0.5785
0.878,0.545
0.748,0.5115
0.7405,0.4955
0.7285,0.479
0.7285,0.468
0.7285,0.46
0.7165,0.46
0.7165,0.46
0.697,0.46
0.685,0.4525
0.6495,0.4525
0.6175,0.4405
0.6295,0.4405
0.6175,0.4405
0.606,0.4405
0.621,0.4365
0.618,0.4325
0.618,0.4325
0.618,0.4325
0.618,0.4325
0.625,0.4325
0.622,0.4325
0.628,0.4325
0.6335,0.4325
0.6335,0.4325
0.6335,0.4325
0.665,0.4325
0.7125,0.4325
0.76,0.4325
0.7875,0.4325
0.8155,0.462
0.8545,0.527
0.898,0.604
0.91,0.618
0.91,0.618
0.918,0.618
0.9295,0.618
0.9315,0.624
0.9375,0.618
0.9405,0.621
0.9495,0.618
0.9495,0.618
0.9575,0.618
0.9575,0.618
0.9575,0.618
0.9575,0.618
0.9575,0.618
0.969,0.618
0.969,0.604
0.977,0.5965
0.977,0.5905
0.977,0.5905
0.989,0.594
0.9965,0.594
0.9965,0.586
0.9965,0.578
0.9965,0.5585
0.9965,0.5385
0.9965,0.507
0.862,0.4795
0.858,0.464
0.8465,0.4295
0.8465,0.4245
0.8465,0.4245
0.803,0.4165
0.7715,0.411
0.7635,0.405
0.7555,0.389
0.6865,0.381
0.681,0.3615
0.673,0.33
0.653,0.318
0.6415,0.314
0.6415,0.31
0.6455,0.31
0.6455,0.31
0.6455,0.31
0.6455,0.298
0.6335,0.298
0.6335,0.298
0.6395,0.298
0.6535,0.298
0.677,0.298
0.657,0.301
0.6485,0.298
0.6255,0.298
0.6175,0.298
0.6175,0.301
0.6255,0.298
0.6255,0.318
0.618,0.3415
0.618,0.3535
0.618,0.361
0.618,0.372
0.61,0.369
0.61,0.38
0.61,0.385
0.61,0.388
0.61,0.385
0.61,0.394
0.598,0.397
0.582,0.4085
0.5745,0.397
0.5385,0.402
0.519,0.4165
0.503,0.397
0.468,0.397
0.4485,0.394
0.4245,0.397
0.4165,0.388
0.4165,0.395
0.4125,0.3565
0.4005,0.314
0.4005,0.25
0.397,0.1975
0.397,0.168
0.393,0.1565
0.377,0.1325
0.369,0.117
0.369,0.117
0.369,0.117
0.369,0.113
0.369,0.109
0.365,0.109
0.3565,0.109
0.357,0.117
0.342,0.117
0.332,0.117
0.318,0.117
0.314,0.117
0.306,0.117
0.298,0.117
0.2865,0.117
0.2785,0.117
0.2785,0.117
0.2595,0.117
0.251,0.117
0.243,0.117
0.231,0.117
0.223,0.117
0.2075,0.109
0.2015,0.097
0.1915,0.097
0.18,0.097
0.1485,0.1125
0.1285,0.1325
0.119,0.14
0.113,0.148
0.1125,0.148
0.104,0.156
0.097,0.1445
0.097,0.1445
0.0815,0.1445
0.0695,0.1445
0.0615,0.1445
0.0505,0.1445
0.0505,0.1445
0.0445,0.1445
0.0385,0.1445
0.0385,0.1445
0.0385,0.1445
0.0385,0.1445
0.0385,0.1445
0.0385,0.1445
0.0385,0.1445
0.0385,0.1445
0.0325,0.1445
0.031,0.1505
0.058,0.1445
0.062,0.1445
0.0695,0.1445
0.0815,0.1445
0.109,0.1445
0.109,0.1445
0.109,0.1445
0.109,0.1445
0.113,0.1445
0.101,0.1445
0.101,0.1445
0.101,0.1595
0.101,0.1565
0.101,0.164
0.093,0.176
0.093,0.183
0.093,0.18
0.093,0.18
0.093,0.172
0.093,0.172
0.093,0.172
0.093,0.172
0.093,0.172
0.093,0.172
0.093,0.172
0.093,0.172
0.093,0.16
0.093,0.16
0.093,0.16
0.081,0.16
0.081,0.1525
0.0775,0.1525
0.0695,0.1525
0.0695,0.1525
0.0695,0.1525
0.0695,0.1525
0.0585,0.1525
0.0695,0.1525
0.0695,0.1525
0.0695,0.1525
0.0695,0.1525
0.0695,0.1525
0.0695,0.1525
0.0695,0.1525
0.0695,0.1365
0.0695,0.117
0.0695,0.109
0.0695,0.109
0.0695,0.097
0.0695,0.103
0.0695,0.097
0.0695,0.097
0.0695,0.089
0.0695,0.089
0.0695,0.089
0.0695,0.089
0.0695,0.089
0.0695,0.089
0.0695,0.089
0.0695,0.089
0.0775,0.089
0.0775,0.1
0.0775,0.109
0.0775,0.109
0.0775,0.109
0.0775,0.109
0.0775,0.1165
0.0775,0.1165
0.0775,0.1165
0.0775,0.1165
0.0775,0.1165
0.0775,0.1285
0.0775,0.1285
0.0775,0.1285
0.0775,0.1285
0.0775,0.1285
0.0775,0.1285
0.0775,0.1285
0.0775,0.1285
0.0775,0.1285
0.0775,0.1285
0.0775,0.1285
0.0775,0.1285
0.0775,0.1205
0.0775,0.1205
0.0775,0.113
0.0775,0.113
0.0775,0.121
0.0775,0.121
0.0775,0.121
0.0775,0.121
0.0775,0.121
0.0775,0.121
0.0775,0.121
0.0775,0.121
0.0775,0.121
0.0775,0.109
0.0775,0.104
0.0775,0.104
0.0775,0.113
0.0775,0.107
0.0775,0.107
0.0775,0.104
0.0775,0.101
0.0775,0.101
0.0775,0.101
0.0775,0.101
0.0775,0.101
0.0775,0.101
0.0775,0.101
0.0775,0.101
0.0775,0.113
0.0775,0.101
0.0775,0.113
0.0775,0.119
0.0775,0.121
0.0775,0.1325
0.0775,0.1325
0.0775,0.1325
0.0775,0.1325
0.0775,0.1325
0.0775,0.1325
0.0775,0.1325
0.0775,0.1325
0.0775,0.1325
0.0775,0.1325
0.089,0.1325
0.089,0.1325
0.089,0.1325
0.089,0.1325
0.089,0.1415
0.097,0.1445
0.101,0.1445
0.101,0.1445
0.101,0.1445
0.101,0.1445
0.101,0.1325
0.101,0.1325
0.105,0.1325
0.105,0.1385
0.105,0.1445
0.105,0.1445
0.105,0.1445
0.105,0.1445
0.105,0.1445
0.105,0.1445
0.105,0.1525
0.105,0.1525
0.105,0.176
0.105,0.176
0.105,0.176
0.105,0.176
0.086,0.176
0.086,0.176
0.086,0.176
0.097,0.179
0.097,0.176
0.097,0.176
0.105,0.176
0.105,0.179
0.105,0.188
0.105,0.188
0.1185,0.188
0.1245,0.188
0.1365,0.188
0.1445,0.188
0.159,0.188
0.176,0.188
0.188,0.2035
0.1955,0.2035
0.1955,0.2035
0.1955,0.2035
0.1955,0.2035
0.1955,0.2035
0.1955,0.2035
0.1955,0.2035
0.2075,0.2035
0.235,0.2115
0.243,0.231
0.255,0.259
0.264,0.2825
0.2665,0.302
0.2745,0.318
0.2825,0.326
0.3025,0.326
0.311,0.326
0.334,0.326
0.334,0.326
0.334,0.326
0.334,0.326
0.334,0.326
0.343,0.326
0.3455,0.326
0.34,0.3575
0.3455,0.3615
0.3455,0.377
0.3455,0.377
0.3455,0.383
0.3455,0.385
0.3455,0.397
0.343,0.397
0.3455,0.397
0.3455,0.405
0.3455,0.405
0.3455,0.405
0.3455,0.405
0.343,0.405
0.343,0.405
0.337,0.405
0.34,0.385
0.334,0.385
0.334,0.3715
0.334,0.3655
0.334,0.3655
0.334,0.3655
0.334,0.3655
0.334,0.3655
0.334,0.3655
0.314,0.3615
0.314,0.3575
0.3025,0.3575
0.3055,0.3575
0.3025,0.3575
0.3025,0.3575
0.3025,0.3575
0.2945,0.3625
0.2885,0.377
0.2745,0.377
0.2745,0.377
0.263,0.3685
0.263,0.3745
0.263,0.377
0.257,0.3655
0.255,0.3655
0.255,0.3575
0.255,0.3575
0.255,0.3575
0.243,0.3575
0.2355,0.3575
0.2265,0.3515
0.2235,0.3455
0.2235,0.3455
0.2235,0.338
0.2275,0.338
0.235,0.338
0.227,0.338
0.227,0.338
0.227,0.338
0.227,0.338
0.215,0.338
0.2035,0.338
0.1955,0.326
0.1955,0.338
0.2035,0.338
0.2035,0.338
0.2075,0.338
0.2075,0.338
0.2045,0.338
0.1955,0.338
0.1955,0.326
0.1995,0.326
0.192,0.318
0.2,0.2975
0.188,0.3005
0.188,0.2865
0.191,0.2865
0.188,0.2865
0.188,0.2865
0.164,0.2865
0.164,0.2525
0.164,0.225
0.164,0.215
0.164,0.188
0.164,0.188
0.164,0.227
0.164,0.2555
0.235,0.2835
0.255,0.291
0.2705,0.291
0.2705,0.299
0.2705,0.299
0.2705,0.299
0.2705,0.299
0.2705,0.299
0.29,0.299
0.29,0.299
0.304,0.299
0.3275,0.299
0.3445,0.299
0.373,0.299
0.381,0.299
0.381,0.299
0.3925,0.299
0.3925,0.299
0.3925,0.299
0.3925,0.299
0.3925,0.299
0.3925,0.299
0.3925,0.299
0.3925,0.299
0.3925,0.299
0.3925,0.299
0.3925,0.318
0.3925,0.33
0.3925,0.3405
0.3925,0.3575
0.3925,0.3575
0.3925,0.3575
0.3925,0.369
0.3925,0.369
0.3925,0.369
0.3925,0.369
0.3925,0.369
0.373,0.369
0.314,0.369
0.2745,0.369
0.219,0.369
0.185,0.3445
0.1565,0.3255
0.176,0.294
0.1325,0.2685
0.116,0.219
0.093,0.1835
0.081,0.142
0.0695,0.1125
0.0615,0.1125
0.0615,0.1125
0.0435,0.1125
0.042,0.1125
0.03,0.1045
0.03,0.1045
0.022,0.089
0.022,0.077
0.018,0.077
0.018,0.077
0.018,0.077
0.018,0.077
0.018,0.083
0.018,0.083
0.018,0.083
0.018,0.077
0.007,0.077
0.007,0.077
0.007,0.077
0.007,0.077
0.007,0.077
0.009,0.083
0.007,0.077
0.007,0.083
0.007,0.077
0.007,0.083
0.019,0.097
0.019,0.1045
0.019,0.1125
0.019,0.1155
0.019,0.1125
0.019,0.1125
0.019,0.1125
0.019,0.1155
0.023,0.1125
0.023,0.1125
0.023,0.1125
0.023,0.1125
0.023,0.1125
0.023,0.1125
0.023,0.1125
0.023,0.1125
0.023,0.1125
0.023,0.1125
0.028,0.1185
0.023,0.1155
0.023,0.1125
0.023,0.1125
0.023,0.1125
0.023,0.1125
0.023,0.1125
0.023,0.1125
0.023,0.1125
0.011,0.1125
0.003,0.1125
0.003,0.1125
0.0,0.1125
0.0,0.1125
0.0,0.1125
0.0,0.1125
0.0,0.1125
0.0,0.1325
0.0,0.1325
0.0,0.1325
0.0,0.1325
0.0,0.1325
0.0,0.1325
0.0,0.1325
0.0,0.1325
0.0,0.1325
0.0,0.1325
0.0,0.1325
0.0,0.1325
0.0,0.1325
0.0,0.117
0.0,0.109
0.0,0.109
0.0,0.097
0.0,0.097
0.0,0.09
0.0,0.09
0.0,0.09
0.0,0.09
0.0,0.09
0.0,0.09
0.0,0.09
0.0,0.09
0.0,0.09
0.0,0.09
0.0,0.09
0.0,0.09
0.0,0.09
0.0,0.09
0.0,0.09
0.0,0.09
0.0,0.09
0.0,0.09
0.011,0.09
0.019,0.09
0.031,0.09
0.0385,0.09
0.0385,0.109
0.0385,0.109
0.0505,0.109
0.0505,0.109
0.0475,0.109
0.0505,0.109
0.0505,0.109
0.0505,0.109
0.0505,0.109
0.0415,0.109
0.0505,0.109
0.0505,0.109
0.0505,0.109
0.0445,0.109
0.0415,0.109
0.0505,0.109
0.0415,0.109
0.0385,0.109
0.0385,0.109
0.0505,0.109
0.0505,0.109
0.0505,0.109
0.0505,0.109
0.0385,0.109
0.0475,0.109
0.0385,0.109
0.031,0.109
0.019,0.109
0.019,0.109
0.019,0.109
0.017,0.109
0.011,0.109
0.011,0.109
0.011,0.109
0.011,0.109
0.011,0.109
0.011,0.109
0.011,0.109
0.011,0.109
0.011,0.109
0.011,0.109
0.011,0.109
0.011,0.109
0.011,0.109
0.011,0.109
0.011,0.109
0.011,0.109
0.011,0.109
0.011,0.109
0.011,0.109
0.011,0.109
0.011,0.109
0.011,0.109
0.011,0.109
0.011,0.109
0.011,0.109
0.011,0.109
0.011,0.109
0.011,0.109
0.011,0.109
0.011,0.109
0.011,0.109
0.011,0.109
0.011,0.109
0.005,0.109
0.011,0.109
0.005,0.109
0.011,0.109
0.002,0.109
0.011,0.109
0.002,0.112
0.002,0.109
0.0,0.109
0.0,0.109
0.0,0.101
0.0,0.101
0.0,0.092
0.0,0.101
0.0,0.089
0.0,0.089
0.0,0.089
0.0,0.089
0.0,0.089
0.0,0.089
0.0,0.089
0.0,0.089
0.0,0.089
0.0,0.089
0.0,0.0775
0.0,0.0775
0.0,0.0775
0.0,0.0695
0.0,0.0695
0.0,0.0695
0.0,0.0695
0.0,0.0665
0.0,0.0695
0.0,0.0605
0.0,0.0575
0.0,0.0575
0.0,0.0575
0.0,0.05
0.0,0.05
0.0,0.05
0.0,0.05
0.0,0.05
0.0,0.05
0.0,0.038
0.0,0.038
0.0,0.038
0.0,0.038
0.0,0.044
0.0,0.038
0.0,0.038
0.0,0.038
0.0,0.038
0.0,0.038
0.0,0.038
0.0,0.038
0.0,0.038
0.0,0.038
0.0,0.038
0.0,0.038
0.0,0.038
0.0,0.038
0.0,0.038
0.0,0.038
0.0,0.038
0.0,0.038
0.0,0.038
0.0,0.038
0.0,0.038
0.0,0.038
0.0,0.038
0.0,0.038
0.0,0.038
0.0,0.038
0.0,0.038
0.0,0.038
0.0,0.038
0.0,0.038
0.0,0.038
0.0,0.038
0.0,0.038
0.0,0.038
0.0,0.038
0.0,0.038
0.0,0.038
0.0,0.038
0.0,0.038
0.0,0.03
0.0,0.03
0.0,0.03
0.0,0.03
0.0,0.03
0.0,0.03
0.0,0.03
0.0,0.03
0.0,0.03
0.0,0.03
0.0,0.03
0.0,0.03
0.0,0.03
0.0,0.03
0.0,0.03
0.0,0.03
0.0,0.03
0.0,0.03
0.007,0.019
0.019,0.019
0.023,0.019
0.023,0.019
0.027,0.019
0.027,0.019
0.031,0.019
0.031,0.019
0.031,0.019
0.031,0.019
0.0385,0.019
0.0385,0.019
0.0385,0.019
0.0385,0.019
0.0385,0.019
0.0385,0.019
0.0385,0.019
0.0425,0.019
0.0425,0.019
0.0425,0.019
0.0425,0.019
0.0425,0.019
0.0425,0.017
0.0425,0.017
0.0425,0.017
0.0425,0.017
0.0425,0.017
0.0425,0.017
0.0425,0.017
0.0425,0.008
0.0425,0.005
0.0425,0.005
0.0425,0.005
0.0425,0.005
0.0425,0.005
0.0425,0.005
0.0425,0.005
0.0425,0.005
0.0425,0.005
0.0425,0.005
0.0425,0.005
0.0425,0.005
0.0425,0.005
0.0425,-0.003
0.0425,-0.003
0.0425,-0.003
0.0425,-0.003
0.0425,-0.003
0.0425,-0.003
0.0425,-0.003
0.0425,-0.003
0.0425,-0.003
0.0425,-0.003
0.0425,-0.003
0.0425,-0.003
0.0425,-0.003
0.0425,-0.015
0.0425,-0.015
0.0425,-0.0225
0.0425,-0.0225
0.0425,-0.0345
0.0425,-0.0345
0.0425,-0.0345
0.0425,-0.0345
0.0425,-0.0345
0.0425,-0.0345
0.0425,-0.0345
0.0425,-0.0345
0.0425,-0.0345
0.0425,-0.0425
0.0425,-0.0425
0.0425,-0.0425
0.0425,-0.0545
0.0425,-0.0545
0.0425,-0.0545
0.0425,-0.0545
0.0425,-0.0565
0.0425,-0.0625
0.0425,-0.0625
0.0425,-0.0625
0.0425,-0.0745
0.0425,-0.0715
0.0425,-0.0745
0.0425,-0.0815
0.0425,-0.0815
0.0425,-0.0815
0.0425,-0.0815
0.0425,-0.0815
0.0425,-0.0815
0.027,-0.0815
0.028,-0.0815
0.023,-0.0815
0.019,-0.0815
0.03,-0.0815
0.03,-0.0815
