valence,arousal
0.0,0.0
0.0,0.0
0.0,0.0
0.0,0.0
0.0,0.0
0.0,0.0
0.0,-0.0115
0.0,-0.0115
0.007,-0.0195
0.015,-0.0355
0.0,-0.0475
0.031,-0.0475
0.0425,-0.0475
0.031,-0.0515
0.031,-0.0515
0.0425,-0.0595
0.031,-0.0595
0.0425,-0.0595
0.031,-0.0595
0.031,-0.0595
0.0425,-0.0595
0.0425,-0.0595
0.0425,-0.0475
0.0425,-0.0475
0.0425,-0.0475
0.0425,-0.0475
0.0425,-0.0475
0.0425,-0.0395
0.0425,-0.0395
0.0425,-0.0395
0.0425,-0.0395
0.0425,-0.0395
0.0425,-0.0395
0.0425,-0.0395
0.0425,-0.0395
0.0425,-0.0395
0.0425,-0.0395
0.0425,-0.0395
0.0425,-0.0395
0.031,-0.0395
0.0425,-0.0395
0.0425,-0.0395
0.0585,-0.0395
0.0585,-0.0395
0.0425,-0.0355
0.0425,-0.0195
0.0585,0.0
0.0665,0.0
0.074,0.0
0.1095,0.0
0.1175,0.0
0.1175,0.0
0.1175,0.0
0.1175,0.0
0.1175,0.0
0.1175,0.0
0.1175,0.0
0.1175,0.0
0.1175,0.003
0.1175,0.019
0.1175,0.0345
0.1175,0.0425
0.1175,0.0425
0.1175,0.0425
0.1175,0.0425
0.1175,0.0425
0.1175,0.0425
0.1175,0.0425
0.1175,0.0425
0.1175,0.0425
0.1175,0.0425
0.1175,0.0425
0.1175,0.0425
0.102,0.0425
0.102,0.0425
0.102,0.0425
0.102,0.0425
0.102,0.0425
0.102,0.031
0.102,0.019
0.102,0.019
0.102,0.015
0.102,0.007
0.102,0.003
0.102,0.003
0.102,0.0
0.102,0.0
0.094,0.0
0.094,0.0
0.094,0.0
0.086,-0.008
0.086,-0.034
0.086,-0.0535
0.086,-0.0735
0.086,-0.0735
0.086,-0.0735
0.086,-0.0735
0.086,-0.0735
0.094,-0.0815
0.094,-0.0815
0.094,-0.0815
0.094,-0.0815
0.0665,-0.0815
0.0665,-0.0815
0.074,-0.0815
0.074,-0.0815
0.0585,-0.0815
0.0585,-0.0815
0.074,-0.0815
0.074,-0.0815
0.074,-0.0815
0.074,-0.0815
0.086,-0.0815
0.086,-0.0815
0.074,-0.0815
0.086,-0.0815
0.086,-0.0815
0.074,-0.0815
0.074,-0.0815
0.074,-0.0815
0.074,-0.0815
0.074,-0.0815
0.086,-0.0815
0.086,-0.0815
0.0505,-0.0815
0.074,-0.0665
0.074,-0.0665
0.074,-0.0665
0.074,-0.0665
0.086,-0.0665
0.0585,-0.0665
0.0505,-0.0665
0.074,-0.0665
0.0425,-0.0665
0.023,-0.0665
0.0665,-0.0665
0.0425,-0.0665
0.0585,-0.0625
0.0425,-0.0625
0.0665,-0.0585
0.0665,-0.0505
0.0505,-0.0505
0.0505,-0.035
0.0505,-0.035
0.0505,-0.035
0.0505,-0.035
0.0505,-0.035
0.0505,-0.035
0.0505,-0.035
0.0505,-0.035
0.0505,-0.035
0.0505,-0.035
0.0505,-0.035
0.0505,-0.035
0.0505,-0.035
0.0505,-0.035
0.0505,-0.047
0.0505,-0.0505
0.0505,-0.0505
0.0505,-0.0505
0.0505,-0.0585
0.0505,-0.0585
0.0505,-0.0585
0.0505,-0.0585
0.0505,-0.0625
0.0505,-0.0545
0.0505,-0.0585
0.0505,-0.0585
0.0505,-0.0665
0.0505,-0.0665
0.0505,-0.0705
0.0505,-0.0735
0.0505,-0.0735
0.0505,-0.0735
0.0505,-0.0735
0.0505,-0.0735
0.0505,-0.0735
0.0505,-0.0735
0.0505,-0.0735
0.0505,-0.0735
0.0505,-0.0735
0.0505,-0.0735
0.0505,-0.0735
0.0505,-0.0735
0.0505,-0.0735
0.0505,-0.0735
0.0505,-0.0735
0.0425,-0.0735
0.0425,-0.0735
0.031,-0.0735
0.0425,-0.0735
0.0425,-0.0735
0.023,-0.0735
0.031,-0.0735
0.015,-0.0735
0.023,-0.0735
0.007,-0.0735
0.007,-0.0735
0.0,-0.0735
0.015,-0.0735
0.015,-0.0735
0.015,-0.0735
0.0,-0.0735
0.0,-0.0735
0.0,-0.0735
0.0,-0.0735
0.023,-0.0735
0.0,-0.0735
0.0,-0.0735
0.015,-0.0735
0.0,-0.0735
0.0,-0.0735
0.0,-0.0735
0.0,-0.0735
0.0,-0.0735
0.0,-0.0735
0.0,-0.0735
0.0,-0.0735
0.0,-0.0735
0.0,-0.0735
0.0,-0.0735
0.0,-0.0735
0.0,-0.0665
0.0,-0.0545
0.0,-0.0545
0.0,-0.0545
0.0,-0.0545
0.007,-0.0505
0.007,-0.0425
0.007,-0.039
0.007,-0.023
0.007,0.0045
0.007,0.0045
0.007,0.0045
0.007,0.0125
0.007,0.0125
0.007,0.0125
0.007,-0.0035
0.007,-0.0035
0.007,-0.027
0.007,-0.0505
0.007,-0.0585
0.007,-0.0705
0.007,-0.0735
0.007,-0.0735
0.007,-0.0735
0.007,-0.0735
0.023,-0.0735
0.1095,0.0005
0.1175,0.2135
0.145,0.399
0.145,0.411
0.145,0.336
0.1175,0.277
0.1175,0.1575
0.1175,0.064
0.1295,-0.023
0.1295,-0.078
0.1295,-0.0815
0.1295,-0.0815
0.1295,-0.0645
0.1295,-0.022
0.1295,0.0
0.1295,0.0
0.1295,0.0
0.1295,0.0
0.1295,0.013
0.1095,0.031
0.086,0.0585
0.0665,0.082
0.0425,0.1155
0.023,0.15
0.023,0.234
0.023,0.2625
0.0,0.2795
0.015,0.275
0.0,0.268
0.015,0.238
0.015,0.1985
0.015,0.1435
0.015,0.106
0.015,0.0645
0.085,0.042
0.085,0.0345
0.07,0.031
0.0735,0.031
0.0655,0.031
0.0385,0.019
0.0385,0.005
0.0385,0.0
0.0385,0.0
0.0445,0.0
0.0385,0.0
0.0385,0.0
0.0385,0.0
0.0385,0.0
0.0385,0.0
0.0505,0.0
0.0505,-0.002
0.0505,-0.002
0.0505,-0.002
0.0505,-0.005
0.0505,-0.014
0.0505,-0.014
0.0505,-0.014
0.0385,-0.022
0.0385,-0.022
0.0385,-0.022
0.0385,-0.022
0.0385,-0.022
0.0385,-0.022
0.0385,-0.022
0.0385,-0.022
0.0385,-0.022
0.0385,-0.022
0.0385,-0.022
0.0505,-0.022
0.0415,-0.034
0.0505,-0.034
0.0505,-0.034
0.0505,-0.034
0.0475,-0.034
0.0475,-0.034
0.0475,-0.034
0.0505,-0.034
0.0505,-0.0415
0.0445,-0.0415
0.0505,-0.0415
0.0505,-0.0415
0.0385,-0.0475
0.0415,-0.0415
0.0475,-0.0415
0.0385,-0.0415
0.0385,-0.0535
0.019,-0.0535
0.019,-0.0535
0.019,-0.0535
0.019,-0.0615
0.019,-0.0735
0.019,-0.0735
0.019,-0.0735
0.011,-0.0735
0.011,-0.0735
0.011,-0.0705
0.011,-0.0615
0.011,-0.0615
0.011,-0.0535
0.011,-0.0535
0.011,-0.0535
0.011,-0.0535
0.011,-0.0535
0.011,-0.0535
0.011,-0.0535
0.011,-0.0535
0.011,-0.0535
0.011,-0.0535
0.011,-0.0535
0.011,-0.0535
0.005,-0.0535
0.008,-0.0535
0.008,-0.0535
0.0,-0.0535
0.0,-0.0535
0.011,-0.0535
0.011,-0.0535
0.011,-0.0535
0.005,-0.0535
0.008,-0.0535
0.002,-0.0535
0.005,-0.0535
0.011,-0.0535
0.011,-0.0535
0.011,-0.0535
0.005,-0.0535
0.011,-0.0535
0.0,-0.0535
0.011,-0.0535
0.011,-0.0535
0.011,-0.0535
0.011,-0.0535
0.011,-0.0535
0.011,-0.0535
0.002,-0.0535
0.0,-0.0535
0.0,-0.0535
0.0,-0.0535
0.0,-0.0535
0.0,-0.0535
0.0,-0.0535
0.0,-0.0475
0.0,-0.0535
0.0,-0.0535
0.0,-0.0535
0.0,-0.0535
0.0,-0.0535
0.0,-0.0535
0.0,-0.0535
0.0,-0.0535
0.0,-0.0535
0.0,-0.0535
0.0,-0.0475
0.0,-0.0535
0.0,-0.0535
0.0,-0.0535
0.0,-0.0535
0.0,-0.0535
0.0,-0.0535
0.0,-0.0535
0.0,-0.0535
0.0,-0.0535
0.0,-0.0535
0.0,-0.0535
0.0,-0.0535
0.0,-0.0505
0.0,-0.0535
0.0,-0.0535
0.0,-0.0535
0.0,-0.0535
0.0,-0.0535
0.0,-0.0705
0.0,-0.0735
0.0,-0.0735
0.0,-0.0735
0.0,-0.0735
0.0,-0.0775
0.0,-0.0815
0.0,-0.0815
0.0,-0.0815
0.0,-0.0815
0.0,-0.0815
0.0,-0.0815
0.0,-0.089
0.0,-0.093
0.0,-0.093
0.0,-0.0985
0.0,-0.1095
0.0,-0.1165
0.0,-0.105
0.0,-0.105
0.0,-0.1245
0.0,-0.1225
0.0,-0.1285
0.0,-0.1325
0.0,-0.1325
0.0,-0.121
0.0,-0.1325
0.0,-0.1295
0.0,-0.1325
0.0,-0.1325
0.0,-0.1295
0.0,-0.1375
0.0,-0.129
0.0,-0.1405
0.0,-0.129
0.0,-0.133
0.0,-0.136
0.0,-0.1445
0.0,-0.136
0.0,-0.1445
0.0,-0.1445
0.0,-0.136
0.0,-0.1415
0.0,-0.1445
0.0,-0.1445
0.0,-0.1445
0.0,-0.1445
0.0,-0.1445
0.0,-0.1445
0.007,-0.1325
0.007,-0.1285
0.007,-0.1245
0.007,-0.1245
0.015,-0.1245
0.015,-0.1245
0.007,-0.1245
0.0425,-0.1245
0.0425,-0.1245
0.0425,-0.1245
0.0585,-0.1215
0.0585,-0.1245
0.0425,-0.1165
0.0585,-0.1165
0.0585,-0.1125
0.0425,-0.1045
0.0425,-0.1005
0.0425,-0.0945
0.0425,-0.1005
0.0425,-0.093
0.0425,-0.093
0.0425,-0.093
0.0425,-0.093
0.0425,-0.093
0.0425,-0.093
0.0425,-0.093
0.0425,-0.093
0.0425,-0.093
0.0665,-0.093
0.086,-0.093
0.1095,-0.093
0.1095,-0.09
0.1095,-0.09
0.1095,-0.076
0.1095,-0.082
0.1095,-0.071
0.1095,-0.074
0.1095,-0.0645
0.1095,-0.0585
0.1095,-0.0435
0.1095,-0.035
0.1095,-0.035
0.1115,-0.0395
0.1205,-0.034
0.1205,-0.0365
0.1365,-0.0425
0.1365,-0.0395
0.1365,-0.031
0.1365,-0.0365
0.1485,-0.0395
0.1485,-0.031
0.1405,-0.0425
0.1405,-0.0425
0.1435,-0.0425
0.1525,-0.0395
0.1525,-0.0395
0.1525,-0.034
0.1525,-0.034
0.1525,-0.0425
0.1525,-0.0365
0.1525,-0.0395
0.1525,-0.0425
0.1525,-0.0425
0.1525,-0.0425
0.1605,-0.0425
0.1605,-0.0425
0.1605,-0.0585
0.172,-0.0585
0.172,-0.0555
0.184,-0.047
0.184,-0.05
0.184,-0.0585
0.184,-0.047
0.184,-0.0585
0.184,-0.0585
0.184,-0.0585
0.184,-0.0585
0.184,-0.0585
0.184,-0.05
0.184,-0.0555
0.184,-0.0585
0.184,-0.0525
0.184,-0.0465
0.184,-0.0465
0.184,-0.0465
0.184,-0.0465
0.184,-0.0435
0.175,-0.0465
0.167,-0.0435
0.164,-0.0465
0.164,-0.0465
0.1525,-0.0465
0.1325,-0.0465
0.1325,-0.0465
0.1325,-0.0465
0.1445,-0.0465
0.1445,-0.0465
0.125,-0.0435
0.125,-0.0465
0.125,-0.0405
0.117,-0.0465
0.117,-0.0465
0.109,-0.0465
0.109,-0.0465
0.109,-0.0435
0.109,-0.0465
0.093,-0.0405
0.093,-0.0465
0.093,-0.0465
0.093,-0.0465
0.093,-0.0465
0.093,-0.0465
0.093,-0.0465
0.093,-0.0405
0.093,-0.0465
0.093,-0.0465
0.093,-0.0435
0.093,-0.0405
0.09,-0.035
0.081,-0.035
0.081,-0.035
0.081,-0.035
0.081,-0.035
0.081,-0.035
0.081,-0.035
0.081,-0.035
0.081,-0.035
0.081,-0.035
0.0735,-0.035
0.0735,-0.035
0.0735,-0.035
0.0735,-0.035
0.0735,-0.035
0.0735,-0.035
0.0735,-0.035
0.0735,-0.035
0.0735,-0.035
0.0735,-0.031
0.0735,-0.031
0.0735,-0.031
0.0735,-0.011
0.0735,-0.011
0.0735,-0.011
0.0735,-0.011
0.0735,-0.011
0.0735,-0.011
0.0735,-0.011
0.0735,-0.011
0.0735,-0.011
0.0735,-0.011
0.0735,-0.011
0.0735,-0.011
0.0735,-0.011
0.0735,-0.011
0.0735,-0.011
0.0735,-0.011
0.0735,-0.011
0.0735,-0.011
0.0735,-0.011
0.0735,-0.011
0.0735,-0.011
0.0735,-0.011
0.0735,-0.011
0.0735,-0.011
0.0735,-0.011
0.0735,-0.011
0.0735,-0.011
0.0735,-0.011
0.0735,-0.011
0.0735,-0.0035
0.0735,-0.0035
0.0735,0.0005
0.081,0.0005
0.081,0.0005
0.081,0.0005
0.081,0.0005
0.081,0.0005
0.081,0.0005
0.081,0.0005
0.081,0.0005
0.081,0.0005
0.081,0.0045
0.081,0.0045
0.081,0.0045
0.081,0.0045
0.081,0.0045
0.081,0.0045
0.081,0.0045
0.081,0.0045
0.081,0.0045
0.081,0.0045
0.084,0.0045
0.081,0.0045
0.081,0.0045
0.081,0.0045
0.081,0.0045
0.097,0.0045
0.097,0.0045
0.097,0.0045
0.097,0.0045
0.097,0.0045
0.081,0.0045
0.081,0.0045
0.081,0.0045
0.081,0.0045
0.081,0.0045
0.081,0.0045
0.081,0.0045
0.081,0.0045
0.081,0.0045
0.081,0.0045
0.081,0.0045
0.081,0.0045
0.081,0.0045
0.081,0.0045
0.081,0.0045
0.081,0.0045
0.081,0.0045
0.081,0.0045
0.1125,0.0045
0.148,0.0045
0.148,0.0045
0.148,0.0045
0.156,0.0045
0.156,0.0045
0.156,0.0125
0.168,0.0125
0.156,0.0245
0.168,0.032
0.168,0.032
0.168,0.04
0.168,0.04
0.168,0.04
0.156,0.04
0.168,0.04
0.168,0.04
0.156,0.046
0.168,0.046
0.156,0.04
0.168,0.052
0.156,0.052
0.162,0.0405
0.165,0.0405
0.168,0.0405
0.168,0.0405
0.168,0.0405
0.168,0.0405
0.18,0.0365
0.18,0.0445
0.18,0.0365
0.168,0.0365
0.16,0.0365
0.1525,0.0365
0.1525,0.0365
0.1445,0.0365
0.1445,0.0365
0.1445,0.0365
0.1445,0.0365
0.1445,0.0365
0.1445,0.0365
0.1445,0.0365
0.1445,0.0365
0.1445,0.0365
0.1445,0.0365
0.1445,0.0365
0.1445,0.0365
0.1525,0.0365
0.1445,0.0365
0.1365,0.0365
0.1365,0.0365
0.1365,0.0365
0.1445,0.0365
0.1245,0.0365
0.1445,0.0365
0.1365,0.0365
0.1245,0.0365
0.1245,0.0365
0.117,0.0365
0.117,0.0365
0.117,0.0365
0.1245,0.0365
0.1365,0.0365
0.1245,0.0365
0.109,0.0365
0.109,0.0365
0.101,0.0365
0.109,0.0365
0.117,0.0365
0.117,0.0365
0.117,0.0365
0.1245,0.0365
0.1245,0.0365
0.109,0.0365
0.109,0.0365
0.1245,0.0365
0.1245,0.0365
0.1245,0.0365
0.1245,0.0365
0.1245,0.0365
0.1245,0.0365
0.109,0.0365
0.109,0.0365
0.109,0.0365
0.109,0.0365
0.109,0.0365
0.109,0.0365
0.109,0.0365
0.109,0.0365
0.109,0.0365
0.109,0.0365
0.109,0.0365
0.109,0.0365
0.109,0.0365
0.109,0.0365
0.109,0.0365
0.109,0.0365
0.109,0.0365
0.109,0.0365
0.109,0.0365
0.109,0.0365
0.109,0.0365
0.109,0.0365
0.109,0.0365
0.109,0.0365
0.109,0.0365
0.109,0.0365
0.109,0.0365
0.101,0.0365
0.101,0.0365
0.101,0.0365
0.101,0.0325
0.101,0.0325
0.101,0.0245
0.101,0.0205
0.101,0.0165
0.101,0.009
0.101,-0.003
0.101,-0.003
0.101,-0.007
0.101,-0.007
0.101,-0.007
0.101,-0.007
0.101,-0.007
0.101,-0.007
0.101,-0.007
0.101,-0.007
0.101,-0.007
0.101,-0.011
0.101,-0.011
0.101,-0.011
0.101,-0.011
0.101,-0.011
0.101,-0.011
0.101,-0.011
0.101,-0.008
0.101,-0.011
0.101,-0.011
0.117,-0.011
0.117,-0.011
0.117,-0.011
0.117,-0.011
0.117,-0.011
0.117,-0.011
0.117,-0.011
0.117,-0.011
0.117,-0.011
0.117,-0.011
0.101,-0.011
0.117,-0.011
0.117,-0.011
0.117,-0.011
0.101,-0.011
0.117,-0.011
0.117,-0.011
0.117,-0.011
0.117,-0.011
0.117,-0.005
0.117,-0.011
0.117,-0.008
0.117,-0.011
0.109,-0.011
0.109,-0.011
0.109,-0.011
0.109,-0.011
0.109,-0.011
0.109,-0.011
0.109,-0.011
0.109,-0.011
0.109,-0.011
0.109,-0.011
0.109,-0.011
0.109,-0.011
0.109,-0.011
0.109,-0.008
0.109,-0.011
0.109,0.005
0.109,0.005
0.109,0.005
0.109,0.005
0.117,0.005
0.0815,0.005
0.0815,-0.007
0.101,-0.0165
0.101,-0.0345
0.0575,-0.0535
0.0505,-0.0535
0.0505,-0.0535
0.0655,-0.0535
0.0505,-0.0535
0.0655,-0.0475
0.0735,-0.0535
0.0505,-0.0535
0.0655,-0.0535
0.0575,-0.0475
0.0735,-0.0535
0.0735,-0.0535
0.0575,-0.0535
0.0505,-0.0535
0.0505,-0.0535
0.0505,-0.0535
0.0505,-0.0535
0.0505,-0.0535
0.0505,-0.074
0.0505,-0.083
0.0505,-0.101
0.0505,-0.105
0.0505,-0.113
0.0505,-0.119
0.0505,-0.125
0.0505,-0.126
0.0505,-0.137
0.0505,-0.141
0.0505,-0.141
0.0505,-0.142
0.0505,-0.153
0.0505,-0.153
0.0505,-0.153
0.0505,-0.153
0.0505,-0.153
0.0505,-0.141
0.0505,-0.141
0.0505,-0.141
0.0505,-0.141
0.0505,-0.141
0.0505,-0.141
0.0505,-0.135
0.0505,-0.141
0.0505,-0.138
0.0505,-0.137
0.0505,-0.134
0.0505,-0.137
0.0505,-0.137
0.0505,-0.129
0.0505,-0.129
0.0505,-0.125
0.0505,-0.125
0.0505,-0.119
0.0505,-0.125
0.0505,-0.125
0.0505,-0.125
0.0505,-0.125
0.0505,-0.125
0.0505,-0.125
0.0505,-0.125
0.0505,-0.125
0.0505,-0.125
0.0505,-0.125
0.0505,-0.125
0.0505,-0.125
0.0505,-0.122
0.0505,-0.125
0.0505,-0.125
0.0505,-0.125
0.0505,-0.125
0.0505,-0.125
0.0505,-0.125
0.0505,-0.125
0.0505,-0.125
0.0505,-0.125
0.0505,-0.125
0.0505,-0.117
0.0505,-0.117
0.0505,-0.113
0.0505,-0.113
0.0505,-0.105
0.0505,-0.095
0.0505,-0.101
0.0505,-0.101
0.0505,-0.101
0.0505,-0.101
0.0505,-0.095
0.0505,-0.101
0.0505,-0.101
0.0505,-0.101
0.0505,-0.101
0.0505,-0.101
0.0505,-0.101
0.0505,-0.101
0.0505,-0.101
0.0505,-0.098
0.0505,-0.093
0.0505,-0.093
0.0505,-0.093
0.0505,-0.089
0.0505,-0.085
0.0505,-0.085
0.0505,-0.082
0.0505,-0.077
0.0505,-0.071
0.0415,-0.077
0.031,-0.077
0.031,-0.077
0.019,-0.077
0.019,-0.077
0.019,-0.077
0.019,-0.073
0.019,-0.065
0.011,-0.065
0.0,-0.062
0.0,-0.065
0.0,-0.065
0.0,-0.061
0.0,-0.061
0.0,-0.073
0.0,-0.073
0.0,-0.073
0.0,-0.073
0.0,-0.061
0.0,-0.061
0.0,-0.058
0.0,-0.061
0.0,-0.0535
0.0,-0.0535
0.0,-0.0535
0.0,-0.0475
0.0,-0.0535
0.0,-0.0535
0.0,-0.0535
0.0,-0.0535
0.0,-0.0535
0.0,-0.0535
0.0,-0.0535
0.0,-0.0535
0.0,-0.0535
0.0,-0.0535
0.0,-0.0535
0.0,-0.0505
0.0,-0.0345
0.0,-0.0225
0.0,-0.007
0.0,-0.003
0.0,-0.003
0.0,-0.003
0.0,0.005
-0.0035,0.005
-0.0115,0.014
-0.0115,0.015
-0.0035,0.0325
-0.0035,0.0485
-0.0035,0.064
-0.0035,0.064
0.0,0.076
0.031,0.076
0.094,0.076
0.1175,0.076
0.1375,0.076
0.1375,0.076
0.1375,0.076
0.145,0.076
0.145,0.076
0.145,0.076
0.145,0.076
0.145,0.076
0.145,0.076
0.145,0.076
0.145,0.076
0.145,0.076
0.145,0.08
0.145,0.08
0.145,0.08
0.145,0.08
0.145,0.08
0.1295,0.08
0.1295,0.08
0.1295,0.08
0.1295,0.08
0.1295,0.08
0.145,0.08
0.145,0.08
0.1375,0.08
0.1375,0.08
0.1375,0.08
0.1375,0.08
0.1375,0.08
0.145,0.08
0.145,0.08
0.153,0.08
0.1375,0.08
0.161,0.08
0.1375,0.08
0.145,0.08
0.145,0.08
0.161,0.08
0.161,0.08
0.161,0.08
0.161,0.08
0.161,0.08
0.161,0.08
0.161,0.08
0.161,0.08
0.161,0.08
0.161,0.08
0.161,0.08
0.161,0.08
0.161,0.08
0.161,0.08
0.161,0.08
0.161,0.08
0.161,0.088
0.161,0.092
0.161,0.1035
0.161,0.1075
0.166,0.1155
0.163,0.1195
0.161,0.1195
0.161,0.1195
0.169,0.1275
0.161,0.1275
0.161,0.1275
0.161,0.1315
0.161,0.1315
0.161,0.1315
0.163,0.1315
0.166,0.1315
0.161,0.135
0.161,0.143
0.172,0.143
0.172,0.155
0.172,0.155
0.172,0.159
0.192,0.159
0.192,0.159
0.1955,0.163
0.1995,0.163
0.1995,0.163
0.1995,0.163
0.2115,0.159
0.2135,0.1705
0.2195,0.1825
0.2195,0.1865
0.2255,0.1905
0.243,0.206
0.243,0.214
0.251,0.218
0.2645,0.206
0.2705,0.206
0.2905,0.206
0.2905,0.206
0.2905,0.206
0.2905,0.206
0.2905,0.206
0.2905,0.206
0.2905,0.206
0.2905,0.206
0.2905,0.206
0.2905,0.206
0.2905,0.206
0.2935,0.206
0.2905,0.206
0.2905,0.218
0.2905,0.23
0.2905,0.2455
0.2905,0.2535
0.2905,0.2695
0.2905,0.281
0.2905,0.281
0.2905,0.281
0.2935,0.281
0.2905,0.281
0.2905,0.281
0.2905,0.281
0.2905,0.281
0.2905,0.2695
0.2995,0.2695
0.302,0.2695
0.302,0.2695
0.302,0.2695
0.302,0.2695
0.302,0.2695
0.31,0.2695
0.31,0.2695
0.31,0.2695
0.31,0.2695
0.31,0.2695
0.31,0.2695
0.31,0.2695
0.31,0.2695
0.31,0.2695
0.31,0.2695
0.31,0.2695
0.2905,0.2695
0.2845,0.2695
0.2825,0.2695
0.2825,0.2695
0.2825,0.2695
0.2705,0.2695
0.263,0.2695
0.263,0.2615
0.263,0.2615
0.263,0.2615
0.263,0.2615
0.263,0.2695
0.251,0.2575
0.251,0.2455
0.235,0.2455
0.2155,0.242
0.1935,0.242
0.1875,0.242
0.172,0.234
0.1875,0.234
0.1935,0.226
0.172,0.206
0.172,0.1865
0.164,0.1865
0.164,0.1825
0.164,0.1745
0.1365,0.1745
0.144,0.1705
0.1125,0.163
0.1365,0.163
0.1365,0.155
0.1285,0.147
0.1285,0.135
0.1205,0.135
0.101,0.1275
0.101,0.1195
0.1205,0.1155
0.1285,0.1075
0.1285,0.0995
0.1365,0.0995
0.125,0.088
0.125,0.08
0.101,0.076
0.109,0.072
0.109,0.0565
0.109,0.0365
0.109,0.0325
0.109,0.0285
0.109,0.0285
0.109,0.021
0.117,0.021
0.117,0.021
0.117,0.021
0.117,0.021
0.117,0.021
0.117,0.021
0.117,0.021
0.117,0.021
0.117,0.021
0.117,0.021
0.117,0.021
0.117,0.021
0.117,0.021
0.117,0.021
0.117,0.021
0.117,0.021
0.117,0.021
0.1245,0.0325
0.1245,0.0325
0.1245,0.0325
0.1245,0.0325
0.1245,0.0325
0.1245,0.0325
0.1245,0.0325
0.1245,0.0325
0.1245,0.0325
0.1245,0.0325
0.1245,0.0325
0.1245,0.0325
0.1245,0.0325
0.1245,0.0325
0.1245,0.0325
0.1245,0.0325
0.1365,0.0325
0.1365,0.0325
0.1365,0.0325
0.1445,0.0325
0.1365,0.0325
0.1445,0.0325
0.1445,0.0365
0.1445,0.0445
0.1445,0.0445
0.1445,0.0445
0.1445,0.0445
0.1445,0.0485
0.1445,0.0485
0.1445,0.0565
0.1445,0.0565
0.1445,0.0565
0.1445,0.0565
0.1445,0.0565
0.1325,0.07
0.1325,0.064
0.1325,0.073
0.1325,0.064
0.1325,0.08
0.1325,0.08
0.1325,0.08
0.1325,0.08
0.1325,0.08
0.1325,0.08
0.1385,0.08
0.1325,0.08
0.1355,0.08
0.1415,0.08
0.1355,0.08
0.1385,0.0915
0.1445,0.0915
0.1325,0.0915
0.16,0.0915
0.154,0.0915
0.156,0.0915
0.168,0.0915
0.177,0.0915
0.165,0.0915
0.168,0.0915
0.18,0.0915
0.188,0.0915
0.188,0.0915
0.188,0.0915
0.1955,0.0915
0.1955,0.0915
0.1955,0.0915
0.1955,0.0915
0.1955,0.0795
0.1955,0.0715
0.1955,0.0715
0.1955,0.0775
0.1955,0.0715
0.1955,0.0715
0.1955,0.0715
0.2035,0.0715
0.2035,0.0715
0.2035,0.064
0.2035,0.064
0.2035,0.064
0.2035,0.064
0.2035,0.064
0.2035,0.064
0.2035,0.064
0.2035,0.052
0.2035,0.064
0.2035,0.055
0.2035,0.058
0.2035,0.064
0.2035,0.064
0.2035,0.055
0.2035,0.055
0.2035,0.058
0.2035,0.052
0.2035,0.052
0.2035,0.052
0.2035,0.052
0.2035,0.052
0.2035,0.052
0.2035,0.052
0.2035,0.044
0.2035,0.044
0.2035,0.044
0.2035,0.044
0.2035,0.044
0.2035,0.044
0.188,0.044
0.176,0.044
0.188,0.044
0.176,0.044
0.176,0.044
0.168,0.044
0.168,0.044
0.168,0.044
0.168,0.044
0.168,0.044
0.168,0.044
0.168,0.044
0.168,0.044
0.168,0.044
0.168,0.044
0.168,0.044
0.168,0.044
0.168,0.044
0.168,0.044
0.168,0.044
0.168,0.044
0.1605,0.044
0.1605,0.044
0.1605,0.044
0.1605,0.044
0.1605,0.044
0.1605,0.044
0.1605,0.044
0.1605,0.044
0.1605,0.044
0.1605,0.044
0.1605,0.044
0.1605,0.044
0.1605,0.044
0.1605,0.044
0.1605,0.044
0.1605,0.044
0.1605,0.044
0.1605,0.044
0.1665,0.044
0.1605,0.044
0.1605,0.044
0.1605,0.044
0.1605,0.044
0.1605,0.044
0.1605,0.049
0.1605,0.052
0.1605,0.052
0.1605,0.052
0.1605,0.052
0.1605,0.052
0.1665,0.052
0.1605,0.052
0.1605,0.052
0.1605,0.052
0.1605,0.052
0.172,0.052
0.1635,0.052
0.1695,0.052
0.1605,0.055
0.1605,0.052
0.1605,0.052
0.1605,0.052
0.1635,0.052
0.1605,0.052
0.1605,0.052
0.1605,0.052
0.1605,0.052
0.1605,0.044
0.1605,0.044
0.1605,0.044
0.1605,0.044
0.1605,0.044
0.1605,0.044
0.1605,0.044
0.1605,0.044
0.1605,0.044
0.1605,0.032
0.1605,0.032
0.1605,0.032
0.1605,0.032
0.1605,0.032
0.1665,0.032
0.1605,0.032
0.1605,0.032
0.1605,0.032
0.1605,0.032
0.1605,0.032
0.1605,0.032
0.1605,0.032
0.1605,0.032
0.1605,0.032
0.1665,0.032
0.1605,0.032
0.1605,0.032
0.1605,0.032
0.172,0.035
0.1695,0.032
0.172,0.038
0.1605,0.032
0.1605,0.032
0.1605,0.032
0.1605,0.032
0.1605,0.032
0.1635,0.032
0.1605,0.035
0.1665,0.032
0.1605,0.032
0.1605,0.032
0.1605,0.032
0.1605,0.032
0.1605,0.032
0.1605,0.032
0.1605,0.032
0.1605,0.032
0.1525,0.032
0.1525,0.038
0.1525,0.032
0.1525,0.032
0.1525,0.032
0.1405,0.032
0.1405,0.032
0.1345,0.032
0.133,0.032
0.133,0.032
0.121,0.032
0.121,0.032
0.121,0.032
0.121,0.032
0.121,0.032
0.119,0.032
0.113,0.032
0.113,0.038
0.113,0.032
0.113,0.032
0.113,0.032
0.113,0.032
0.113,0.038
0.113,0.035
0.102,0.032
0.102,0.032
0.102,0.032
0.102,0.035
0.102,0.032
0.102,0.035
0.102,0.032
0.102,0.032
0.086,0.0165
0.0665,0.0005
0.023,-0.012
0.007,-0.015
0.0,-0.009
0.015,-0.023
0.015,-0.02
0.015,-0.023
0.015,-0.02
0.015,-0.017
0.0,-0.023
0.015,-0.02
0.0,-0.02
0.0,-0.023
0.0,-0.023
0.0,-0.02
0.0,-0.023
0.0,-0.023
0.0,-0.023
0.0,0.001
0.0,-0.011
0.0,-0.011
0.0,-0.011
0.0,-0.011
0.0,-0.011
0.0,-0.011
0.0,-0.011
0.0,-0.011
0.0,-0.011
0.0,0.0035
-0.0115,0.0075
-0.0115,0.0125
-0.0115,0.0245
-0.0115,0.035
-0.0115,0.047
0.0,0.048
0.0,0.056
-0.0115,0.0705
-0.0115,0.0755
-0.0155,0.0955
-0.0115,0.0995
0.0,0.112
-0.0115,0.103
-0.0115,0.12
-0.0035,0.111
-0.0035,0.114
-0.0115,0.111
-0.0115,0.1055
-0.0035,0.1055
-0.0115,0.0995
-0.0235,0.0995
-0.0115,0.1085
-0.0155,0.0995
-0.0155,0.1085
-0.0115,0.1055
-0.0235,0.1025
-0.0275,0.0955
-0.0275,0.0955
-0.0275,0.1015
-0.0275,0.1045
-0.0235,0.0955
-0.0355,0.0955
-0.0355,0.0955
-0.0355,0.0875
-0.0355,0.0935
-0.0355,0.0875
-0.0235,0.0875
-0.0235,0.0875
-0.0235,0.0875
-0.0235,0.0905
-0.0235,0.0895
-0.0235,0.0835
-0.0235,0.0925
-0.0235,0.0865
-0.0235,0.0835
-0.0235,0.0835
-0.0235,0.0925
-0.0235,0.0835
-0.0235,0.0895
-0.0235,0.0875
-0.0235,0.0875
-0.0235,0.0875
-0.0235,0.0875
-0.0235,0.0875
-0.0235,0.0875
-0.0235,0.0875
-0.0235,0.0875
-0.0235,0.0875
-0.0125,0.0875
-0.0245,0.0875
-0.0245,0.0875
-0.0325,0.0875
-0.0205,0.0875
-0.0445,0.0835
-0.0565,0.0835
-0.0445,0.0835
-0.0445,0.0835
-0.0445,0.0795
-0.0445,0.072
-0.0445,0.068
-0.0445,0.068
-0.0445,0.068
-0.0445,0.068
-0.0445,0.068
-0.0445,0.068
-0.0445,0.068
-0.0445,0.068
-0.0445,0.068
-0.0445,0.068
-0.0445,0.068
-0.0445,0.068
-0.0445,0.068
-0.0445,0.068
-0.0385,0.068
-0.0445,0.068
-0.0445,0.068
-0.0445,0.068
-0.0445,0.068
-0.0445,0.068
-0.0445,0.068
-0.0445,0.068
-0.0445,0.068
-0.0445,0.068
-0.0385,0.068
-0.0445,0.068
-0.0445,0.068
-0.0355,0.068
-0.0415,0.068
-0.0415,0.068
-0.0385,0.068
-0.0325,0.068
-0.0325,0.068
-0.0325,0.068
-0.0325,0.068
-0.0325,0.068
-0.0325,0.068
-0.0355,0.068
-0.0355,0.068
-0.0385,0.068
-0.0325,0.068
-0.0325,0.068
-0.0355,0.068
-0.0325,0.068
-0.0325,0.068
-0.0325,0.068
-0.0325,0.068
-0.0325,0.068
-0.0325,0.068
-0.0325,0.068
-0.0325,0.068
-0.0325,0.068
-0.0325,0.068
-0.0325,0.068
-0.0325,0.068
-0.0325,0.068
-0.0325,0.068
-0.0325,0.068
-0.0325,0.068
-0.0325,0.068
-0.0325,0.068
-0.0325,0.068
-0.0325,0.068
-0.0325,0.068
-0.0325,0.068
-0.0325,0.068
-0.0325,0.068
-0.0325,0.068
-0.0325,0.068
-0.0325,0.06
-0.0325,0.06
-0.0325,0.06
-0.0325,0.06
-0.0325,0.06
-0.0325,0.056
-0.0325,0.056
-0.0325,0.056
-0.0325,0.056
-0.019,0.056
-0.025,0.056
-0.025,0.052
-0.025,0.052
-0.025,0.052
-0.022,0.052
-0.013,0.052
-0.016,0.066
-0.025,0.06
-0.013,0.066
-0.013,0.06
-0.013,0.063
-0.013,0.06
-0.013,0.06
-0.013,0.06
-0.013,0.06
-0.013,0.06
-0.013,0.06
-0.013,0.06
-0.013,0.06
-0.013,0.06
-0.013,0.06
-0.013,0.06
-0.013,0.06
-0.013,0.06
-0.013,0.066
-0.013,0.06
-0.013,0.06
-0.013,0.06
-0.013,0.06
-0.013,0.06
-0.013,0.06
-0.013,0.06
-0.013,0.06
-0.013,0.06
-0.013,0.06
-0.013,0.06
-0.013,0.06
-0.013,0.06
-0.013,0.06
-0.013,0.06
-0.013,0.06
-0.013,0.06
-0.013,0.06
-0.013,0.06
-0.013,0.06
-0.013,0.06
-0.013,0.06
-0.013,0.06
-0.013,0.06
-0.013,0.06
-0.013,0.06
-0.013,0.06
-0.013,0.06
-0.013,0.066
-0.013,0.06
-0.013,0.063
-0.013,0.06
-0.013,0.063
-0.013,0.06
-0.013,0.06
-0.013,0.06
-0.013,0.06
-0.013,0.06
-0.013,0.06
-0.013,0.06
-0.013,0.06
-0.013,0.06
-0.013,0.06
-0.013,0.06
-0.013,0.06
-0.013,0.06
-0.013,0.06
-0.013,0.06
-0.013,0.06
-0.013,0.06
-0.013,0.06
-0.013,0.06
-0.013,0.06
-0.013,0.06
-0.013,0.06
-0.013,0.06
-0.013,0.06
-0.013,0.06
-0.013,0.06
-0.013,0.06
-0.013,0.06
-0.013,0.06
-0.013,0.06
-0.013,0.06
-0.013,0.06
-0.013,0.06
-0.013,0.06
-0.025,0.06
-0.0325,0.06
-0.0325,0.06
-0.0325,0.06
-0.0445,0.06
-0.0415,0.06
-0.0445,0.06
-0.0445,0.06
-0.0445,0.06
-0.0445,0.06
-0.0525,0.06
-0.0525,0.06
-0.0635,0.06
-0.0635,0.06
-0.0635,0.06
-0.0635,0.06
-0.0635,0.06
-0.0635,0.06
-0.0635,0.06
-0.0635,0.066
-0.0635,0.06
-0.0635,0.06
-0.0635,0.06
-0.0635,0.066
-0.0635,0.06
-0.0635,0.06
-0.0635,0.06
-0.0635,0.06
-0.0635,0.06
-0.0595,0.06
-0.0515,0.06
-0.0515,0.06
-0.0515,0.06
-0.0515,0.06
-0.0515,0.06
-0.0635,0.06
-0.0515,0.06
-0.0515,0.066
-0.0515,0.06
-0.0475,0.06
-0.0475,0.06
-0.0475,0.06
-0.0475,0.06
-0.0475,0.06
-0.0475,0.06
-0.0475,0.06
-0.0475,0.06
-0.0475,0.06
-0.0475,0.066
-0.0475,0.06
-0.0475,0.06
-0.0475,0.06
-0.0475,0.06
-0.0475,0.06
-0.0475,0.06
-0.0395,0.06
-0.0515,0.06
-0.0515,0.06
-0.0515,0.06
-0.0515,0.06
-0.0515,0.06
-0.0515,0.06
-0.0515,0.06
-0.0515,0.06
-0.0515,0.06
-0.0515,0.06
-0.0515,0.06
-0.0515,0.06
-0.0515,0.06
-0.0515,0.06
-0.0515,0.06
-0.0515,0.06
-0.0515,0.06
-0.0515,0.06
-0.0515,0.06
-0.0515,0.063
-0.0515,0.06
-0.0515,0.06
-0.0515,0.06
-0.0515,0.06
-0.0515,0.06
-0.0515,0.06
-0.0515,0.06
-0.0515,0.06
-0.0595,0.06
-0.0635,0.06
-0.0635,0.06
-0.0635,0.06
-0.0635,0.06
-0.0635,0.06
-0.0635,0.06
-0.0635,0.066
-0.0635,0.06
-0.0635,0.06
-0.0635,0.06
-0.0635,0.06
-0.0635,0.06
-0.0635,0.06
-0.0635,0.06
-0.0635,0.06
-0.0635,0.06
-0.0635,0.06
-0.0635,0.06
-0.0635,0.06
-0.0635,0.063
-0.0635,0.06
-0.0635,0.06
-0.0635,0.06
-0.0635,0.06
-0.0635,0.06
-0.0635,0.06
-0.0635,0.06
-0.0635,0.06
-0.0635,0.06
-0.0635,0.06
-0.0635,0.06
-0.0635,0.06
-0.0635,0.06
-0.0635,0.06
-0.0635,0.06
-0.0635,0.06
-0.0635,0.06
-0.0635,0.06
-0.0715,0.06
-0.0715,0.06
-0.0715,0.066
-0.0715,0.06
-0.0755,0.06
-0.0755,0.06
-0.0755,0.06
-0.0755,0.06
-0.0755,0.06
-0.0755,0.06
-0.0755,0.06
-0.0755,0.06
-0.0755,0.06
-0.0755,0.06
-0.0755,0.06
-0.0755,0.06
-0.0755,0.06
-0.0755,0.06
-0.0755,0.06
-0.0755,0.06
-0.0755,0.06
-0.0755,0.06
-0.0755,0.06
-0.0755,0.06
-0.0755,0.06
-0.0755,0.052
-0.0755,0.052
-0.0755,0.052
-0.0755,0.052
-0.0755,0.058
-0.0755,0.052
-0.0755,0.052
-0.0755,0.052
-0.0755,0.055
-0.0755,0.052
-0.0755,0.052
-0.0755,0.052
-0.0755,0.052
-0.0755,0.052
-0.0755,0.052
-0.0755,0.052
-0.0755,0.052
-0.0755,0.052
-0.0755,0.052
-0.0755,0.052
-0.0755,0.052
-0.0755,0.052
-0.0755,0.052
-0.0755,0.044
-0.0755,0.044
-0.0755,0.044
-0.0755,0.044
-0.0755,0.032
-0.0755,0.032
-0.0755,0.032
-0.0755,0.032
-0.0755,0.024
-0.0755,0.024
-0.0755,0.024
-0.0755,0.024
-0.0755,0.024
-0.0755,0.024
-0.0755,0.0155
-0.0755,0.021
-0.0755,0.0125
-0.0755,0.0185
-0.0755,0.0125
-0.0755,0.024
-0.0755,0.0125
-0.0755,0.0125
-0.0755,0.0125
-0.0755,0.0125
-0.0755,0.0125
-0.0755,0.0005
-0.0755,0.0005
-0.0755,-0.0275
-0.0755,-0.0275
-0.0755,-0.0275
-0.0755,-0.0275
-0.0755,-0.033
-0.0755,-0.039
-0.0755,-0.039
-0.0755,-0.039
-0.0755,-0.039
-0.0755,-0.039
-0.0755,-0.039
-0.0755,-0.039
-0.0755,-0.039
-0.0755,-0.039
-0.0755,-0.039
-0.0755,-0.039
-0.0755,-0.039
-0.0755,-0.039
-0.0755,-0.039
-0.0755,-0.039
-0.0755,-0.039
-0.0755,-0.039
-0.0755,-0.039
-0.0755,-0.039
-0.0755,-0.039
-0.0755,-0.039
-0.0755,-0.039
-0.0755,-0.039
-0.0755,-0.039
-0.0755,-0.039
-0.0755,-0.039
-0.0755,-0.039
-0.0755,-0.039
-0.0755,-0.039
-0.0755,-0.039
-0.0755,-0.039
-0.0755,-0.039
-0.0755,-0.039
-0.0755,-0.047
-0.0755,-0.047
-0.0755,-0.047
-0.0755,-0.047
-0.0755,-0.047
-0.0755,-0.047
-0.0755,-0.047
-0.0755,-0.047
-0.0755,-0.047
-0.0755,-0.047
-0.0755,-0.047
-0.0755,-0.047
-0.0755,-0.047
-0.0755,-0.047
-0.0755,-0.047
-0.0755,-0.047
-0.0755,-0.047
-0.0755,-0.047
-0.0755,-0.047
-0.0755,-0.047
-0.0755,-0.047
-0.0755,-0.047
-0.0755,-0.047
-0.0755,-0.047
-0.0755,-0.047
-0.0755,-0.047
-0.0755,-0.047
-0.0755,-0.047
-0.0755,-0.047
-0.0755,-0.047
-0.0755,-0.047
-0.0755,-0.047
-0.0755,-0.047
-0.0755,-0.047
-0.0755,-0.047
-0.0705,-0.047
-0.0755,-0.059
-0.0755,-0.059
-0.0755,-0.067
-0.0755,-0.067
-0.0755,-0.067
-0.0755,-0.067
-0.0755,-0.067
-0.0755,-0.067
-0.0755,-0.067
-0.0755,-0.067
-0.0755,-0.067
-0.0755,-0.067
-0.0755,-0.067
-0.0755,-0.067
-0.0755,-0.067
-0.0755,-0.067
-0.0755,-0.067
-0.0735,-0.067
-0.0755,-0.067
-0.0705,-0.067
-0.0755,-0.067
-0.0755,-0.067
-0.0755,-0.067
-0.0755,-0.067
-0.0755,-0.067
-0.0755,-0.067
-0.0755,-0.067
-0.0755,-0.067
-0.0755,-0.067
-0.0755,-0.067
-0.0755,-0.067
-0.0755,-0.067
-0.0755,-0.067
-0.0755,-0.067
-0.0755,-0.067
-0.0755,-0.067
-0.0755,-0.067
-0.0755,-0.067
-0.0755,-0.067
-0.0755,-0.067
-0.0755,-0.067
-0.0755,-0.0755
-0.0755,-0.073
-0.0755,-0.073
-0.0755,-0.073
-0.0755,-0.067
-0.0755,-0.067
-0.0755,-0.0755
-0.0755,-0.067
-0.0755,-0.067
-0.0755,-0.067
-0.0755,-0.067
-0.0755,-0.067
-0.0755,-0.067
-0.0755,-0.067
-0.0755,-0.067
-0.0755,-0.067
-0.0755,-0.067
-0.0755,-0.0785
-0.0755,-0.0785
-0.0755,-0.0755
-0.0755,-0.0785
-0.0755,-0.0785
-0.0755,-0.073
-0.0755,-0.0785
-0.0755,-0.0785
-0.0755,-0.0785
-0.0755,-0.073
-0.0755,-0.0785
-0.0755,-0.0785
-0.0755,-0.0785
-0.0755,-0.073
-0.0755,-0.0785
-0.0755,-0.0785
-0.0755,-0.0785
-0.0755,-0.0785
-0.0755,-0.0785
-0.0755,-0.0785
-0.0755,-0.0785
-0.0755,-0.0785
-0.0755,-0.0785
-0.0755,-0.0785
-0.0755,-0.0785
-0.0755,-0.0785
-0.0705,-0.0785
-0.0755,-0.0785
-0.0755,-0.073
-0.0755,-0.0785
-0.0755,-0.0785
-0.0755,-0.0785
-0.0755,-0.0785
-0.0755,-0.0785
-0.0755,-0.0785
-0.0755,-0.0785
-0.0755,-0.0785
-0.0755,-0.0785
-0.0755,-0.0785
-0.0755,-0.0785
-0.0755,-0.0785
-0.0755,-0.0785
-0.0755,-0.0785
-0.0755,-0.0785
-0.0755,-0.0785
-0.0755,-0.0785
-0.0755,-0.0785
-0.0755,-0.0785
-0.0755,-0.0785
-0.0755,-0.0785
-0.0755,-0.0785
-0.0755,-0.0785
-0.0755,-0.0665
-0.0755,-0.0665
-0.0755,-0.0665
-0.0755,-0.0665
-0.0755,-0.0665
-0.0755,-0.0665
-0.0755,-0.0665
-0.0635,-0.0665
-0.0595,-0.0665
-0.0515,-0.0665
-0.0475,-0.0665
-0.0515,-0.0665
-0.0355,-0.0665
-0.0275,-0.0665
-0.0275,-0.0665
-0.0275,-0.0665
-0.0275,-0.0665
-0.0275,-0.0665
-0.0275,-0.0665
-0.0275,-0.0665
-0.0275,-0.0665
-0.0275,-0.0665
-0.0275,-0.0665
-0.0275,-0.0665
-0.0275,-0.0665
-0.0255,-0.0665
-0.0275,-0.0665
-0.0275,-0.0665
-0.0275,-0.0665
-0.0275,-0.0665
-0.0275,-0.0665
-0.0275,-0.0665
-0.0275,-0.0665
-0.0275,-0.0785
-0.0275,-0.082
-0.0275,-0.079
-0.0275,-0.086
-0.0275,-0.086
-0.0275,-0.086
-0.0275,-0.094
-0.0275,-0.094
-0.0275,-0.098
-0.0275,-0.106
-0.0275,-0.11
-0.0225,-0.111
-0.0275,-0.114
-0.0275,-0.114
-0.0275,-0.1215
-0.0275,-0.1215
-0.0275,-0.1255
-0.0275,-0.1375
-0.0275,-0.144
-0.0275,-0.1555
-0.0275,-0.1565
-0.0275,-0.1565
-0.0275,-0.1575
-0.0275,-0.1575
-0.0275,-0.1605
-0.0275,-0.1575
-0.0275,-0.1575
-0.0255,-0.1655
-0.0275,-0.1655
-0.0225,-0.1695
-0.0275,-0.1695
-0.0275,-0.1725
-0.0275,-0.1725
-0.0275,-0.1725
-0.0275,-0.1725
-0.0275,-0.1725
-0.0275,-0.1725
-0.0275,-0.1725
-0.0225,-0.1725
-0.0275,-0.1725
-0.0275,-0.1725
-0.0275,-0.1725
-0.0275,-0.1725
-0.0275,-0.1725
-0.0255,-0.1725
-0.0275,-0.1725
-0.0275,-0.1725
-0.0275,-0.1725
-0.0275,-0.1725
-0.0275,-0.1725
-0.0275,-0.18
-0.0225,-0.18
-0.0275,-0.184
-0.0275,-0.184
-0.0275,-0.184
-0.0275,-0.192
-0.0275,-0.196
-0.0255,-0.204
-0.0275,-0.208
-0.0275,-0.212
-0.0275,-0.22
-0.0275,-0.224
-0.0275,-0.232
-0.0275,-0.232
-0.0275,-0.232
-0.0275,-0.232
-0.0275,-0.232
-0.0275,-0.232
-0.0275,-0.232
-0.0275,-0.232
-0.0275,-0.22
-0.0275,-0.22
-0.0275,-0.22
-0.0275,-0.22
-0.0225,-0.204
-0.0275,-0.204
-0.0275,-0.204
-0.0275,-0.196
-0.0275,-0.196
-0.0275,-0.196
-0.0275,-0.196
-0.0275,-0.196
-0.0255,-0.196
-0.0275,-0.196
-0.0275,-0.196
-0.0225,-0.196
-0.0275,-0.196
-0.0275,-0.196
-0.0255,-0.196
-0.0275,-0.196
-0.0395,-0.196
-0.0395,-0.196
-0.0395,-0.196
-0.0515,-0.196
-0.0515,-0.196
-0.0515,-0.192
-0.0515,-0.192
-0.0515,-0.192
-0.0515,-0.192
-0.0515,-0.192
-0.0515,-0.192
-0.0515,-0.192
-0.0515,-0.192
-0.0465,-0.192
-0.0405,-0.192
-0.0495,-0.192
-0.0435,-0.192
-0.0405,-0.192
-0.0495,-0.192
-0.0515,-0.192
-0.0405,-0.192
-0.0495,-0.192
-0.0405,-0.192
-0.0515,-0.184
-0.0595,-0.1725
-0.0575,-0.1725
-0.0595,-0.1655
-0.0595,-0.1575
-0.0485,-0.1495
-0.0595,-0.1495
-0.0595,-0.1495
-0.0595,-0.1495
-0.0595,-0.1495
-0.0595,-0.1495
-0.0595,-0.1495
-0.0595,-0.1495
-0.0595,-0.1495
-0.0595,-0.1655
-0.0595,-0.1655
-0.0595,-0.1655
-0.0595,-0.1655
-0.0595,-0.1655
-0.0635,-0.1655
-0.0635,-0.1655
-0.0635,-0.1655
-0.0635,-0.1655
-0.0635,-0.1655
-0.0635,-0.1655
-0.0635,-0.1655
-0.0635,-0.1655
-0.0635,-0.1655
-0.0635,-0.1655
-0.0635,-0.1655
-0.0635,-0.1655
-0.0635,-0.1655
-0.0635,-0.1655
-0.0635,-0.1655
-0.0635,-0.1655
-0.0635,-0.1655
-0.0635,-0.1655
-0.0635,-0.1695
-0.0635,-0.1695
-0.0635,-0.1695
-0.0635,-0.1695
-0.0635,-0.1695
-0.0635,-0.1695
-0.0635,-0.1695
-0.0635,-0.1695
-0.0635,-0.1695
-0.0635,-0.1695
-0.0635,-0.1695
-0.0635,-0.1695
-0.0635,-0.1695
-0.0635,-0.1695
-0.0635,-0.1695
-0.0635,-0.1695
-0.0635,-0.1695
-0.0635,-0.1695
-0.0635,-0.1695
-0.0635,-0.1695
-0.0635,-0.1695
-0.0635,-0.1695
-0.0635,-0.1695
-0.0635,-0.1695
-0.0635,-0.1695
-0.0635,-0.1695
-0.0515,-0.1695
-0.0475,-0.1695
-0.0395,-0.1695
-0.0355,-0.1695
-0.0155,-0.1695
-0.0155,-0.1695
-0.0155,-0.1695
-0.0155,-0.1695
-0.0035,-0.1695
0.0,-0.1695
-0.0115,-0.1695
0.0,-0.1725
0.0,-0.181
0.0,-0.181
0.0,-0.181
0.0,-0.181
0.0,-0.181
0.0,-0.181
0.0,-0.1695
0.0,-0.181
0.0,-0.181
0.0,-0.181
0.0,-0.181
0.0,-0.181
0.0,-0.181
0.0,-0.181
-0.0035,-0.181
-0.0035,-0.178
-0.0035,-0.181
-0.0035,-0.181
-0.0035,-0.181
-0.0035,-0.181
-0.0035,-0.181
-0.0035,-0.181
-0.0115,-0.181
-0.0115,-0.181
-0.0115,-0.181
-0.0115,-0.181
-0.0155,-0.181
-0.0155,-0.181
-0.0155,-0.169
-0.0155,-0.153
-0.0235,-0.1375
-0.0235,-0.1375
-0.0235,-0.1335
-0.0275,-0.1255
-0.0275,-0.1255
-0.0275,-0.1295
-0.0275,-0.1295
-0.0275,-0.1295
-0.0275,-0.1415
-0.0275,-0.1415
-0.0275,-0.1415
-0.0355,-0.1415
-0.0355,-0.1415
-0.0355,-0.1415
-0.0355,-0.1415
-0.0355,-0.1415
-0.0355,-0.1415
-0.0235,-0.1415
-0.0235,-0.1415
-0.0235,-0.1415
-0.0235,-0.1415
-0.0235,-0.122
-0.0235,-0.118
-0.0475,-0.114
-0.0475,-0.114
-0.0515,-0.114
-0.0595,-0.114
-0.0635,-0.114
-0.0715,-0.114
-0.0715,-0.114
-0.0715,-0.0945
-0.0755,-0.0945
-0.0755,-0.0945
-0.0755,-0.0865
-0.0755,-0.0745
-0.0835,-0.0665
-0.0835,-0.0665
-0.0835,-0.0665
-0.0835,-0.0545
-0.0835,-0.0505
-0.0835,-0.0505
-0.0835,-0.0505
-0.0835,-0.0505
-0.0835,-0.0425
-0.0835,-0.0425
-0.0835,-0.0425
-0.0835,-0.0545
-0.0835,-0.0545
-0.0835,-0.0545
-0.0835,-0.0485
-0.0835,-0.0515
-0.0835,-0.043
-0.0835,-0.043
-0.0835,-0.043
-0.0835,-0.0485
-0.0835,-0.043
-0.0835,-0.043
-0.0835,-0.043
-0.0835,-0.043
-0.0835,-0.043
-0.0835,-0.043
-0.0835,-0.043
-0.0835,-0.043
-0.0835,-0.043
-0.0835,-0.043
-0.0835,-0.043
-0.0835,-0.043
-0.0835,-0.043
-0.0835,-0.043
-0.0835,-0.043
-0.0835,-0.043
-0.0835,-0.043
-0.0835,-0.043
-0.0835,-0.043
-0.0835,-0.043
-0.0835,-0.043
-0.0835,-0.043
-0.0835,-0.043
-0.0835,-0.038
-0.0835,-0.026
-0.0835,-0.023
-0.0835,-0.023
-0.0835,-0.015
-0.0835,-0.011
-0.0835,-0.0075
-0.0875,0.0045
-0.0875,0.0165
-0.0875,0.0165
-0.0875,0.0165
-0.0875,0.0165
-0.0875,0.0205
-0.0875,0.0205
-0.0875,0.0205
-0.0875,0.0205
-0.0955,0.0205
-0.0955,0.0205
-0.0955,0.0205
-0.0955,0.0205
-0.0835,0.0205
-0.0955,0.0205
-0.0955,0.0205
-0.0955,0.028
-0.0955,0.028
-0.0955,0.028
-0.0955,0.028
-0.0955,0.028
-0.0995,0.028
-0.0995,0.028
-0.0995,0.028
-0.1075,0.028
-0.1075,0.028
-0.1075,0.028
-0.1075,0.028
-0.1075,0.028
-0.0995,0.028
-0.0995,0.028
-0.0995,0.028
-0.0995,0.0165
-0.0995,0.0165
-0.0995,0.0165
-0.0995,0.0165
-0.0995,0.0165
-0.0995,0.0165
-0.0995,0.0165
-0.0995,0.0165
-0.0995,0.0075
-0.0995,0.0045
-0.0995,0.0045
-0.0995,-0.0015
-0.0995,-0.0035
-0.0995,-0.0035
-0.0995,-0.0035
-0.0995,-0.0035
-0.0995,-0.0035
-0.0995,-0.0035
-0.0995,-0.0035
-0.0995,-0.0035
-0.0995,-0.0035
-0.0995,-0.0035
-0.0995,-0.0035
-0.0995,-0.0035
-0.0995,-0.0035
-0.0995,-0.0115
-0.0995,-0.0115
-0.0995,-0.0115
-0.0995,-0.0035
-0.0995,-0.0115
-0.0995,-0.0115
-0.0995,-0.0115
-0.0875,-0.0165
-0.0835,-0.035
-0.0755,-0.051
-0.0715,-0.0625
-0.0635,-0.0785
-0.0595,-0.0825
-0.0595,-0.0825
-0.0515,-0.0825
-0.0515,-0.0825
-0.0515,-0.0825
-0.0475,-0.0905
-0.0475,-0.0905
-0.0475,-0.0905
-0.0475,-0.094
-0.0475,-0.094
-0.0475,-0.094
-0.0475,-0.102
-0.0475,-0.106
-0.0475,-0.106
-0.0595,-0.106
-0.0595,-0.106
-0.0595,-0.106
-0.0595,-0.0825
-0.0595,-0.0665
-0.0595,-0.027
-0.0835,-0.0195
-0.0835,-0.0075
-0.0835,0.0045
-0.0875,0.0085
-0.0995,0.016
-0.1075,0.02
-0.1195,0.02
-0.1435,0.02
-0.1555,0.02
-0.1555,0.02
-0.1555,0.02
-0.1555,0.02
-0.1555,0.02
-0.1555,0.02
-0.1555,0.02
-0.1555,0.024
-0.1555,0.024
-0.1555,0.024
-0.1555,0.024
-0.1435,0.0085
-0.1195,-0.0035
-0.0995,-0.0115
-0.0875,-0.023
-0.0835,-0.035
-0.0955,-0.035
-0.0835,-0.047
-0.0755,-0.051
-0.0715,-0.055
-0.0715,-0.0665
-0.0715,-0.0785
-0.0715,-0.0905
-0.0715,-0.0905
-0.0715,-0.094
-0.0595,-0.094
-0.0515,-0.094
-0.0515,-0.094
-0.0515,-0.094
-0.0515,-0.102
-0.0475,-0.102
-0.0395,-0.102
-0.0395,-0.11
-0.0395,-0.11
-0.0395,-0.11
-0.0395,-0.11
-0.0395,-0.11
-0.0395,-0.11
-0.0395,-0.11
-0.0395,-0.11
-0.0395,-0.11
-0.0275,-0.11
-0.0355,-0.11
-0.0275,-0.11
-0.0275,-0.11
-0.0395,-0.11
-0.0395,-0.11
-0.0275,-0.11
-0.0395,-0.11
-0.0395,-0.11
-0.0395,-0.11
-0.0395,-0.11
-0.0395,-0.11
-0.0395,-0.11
-0.0395,-0.11
-0.0395,-0.11
-0.0395,-0.11
-0.0395,-0.11
-0.0395,-0.11
-0.0395,-0.11
-0.0395,-0.11
-0.0395,-0.11
-0.0395,-0.11
-0.0395,-0.11
-0.0395,-0.11
-0.0395,-0.11
-0.0395,-0.11
-0.0395,-0.11
-0.0395,-0.11
-0.0395,-0.11
-0.0395,-0.11
-0.0395,-0.11
-0.0395,-0.11
-0.0395,-0.11
-0.0395,-0.11
-0.0395,-0.0985
-0.0475,-0.0985
-0.0475,-0.0985
-0.0475,-0.0985
-0.0475,-0.0985
-0.0475,-0.0985
-0.0475,-0.0985
-0.0475,-0.0985
-0.0475,-0.0985
-0.0475,-0.0985
-0.0475,-0.0985
-0.0475,-0.0985
-0.0475,-0.0985
-0.0475,-0.0985
-0.0475,-0.0985
-0.0475,-0.0985
-0.0475,-0.0985
-0.0475,-0.0985
-0.0475,-0.0985
-0.0475,-0.104
-0.0475,-0.0985
-0.0475,-0.11
-0.0475,-0.118
-0.0475,-0.118
-0.0475,-0.118
-0.0475,-0.118
-0.0475,-0.11
-0.0475,-0.11
-0.0475,-0.11
-0.0475,-0.11
-0.0475,-0.11
-0.0475,-0.11
-0.0475,-0.11
-0.0475,-0.11
-0.0475,-0.11
-0.0475,-0.11
-0.0475,-0.11
-0.0475,-0.11
-0.0475,-0.11
-0.0475,-0.11
-0.0475,-0.11
-0.0515,-0.11
-0.0515,-0.11
-0.0515,-0.11
-0.0515,-0.11
-0.0515,-0.11
-0.0515,-0.11
-0.0515,-0.11
-0.0515,-0.11
-0.0515,-0.11
-0.0515,-0.11
-0.0515,-0.11
-0.0515,-0.11
-0.0515,-0.11
-0.0515,-0.11
-0.0515,-0.11
-0.0515,-0.11
-0.0515,-0.11
-0.0595,-0.11
-0.0595,-0.106
-0.0635,-0.0665
-0.0635,-0.0625
-0.0715,-0.0625
-0.0755,-0.0625
-0.0875,-0.0505
-0.0755,-0.047
-0.0875,-0.035
-0.0875,-0.019
-0.0875,0.0045
-0.0875,0.0165
-0.0875,0.0165
-0.0875,0.0205
-0.0875,0.0205
-0.0875,0.0205
-0.0875,0.0205
-0.0875,0.0205
-0.0875,0.0085
-0.0875,0.0045
-0.0875,-0.0035
-0.0875,-0.0075
-0.0875,-0.0075
-0.0875,-0.0075
-0.0875,-0.0075
-0.0875,-0.0115
-0.0875,-0.0115
-0.0875,-0.0115
-0.0875,-0.0115
-0.0875,-0.0115
-0.0875,-0.019
-0.0875,-0.019
-0.0875,-0.019
-0.0875,-0.019
-0.0875,-0.019
-0.0875,-0.019
-0.0875,-0.019
-0.0875,-0.019
-0.0875,-0.023
-0.0875,-0.023
-0.0875,-0.023
-0.0875,-0.023
-0.0875,-0.023
-0.0875,-0.031
-0.0875,-0.031
-0.0875,-0.031
-0.0875,-0.031
-0.0875,-0.031
-0.0875,-0.031
-0.0875,-0.031
-0.0875,-0.031
-0.0955,-0.031
-0.0955,-0.031
-0.0955,-0.031
-0.0955,-0.031
-0.0955,-0.031
-0.0955,-0.031
-0.0955,-0.031
-0.0955,-0.031
-0.0955,-0.031
-0.0955,-0.031
-0.0955,-0.031
-0.0955,-0.031
-0.0955,-0.031
-0.0955,-0.031
-0.0955,-0.031
-0.0955,-0.031
-0.0955,-0.031
-0.0955,-0.031
-0.0955,-0.031
-0.0955,-0.031
-0.0955,-0.031
-0.0955,-0.031
-0.0955,-0.031
-0.0955,-0.031
-0.0955,-0.031
-0.0955,-0.031
-0.0955,-0.031
-0.0955,-0.031
-0.0955,-0.031
-0.0955,-0.031
-0.0995,-0.031
-0.0875,-0.031
-0.0995,-0.031
-0.0995,-0.031
-0.0995,-0.031
-0.0995,-0.031
-0.0995,-0.031
-0.0995,-0.031
-0.0995,-0.031
-0.0995,-0.031
-0.0995,-0.031
-0.0995,-0.031
-0.0995,-0.031
-0.0995,-0.031
-0.0975,-0.031
-0.0995,-0.031
-0.0995,-0.031
-0.0995,-0.031
-0.0885,-0.031
-0.0885,-0.031
-0.0885,-0.031
-0.0885,-0.031
-0.0885,-0.031
-0.0885,-0.031
-0.0885,-0.031
-0.0885,-0.031
-0.0885,-0.031
-0.0885,-0.031
-0.0885,-0.031
-0.0885,-0.031
-0.0885,-0.031
-0.0885,-0.031
-0.0885,-0.031
-0.0885,-0.031
-0.0885,-0.031
-0.0885,-0.031
-0.0885,-0.031
-0.0885,-0.031
-0.0885,-0.031
-0.0885,-0.031
-0.0885,-0.031
-0.0885,-0.031
-0.0885,-0.031
-0.0885,-0.031
-0.0885,-0.031
-0.0885,-0.035
-0.0885,-0.035
-0.0885,-0.035
-0.0885,-0.035
-0.0885,-0.035
-0.0885,-0.035
-0.0885,-0.035
-0.0885,-0.035
-0.0885,-0.035
-0.0885,-0.035
-0.0885,-0.035
-0.0885,-0.035
-0.0885,-0.035
-0.0885,-0.035
-0.0885,-0.035
-0.0885,-0.035
-0.0885,-0.035
-0.0885,-0.035
-0.0885,-0.035
-0.0885,-0.035
-0.0885,-0.035
-0.0885,-0.035
-0.0885,-0.035
-0.0885,-0.035
-0.0885,-0.035
-0.0885,-0.035
-0.0885,-0.035
-0.0885,-0.035
-0.0885,-0.035
-0.0885,-0.035
-0.0885,-0.035
-0.0885,-0.035
-0.0885,-0.035
-0.0885,-0.035
-0.0885,-0.035
-0.0885,-0.035
-0.0885,-0.035
-0.0885,-0.035
-0.0885,-0.035
-0.0885,-0.035
-0.0885,-0.035
-0.0885,-0.035
-0.0885,-0.035
-0.0885,-0.035
-0.0995,-0.035
-0.0995,-0.035
-0.0995,-0.035
-0.0995,-0.035
-0.0995,-0.035
-0.0995,-0.035
-0.0995,-0.035
-0.0995,-0.035
-0.0995,-0.035
-0.0995,-0.023
-0.0995,-0.023
-0.0995,-0.023
-0.0995,-0.023
-0.0995,-0.023
-0.1015,-0.023
-0.1015,-0.023
-0.1015,-0.023
-0.1015,-0.023
-0.1015,-0.023
-0.1015,-0.023
-0.1015,-0.035
-0.1015,-0.035
-0.1015,-0.035
-0.1015,-0.035
-0.1015,-0.035
-0.1015,-0.035
-0.1015,-0.035
-0.1015,-0.035
-0.1015,-0.035
-0.1015,-0.035
-0.1015,-0.035
-0.1015,-0.035
-0.1015,-0.035
-0.1015,-0.035
-0.1015,-0.035
-0.1015,-0.035
-0.1015,-0.035
-0.1015,-0.035
-0.1135,-0.035
-0.1135,-0.035
-0.1135,-0.035
-0.1135,-0.035
-0.1135,-0.035
-0.1135,-0.035
-0.1135,-0.035
-0.1135,-0.035
-0.1135,-0.035
-0.1175,-0.035
-0.1195,-0.035
-0.1215,-0.035
-0.1215,-0.035
-0.1215,-0.035
-0.1215,-0.035
-0.1215,-0.035
-0.1335,-0.035
-0.1275,-0.035
-0.1335,-0.035
-0.1335,-0.035
-0.1335,-0.035
-0.1335,-0.035
-0.1335,-0.035
-0.1335,-0.035
-0.1335,-0.035
-0.1335,-0.035
-0.1215,-0.035
-0.1215,-0.035
-0.1215,-0.035
-0.1215,-0.035
-0.1215,-0.035
-0.1215,-0.035
-0.1215,-0.035
-0.1215,-0.035
-0.1215,-0.035
-0.1215,-0.035
-0.1215,-0.035
-0.1215,-0.035
-0.1215,-0.035
-0.1215,-0.035
-0.1215,-0.035
-0.1215,-0.035
-0.1215,-0.035
-0.1215,-0.035
-0.1215,-0.035
-0.1215,-0.035
-0.1215,-0.035
-0.1215,-0.035
-0.1215,-0.035
-0.1215,-0.035
-0.1215,-0.035
-0.1215,-0.035
-0.1215,-0.035
-0.1215,-0.035
-0.1195,-0.039
-0.1135,-0.039
-0.1135,-0.047
-0.1135,-0.047
-0.1135,-0.0505
-0.1135,-0.0545
-0.1135,-0.0625
-0.1135,-0.0625
-0.1135,-0.0665
-0.1135,-0.0665
-0.1135,-0.0665
-0.1135,-0.0745
-0.1135,-0.0745
-0.1135,-0.0745
-0.1135,-0.0745
-0.1135,-0.0745
-0.1135,-0.0745
-0.1135,-0.0745
-0.1135,-0.0745
-0.1135,-0.0745
-0.1135,-0.0745
-0.1135,-0.0745
-0.1135,-0.0745
-0.1135,-0.0745
-0.1135,-0.0745
-0.1135,-0.0745
-0.1135,-0.0745
-0.1135,-0.0745
-0.1135,-0.0745
-0.1135,-0.0745
-0.1135,-0.0745
-0.1135,-0.0745
-0.1135,-0.0745
-0.1135,-0.0745
-0.1135,-0.0745
-0.1135,-0.0745
-0.1135,-0.0745
-0.1135,-0.0745
-0.1135,-0.0745
-0.1135,-0.0745
-0.1135,-0.0745
-0.1135,-0.0745
-0.1135,-0.0745
-0.1135,-0.0745
-0.1135,-0.0745
-0.1135,-0.0745
-0.1135,-0.0745
-0.1135,-0.0745
-0.1135,-0.0745
-0.1135,-0.0745
-0.1135,-0.0745
-0.1135,-0.0745
-0.1135,-0.0745
-0.1135,-0.0745
-0.1135,-0.0745
-0.1135,-0.0745
-0.1135,-0.0745
-0.1135,-0.0745
-0.1135,-0.0745
-0.1135,-0.0745
-0.1135,-0.0745
-0.1135,-0.0745
-0.1135,-0.0745
-0.1135,-0.0745
-0.1135,-0.0745
-0.1135,-0.0745
-0.1135,-0.0745
-0.1135,-0.0745
-0.1135,-0.0745
-0.1135,-0.0745
-0.1135,-0.0745
-0.1135,-0.0745
-0.1135,-0.0745
-0.1135,-0.0745
-0.1135,-0.0745
-0.1135,-0.0745
-0.1135,-0.0745
-0.1135,-0.0745
-0.1135,-0.0775
-0.1135,-0.0775
-0.1135,-0.0745
-0.1135,-0.0835
-0.1135,-0.0865
-0.1135,-0.0865
-0.1135,-0.0865
-0.1135,-0.0865
-0.1135,-0.0865
-0.1135,-0.0865
-0.1135,-0.0865
-0.1015,-0.0865
-0.1015,-0.0865
-0.1015,-0.0805
-0.1015,-0.0865
-0.1015,-0.0865
-0.1015,-0.0865
-0.0995,-0.0865
-0.0995,-0.0865
-0.0995,-0.0865
-0.0995,-0.0865
-0.0995,-0.0865
-0.0995,-0.0865
-0.0995,-0.0865
-0.0995,-0.0865
-0.0995,-0.0865
-0.0995,-0.0865
-0.0995,-0.0865
-0.0995,-0.0865
-0.0995,-0.0865
-0.0995,-0.0865
-0.0995,-0.0945
-0.0995,-0.0945
-0.0995,-0.0975
-0.0995,-0.106
-0.0995,-0.106
-0.0995,-0.106
-0.0995,-0.106
-0.0995,-0.106
-0.0995,-0.106
-0.0995,-0.108
-0.0995,-0.108
-0.0995,-0.114
-0.0995,-0.114
-0.0995,-0.114
-0.0995,-0.114
-0.0995,-0.114
-0.0995,-0.114
-0.0995,-0.114
-0.0995,-0.114
-0.0995,-0.114
-0.0995,-0.114
-0.0995,-0.114
-0.0995,-0.114
-0.0995,-0.114
-0.0995,-0.114
-0.0995,-0.114
-0.0995,-0.114
-0.0995,-0.114
-0.0995,-0.114
-0.0995,-0.114
-0.0995,-0.114
-0.0945,-0.114
-0.0885,-0.114
-0.0885,-0.114
-0.0885,-0.114
-0.0885,-0.114
-0.0885,-0.114
-0.0885,-0.114
-0.0885,-0.114
-0.0885,-0.114
-0.0805,-0.114
-0.0805,-0.114
-0.0085,-0.114
0.019,-0.114
0.034,-0.102
0.034,-0.102
0.0735,-0.102
0.0815,-0.094
0.156,-0.0705
0.168,-0.0585
0.2085,-0.035
0.2335,-0.023
0.253,-0.0035
0.267,0.0045
0.2785,0.024
0.2985,0.0725
0.2865,0.115
0.302,0.155
0.3025,0.1625
0.314,0.1625
0.314,0.1745
0.314,0.1965
0.314,0.2065
0.322,0.255
0.322,0.2665
0.322,0.2785
0.322,0.2785
0.322,0.2785
0.322,0.2785
0.322,0.2865
0.322,0.2865
0.3375,0.2865
0.3375,0.2865
0.3375,0.2895
0.3495,0.2985
0.3495,0.306
0.3495,0.318
0.3495,0.326
0.3495,0.326
0.3495,0.335
0.3495,0.3375
0.3495,0.3375
0.3495,0.3395
0.3495,0.3455
0.3495,0.3455
0.3495,0.3455
0.3495,0.3455
0.3495,0.3455
0.3495,0.3335
0.3495,0.3335
0.33,0.3335
0.322,0.324
0.31,0.314
0.2985,0.298
0.2905,0.2625
0.2895,0.244
0.2785,0.221
0.302,0.2115
0.292,0.2115
0.302,0.2175
0.294,0.2115
0.294,0.2115
0.2825,0.204
0.2825,0.192
0.2905,0.192
0.2825,0.173
0.2825,0.169
0.2825,0.161
0.2825,0.157
0.2825,0.149
0.2825,0.141
0.2825,0.1335
0.2825,0.1345
0.2825,0.1325
0.2825,0.1325
0.2825,0.1185
0.2825,0.1055
0.2825,0.09
0.2825,0.078
0.2235,0.078
0.2155,0.076
0.2075,0.067
0.2075,0.06
0.2075,0.052
0.2075,0.052
0.188,0.052
0.172,0.046
0.164,0.04
0.164,0.0325
0.1285,0.0165
0.1215,-0.005
0.1285,-0.011
0.1215,-0.019
0.1215,-0.019
0.1215,-0.0305
0.1215,-0.0305
0.1215,-0.0425
0.1445,-0.0505
0.164,-0.0625
0.18,-0.0745
0.164,-0.0745
0.172,-0.0745
0.188,-0.0745
0.1955,-0.0745
0.1955,-0.0745
0.1955,-0.0745
0.1955,-0.0745
0.1955,-0.0745
0.1955,-0.0825
0.1955,-0.0825
0.1955,-0.0825
0.1955,-0.0825
0.1955,-0.0825
0.18,-0.0825
0.18,-0.0825
0.168,-0.0825
0.1605,-0.0825
0.1605,-0.0825
0.1605,-0.0825
0.1605,-0.0825
0.1485,-0.0825
0.1485,-0.0825
0.1405,-0.0825
0.1405,-0.0825
0.1405,-0.0825
0.1405,-0.0825
0.1285,-0.0825
0.1285,-0.0825
0.1285,-0.0825
0.1285,-0.0825
0.1285,-0.0825
0.1285,-0.0825
0.117,-0.0825
0.117,-0.0825
0.109,-0.0825
0.109,-0.0825
0.109,-0.0825
0.109,-0.0825
0.109,-0.0825
0.109,-0.0825
0.109,-0.0825
0.109,-0.0825
0.109,-0.0825
0.109,-0.0825
0.109,-0.0825
0.109,-0.0825
0.109,-0.0825
0.109,-0.0825
0.109,-0.0825
0.109,-0.0825
0.109,-0.0825
0.109,-0.0825
0.109,-0.0825
0.109,-0.0825
0.109,-0.0825
0.109,-0.0825
0.109,-0.0825
0.109,-0.0825
0.109,-0.0825
0.109,-0.0825
0.109,-0.0825
0.109,-0.0825
0.109,-0.0825
0.109,-0.0825
0.101,-0.0825
0.101,-0.0825
0.101,-0.0825
0.101,-0.0825
0.101,-0.0825
0.101,-0.0825
0.101,-0.0865
0.101,-0.0865
0.101,-0.0865
0.101,-0.0905
0.093,-0.0985
0.0575,-0.0985
0.0505,-0.0985
0.0505,-0.0985
0.0505,-0.0985
0.0505,-0.0985
0.0505,-0.0985
0.0505,-0.0985
0.0505,-0.0985
0.0505,-0.0985
0.0505,-0.0985
0.0505,-0.0985
0.0505,-0.0985
0.0505,-0.0985
0.0505,-0.0985
0.0505,-0.11
0.0505,-0.104
0.0505,-0.11
0.0505,-0.11
0.0575,-0.11
0.0505,-0.118
0.0575,-0.118
0.0505,-0.118
0.0505,-0.118
0.0655,-0.118
0.0655,-0.118
0.0575,-0.13
0.0815,-0.13
0.0815,-0.136
0.0815,-0.138
0.0655,-0.1495
0.0815,-0.1495
0.0815,-0.1575
0.093,-0.1575
0.0815,-0.1575
0.0735,-0.1575
0.0735,-0.1575
0.0815,-0.1575
0.0815,-0.1575
0.093,-0.1575
0.093,-0.1575
0.101,-0.1575
0.093,-0.1575
0.101,-0.1575
0.101,-0.1575
0.101,-0.1575
0.101,-0.1575
0.101,-0.1575
0.101,-0.1575
0.101,-0.1575
0.101,-0.1575
0.101,-0.1455
0.101,-0.1415
0.101,-0.1335
0.101,-0.1335
0.101,-0.1335
0.101,-0.1335
0.101,-0.1335
0.101,-0.1335
0.101,-0.1335
0.101,-0.1335
0.101,-0.1335
0.101,-0.1335
0.101,-0.1335
0.101,-0.1335
0.101,-0.1335
0.101,-0.1335
0.101,-0.1335
0.101,-0.1335
0.101,-0.1335
0.101,-0.1255
0.101,-0.1255
0.101,-0.1255
0.101,-0.1255
0.101,-0.12
0.101,-0.114
0.101,-0.114
0.101,-0.114
0.101,-0.106
0.101,-0.094
0.101,-0.094
0.101,-0.094
0.101,-0.094
0.101,-0.094
0.101,-0.094
0.101,-0.086
0.101,-0.086
0.101,-0.086
0.101,-0.086
0.101,-0.086
0.101,-0.086
0.101,-0.086
0.101,-0.086
0.101,-0.086
0.101,-0.086
0.101,-0.086
0.101,-0.086
0.101,-0.086
0.101,-0.106
0.101,-0.106
0.101,-0.106
0.101,-0.114
0.101,-0.114
0.101,-0.114
0.101,-0.1255
0.101,-0.1255
0.101,-0.1255
0.101,-0.1335
0.101,-0.1335
0.101,-0.1335
0.101,-0.1335
0.101,-0.1335
0.101,-0.1335
0.101,-0.1335
0.101,-0.1335
0.101,-0.1335
0.101,-0.1335
0.101,-0.1335
0.101,-0.1335
0.101,-0.1335
0.101,-0.1455
0.101,-0.1335
0.101,-0.1425
0.101,-0.1335
0.101,-0.1335
0.101,-0.1365
0.101,-0.1335
0.101,-0.1335
0.101,-0.1335
0.101,-0.1335
0.101,-0.1335
0.101,-0.1335
0.101,-0.1395
0.101,-0.1335
0.101,-0.1335
0.101,-0.1335
0.101,-0.1335
0.101,-0.1335
0.101,-0.1335
0.101,-0.1335
0.101,-0.1335
0.101,-0.1335
0.101,-0.1335
0.101,-0.1335
0.101,-0.1335
0.101,-0.1335
0.101,-0.1335
0.101,-0.1335
0.101,-0.1335
0.101,-0.1335
0.101,-0.1335
0.101,-0.1335
0.101,-0.1335
0.101,-0.1335
0.101,-0.1335
0.101,-0.1335
0.101,-0.1335
0.101,-0.1335
0.101,-0.1335
0.101,-0.1335
0.101,-0.1335
0.101,-0.1255
0.101,-0.1255
0.101,-0.1255
0.101,-0.1255
0.101,-0.1255
0.101,-0.1255
0.101,-0.1255
0.101,-0.1255
0.101,-0.1255
0.101,-0.1255
0.101,-0.12
0.101,-0.114
0.101,-0.114
0.101,-0.12
0.101,-0.114
0.101,-0.114
0.101,-0.114
0.101,-0.114
0.101,-0.114
0.101,-0.114
0.101,-0.114
0.101,-0.114
0.101,-0.106
0.101,-0.106
0.101,-0.1
0.101,-0.106
0.101,-0.106
0.101,-0.106
0.101,-0.103
0.101,-0.094
0.101,-0.094
0.101,-0.094
0.101,-0.094
0.101,-0.094
0.101,-0.094
0.101,-0.094
0.101,-0.094
0.101,-0.094
0.101,-0.094
0.101,-0.094
0.101,-0.094
0.101,-0.094
0.101,-0.094
0.101,-0.097
0.101,-0.094
0.101,-0.094
0.101,-0.097
0.101,-0.094
0.101,-0.094
0.101,-0.094
0.101,-0.094
0.101,-0.094
0.101,-0.094
0.101,-0.094
0.101,-0.09
0.093,-0.09
0.101,-0.09
0.1125,-0.09
0.11,-0.09
0.1125,-0.0825
0.11,-0.0825
0.101,-0.0825
0.101,-0.0825
0.101,-0.0825
0.101,-0.0825
0.101,-0.0825
0.101,-0.0825
0.0955,-0.0825
0.0955,-0.0825
0.101,-0.0825
0.101,-0.0825
0.0955,-0.0825
0.101,-0.0825
0.0955,-0.0825
0.101,-0.0825
0.101,-0.0825
0.101,-0.0825
0.101,-0.0825
0.101,-0.0825
0.101,-0.0825
0.101,-0.0825
0.101,-0.0825
0.101,-0.0825
0.101,-0.0825
0.101,-0.0825
0.101,-0.0825
0.107,-0.0825
0.101,-0.0825
0.101,-0.0825
0.104,-0.0825
0.11,-0.0825
0.101,-0.0825
0.101,-0.0825
0.101,-0.0825
0.104,-0.0825
0.107,-0.0825
0.101,-0.0825
0.101,-0.0825
0.101,-0.0825
0.101,-0.0825
0.101,-0.0825
0.101,-0.0825
0.101,-0.0825
0.101,-0.0825
0.101,-0.0825
0.101,-0.0825
0.101,-0.0825
0.101,-0.0825
0.101,-0.0825
0.107,-0.0825
0.101,-0.0825
0.101,-0.0825
0.101,-0.0825
0.101,-0.0825
0.107,-0.0825
0.101,-0.0825
0.101,-0.0825
0.101,-0.0825
0.101,-0.0825
0.101,-0.0825
0.101,-0.0825
0.101,-0.0825
0.101,-0.0825
0.101,-0.0825
0.101,-0.0825
0.101,-0.0825
0.107,-0.0825
0.101,-0.0825
0.101,-0.0825
0.101,-0.0825
0.101,-0.0825
0.107,-0.0825
0.101,-0.0825
0.101,-0.0825
0.101,-0.0825
0.101,-0.0825
0.101,-0.0825
0.101,-0.0825
0.101,-0.0825
0.101,-0.0825
0.101,-0.0825
0.101,-0.0825
0.101,-0.0825
0.101,-0.0825
0.093,-0.0825
0.096,-0.0825
0.093,-0.0825
0.093,-0.0825
0.093,-0.0825
0.093,-0.0825
0.096,-0.0825
0.093,-0.0825
0.093,-0.0825
0.093,-0.0825
0.093,-0.0825
0.093,-0.0825
0.093,-0.0825
0.093,-0.0825
0.093,-0.0825
0.093,-0.0825
0.093,-0.0825
0.093,-0.0825
0.093,-0.0825
0.093,-0.0825
0.099,-0.0825
0.093,-0.0825
0.093,-0.0825
0.093,-0.0825
0.093,-0.0825
0.096,-0.0825
0.093,-0.0825
0.093,-0.0825
0.093,-0.0825
0.093,-0.0825
0.093,-0.0825
0.093,-0.0825
0.093,-0.0825
0.093,-0.0825
0.093,-0.0825
0.093,-0.0825
0.093,-0.0825
0.093,-0.0825
0.093,-0.0825
0.096,-0.0825
0.093,-0.0825
0.096,-0.0825
0.093,-0.0825
0.093,-0.0825
0.093,-0.0825
0.093,-0.0825
0.093,-0.0825
0.093,-0.0825
0.093,-0.039
0.093,-0.0075
0.1125,0.0165
0.1205,0.0205
0.1205,0.024
0.1285,0.024
0.156,0.024
0.1875,0.024
0.255,0.024
0.255,0.024
0.255,0.024
0.255,0.032
0.2825,0.032
0.304,0.032
0.314,0.036
0.3535,0.044
0.4165,0.044
0.4445,0.044
0.4755,0.044
0.4875,0.044
0.484,0.044
0.484,0.044
0.504,0.044
0.5075,0.044
0.527,0.044
0.5385,0.044
0.5465,0.044
0.589,0.044
0.5945,0.044
0.598,0.044
0.606,0.044
0.598,0.044
0.598,0.044
0.61,0.044
0.61,0.044
0.6295,0.048
0.6295,0.048
0.6295,0.048
0.661,0.048
0.6805,0.048
0.6805,0.048
0.673,0.048
0.673,0.048
0.673,0.048
0.673,0.048
0.6805,0.048
0.6885,0.036
0.681,0.036
0.681,0.036
0.681,0.036
0.681,0.032
0.681,0.032
0.681,0.024
0.681,0.0205
0.681,0.0205
0.681,0.036
0.681,0.036
0.681,0.028
0.681,0.024
0.6535,0.024
0.6295,0.024
0.5745,0.024
0.555,0.016
0.5505,0.016
0.5235,0.032
0.5015,0.032
0.464,0.032
0.448,0.032
0.444,0.032
0.4245,0.032
0.4125,0.032
0.393,0.02
0.3495,0.02
0.3535,0.02
0.322,0.02
0.31,0.02
0.2985,0.02
0.2785,0.02
0.2785,0.02
0.2905,0.02
0.2725,0.02
0.2785,0.02
0.2785,0.02
0.2705,0.02
0.2705,0.02
0.259,0.02
0.267,0.02
0.267,0.02
0.259,0.02
0.243,0.02
0.2365,0.02
0.2275,0.02
0.2275,0.02
0.2275,0.02
0.2275,0.0005
0.2275,0.0005
0.2275,0.012
0.2275,0.0035
0.2275,0.0005
0.2275,0.0005
0.2275,0.0005
0.2275,0.0005
0.2275,0.0005
0.2275,0.0005
0.2275,0.0005
0.2275,-0.0035
0.263,-0.0035
0.2705,-0.0005
0.3025,0.008
0.319,0.0215
0.373,0.032
0.408,0.043
0.4165,0.044
0.4165,0.061
0.428,0.055
0.436,0.0675
0.444,0.059
0.444,0.0675
0.444,0.0675
0.444,0.0675
0.444,0.0675
0.444,0.0675
0.444,0.0675
0.444,0.083
0.444,0.091
0.444,0.091
0.444,0.091
0.452,0.091
0.452,0.091
0.452,0.091
0.452,0.091
0.452,0.091
0.452,0.091
0.452,0.091
0.464,0.091
0.464,0.095
0.464,0.095
0.472,0.095
0.472,0.095
0.472,0.095
0.472,0.095
0.472,0.095
0.472,0.095
0.472,0.095
0.472,0.095
0.472,0.095
0.472,0.095
0.472,0.095
0.472,0.095
0.472,0.119
0.472,0.123
0.472,0.1465
0.472,0.1545
0.472,0.206
0.472,0.206
0.4365,0.214
0.4445,0.214
0.4365,0.214
0.4205,0.214
0.4285,0.226
0.401,0.228
0.393,0.228
0.393,0.228
0.393,0.228
0.393,0.228
0.393,0.228
0.393,0.228
0.393,0.216
0.393,0.2155
0.393,0.2315
0.393,0.233
0.393,0.242
0.393,0.251
0.393,0.247
0.393,0.247
0.393,0.247
0.393,0.247
0.393,0.247
0.393,0.247
0.393,0.243
0.393,0.243
0.393,0.235
0.393,0.235
0.393,0.235
0.393,0.235
0.393,0.235
0.393,0.235
0.393,0.235
0.393,0.244
0.393,0.235
0.393,0.235
0.393,0.235
0.393,0.235
0.393,0.2315
0.393,0.2315
0.393,0.2315
0.393,0.2315
0.413,0.2315
0.413,0.243
0.413,0.2315
0.413,0.2315
0.401,0.2315
0.381,0.243
0.385,0.2375
0.385,0.243
0.373,0.243
0.3735,0.243
0.3735,0.243
0.3675,0.243
0.3735,0.243
0.3655,0.243
0.3655,0.243
0.3535,0.243
0.3535,0.243
0.3655,0.239
0.3535,0.239
0.3415,0.239
0.3535,0.242
0.3415,0.239
0.342,0.239
0.342,0.239
0.342,0.239
0.342,0.245
0.342,0.239
0.338,0.239
0.334,0.239
0.334,0.239
0.334,0.239
0.334,0.231
0.334,0.231
0.334,0.227
0.334,0.227
0.334,0.233
0.334,0.219
0.334,0.219
0.334,0.219
0.334,0.219
0.334,0.215
0.334,0.215
0.334,0.215
0.322,0.211
0.306,0.211
0.306,0.211
0.306,0.211
0.306,0.211
0.306,0.211
0.306,0.211
0.306,0.211
0.2985,0.211
0.2785,0.2055
0.2705,0.211
0.2705,0.211
0.2705,0.211
0.2705,0.211
0.2705,0.211
0.2705,0.211
0.2585,0.211
0.2615,0.211
0.243,0.211
0.235,0.211
0.235,0.211
0.223,0.211
0.227,0.211
0.235,0.211
0.215,0.211
0.215,0.211
0.235,0.211
0.227,0.211
0.215,0.2055
0.215,0.1995
0.2075,0.2055
0.2265,0.1995
0.2035,0.1995
0.2035,0.1915
0.2235,0.1795
0.188,0.16
0.196,0.146
0.188,0.141
0.164,0.1335
0.1445,0.1335
0.1445,0.1335
0.172,0.1295
0.172,0.1295
0.172,0.1215
0.1525,0.1175
0.1525,0.1175
0.1525,0.1135
0.1525,0.102
0.1525,0.0995
0.1525,0.0915
0.133,0.0915
0.133,0.0915
0.133,0.0915
0.121,0.0915
0.121,0.0915
0.121,0.0915
0.121,0.0915
0.121,0.0915
0.121,0.0825
0.121,0.0795
0.121,0.0795
0.121,0.072
0.121,0.072
0.113,0.072
0.113,0.072
0.113,0.072
0.113,0.076
0.113,0.08
0.113,0.08
0.113,0.08
0.113,0.08
0.105,0.08
0.105,0.08
0.105,0.08
0.105,0.08
0.1245,0.08
0.1245,0.08
0.1245,0.08
0.1245,0.08
0.1245,0.08
0.1245,0.08
0.1245,0.08
0.1245,0.08
0.1245,0.08
0.1245,0.08
0.1245,0.08
0.1245,0.08
0.1245,0.08
0.1245,0.08
0.1245,0.08
0.1245,0.08
0.1245,0.0875
0.1245,0.0875
0.1245,0.0875
0.1245,0.0875
0.1245,0.0875
0.1245,0.0875
0.1245,0.0875
0.1245,0.0875
0.1245,0.08
0.1245,0.08
0.1245,0.08
0.1245,0.064
0.1245,0.0565
0.1325,0.0485
0.1325,0.0365
0.1325,0.0365
0.1325,0.0325
0.1325,0.0325
0.1325,0.0325
0.1325,0.0325
0.1325,0.0325
0.1325,0.0325
0.1325,0.0325
0.1325,0.0325
0.1325,0.0325
0.1325,0.0285
0.1325,0.0285
0.1325,0.0285
0.1325,0.0285
0.1325,0.0285
0.1325,0.0285
0.1325,0.0285
0.1325,0.0285
0.1325,0.021
0.1325,0.021
0.1325,0.021
0.1325,0.021
0.1325,0.021
0.1325,0.021
0.1325,0.021
0.1325,0.021
0.1325,0.021
0.1325,0.021
0.1325,0.021
0.113,0.017
0.113,0.017
0.113,0.017
0.113,0.009
0.113,0.009
0.113,0.009
0.105,0.009
0.105,0.009
0.105,0.009
0.105,0.009
0.105,0.009
0.105,0.0
0.105,0.009
0.105,-0.003
0.105,-0.003
0.105,-0.003
0.105,-0.003
0.105,-0.003
0.105,-0.003
0.105,-0.003
0.105,-0.003
0.097,-0.003
0.089,-0.003
0.089,-0.003
0.082,-0.007
0.082,-0.007
0.082,-0.019
0.082,-0.0225
0.082,-0.0225
0.082,-0.0225
0.082,-0.0325
0.082,-0.0425
0.082,-0.0425
0.082,-0.0505
0.082,-0.0505
0.082,-0.0505
0.082,-0.0505
0.082,-0.0505
0.082,-0.0505
0.082,-0.0505
0.0785,-0.0505
0.082,-0.0505
0.082,-0.0505
0.0785,-0.0505
0.0665,-0.0505
0.0665,-0.0505
0.0585,-0.0505
0.0585,-0.0505
0.0705,-0.0505
0.0465,-0.0505
0.0425,-0.0505
0.0305,-0.0505
0.0305,-0.0505
0.0305,-0.0505
0.0305,-0.0305
0.0305,-0.0225
0.0305,-0.0225
0.0305,-0.0105
0.0305,-0.0105
0.0305,-0.0105
0.0425,-0.0105
0.0425,-0.0105
0.0585,-0.0105
0.0585,-0.0105
0.0585,-0.0105
0.0585,-0.0105
0.0585,-0.0105
0.0585,-0.0105
0.0585,-0.0105
0.0585,-0.0105
0.0585,-0.0105
0.0585,-0.0105
0.0585,-0.0105
0.0585,-0.0105
0.0585,-0.0105
0.0585,-0.0105
0.0585,-0.0105
0.0585,-0.0105
0.0585,-0.0105
0.0585,-0.0105
0.0585,-0.0105
0.0585,-0.0105
0.0465,-0.0135
0.0425,-0.0135
0.0345,-0.001
0.0345,0.009
0.0345,0.0535
0.0465,0.056
0.0465,0.044
0.0465,0.04
0.0465,0.04
0.0465,0.04
0.0465,0.04
0.0465,0.04
0.0465,0.04
0.0465,0.04
0.0465,0.04
0.0345,0.04
0.0345,0.024
0.0345,0.0205
0.0345,0.0085
0.0345,0.0045
0.0345,-0.0035
0.0345,-0.0075
0.0465,-0.019
0.0465,-0.019
0.0465,-0.019
0.0575,-0.023
0.0755,-0.031
0.0865,-0.031
0.0865,-0.031
0.0865,-0.035
0.0865,-0.035
0.0865,-0.039
0.0865,-0.039
0.0905,-0.039
0.0905,-0.047
0.0905,-0.047
0.0905,-0.047
0.11,-0.047
0.11,-0.056
0.118,-0.0505
0.118,-0.0505
0.118,-0.0585
0.118,-0.0585
0.126,-0.0625
0.126,-0.0745
0.114,-0.0745
0.114,-0.0745
0.126,-0.0505
0.126,-0.039
0.126,-0.008
0.126,0.0085
0.126,0.0205
0.126,0.0405
0.126,0.0405
0.126,0.0405
0.126,0.0405
0.126,0.0425
0.126,0.0425
0.126,0.0425
0.126,0.0425
0.126,0.0555
0.126,0.0615
0.126,0.0615
0.126,0.0615
0.126,0.075
0.126,0.081
0.126,0.093
0.126,0.093
0.126,0.099
0.126,0.101
0.126,0.0895
0.126,0.0895
0.126,0.0895
0.126,0.096
0.126,0.102
0.126,0.113
0.126,0.121
0.126,0.1285
0.126,0.1335
0.126,0.1365
0.126,0.1365
0.126,0.1365
0.126,0.1365
0.126,0.1365
0.126,0.1365
0.114,0.1365
0.114,0.1365
0.106,0.1365
0.106,0.1365
0.106,0.1365
0.106,0.1365
0.106,0.1365
0.102,0.1365
0.102,0.1365
0.102,0.1365
0.102,0.1365
0.102,0.1365
0.102,0.1365
0.102,0.1365
0.102,0.1365
0.102,0.1365
0.094,0.1365
0.094,0.1365
0.094,0.1365
0.094,0.1365
0.094,0.1365
0.094,0.1385
0.094,0.1445
0.094,0.1445
0.094,0.1445
0.094,0.1445
0.094,0.1445
0.094,0.1445
0.094,0.1445
0.094,0.1445
0.094,0.1445
0.094,0.1445
0.094,0.1445
0.094,0.1445
0.094,0.1445
0.094,0.1445
0.094,0.1445
0.094,0.1445
0.094,0.1445
0.094,0.1245
0.094,0.117
0.094,0.108
0.094,0.105
0.094,0.105
0.094,0.105
0.094,0.105
0.094,0.105
0.094,0.105
0.094,0.105
0.094,0.105
0.094,0.097
0.094,0.097
0.094,0.097
0.094,0.097
0.094,0.097
0.094,0.097
0.094,0.097
0.094,0.097
0.094,0.097
0.094,0.097
0.094,0.097
0.094,0.097
0.094,0.097
0.094,0.097
0.094,0.097
0.094,0.097
0.094,0.097
0.094,0.097
0.094,0.097
0.094,0.097
0.094,0.097
0.094,0.097
0.094,0.097
0.094,0.097
0.094,0.097
0.094,0.097
0.094,0.097
0.094,0.097
0.094,0.097
0.094,0.097
0.094,0.097
0.094,0.097
0.094,0.097
0.103,0.097
0.094,0.097
0.1055,0.097
0.094,0.097
0.094,0.097
0.094,0.097
0.094,0.097
0.094,0.097
0.094,0.097
0.094,0.097
0.094,0.097
0.1,0.097
0.094,0.097
0.094,0.097
0.094,0.097
0.094,0.097
0.094,0.097
0.094,0.097
0.094,0.097
0.094,0.097
0.097,0.097
0.094,0.097
0.094,0.097
0.094,0.097
0.094,0.097
0.094,0.097
0.094,0.097
0.094,0.097
0.094,0.097
0.094,0.113
0.094,0.113
0.094,0.113
0.094,0.113
0.094,0.113
0.094,0.113
0.097,0.113
0.094,0.101
0.106,0.101
0.118,0.101
0.1295,0.101
0.1295,0.101
0.1295,0.107
0.1295,0.101
0.1295,0.0775
0.1295,0.0775
0.1295,0.0735
0.1295,0.0735
0.1295,0.0655
0.1295,0.0615
0.1295,0.0585
0.1295,0.0585
0.1355,0.0505
0.1295,0.0505
0.1295,0.0505
0.1295,0.0505
0.1295,0.0505
0.1295,0.0505
0.1295,0.0505
0.1355,0.0505
0.1295,0.0505
0.1295,0.0505
0.1295,0.0505
0.1295,0.0505
0.1295,0.0505
0.1295,0.0505
0.1295,0.0505
0.1295,0.0505
0.1355,0.0505
0.1325,0.0505
0.1325,0.0505
0.1325,0.0505
0.1295,0.0505
0.1295,0.0505
0.1295,0.0505
0.1295,0.0505
0.1355,0.0505
0.1295,0.0505
0.1295,0.0505
0.1295,0.0505
0.1325,0.0505
0.1295,0.0505
0.1295,0.0505
0.1295,0.0505
0.1295,0.0505
0.1295,0.0505
0.1295,0.0505
0.1295,0.0505
0.1295,0.0505
0.1295,0.0505
0.1295,0.0505
0.1295,0.0505
0.1295,0.0505
0.1295,0.0505
0.1295,0.0505
0.1295,0.0505
0.1295,0.0505
0.1295,0.0505
0.1325,0.0505
0.1295,0.0505
0.1295,0.0505
0.126,0.0505
0.118,0.0505
0.114,0.0505
0.114,0.0505
0.106,0.0505
0.118,0.0385
0.124,0.0385
0.118,0.0385
0.1175,0.0385
0.1255,0.0385
0.1255,0.0385
0.1175,0.0385
0.123,0.0415
0.1135,0.0385
0.105,0.0385
0.108,0.0385
0.09,0.0445
0.1135,0.0385
0.108,0.0385
0.1135,0.0385
0.108,0.0385
0.108,0.0385
0.102,0.0385
0.111,0.0385
0.1135,0.0385
0.1135,0.0385
0.105,0.0535
0.111,0.0535
0.111,0.0625
0.105,0.0655
0.102,0.0655
0.108,0.0655
0.1135,0.0655
0.108,0.0695
0.1135,0.0695
0.1135,0.0605
0.1135,0.0575
0.1135,0.0575
0.1135,0.0555
0.1135,0.038
0.1135,0.03
0.1135,0.03
0.1135,0.019
0.1135,0.019
0.1135,0.019
0.1135,0.019
0.1135,0.019
0.1135,0.019
0.1135,0.019
0.1135,0.019
0.1135,0.019
0.1135,0.019
0.1135,0.019
0.1135,0.019
0.1135,0.019
0.1135,0.019
0.108,0.019
0.1135,0.019
0.108,0.019
0.1135,0.019
0.108,0.019
0.1135,0.017
0.108,0.005
0.1135,0.005
0.108,-0.007
0.108,-0.007
0.102,-0.013
0.1135,-0.015
0.102,-0.015
0.111,-0.015
0.102,-0.015
0.102,-0.015
0.105,-0.015
0.111,-0.015
0.1135,-0.015
0.102,-0.015
0.108,-0.027
0.102,-0.027
0.105,-0.027
0.1135,-0.027
0.108,-0.027
0.102,-0.027
0.102,-0.027
0.102,-0.021
0.102,-0.027
0.102,-0.027
0.102,-0.027
0.102,-0.027
0.102,-0.027
0.102,-0.027
0.102,-0.027
0.102,-0.027
0.094,-0.027
0.094,-0.027
0.094,-0.027
0.094,-0.027
0.094,-0.027
0.094,-0.027
0.094,-0.027
0.094,-0.027
0.094,-0.027
0.094,-0.015
0.094,-0.015
0.094,-0.004
0.094,0.005
0.094,0.005
0.082,0.005
0.082,0.005
0.082,0.005
0.082,0.005
0.07,0.005
0.082,0.005
0.082,0.005
0.058,0.005
0.05,0.005
0.05,0.005
0.05,0.005
0.05,-0.007
0.05,-0.007
0.05,-0.007
0.05,-0.007
0.05,-0.007
0.05,-0.015
0.047,-0.015
0.038,-0.015
0.0305,-0.015
0.0185,-0.015
0.0185,-0.015
0.0185,-0.015
0.0185,-0.015
0.0105,-0.015
0.0105,-0.015
0.0105,-0.003
0.0105,-0.003
0.0105,-0.003
0.0105,-0.003
0.0105,0.001
0.0105,0.009
0.0105,0.009
-0.0015,0.009
-0.01,0.009
-0.013,0.009
-0.021,0.009
-0.021,0.0125
-0.021,0.0125
-0.021,0.0125
-0.021,0.0125
-0.021,0.0125
-0.021,0.0125
-0.021,0.0125
-0.021,0.0125
-0.025,0.0125
-0.025,0.0125
-0.021,0.0125
-0.001,0.0125
0.023,0.0125
0.027,0.0125
0.039,0.0125
0.039,0.0125
0.039,0.0125
0.0505,0.0125
0.0505,0.0125
0.0505,0.0285
0.047,0.0365
-0.001,0.053
-0.013,0.07
-0.037,0.078
-0.061,0.086
-0.0375,0.098
-0.0295,0.098
-0.0295,0.102
-0.0295,0.102
-0.0295,0.102
-0.0575,0.1055
-0.0575,0.1055
-0.0575,0.1055
-0.0695,0.1055
-0.0695,0.1135
-0.0695,0.1135
-0.0575,0.1135
-0.0575,0.1135
-0.0575,0.1135
-0.0545,0.1245
-0.0575,0.1325
-0.0545,0.1325
-0.0375,0.1325
-0.0295,0.1325
-0.033,0.1385
-0.025,0.1445
-0.033,0.1445
-0.0525,0.152
-0.0485,0.152
-0.0485,0.1525
-0.0325,0.1405
-0.0205,0.1405
-0.009,0.1405
0.003,0.1365
0.011,0.1285
0.015,0.1295
0.015,0.1285
0.015,0.121
0.015,0.121
-0.001,0.127
-0.013,0.117
-0.025,0.117
-0.057,0.109
-0.073,0.118
-0.081,0.112
-0.081,0.105
-0.081,0.105
-0.081,0.105
-0.081,0.1165
-0.081,0.1125
-0.081,0.101
-0.081,0.1125
-0.086,0.107
-0.1065,0.101
-0.0955,0.107
-0.0755,0.107
-0.0635,0.101
-0.0635,0.1125
-0.0595,0.11
-0.0595,0.11
-0.0515,0.104
-0.0515,0.101
-0.0515,0.101
-0.0355,0.101
-0.0355,0.11
-0.0355,0.104
-0.0355,0.093
-0.0235,0.102
-0.0235,0.093
-0.0155,0.096
-0.0115,0.096
-0.0115,0.102
-0.0115,0.102
-0.0115,0.096
-0.0275,0.099
-0.0155,0.093
-0.0155,0.093
-0.0155,0.093
-0.0155,0.108
-0.0155,0.105
-0.0035,0.105
-0.0115,0.105
-0.0155,0.105
-0.0035,0.105
-0.0035,0.105
-0.0035,0.097
-0.0035,0.091
-0.0035,0.0775
-0.0035,0.0575
-0.0035,0.0465
-0.0155,0.0465
0.0,0.0465
-0.0035,0.0465
-0.0035,0.0465
-0.0115,0.0465
-0.0035,0.0465
-0.0035,0.0465
0.0,0.0465
0.015,0.0465
0.007,0.0445
0.015,0.0325
0.007,0.0325
0.007,0.0325
0.007,0.0325
0.007,0.0325
0.007,0.0325
0.007,0.0325
0.007,0.0325
0.007,0.0325
0.007,0.0325
0.031,0.0245
0.0425,0.0245
0.0425,0.0245
0.0665,0.0245
0.0585,0.0245
0.086,0.0125
0.1095,0.0125
0.1095,0.0125
0.1095,0.0125
0.1095,0.0125
0.1095,0.0125
0.1095,0.0165
0.1095,0.0165
0.1095,0.0165
0.1095,0.0165
0.1095,0.009
0.1095,0.009
0.1095,0.009
0.1095,0.009
0.1095,0.009
0.1095,0.009
0.1095,0.009
0.086,0.009
0.086,0.009
0.086,0.009
0.086,0.017
0.094,0.017
0.074,0.005
0.074,0.005
0.094,0.005
0.0665,0.005
0.086,0.005
0.0665,-0.011
0.0665,-0.0305
0.0665,-0.0465
0.0665,-0.0505
0.0585,-0.0535
0.0585,-0.0535
0.074,-0.0535
0.074,-0.0535
0.0585,-0.077
0.0585,-0.089
0.0585,-0.093
0.074,-0.093
0.0585,-0.101
0.074,-0.101
0.074,-0.101
0.074,-0.089
0.074,-0.086
0.0585,-0.085
0.0585,-0.073
0.0585,-0.059
0.0585,-0.056
0.0585,-0.0535
0.0585,-0.0535
0.0695,-0.0535
0.0695,-0.0535
0.0695,-0.058
0.0775,-0.049
0.0775,-0.0445
0.0775,-0.0535
0.0895,-0.0535
0.105,-0.0415
0.105,-0.0415
0.105,-0.0415
0.105,-0.0415
0.105,-0.0415
0.1125,-0.049
0.1125,-0.049
0.1125,-0.049
0.1125,-0.049
0.1125,-0.049
0.1125,-0.052
0.1125,-0.049
0.1125,-0.049
0.1125,-0.049
0.1125,-0.049
0.1125,-0.049
0.1125,-0.049
0.1125,-0.049
0.1125,-0.049
0.1125,-0.049
0.1125,-0.049
0.1125,-0.049
0.1125,-0.049
0.1125,-0.049
0.1125,-0.049
0.1125,-0.049
0.1125,-0.049
0.1125,-0.049
0.1125,-0.049
0.1125,-0.049
0.1125,-0.049
0.1125,-0.049
0.1125,-0.049
0.1125,-0.049
0.1125,-0.049
0.1125,-0.049
0.1125,-0.049
0.1125,-0.049
0.089,-0.049
0.0695,-0.049
0.081,-0.0445
0.081,-0.0445
