valence,arousal
0.0,0.093
0.0,0.093
0.0,0.093
0.0,0.093
0.0,0.093
0.0,0.093
0.0,0.093
0.0,0.093
0.0,0.093
0.0,0.093
0.0,0.093
0.0,0.093
0.0,0.093
0.0,0.093
0.0,0.093
0.0,0.093
0.0,0.093
0.0,0.093
0.0,0.093
0.0,0.093
0.0,0.093
0.0,0.093
0.0,0.093
0.0,0.093
0.0,0.093
0.0,0.093
0.0,0.093
0.0,0.093
0.0,0.093
0.0,0.093
0.0,0.093
0.0,0.093
0.0,0.093
0.0,0.093
0.0,0.093
0.0,0.093
0.0,0.093
0.0,0.093
0.0,0.093
0.0,0.093
0.0,0.093
0.0,0.093
0.0,0.093
0.0,0.093
0.0,0.093
0.0,0.093
0.0,0.093
0.0,0.093
0.0,0.093
0.0,0.093
0.0,0.093
0.0,0.093
0.0,0.093
0.0,0.093
0.0,0.093
0.0,0.093
0.0,0.093
0.0,0.069
0.0,0.069
0.0,0.069
0.0,0.069
0.0,0.069
0.0,0.069
0.0,0.069
0.0,0.093
0.0,0.093
0.0,0.101
0.0,0.101
0.0,0.101
0.0,0.101
0.0,0.062
0.0,0.046
0.0,0.038
0.0,0.03
0.0,0.014
0.0,0.0
0.0,0.0
0.0,0.0
0.0,0.0
0.0,0.0
0.0,0.0
0.0,0.0
0.0,0.0
0.0,0.0
0.0,0.0
0.0,0.0
0.0,0.0
0.0,0.0
0.0,0.0
0.0,0.0
0.0,0.0
0.0,0.0
0.0,0.0
0.0,0.038
0.0,0.046
0.0,0.046
0.0,0.046
0.0,0.014
0.0,0.0
0.0,0.0
0.0,-0.071
0.0,-0.103
0.0,-0.167
0.0,-0.207
0.0,-0.223
0.0,-0.231
0.0,-0.231
0.0,-0.231
0.0,-0.231
0.0,-0.231
0.0,-0.231
0.006,-0.231
0.006,-0.247
0.006,-0.247
0.006,-0.247
0.006,-0.247
0.006,-0.247
0.006,-0.247
0.006,-0.247
0.006,-0.247
0.006,-0.247
0.006,-0.247
0.006,-0.247
0.006,-0.247
0.006,-0.255
0.006,-0.255
0.006,-0.255
0.006,-0.255
0.006,-0.255
0.006,-0.255
0.006,-0.255
0.006,-0.231
0.006,-0.231
0.006,-0.231
0.006,-0.231
0.006,-0.231
0.006,-0.231
0.006,-0.231
0.006,-0.231
0.006,-0.231
0.006,-0.231
0.006,-0.231
0.006,-0.231
0.006,-0.231
0.006,-0.231
0.006,-0.231
0.006,-0.231
0.006,-0.231
0.006,-0.255
0.006,-0.255
0.006,-0.255
0.006,-0.255
0.006,-0.255
0.006,-0.255
0.006,-0.255
0.006,-0.255
0.006,-0.255
0.006,-0.255
0.006,-0.255
0.006,-0.255
0.006,-0.255
0.006,-0.255
0.006,-0.255
0.006,-0.255
0.006,-0.255
0.006,-0.255
0.006,-0.255
0.006,-0.255
0.006,-0.255
0.006,-0.255
0.006,-0.255
0.006,-0.255
0.006,-0.255
0.006,-0.255
0.006,-0.255
0.006,-0.255
0.006,-0.255
0.006,-0.255
0.006,-0.255
0.006,-0.255
0.006,-0.255
0.006,-0.255
0.006,-0.255
0.006,-0.255
0.006,-0.255
0.006,-0.255
0.006,-0.255
0.006,-0.255
0.006,-0.255
0.006,-0.255
0.006,-0.255
0.006,-0.255
0.006,-0.255
0.006,-0.255
0.006,-0.255
0.006,-0.255
0.006,-0.255
0.006,-0.255
0.006,-0.255
0.006,-0.255
0.006,-0.255
0.006,-0.255
0.006,-0.255
0.006,-0.255
0.006,-0.255
0.006,-0.255
0.006,-0.255
0.006,-0.255
0.006,-0.255
0.006,-0.255
0.006,-0.255
0.006,-0.255
0.006,-0.255
0.006,-0.255
0.006,-0.255
0.006,-0.255
0.006,-0.255
0.006,-0.255
0.006,-0.255
0.006,-0.255
0.006,-0.255
0.006,-0.255
0.006,-0.255
0.006,-0.255
0.006,-0.255
0.006,-0.255
0.006,-0.255
0.006,-0.255
0.006,-0.255
0.006,-0.255
0.006,-0.255
0.006,-0.255
0.006,-0.231
0.006,-0.231
0.006,-0.231
0.006,-0.231
0.006,-0.231
0.006,-0.231
0.006,-0.231
0.006,-0.231
0.006,-0.231
0.006,-0.231
0.006,-0.231
0.006,-0.231
0.006,-0.231
0.006,-0.231
0.006,-0.231
0.006,-0.231
0.006,-0.231
0.006,-0.231
0.006,-0.231
0.006,-0.231
0.006,-0.231
0.006,-0.231
0.006,-0.231
0.006,-0.231
0.006,-0.231
0.006,-0.223
0.006,-0.223
0.006,-0.223
0.006,-0.223
0.006,-0.207
0.006,-0.207
0.006,-0.207
0.006,-0.207
0.006,-0.207
0.006,-0.207
0.006,-0.207
0.006,-0.207
0.006,-0.207
0.006,-0.199
0.022,-0.199
0.022,-0.183
0.022,-0.175
0.022,-0.151
0.054,-0.143
0.054,-0.127
0.069,-0.127
0.069,-0.127
0.069,-0.127
0.069,-0.127
0.046,-0.127
0.046,-0.127
0.046,-0.127
0.038,-0.127
0.038,-0.127
0.054,-0.127
0.069,-0.127
0.046,-0.127
0.046,-0.127
0.046,-0.127
0.069,-0.127
0.069,-0.127
0.069,-0.127
0.077,-0.127
0.077,-0.127
0.054,-0.127
0.054,-0.127
0.054,-0.127
0.054,-0.127
0.054,-0.127
0.054,-0.127
0.054,-0.127
0.054,-0.127
0.054,-0.127
0.054,-0.127
0.054,-0.127
0.054,-0.127
0.054,-0.127
0.054,-0.127
0.054,-0.127
0.054,-0.127
0.054,-0.127
0.054,-0.127
0.054,-0.127
0.054,-0.127
0.054,-0.127
0.054,-0.127
0.054,-0.127
0.054,-0.127
0.054,-0.127
0.054,-0.127
0.054,-0.127
0.054,-0.127
0.054,-0.127
0.054,-0.127
0.054,-0.127
0.054,-0.127
0.054,-0.127
0.054,-0.127
0.054,-0.127
0.054,-0.127
0.054,-0.127
0.054,-0.127
0.054,-0.127
0.054,-0.127
0.054,-0.127
0.054,-0.151
0.054,-0.151
0.054,-0.167
0.054,-0.175
0.054,-0.175
0.054,-0.175
0.054,-0.183
0.054,-0.199
0.054,-0.199
0.054,-0.223
0.054,-0.223
0.054,-0.223
0.054,-0.223
0.054,-0.223
0.054,-0.223
0.054,-0.223
0.054,-0.223
0.054,-0.223
0.054,-0.223
0.054,-0.231
0.054,-0.231
0.054,-0.231
0.054,-0.231
0.054,-0.231
0.054,-0.231
0.054,-0.231
0.054,-0.231
0.054,-0.231
0.054,-0.231
0.054,-0.231
0.054,-0.231
0.054,-0.231
0.046,-0.231
0.046,-0.231
0.046,-0.231
0.046,-0.231
0.046,-0.231
0.046,-0.231
0.046,-0.231
0.046,-0.231
0.046,-0.231
0.046,-0.231
0.046,-0.231
0.046,-0.231
0.046,-0.231
0.046,-0.231
0.046,-0.231
0.046,-0.231
0.046,-0.231
0.046,-0.231
0.046,-0.247
0.046,-0.247
0.046,-0.247
0.046,-0.247
0.046,-0.247
0.046,-0.247
0.046,-0.247
0.069,-0.247
0.069,-0.247
0.077,-0.247
0.077,-0.247
0.054,-0.247
0.054,-0.247
0.054,-0.247
0.054,-0.247
0.054,-0.247
0.077,-0.247
0.077,-0.247
0.109,-0.247
0.148,-0.247
0.172,-0.247
0.18,-0.247
0.211,-0.247
0.235,-0.247
0.243,-0.247
0.259,-0.223
0.267,-0.223
0.275,-0.223
0.298,-0.223
0.298,-0.207
0.306,-0.175
0.306,-0.103
0.306,-0.039
0.306,0.0
0.298,0.03
0.322,0.069
0.298,0.211
0.298,0.267
0.298,0.298
0.298,0.298
0.298,0.298
0.29,0.298
0.29,0.298
0.322,0.298
0.322,0.267
0.322,0.267
0.306,0.243
0.306,0.235
0.306,0.219
0.306,0.219
0.306,0.211
0.298,0.211
0.322,0.211
0.322,0.188
0.298,0.188
0.322,0.18
0.306,0.172
0.306,0.133
0.298,0.133
0.33,0.125
0.33,0.125
0.338,0.125
0.338,0.125
0.338,0.117
0.338,0.117
0.338,0.101
0.338,0.101
0.338,0.093
0.338,0.062
0.338,0.062
0.338,0.062
0.338,0.062
0.338,0.046
0.338,0.046
0.338,0.046
0.298,0.046
0.29,0.046
0.267,0.038
0.259,0.038
0.259,0.038
0.235,0.038
0.211,0.038
0.235,0.03
0.204,0.03
0.196,0.03
0.196,0.03
0.196,0.03
0.204,0.03
0.204,0.03
0.172,0.03
0.196,0.03
0.18,0.03
0.211,0.03
0.211,0.03
0.211,0.03
0.211,0.03
0.211,0.03
0.211,0.03
0.211,0.03
0.211,0.03
0.18,0.03
0.18,0.03
0.211,0.014
0.211,0.014
0.196,0.014
0.18,0.014
0.164,0.006
0.148,0.0
0.18,-0.071
0.18,-0.247
0.18,-0.311
0.148,-0.351
0.148,-0.367
0.172,-0.383
0.172,-0.383
0.172,-0.391
0.172,-0.391
0.172,-0.391
0.172,-0.391
0.148,-0.391
0.148,-0.391
0.148,-0.391
0.148,-0.391
0.148,-0.391
0.148,-0.391
0.148,-0.391
0.148,-0.391
0.148,-0.391
0.148,-0.391
0.148,-0.391
0.148,-0.391
0.148,-0.391
0.148,-0.391
0.148,-0.391
0.148,-0.391
0.148,-0.391
0.148,-0.391
0.148,-0.391
0.148,-0.391
0.148,-0.391
0.148,-0.391
0.148,-0.367
0.148,-0.367
0.148,-0.367
0.148,-0.359
0.148,-0.359
0.148,-0.359
0.148,-0.359
0.148,-0.359
0.148,-0.359
0.148,-0.359
0.148,-0.359
0.148,-0.359
0.148,-0.359
0.148,-0.359
0.148,-0.359
0.148,-0.359
0.148,-0.359
0.148,-0.359
0.148,-0.359
0.148,-0.359
0.148,-0.359
0.148,-0.359
0.148,-0.359
0.148,-0.351
0.148,-0.351
0.148,-0.351
0.148,-0.351
0.148,-0.351
0.148,-0.351
0.148,-0.351
0.148,-0.351
0.148,-0.351
0.148,-0.351
0.148,-0.335
0.148,-0.335
0.148,-0.335
0.148,-0.335
0.148,-0.335
0.148,-0.335
0.148,-0.335
0.148,-0.335
0.148,-0.335
0.148,-0.335
0.148,-0.335
0.148,-0.335
0.148,-0.327
0.148,-0.327
0.148,-0.327
0.148,-0.327
0.148,-0.327
0.148,-0.327
0.148,-0.327
0.148,-0.327
0.148,-0.327
0.148,-0.327
0.172,-0.327
0.148,-0.327
0.148,-0.327
0.148,-0.327
0.172,-0.327
0.172,-0.327
0.172,-0.327
0.148,-0.327
0.172,-0.327
0.148,-0.327
0.148,-0.327
0.148,-0.327
0.148,-0.327
0.148,-0.327
0.148,-0.327
0.148,-0.327
0.148,-0.311
0.148,-0.311
0.148,-0.311
0.148,-0.311
0.164,-0.311
0.164,-0.311
0.164,-0.311
0.164,-0.311
0.164,-0.311
0.172,-0.311
0.172,-0.311
0.172,-0.311
0.148,-0.311
0.172,-0.311
0.172,-0.311
0.148,-0.311
0.148,-0.311
0.172,-0.311
0.172,-0.311
0.148,-0.311
0.148,-0.311
0.148,-0.311
0.148,-0.311
0.148,-0.311
0.148,-0.311
0.148,-0.311
0.148,-0.311
0.172,-0.311
0.148,-0.311
0.148,-0.311
0.148,-0.311
0.148,-0.311
0.172,-0.311
0.148,-0.311
0.148,-0.311
0.148,-0.311
0.164,-0.311
0.172,-0.311
0.164,-0.311
0.14,-0.311
0.14,-0.311
0.148,-0.311
0.14,-0.311
0.14,-0.303
0.164,-0.263
0.164,-0.183
0.164,-0.127
0.164,-0.079
0.164,-0.039
0.164,-0.015
0.164,0.0
0.164,0.0
0.164,0.0
0.164,0.0
0.164,0.0
0.164,0.0
0.164,0.0
0.164,0.0
0.164,0.0
0.164,0.014
0.164,0.014
0.164,0.03
0.164,0.038
0.164,0.038
0.164,0.038
0.164,0.038
0.164,0.038
0.164,0.038
0.164,0.038
0.164,0.038
0.164,0.038
0.164,0.038
0.164,0.038
0.164,0.038
0.164,0.046
0.164,0.046
0.164,0.046
0.164,0.046
0.164,0.046
0.164,0.046
0.164,0.046
0.164,0.046
0.164,0.046
0.164,0.046
0.164,0.046
0.164,0.046
0.164,0.046
0.164,0.046
0.164,0.046
0.164,0.046
0.164,0.046
0.164,0.046
0.164,0.046
0.164,0.046
0.164,0.046
0.164,0.046
0.164,0.046
0.164,0.046
0.164,0.046
0.164,0.046
0.164,0.046
0.164,0.046
0.164,0.046
0.164,0.046
0.164,0.046
0.164,0.046
0.196,0.046
0.172,0.046
0.196,0.046
0.204,0.046
0.204,0.046
0.204,0.046
0.204,0.046
0.204,0.046
0.204,0.046
0.18,0.046
0.18,0.046
0.18,0.046
0.18,0.046
0.204,0.046
0.204,0.046
0.204,0.046
0.204,0.046
0.204,0.046
0.204,0.046
0.204,0.046
0.204,0.046
0.204,0.046
0.204,0.046
0.204,0.046
0.204,0.046
0.204,0.046
0.204,0.046
0.204,0.046
0.204,0.046
0.204,0.046
0.204,0.046
0.204,0.046
0.204,0.046
0.204,0.046
0.204,0.046
0.204,0.046
0.204,0.046
0.204,0.046
0.204,0.046
0.204,0.046
0.204,0.046
0.204,0.046
0.204,0.046
0.204,0.046
0.204,0.046
0.204,0.046
0.204,0.046
0.204,0.046
0.204,0.046
0.204,0.046
0.204,0.046
0.204,0.046
0.204,0.046
0.204,0.046
0.204,0.046
0.204,0.046
0.204,0.046
0.204,0.046
0.204,0.046
0.204,0.046
0.204,0.046
0.204,0.046
0.204,0.046
0.204,0.046
0.204,0.046
0.204,0.046
0.204,0.046
0.204,0.062
0.204,0.062
0.204,0.062
0.204,0.062
0.204,0.062
0.204,0.062
0.204,0.062
0.204,0.062
0.204,0.062
0.204,0.062
0.204,0.062
0.204,0.062
0.204,0.062
0.204,0.062
0.204,0.062
0.204,0.062
0.204,0.062
0.204,0.062
0.204,0.062
0.204,0.062
0.204,0.062
0.204,0.062
0.204,0.062
0.204,0.062
0.204,0.062
0.204,0.062
0.204,0.062
0.204,0.062
0.204,0.062
0.204,0.062
0.204,0.062
0.204,0.062
0.204,0.062
0.204,0.062
0.204,0.062
0.204,0.062
0.204,0.062
0.204,0.062
0.204,0.062
0.204,0.062
0.204,0.062
0.204,0.062
0.204,0.069
0.204,0.069
0.204,0.069
0.204,0.069
0.204,0.069
0.204,0.069
0.204,0.046
0.211,0.046
0.211,0.046
0.211,0.046
0.211,0.046
0.211,0.046
0.18,0.046
0.211,0.046
0.227,0.046
0.204,0.046
0.227,0.046
0.227,0.046
0.227,0.046
0.227,0.046
0.227,0.046
0.227,0.046
0.227,0.046
0.227,0.046
0.227,0.046
0.227,0.046
0.227,0.046
0.227,0.046
0.227,0.046
0.227,0.046
0.227,0.046
0.227,0.046
0.227,0.046
0.227,0.046
0.227,0.046
0.227,0.046
0.227,0.046
0.227,0.046
0.204,0.046
0.204,0.046
0.204,0.046
0.204,0.046
0.204,0.046
0.204,0.046
0.204,0.046
0.204,0.046
0.204,0.046
0.204,0.046
0.204,0.046
0.204,0.046
0.204,0.046
0.204,0.046
0.204,0.046
0.204,0.046
0.204,0.046
0.204,0.046
0.204,0.046
0.204,0.046
0.204,0.046
0.204,0.046
0.204,0.046
0.204,0.046
0.204,0.046
0.204,0.046
0.204,0.046
0.204,0.046
0.204,0.046
0.204,0.046
0.204,0.046
0.204,0.046
0.204,0.046
0.204,0.046
0.204,0.046
0.204,0.046
0.204,0.046
0.204,0.046
0.204,0.046
0.204,0.069
0.204,0.069
0.204,0.069
0.204,0.069
0.204,0.069
0.204,0.069
0.204,0.069
0.204,0.069
0.204,0.069
0.204,0.069
0.204,0.069
0.204,0.069
0.204,0.069
0.227,0.069
0.227,0.069
0.227,0.069
0.227,0.069
0.227,0.069
0.227,0.069
0.227,0.069
0.227,0.046
0.227,0.046
0.227,0.03
0.227,0.006
0.204,0.0
0.204,0.0
0.204,0.0
0.204,0.0
0.204,0.0
0.204,0.0
0.204,0.0
0.204,0.0
0.196,0.0
0.18,0.0
0.172,0.0
0.164,0.0
0.164,0.0
0.164,0.0
0.172,0.0
0.148,0.0
0.148,0.0
0.148,0.0
0.164,0.0
0.164,0.0
0.164,0.0
0.164,0.0
0.148,0.0
0.148,0.0
0.14,0.0
0.14,0.0
0.14,0.0
0.164,0.0
0.164,0.0
0.164,0.0
0.164,0.0
0.164,0.0
0.164,0.0
0.164,0.0
0.164,0.0
0.164,0.0
0.164,0.0
0.164,0.0
0.164,0.0
0.164,0.0
0.164,0.0
0.164,0.0
0.172,0.0
0.172,0.0
0.196,0.0
0.204,0.0
0.204,0.0
0.204,0.0
0.204,0.0
0.235,0.0
0.259,0.0
0.267,0.0
0.259,0.0
0.259,0.0
0.259,0.0
0.259,0.0
0.259,0.0
0.259,0.0
0.259,0.0
0.259,0.0
0.259,0.0
0.259,0.0
0.259,0.0
0.259,0.0
0.259,0.0
0.259,0.0
0.259,0.0
0.259,0.0
0.259,0.0
0.259,0.0
0.259,0.014
0.259,0.038
0.259,0.046
0.259,0.046
0.259,0.046
0.259,0.046
0.259,0.062
0.259,0.062
0.259,0.062
0.259,0.062
0.259,0.062
0.259,0.062
0.259,0.062
0.259,0.062
0.259,0.062
0.259,0.062
0.259,0.062
0.259,0.062
0.259,0.062
0.259,0.062
0.259,0.062
0.259,0.062
0.259,0.062
0.259,0.062
0.259,0.062
0.259,0.062
0.259,0.062
0.259,0.062
0.259,0.062
0.259,0.062
0.259,0.062
0.259,0.062
0.259,0.062
0.259,0.062
0.259,0.062
0.259,0.062
0.259,0.062
0.259,0.062
0.259,0.062
0.259,0.062
0.259,0.062
0.259,0.062
0.259,0.062
0.259,0.062
0.259,0.062
0.259,0.062
0.259,0.062
0.259,0.062
0.259,0.062
0.259,0.062
0.259,0.062
0.259,0.062
0.259,0.062
0.259,0.062
0.259,0.062
0.259,0.062
0.259,0.062
0.259,0.062
0.259,0.062
0.259,0.062
0.259,0.062
0.259,0.062
0.259,0.062
0.259,0.062
0.259,0.062
0.259,0.062
0.259,0.062
0.259,0.062
0.259,0.062
0.259,0.062
0.259,0.062
0.259,0.062
0.259,0.062
0.259,0.062
0.259,0.062
0.259,0.062
0.259,0.062
0.259,0.062
0.259,0.062
0.259,0.062
0.259,0.062
0.259,0.062
0.259,0.062
0.259,0.062
0.259,0.062
0.259,0.062
0.259,0.062
0.259,0.062
0.259,0.062
0.259,0.062
0.259,0.062
0.259,0.062
0.259,0.062
0.259,0.062
0.259,0.062
0.259,0.062
0.259,0.062
0.259,0.062
0.259,0.062
0.259,0.062
0.259,0.062
0.259,0.062
0.259,0.062
0.259,0.062
0.259,0.062
0.259,0.062
0.259,0.062
0.259,0.062
0.259,0.062
0.259,0.062
0.259,0.062
0.259,0.062
0.259,0.062
0.259,0.062
0.259,0.062
0.259,0.062
0.259,0.062
0.259,0.062
0.259,0.062
0.259,0.062
0.259,0.062
0.259,0.062
0.259,0.062
0.259,0.062
0.259,0.062
0.259,0.062
0.259,0.062
0.259,0.062
0.259,0.062
0.259,0.062
0.259,0.062
0.259,0.062
0.259,0.062
0.259,0.062
0.259,0.062
0.259,0.062
0.259,0.062
0.259,0.062
0.259,0.062
0.259,0.062
0.259,0.062
0.259,0.062
0.259,0.062
0.259,0.062
0.259,0.069
0.259,0.069
0.259,0.069
0.259,0.069
0.259,0.069
0.259,0.069
0.259,0.069
0.259,0.069
0.259,0.069
0.259,0.069
0.259,0.069
0.259,0.069
0.259,0.069
0.259,0.069
0.259,0.069
0.259,0.069
0.259,0.069
0.259,0.069
0.259,0.069
0.259,0.069
0.259,0.069
0.259,0.069
0.259,0.069
0.259,0.069
0.259,0.069
0.259,0.069
0.259,0.069
0.259,0.069
0.259,0.069
0.259,0.069
0.259,0.069
0.259,0.069
0.259,0.069
0.259,0.069
0.259,0.069
0.259,0.069
0.259,0.069
0.259,0.069
0.259,0.069
0.259,0.069
0.259,0.069
0.259,0.069
0.259,0.069
0.259,0.069
0.259,0.069
0.259,0.069
0.259,0.069
0.259,0.069
0.259,0.069
0.259,0.069
0.259,0.069
0.259,0.069
0.259,0.069
0.259,0.069
0.259,0.069
0.259,0.069
0.259,0.069
0.259,0.069
0.259,0.069
0.259,0.069
0.259,0.069
0.259,0.069
0.259,0.069
0.259,0.069
0.259,0.069
0.259,0.069
0.259,0.038
0.259,0.0
0.259,-0.015
0.259,-0.063
0.259,-0.095
0.259,-0.119
0.259,-0.151
0.259,-0.167
0.259,-0.183
0.259,-0.207
0.259,-0.223
0.259,-0.223
0.259,-0.223
0.259,-0.223
0.259,-0.223
0.259,-0.223
0.259,-0.223
0.259,-0.223
0.259,-0.223
0.259,-0.223
0.259,-0.223
0.259,-0.223
0.259,-0.231
0.259,-0.231
0.259,-0.231
0.259,-0.231
0.259,-0.231
0.259,-0.207
0.259,-0.207
0.259,-0.207
0.259,-0.207
0.259,-0.207
0.259,-0.207
0.259,-0.207
0.259,-0.207
0.259,-0.207
0.259,-0.207
0.259,-0.207
0.259,-0.207
0.259,-0.199
0.259,-0.199
0.259,-0.199
0.259,-0.199
0.259,-0.199
0.259,-0.183
0.259,-0.183
0.259,-0.175
0.259,-0.175
0.259,-0.175
0.259,-0.175
0.259,-0.175
0.259,-0.175
0.259,-0.175
0.259,-0.175
0.259,-0.175
0.259,-0.175
0.259,-0.167
0.259,-0.167
0.259,-0.167
0.259,-0.151
0.259,-0.143
0.259,-0.127
0.259,-0.119
0.259,-0.119
0.259,-0.119
0.259,-0.103
0.259,-0.103
0.259,-0.103
0.259,-0.103
0.259,-0.103
0.259,-0.103
0.259,-0.103
0.259,-0.103
0.259,-0.103
0.259,-0.103
0.259,-0.103
0.259,-0.103
0.259,-0.103
0.259,-0.103
0.259,-0.103
0.259,-0.103
0.259,-0.103
0.259,-0.103
0.259,-0.103
0.259,-0.103
0.259,-0.103
0.259,-0.103
0.259,-0.103
0.259,-0.103
0.259,-0.103
0.259,-0.103
0.259,-0.103
0.259,-0.103
0.259,-0.103
0.259,-0.103
0.259,-0.103
0.259,-0.103
0.259,-0.103
0.259,-0.103
0.259,-0.103
0.259,-0.103
0.259,-0.103
0.259,-0.103
0.259,-0.103
0.259,-0.103
0.259,-0.103
0.259,-0.103
0.259,-0.103
0.259,-0.103
0.259,-0.103
0.243,-0.103
0.243,-0.103
0.243,-0.103
0.243,-0.103
0.243,-0.103
0.243,-0.103
0.243,-0.103
0.243,-0.103
0.243,-0.103
0.243,-0.103
0.243,-0.103
0.243,-0.103
0.243,-0.103
0.243,-0.103
0.243,-0.103
0.243,-0.103
0.243,-0.103
0.243,-0.103
0.243,-0.103
0.243,-0.103
0.243,-0.103
0.243,-0.103
0.243,-0.103
0.243,-0.103
0.243,-0.103
0.243,-0.103
0.267,-0.103
0.275,-0.103
0.29,-0.103
0.267,-0.103
0.259,-0.103
0.29,-0.103
0.275,-0.103
0.306,-0.103
0.275,-0.103
0.298,-0.103
0.306,-0.103
0.306,-0.103
0.306,-0.103
0.306,-0.103
0.322,-0.103
0.322,-0.103
0.322,-0.103
0.322,-0.103
0.322,-0.103
0.322,-0.103
0.322,-0.103
0.33,-0.103
0.306,-0.103
0.306,-0.103
0.306,-0.103
0.306,-0.103
0.306,-0.103
0.306,-0.103
0.306,-0.103
0.306,-0.103
0.306,-0.103
0.306,-0.103
0.306,-0.103
0.306,-0.103
0.306,-0.103
0.306,-0.103
0.306,-0.103
0.306,-0.103
0.306,-0.103
0.306,-0.103
0.306,-0.103
0.306,-0.103
0.306,-0.103
0.306,-0.103
0.306,-0.103
0.306,-0.103
0.306,-0.103
0.306,-0.103
0.306,-0.103
0.306,-0.103
0.306,-0.103
0.306,-0.103
0.306,-0.103
0.306,-0.103
0.306,-0.103
0.306,-0.103
0.306,-0.103
0.306,-0.103
0.298,-0.103
0.298,-0.103
0.298,-0.103
0.298,-0.103
0.298,-0.103
0.298,-0.103
0.298,-0.103
0.298,-0.103
0.298,-0.103
0.298,-0.103
0.298,-0.103
0.298,-0.103
0.298,-0.103
0.298,-0.103
0.298,-0.103
0.298,-0.103
0.298,-0.103
0.298,-0.103
0.298,-0.103
0.298,-0.103
0.298,-0.103
0.298,-0.103
0.298,-0.103
0.298,-0.103
0.298,-0.103
0.298,-0.103
0.298,-0.103
0.298,-0.103
0.298,-0.071
0.298,-0.023
0.298,0.0
0.298,0.0
0.298,0.0
0.298,0.0
0.298,0.0
0.298,0.0
0.298,0.0
0.298,0.0
0.298,0.006
0.298,0.03
0.298,0.038
0.298,0.062
0.298,0.062
0.298,0.069
0.298,0.101
0.298,0.101
0.298,0.125
0.298,0.125
0.298,0.133
0.298,0.156
0.298,0.156
0.298,0.156
0.298,0.156
0.298,0.156
0.298,0.156
0.298,0.156
0.298,0.156
0.298,0.156
0.298,0.156
0.298,0.156
0.298,0.156
0.298,0.156
0.298,0.156
0.298,0.156
0.298,0.156
0.298,0.156
0.298,0.156
0.298,0.156
0.298,0.156
0.298,0.156
0.298,0.156
0.298,0.156
0.298,0.156
0.298,0.156
0.298,0.156
0.298,0.156
0.298,0.156
0.298,0.156
0.298,0.156
0.298,0.156
0.298,0.156
0.298,0.156
0.298,0.156
0.298,0.156
0.298,0.156
0.298,0.156
0.298,0.156
0.298,0.156
0.298,0.156
0.298,0.156
0.298,0.156
0.298,0.156
0.298,0.156
0.298,0.156
0.298,0.156
0.298,0.156
0.298,0.156
0.298,0.156
0.298,0.156
0.298,0.156
0.298,0.133
0.298,0.125
0.298,0.125
0.298,0.125
0.298,0.117
0.298,0.101
0.298,0.101
0.298,0.093
0.298,0.093
0.298,0.093
0.298,0.093
0.298,0.093
0.298,0.093
0.298,0.085
0.298,0.085
0.298,0.085
0.298,0.085
0.298,0.085
0.298,0.085
0.298,0.085
0.298,0.085
0.298,0.085
0.298,0.069
0.298,0.069
0.298,0.069
0.298,0.069
0.298,0.069
0.298,0.069
0.298,0.069
0.298,0.069
0.298,0.069
0.298,0.069
0.298,0.069
0.298,0.069
0.298,0.069
0.298,0.069
0.298,0.069
0.298,0.069
0.298,0.069
0.298,0.069
0.298,0.069
0.298,0.069
0.298,0.062
0.298,0.062
0.298,0.062
0.298,0.046
0.298,0.046
0.298,0.046
0.298,0.046
0.298,0.046
0.298,0.046
0.298,0.046
0.298,0.046
0.298,0.046
0.298,0.046
0.298,0.046
0.298,0.046
0.298,0.046
0.298,0.046
0.298,0.046
0.298,0.046
0.298,0.046
0.298,0.046
0.298,0.046
0.298,0.046
0.298,0.046
0.298,0.046
0.298,0.046
0.298,0.046
0.298,0.046
0.298,0.046
0.298,0.046
0.298,0.046
0.298,0.046
0.298,0.046
0.298,0.046
0.298,0.069
0.298,0.069
0.298,0.085
0.298,0.085
0.298,0.085
0.298,0.085
0.298,0.085
0.298,0.085
0.298,0.085
0.298,0.085
0.298,0.085
0.298,0.085
0.298,0.085
0.298,0.085
0.298,0.085
0.298,0.085
0.298,0.085
0.298,0.085
0.298,0.085
0.298,0.085
0.298,0.085
0.298,0.085
0.298,0.085
0.298,0.085
0.298,0.085
0.298,0.085
0.298,0.085
0.298,0.085
0.298,0.085
0.298,0.085
0.298,0.085
0.298,0.085
0.298,0.085
0.298,0.085
0.298,0.085
0.298,0.085
0.298,0.085
0.298,0.085
0.298,0.085
0.298,0.085
0.298,0.085
0.298,0.085
0.29,0.085
0.29,0.085
0.29,0.085
0.29,0.085
0.29,0.085
0.29,0.085
0.29,0.085
0.29,0.085
0.29,0.085
0.29,0.085
0.29,0.085
0.29,0.085
0.29,0.085
0.29,0.085
0.29,0.085
0.29,0.085
0.29,0.085
0.29,0.085
0.29,0.085
0.29,0.085
0.29,0.085
0.29,0.085
0.29,0.085
0.29,0.085
0.29,0.085
0.29,0.085
0.29,0.085
0.29,0.085
0.29,0.085
0.29,0.085
0.29,0.085
0.29,0.085
0.29,0.085
0.29,0.085
0.29,0.085
0.29,0.085
0.29,0.085
0.29,0.085
0.29,0.085
0.29,0.085
0.29,0.085
0.29,0.085
0.29,0.085
0.29,0.085
0.29,0.085
0.29,0.085
0.29,0.085
0.29,0.085
0.29,0.085
0.29,0.085
0.29,0.085
0.29,0.085
0.29,0.085
0.29,0.085
0.29,0.085
0.29,0.085
0.29,0.085
0.29,0.085
0.29,0.085
0.29,0.085
0.29,0.085
0.29,0.085
0.29,0.085
0.29,0.085
0.29,0.085
0.29,0.085
0.29,0.085
0.29,0.085
0.29,0.085
0.29,0.085
0.29,0.085
0.29,0.085
0.29,0.085
0.29,0.085
0.29,0.085
0.29,0.085
0.29,0.085
0.29,0.085
0.29,0.085
0.29,0.085
0.29,0.085
0.29,0.085
0.29,0.062
0.29,0.038
0.29,0.006
0.29,-0.063
0.29,-0.143
0.29,-0.183
0.29,-0.207
0.29,-0.231
0.29,-0.255
0.29,-0.255
0.29,-0.255
0.29,-0.255
0.29,-0.255
0.29,-0.255
0.29,-0.255
0.29,-0.255
0.29,-0.255
0.29,-0.255
0.29,-0.231
0.29,-0.231
0.29,-0.223
0.29,-0.223
0.29,-0.223
0.29,-0.223
0.29,-0.223
0.29,-0.223
0.29,-0.223
0.29,-0.223
0.29,-0.223
0.29,-0.223
0.29,-0.223
0.29,-0.223
0.29,-0.223
0.29,-0.223
0.29,-0.207
0.29,-0.207
0.29,-0.207
0.29,-0.207
0.29,-0.207
0.29,-0.207
0.29,-0.207
0.29,-0.207
0.29,-0.207
0.29,-0.207
0.29,-0.207
0.29,-0.207
0.29,-0.207
0.29,-0.207
0.29,-0.207
0.29,-0.207
0.29,-0.207
0.29,-0.207
0.29,-0.207
0.29,-0.207
0.29,-0.207
0.29,-0.199
0.29,-0.199
0.29,-0.199
0.29,-0.199
0.29,-0.183
0.29,-0.183
0.29,-0.183
0.29,-0.183
0.29,-0.183
0.275,-0.183
0.275,-0.183
0.275,-0.183
0.275,-0.183
0.275,-0.183
0.275,-0.183
0.275,-0.183
0.275,-0.183
0.275,-0.183
0.275,-0.183
0.275,-0.183
0.275,-0.183
0.275,-0.183
0.275,-0.183
0.275,-0.183
0.275,-0.183
0.275,-0.183
0.275,-0.183
0.275,-0.183
0.275,-0.183
0.275,-0.175
0.275,-0.175
0.275,-0.175
0.275,-0.175
0.275,-0.175
0.275,-0.175
0.275,-0.175
0.275,-0.175
0.275,-0.175
0.275,-0.175
0.275,-0.175
0.267,-0.175
0.243,-0.167
0.243,-0.167
0.235,-0.167
0.235,-0.167
0.227,-0.167
0.227,-0.167
0.235,-0.167
0.243,-0.167
0.243,-0.167
0.243,-0.167
0.243,-0.167
0.243,-0.167
0.243,-0.167
0.243,-0.167
0.243,-0.167
0.243,-0.167
0.243,-0.167
0.243,-0.167
0.243,-0.167
0.243,-0.167
0.243,-0.167
0.211,-0.167
0.235,-0.167
0.235,-0.167
0.235,-0.167
0.235,-0.167
0.211,-0.167
0.211,-0.167
0.204,-0.167
0.204,-0.167
0.204,-0.167
0.204,-0.167
0.204,-0.151
0.204,-0.151
0.204,-0.143
0.227,-0.119
0.227,-0.071
0.227,-0.071
0.227,-0.063
0.227,-0.063
0.227,-0.063
0.227,-0.063
0.227,-0.063
0.227,-0.063
0.227,-0.063
0.227,-0.063
0.227,-0.063
0.227,-0.063
0.227,-0.063
0.227,-0.063
0.227,-0.063
0.227,-0.063
0.227,-0.063
0.227,-0.063
0.227,-0.063
0.227,-0.063
0.227,-0.063
0.227,-0.063
0.227,-0.063
0.227,-0.063
0.227,-0.063
0.227,-0.063
0.227,-0.063
0.227,-0.063
0.227,-0.063
0.227,-0.063
0.227,-0.063
0.227,-0.063
0.227,-0.063
0.227,-0.063
0.227,-0.063
0.227,-0.063
0.227,-0.063
0.227,-0.063
0.227,-0.063
0.227,-0.063
0.227,-0.063
0.227,-0.063
0.227,-0.063
0.227,-0.063
0.227,-0.063
0.227,-0.063
0.227,-0.063
0.227,-0.063
0.227,-0.063
0.227,-0.063
0.227,-0.063
0.227,-0.063
0.227,-0.063
0.227,-0.063
0.227,-0.063
0.227,-0.063
0.227,-0.063
0.227,-0.063
0.227,-0.063
0.227,-0.063
0.227,-0.063
0.227,-0.063
0.227,-0.063
0.227,-0.063
0.227,-0.063
0.227,-0.063
0.227,-0.063
0.227,-0.063
0.227,-0.063
0.227,-0.063
0.227,-0.063
0.227,-0.063
0.227,-0.063
0.227,-0.063
0.227,-0.063
0.227,-0.063
0.227,-0.063
0.227,-0.063
0.227,-0.063
0.227,-0.063
0.227,-0.063
0.227,-0.063
0.227,-0.063
0.227,-0.063
0.227,-0.063
0.227,-0.063
0.227,-0.063
0.227,-0.063
0.227,-0.063
0.227,-0.063
0.227,-0.063
0.227,-0.063
0.227,-0.063
0.227,-0.063
0.227,-0.063
0.227,-0.063
0.227,-0.063
0.227,-0.063
0.227,-0.039
0.227,0.0
0.227,0.03
0.227,0.069
0.227,0.117
0.227,0.18
0.227,0.219
0.227,0.235
0.227,0.235
0.227,0.235
0.227,0.235
0.227,0.211
0.227,0.188
0.227,0.18
0.227,0.172
0.227,0.156
0.227,0.156
0.227,0.156
0.227,0.156
0.227,0.156
0.227,0.156
0.227,0.156
0.227,0.156
0.227,0.156
0.227,0.156
0.227,0.148
0.227,0.148
0.227,0.148
0.227,0.133
0.227,0.133
0.227,0.133
0.227,0.133
0.227,0.133
0.227,0.133
0.227,0.133
0.227,0.133
0.227,0.133
0.227,0.125
0.227,0.125
0.227,0.125
0.227,0.125
0.227,0.125
0.227,0.125
0.227,0.125
0.227,0.125
0.227,0.125
0.227,0.125
0.227,0.125
0.227,0.125
0.227,0.125
0.227,0.125
0.227,0.125
0.227,0.125
0.227,0.125
0.227,0.125
0.227,0.125
0.227,0.125
0.227,0.125
0.227,0.125
0.227,0.125
0.227,0.125
0.227,0.125
0.227,0.125
0.227,0.125
0.227,0.125
0.227,0.125
0.227,0.125
0.227,0.125
0.227,0.125
0.227,0.125
0.227,0.125
0.227,0.125
0.227,0.117
0.227,0.117
0.227,0.117
0.227,0.101
0.227,0.101
0.227,0.101
0.227,0.101
0.227,0.069
0.227,0.069
0.227,0.069
0.227,0.062
0.227,0.062
0.227,0.062
0.227,0.062
0.227,0.046
0.227,0.046
0.235,0.046
0.267,0.046
0.29,0.046
0.267,0.046
0.267,0.046
0.267,0.046
0.29,0.038
0.29,0.038
0.298,0.038
0.275,0.038
0.29,0.038
0.298,0.038
0.306,0.038
0.306,0.038
0.306,0.03
0.306,0.03
0.306,0.006
0.306,0.006
0.306,0.006
0.306,0.006
0.306,0.006
0.306,0.006
0.306,0.006
0.306,0.006
0.306,0.006
0.306,0.006
0.306,0.006
0.306,0.006
0.306,0.006
0.306,0.006
0.306,0.006
0.306,0.006
0.306,0.006
0.306,0.0
0.306,0.0
0.306,0.0
0.306,0.0
0.306,0.0
0.306,0.0
0.306,0.0
0.306,0.0
0.306,0.0
0.306,0.0
0.306,0.0
0.306,0.0
0.306,0.0
0.306,0.0
0.306,0.0
0.306,0.0
0.306,0.0
0.306,0.0
0.306,0.0
0.306,0.0
0.306,0.0
0.306,0.0
0.306,0.0
0.306,0.0
0.306,0.0
0.306,0.0
0.306,0.0
0.306,0.0
0.306,0.0
0.306,0.0
0.306,0.0
0.306,0.0
0.306,0.0
0.306,0.0
0.306,0.0
0.306,0.0
0.306,0.0
0.306,0.0
0.306,0.0
0.306,0.0
0.306,0.0
0.306,0.0
0.306,0.0
0.306,0.0
0.306,0.0
0.306,0.0
0.306,0.0
0.306,0.0
0.306,0.0
0.306,0.0
0.306,0.0
0.306,0.0
0.306,0.0
0.306,0.0
0.306,0.0
0.306,0.0
0.306,0.0
0.306,0.0
0.306,0.0
0.306,0.0
0.306,0.0
0.306,0.0
0.306,0.0
0.306,0.0
0.306,0.0
0.306,0.0
0.306,0.0
0.306,0.0
0.306,0.0
0.306,0.0
0.306,0.0
0.306,0.0
0.306,0.0
0.306,0.0
0.306,0.0
0.306,0.0
0.306,0.0
0.306,0.0
0.306,0.0
0.306,0.0
0.306,0.0
0.306,0.0
0.306,0.0
0.306,0.0
0.306,0.0
0.306,0.0
0.306,0.0
0.306,0.0
0.306,0.0
0.306,0.0
0.306,0.0
0.322,0.0
0.361,0.0
0.393,0.0
0.511,0.038
0.519,0.101
0.543,0.125
0.551,0.125
0.559,0.125
0.559,0.125
0.559,0.125
0.559,0.125
0.559,0.125
0.559,0.125
0.559,0.125
0.559,0.156
0.559,0.18
0.559,0.188
0.559,0.188
0.559,0.188
0.559,0.188
0.559,0.204
0.559,0.204
0.559,0.204
0.559,0.204
0.559,0.204
0.559,0.204
0.559,0.204
0.559,0.204
0.559,0.204
0.559,0.204
0.559,0.204
0.559,0.204
0.559,0.204
0.559,0.204
0.559,0.204
0.559,0.204
0.559,0.204
0.559,0.204
0.559,0.204
0.559,0.204
0.559,0.204
0.559,0.204
0.559,0.204
0.559,0.204
0.559,0.204
0.519,0.204
0.511,0.148
0.519,0.125
0.527,0.117
0.48,0.085
0.48,0.062
0.48,0.062
0.424,0.046
0.401,0.038
0.417,0.03
0.393,0.014
0.361,0.006
0.385,0.006
0.385,0.0
0.353,0.0
0.322,0.0
0.322,0.0
0.322,0.0
0.322,0.0
0.322,0.0
0.322,0.0
0.322,0.0
0.322,0.0
0.322,0.0
0.322,0.0
0.322,0.0
0.322,0.0
0.322,0.0
0.322,0.0
0.322,0.0
0.322,0.0
0.322,0.0
0.322,0.0
0.322,0.0
0.322,0.0
0.353,0.0
0.322,0.0
0.338,0.0
0.353,0.0
0.353,0.0
0.33,0.0
0.33,0.0
0.33,0.0
0.33,0.0
0.306,0.0
0.306,0.0
0.298,0.0
0.29,0.0
0.298,0.0
0.29,0.0
0.259,0.0
0.267,0.0
0.243,0.0
0.243,0.0
0.235,0.0
0.211,0.0
0.211,0.0
0.211,0.0
0.211,0.0
0.211,0.0
0.211,0.0
0.211,0.0
0.211,0.0
0.211,0.0
0.211,0.0
0.211,0.0
0.211,0.0
0.211,0.0
0.211,0.0
0.211,0.0
0.204,0.0
0.204,0.0
0.204,0.0
0.204,0.0
0.204,0.0
0.204,0.0
0.204,0.0
0.204,0.0
0.204,0.0
0.204,0.0
0.204,0.0
0.204,0.0
0.204,0.0
0.204,0.0
0.204,0.0
0.204,0.0
0.204,0.0
0.204,0.0
0.204,0.0
0.227,0.0
0.227,0.0
0.227,0.0
0.227,0.0
0.235,0.0
0.235,0.0
0.235,0.0
0.235,0.0
0.235,0.0
0.235,0.0
0.235,0.0
0.235,0.0
0.235,0.0
0.235,0.0
0.235,0.0
0.235,0.03
0.235,0.038
0.235,0.062
0.235,0.062
0.243,0.069
0.259,0.093
0.259,0.125
0.243,0.133
0.29,0.148
0.275,0.156
0.29,0.156
0.275,0.156
0.298,0.172
0.275,0.18
0.275,0.18
0.29,0.188
0.322,0.188
0.29,0.188
0.298,0.188
0.33,0.188
0.361,0.188
0.338,0.188
0.353,0.188
0.361,0.188
0.369,0.188
0.385,0.188
0.385,0.188
0.361,0.188
0.361,0.188
0.361,0.188
0.361,0.188
0.361,0.188
0.361,0.188
0.361,0.188
0.385,0.188
0.385,0.188
0.385,0.188
0.385,0.188
0.385,0.188
0.385,0.188
0.385,0.188
0.385,0.188
0.385,0.188
0.385,0.188
0.385,0.188
0.385,0.188
0.385,0.188
0.385,0.188
0.385,0.188
0.385,0.188
0.361,0.188
0.393,0.188
0.393,0.188
0.393,0.188
0.401,0.188
0.401,0.188
0.401,0.188
0.401,0.188
0.401,0.188
0.401,0.188
0.401,0.188
0.417,0.188
0.401,0.188
0.432,0.188
0.432,0.188
0.448,0.188
0.448,0.188
0.448,0.188
0.448,0.188
0.448,0.188
0.448,0.188
0.448,0.188
0.448,0.188
0.448,0.188
0.448,0.188
0.448,0.188
0.448,0.188
0.448,0.188
0.448,0.188
0.448,0.188
0.448,0.188
0.448,0.188
0.448,0.188
0.448,0.188
0.448,0.188
0.448,0.188
0.448,0.188
0.448,0.188
0.448,0.188
0.448,0.188
0.448,0.188
0.448,0.188
0.448,0.188
0.448,0.188
0.448,0.188
0.448,0.188
0.448,0.188
0.448,0.188
0.448,0.188
0.448,0.188
0.448,0.188
0.448,0.188
0.448,0.188
0.448,0.188
0.448,0.188
0.448,0.188
0.448,0.188
0.448,0.188
0.448,0.188
0.448,0.188
0.448,0.188
0.448,0.188
0.424,0.188
0.424,0.188
0.424,0.188
0.424,0.188
0.424,0.188
0.456,0.188
0.464,0.188
0.48,0.188
0.448,0.188
0.456,0.188
0.448,0.188
0.448,0.133
0.448,0.093
0.448,0.046
0.456,0.046
0.464,0.046
0.488,0.038
0.495,0.038
0.495,0.038
0.495,0.038
0.495,0.03
0.495,0.03
0.495,0.014
0.495,0.014
0.495,0.014
0.495,0.014
0.495,0.014
0.495,0.006
0.495,0.006
0.495,0.006
0.495,0.006
0.495,0.006
0.448,0.006
0.393,0.006
0.353,0.006
0.33,0.006
0.33,0.006
0.322,0.006
0.322,0.006
0.322,0.006
0.33,0.0
0.33,0.0
0.306,0.0
0.306,0.0
0.306,0.0
0.306,0.0
0.298,0.0
0.33,0.0
0.33,0.0
0.33,0.0
0.33,0.0
0.33,0.0
0.33,0.0
0.33,0.0
0.306,0.0
0.306,0.0
0.306,0.0
0.306,0.0
0.306,0.0
0.306,0.0
0.306,0.0
0.306,0.0
0.306,0.0
0.306,0.0
0.306,0.0
0.306,0.0
0.306,0.0
0.306,0.0
0.306,0.0
0.306,0.0
0.306,0.0
0.306,0.0
0.306,0.0
0.306,0.0
0.306,0.0
0.306,0.0
0.306,0.0
0.306,0.0
0.306,0.0
0.306,0.0
0.306,0.0
0.306,0.0
0.306,0.0
0.306,0.0
0.306,0.0
0.306,0.0
0.306,0.0
0.306,0.0
0.306,0.0
0.306,0.0
0.306,0.0
0.306,0.0
0.306,0.0
0.306,0.0
0.306,0.0
0.306,0.0
0.306,0.0
0.306,0.0
0.306,0.0
0.306,0.0
0.306,0.0
0.306,0.0
0.306,0.0
0.306,0.0
0.306,0.0
0.306,0.0
0.306,0.0
0.306,0.0
0.306,0.0
0.306,0.0
0.306,0.0
0.306,0.0
0.306,0.0
0.306,0.0
0.306,0.0
0.306,0.0
0.306,0.0
0.306,0.0
0.306,0.0
0.306,0.0
0.306,0.0
0.306,0.0
0.306,0.0
0.306,0.0
0.306,0.0
0.306,0.0
0.306,0.0
0.306,0.0
0.306,0.0
0.306,0.0
0.306,0.0
0.306,0.0
0.306,0.0
0.306,0.0
0.306,0.0
0.306,0.0
0.306,0.0
0.306,0.0
0.306,0.0
0.306,0.0
0.306,0.0
0.306,0.0
0.306,0.0
0.306,0.0
0.306,0.03
0.306,0.046
0.306,0.062
0.306,0.085
0.306,0.093
0.306,0.117
0.306,0.125
0.306,0.133
0.306,0.133
0.306,0.133
0.306,0.133
0.306,0.133
0.306,0.133
0.306,0.133
0.306,0.133
0.306,0.133
0.306,0.133
0.306,0.133
0.306,0.133
0.306,0.133
0.306,0.133
0.306,0.133
0.306,0.133
0.306,0.133
0.306,0.133
0.306,0.133
0.306,0.133
0.306,0.133
0.306,0.133
0.306,0.133
0.306,0.133
0.306,0.133
0.306,0.133
0.33,0.133
0.353,0.133
0.361,0.133
0.401,0.133
0.417,0.133
0.401,0.133
0.417,0.133
0.424,0.133
0.424,0.133
0.432,0.133
0.432,0.133
0.432,0.133
0.432,0.133
0.432,0.133
0.432,0.133
0.432,0.133
0.432,0.133
0.432,0.133
0.432,0.133
0.432,0.133
0.432,0.133
0.432,0.133
0.432,0.133
0.432,0.133
0.432,0.133
0.432,0.133
0.432,0.133
0.432,0.133
0.432,0.133
0.432,0.133
0.432,0.133
0.432,0.133
0.432,0.133
0.432,0.133
0.432,0.133
0.432,0.133
0.432,0.133
0.432,0.133
0.432,0.133
0.393,0.133
0.361,0.133
0.33,0.133
0.322,0.133
0.33,0.148
0.322,0.156
0.322,0.156
0.322,0.156
0.322,0.18
0.322,0.211
0.322,0.235
0.322,0.243
0.369,0.243
0.393,0.243
0.417,0.243
0.432,0.243
0.432,0.243
0.432,0.243
0.432,0.243
0.432,0.243
0.488,0.243
0.527,0.243
0.551,0.243
0.574,0.243
0.574,0.243
0.574,0.243
0.574,0.243
0.574,0.243
0.574,0.243
0.543,0.243
0.543,0.243
0.511,0.243
0.511,0.243
0.488,0.243
0.488,0.243
0.488,0.243
0.48,0.243
0.48,0.243
0.48,0.243
0.48,0.243
0.48,0.243
0.48,0.243
0.48,0.243
0.48,0.243
0.48,0.243
0.48,0.243
0.48,0.243
0.48,0.243
0.48,0.243
0.48,0.243
0.48,0.243
0.48,0.259
0.48,0.259
0.48,0.259
0.48,0.267
0.48,0.29
0.48,0.298
0.48,0.306
0.48,0.33
0.48,0.33
0.48,0.33
0.48,0.33
0.48,0.33
0.48,0.33
0.48,0.33
0.48,0.33
0.48,0.33
0.48,0.33
0.48,0.33
0.48,0.33
0.48,0.33
0.48,0.33
0.48,0.33
0.48,0.33
0.48,0.33
0.48,0.33
0.48,0.33
0.48,0.33
0.48,0.33
0.48,0.33
0.48,0.33
0.48,0.33
0.48,0.33
0.48,0.33
0.48,0.33
0.48,0.33
0.48,0.33
0.48,0.33
0.48,0.33
0.48,0.33
0.48,0.33
0.48,0.33
0.48,0.33
0.48,0.33
0.48,0.33
0.48,0.33
0.48,0.33
0.464,0.33
0.464,0.33
0.464,0.33
0.464,0.33
0.464,0.33
0.464,0.33
0.464,0.33
0.464,0.33
0.464,0.33
0.464,0.33
0.464,0.33
0.464,0.33
0.464,0.33
0.464,0.33
0.464,0.33
0.464,0.33
0.464,0.33
0.464,0.33
0.464,0.33
0.464,0.33
0.464,0.33
0.464,0.33
0.464,0.33
0.464,0.33
0.464,0.33
0.464,0.33
0.464,0.33
0.464,0.306
0.464,0.298
0.464,0.298
0.464,0.298
0.464,0.298
0.464,0.298
0.464,0.298
0.464,0.298
0.464,0.298
0.464,0.298
0.464,0.298
0.464,0.298
0.464,0.298
0.464,0.298
0.488,0.298
0.488,0.298
0.488,0.29
0.488,0.29
0.488,0.29
0.488,0.275
0.488,0.259
0.488,0.259
0.488,0.243
0.488,0.243
0.495,0.243
0.495,0.243
0.495,0.243
0.495,0.243
0.495,0.243
0.495,0.243
0.495,0.243
0.495,0.243
0.495,0.243
0.495,0.243
0.495,0.243
0.495,0.243
0.495,0.243
0.495,0.243
0.495,0.243
0.495,0.243
0.495,0.243
0.495,0.243
0.495,0.243
0.495,0.243
0.495,0.235
0.495,0.235
0.495,0.235
0.495,0.235
0.495,0.235
0.495,0.235
0.495,0.259
0.495,0.259
0.495,0.259
0.495,0.259
0.495,0.259
0.495,0.259
0.495,0.259
0.495,0.259
0.495,0.259
0.495,0.259
0.495,0.259
0.495,0.259
0.495,0.259
0.495,0.259
0.495,0.259
0.495,0.259
0.495,0.259
0.495,0.259
0.495,0.259
0.495,0.259
0.495,0.259
0.495,0.259
0.495,0.259
0.495,0.259
0.495,0.259
0.495,0.259
0.495,0.259
0.495,0.259
0.495,0.259
0.495,0.259
0.495,0.259
0.495,0.259
0.495,0.259
0.495,0.259
0.495,0.259
0.495,0.259
0.495,0.259
0.495,0.259
0.495,0.259
0.495,0.259
0.495,0.259
0.495,0.259
0.495,0.259
0.495,0.259
0.495,0.259
0.495,0.259
0.495,0.259
0.495,0.259
0.495,0.259
0.495,0.259
0.495,0.259
0.495,0.259
0.495,0.259
0.495,0.259
0.495,0.259
0.495,0.259
0.495,0.259
0.495,0.259
0.495,0.235
0.495,0.235
0.495,0.235
0.495,0.235
0.495,0.235
0.495,0.235
0.495,0.235
0.495,0.235
0.495,0.235
0.495,0.235
0.495,0.235
0.495,0.235
0.495,0.235
0.495,0.235
0.495,0.235
0.495,0.235
0.495,0.235
0.495,0.235
0.495,0.235
0.495,0.235
0.495,0.235
0.495,0.235
0.495,0.235
0.495,0.235
0.495,0.235
0.495,0.235
0.495,0.259
0.495,0.259
0.495,0.259
0.495,0.259
0.495,0.259
0.495,0.259
0.495,0.259
0.495,0.259
0.495,0.259
0.495,0.259
0.495,0.259
0.495,0.259
0.495,0.259
0.495,0.259
0.495,0.259
0.495,0.259
0.495,0.259
0.495,0.235
0.495,0.235
0.495,0.235
0.495,0.235
0.495,0.235
0.495,0.235
0.495,0.235
0.495,0.235
0.495,0.235
0.495,0.235
0.495,0.235
0.495,0.235
0.495,0.235
0.495,0.235
0.495,0.235
0.495,0.235
0.495,0.235
0.495,0.235
0.495,0.235
0.495,0.235
0.495,0.235
0.495,0.235
0.495,0.235
0.495,0.235
0.495,0.235
0.495,0.235
0.495,0.235
0.495,0.235
0.495,0.235
0.495,0.235
0.495,0.235
0.495,0.235
0.495,0.235
0.495,0.235
0.495,0.235
0.495,0.235
0.495,0.235
0.495,0.235
0.495,0.235
0.495,0.235
0.495,0.235
0.495,0.235
0.495,0.235
0.495,0.235
0.495,0.235
0.495,0.235
0.495,0.235
0.495,0.235
0.495,0.235
0.495,0.235
0.495,0.235
0.495,0.235
0.495,0.235
0.495,0.235
0.495,0.235
0.495,0.235
0.495,0.235
0.495,0.235
0.495,0.235
0.495,0.235
0.495,0.235
0.495,0.235
0.495,0.235
0.495,0.235
0.495,0.235
0.495,0.235
0.495,0.235
0.495,0.235
0.495,0.235
0.495,0.235
0.495,0.235
0.495,0.235
0.495,0.235
0.495,0.235
0.495,0.235
0.495,0.235
0.495,0.235
0.495,0.235
0.495,0.235
0.495,0.235
0.495,0.235
0.495,0.235
0.495,0.235
0.495,0.235
0.495,0.235
0.495,0.235
0.495,0.235
0.495,0.235
0.495,0.235
0.495,0.235
0.495,0.235
0.495,0.235
0.495,0.235
0.495,0.235
0.495,0.235
0.495,0.235
0.495,0.235
0.495,0.235
0.495,0.235
0.495,0.235
0.495,0.235
0.495,0.235
0.495,0.235
0.495,0.235
0.495,0.235
0.495,0.235
0.495,0.235
0.495,0.235
0.495,0.235
0.495,0.235
0.495,0.235
0.495,0.235
0.495,0.235
0.495,0.235
0.495,0.235
0.495,0.235
0.495,0.235
0.495,0.235
0.495,0.235
0.495,0.235
0.495,0.235
0.495,0.235
0.495,0.235
0.495,0.235
0.495,0.235
0.495,0.235
0.495,0.235
0.495,0.235
0.495,0.235
0.495,0.235
0.495,0.235
0.495,0.235
0.495,0.235
0.495,0.235
0.495,0.235
0.495,0.235
0.495,0.235
0.495,0.235
0.495,0.235
0.495,0.235
0.495,0.235
0.495,0.235
0.495,0.235
0.495,0.235
0.495,0.235
0.495,0.235
0.495,0.219
0.495,0.219
0.495,0.219
0.495,0.219
0.495,0.219
0.495,0.219
0.495,0.211
0.495,0.211
0.495,0.204
0.495,0.204
0.495,0.188
0.495,0.188
0.495,0.188
0.495,0.18
0.495,0.18
0.495,0.18
0.495,0.18
0.495,0.172
0.495,0.172
0.495,0.172
0.495,0.172
0.495,0.172
0.495,0.172
0.495,0.172
0.495,0.172
0.495,0.172
0.495,0.172
0.495,0.172
0.495,0.172
0.495,0.172
0.495,0.172
0.495,0.172
0.495,0.156
0.495,0.156
0.495,0.156
0.495,0.156
0.495,0.156
0.495,0.156
0.495,0.156
0.495,0.156
0.495,0.156
0.495,0.156
0.495,0.156
0.495,0.156
0.495,0.156
0.495,0.156
0.495,0.156
0.495,0.156
0.495,0.156
0.495,0.156
0.495,0.156
0.495,0.156
0.495,0.156
0.495,0.156
0.495,0.156
0.495,0.156
0.495,0.156
0.495,0.156
0.495,0.156
0.495,0.156
0.495,0.156
0.495,0.156
0.495,0.156
0.495,0.156
0.495,0.156
0.495,0.156
0.495,0.156
0.495,0.156
0.495,0.156
0.495,0.156
0.495,0.156
0.495,0.156
0.495,0.156
0.495,0.156
0.495,0.211
0.495,0.235
0.495,0.243
0.495,0.259
0.495,0.267
0.495,0.29
0.511,0.322
0.519,0.346
0.559,0.361
0.574,0.377
0.559,0.377
0.559,0.377
0.551,0.377
0.574,0.377
0.574,0.377
0.574,0.377
0.574,0.377
0.582,0.377
0.582,0.377
0.574,0.377
0.574,0.377
0.574,0.377
0.574,0.377
0.574,0.377
0.574,0.377
0.574,0.377
0.574,0.377
0.574,0.377
0.574,0.377
0.574,0.377
0.574,0.377
0.574,0.377
0.574,0.377
0.574,0.377
0.574,0.377
0.574,0.377
0.574,0.377
0.574,0.377
0.574,0.377
0.574,0.377
0.574,0.377
0.574,0.377
0.574,0.377
0.574,0.377
0.574,0.353
0.574,0.353
0.574,0.353
0.574,0.346
0.574,0.346
0.574,0.346
0.574,0.33
0.574,0.33
0.574,0.322
0.574,0.306
0.574,0.298
0.574,0.298
0.574,0.298
0.574,0.298
0.574,0.29
0.574,0.29
0.574,0.29
0.574,0.275
0.574,0.275
0.574,0.275
0.574,0.275
0.574,0.275
0.574,0.275
0.574,0.275
0.574,0.267
0.574,0.267
0.574,0.267
0.574,0.267
0.574,0.267
0.574,0.267
0.574,0.267
0.574,0.267
0.574,0.267
0.574,0.267
0.574,0.267
0.574,0.267
0.574,0.267
0.574,0.267
0.574,0.267
0.574,0.267
0.574,0.267
0.574,0.267
0.574,0.267
0.574,0.267
0.574,0.267
0.574,0.267
0.574,0.267
0.574,0.267
0.574,0.267
0.574,0.267
0.574,0.267
0.574,0.267
0.574,0.267
0.574,0.267
0.574,0.267
0.574,0.267
0.574,0.29
0.574,0.298
0.574,0.306
0.574,0.353
0.574,0.361
0.574,0.385
0.574,0.409
0.574,0.417
0.574,0.432
0.574,0.432
0.574,0.432
0.574,0.432
0.574,0.432
0.574,0.44
0.574,0.44
0.574,0.44
0.574,0.44
0.574,0.44
0.574,0.44
0.574,0.44
0.574,0.44
0.574,0.44
0.574,0.44
0.574,0.44
0.574,0.44
0.574,0.44
0.574,0.44
0.574,0.44
0.574,0.44
0.574,0.44
0.574,0.44
0.574,0.44
0.574,0.44
0.574,0.417
0.574,0.385
0.574,0.346
0.574,0.322
0.582,0.298
0.606,0.275
0.574,0.267
0.606,0.259
0.606,0.235
0.606,0.219
0.614,0.211
0.614,0.188
0.614,0.18
0.614,0.156
0.614,0.148
0.614,0.133
0.614,0.133
0.614,0.133
0.614,0.125
0.614,0.125
0.614,0.125
0.614,0.125
0.614,0.125
0.59,0.125
0.59,0.125
0.59,0.125
0.59,0.125
0.59,0.125
0.59,0.125
0.59,0.125
0.59,0.125
0.59,0.125
0.59,0.125
0.59,0.125
0.59,0.125
0.59,0.125
0.59,0.125
0.59,0.125
0.59,0.125
0.59,0.125
0.59,0.125
0.59,0.125
0.59,0.125
0.59,0.125
0.59,0.125
0.59,0.125
0.59,0.125
0.59,0.125
0.59,0.125
0.59,0.125
0.59,0.125
0.59,0.125
0.59,0.125
0.59,0.125
0.59,0.125
0.59,0.125
0.59,0.125
0.59,0.125
0.59,0.125
0.59,0.125
0.59,0.125
0.59,0.125
0.59,0.125
0.574,0.125
0.582,0.125
0.582,0.125
0.551,0.125
0.543,0.125
0.574,0.125
0.551,0.125
0.543,0.125
0.519,0.125
0.551,0.125
0.527,0.125
0.511,0.125
0.511,0.125
0.511,0.125
0.488,0.125
0.488,0.125
0.488,0.125
0.519,0.125
0.424,0.125
0.417,0.125
0.393,0.125
0.369,0.125
0.369,0.125
0.385,0.125
0.393,0.125
0.361,0.125
0.361,0.125
0.361,0.125
0.361,0.125
0.361,0.125
0.361,0.125
0.361,0.125
0.353,0.125
0.338,0.125
0.338,0.125
0.33,0.125
0.322,0.125
0.322,0.125
0.322,0.125
0.322,0.125
0.322,0.125
0.322,0.125
0.322,0.125
0.322,0.125
0.322,0.125
0.322,0.125
0.322,0.125
0.322,0.125
0.322,0.125
0.322,0.125
0.322,0.125
0.322,0.125
0.322,0.125
0.322,0.125
0.322,0.125
0.322,0.125
0.322,0.125
0.322,0.125
0.322,0.125
0.322,0.125
0.322,0.125
0.322,0.125
0.322,0.125
0.322,0.125
0.322,0.125
0.361,0.125
0.424,0.125
0.495,0.125
0.551,0.172
0.574,0.259
0.59,0.298
0.59,0.322
0.59,0.322
0.59,0.322
0.59,0.322
0.59,0.322
0.59,0.322
0.582,0.322
0.582,0.322
0.582,0.322
0.582,0.298
0.582,0.275
0.582,0.243
0.574,0.235
0.574,0.235
0.574,0.235
0.606,0.219
0.606,0.219
0.582,0.219
0.606,0.211
0.582,0.211
0.582,0.211
0.622,0.204
0.638,0.204
0.653,0.188
0.685,0.188
0.709,0.18
0.709,0.18
0.709,0.18
0.709,0.18
0.709,0.18
0.709,0.204
0.677,0.219
0.709,0.29
0.693,0.346
0.716,0.377
0.716,0.393
0.74,0.432
0.724,0.432
0.756,0.432
0.803,0.432
0.78,0.44
0.819,0.44
0.819,0.44
0.819,0.44
0.819,0.44
0.819,0.44
0.819,0.44
0.819,0.44
0.819,0.44
0.819,0.44
0.819,0.44
0.819,0.44
0.819,0.44
0.819,0.44
0.819,0.44
0.819,0.44
0.819,0.44
0.819,0.44
0.819,0.44
0.819,0.44
0.819,0.44
0.819,0.44
0.819,0.44
0.819,0.44
0.819,0.44
0.819,0.44
0.819,0.44
0.819,0.417
0.819,0.393
0.819,0.385
0.819,0.377
0.819,0.377
0.819,0.377
0.819,0.377
0.819,0.361
0.819,0.361
0.756,0.353
0.772,0.346
0.74,0.346
0.724,0.33
0.724,0.33
0.756,0.33
0.756,0.33
0.724,0.33
0.724,0.33
0.724,0.33
0.716,0.33
0.74,0.33
0.74,0.322
0.74,0.322
0.716,0.322
0.709,0.322
0.709,0.322
0.693,0.322
0.709,0.322
0.685,0.322
0.669,0.322
0.677,0.306
0.669,0.306
0.622,0.306
0.606,0.306
0.614,0.306
0.59,0.306
0.606,0.298
0.606,0.298
0.606,0.298
0.582,0.298
0.582,0.298
0.574,0.298
0.574,0.298
0.574,0.298
0.574,0.298
0.574,0.298
0.574,0.298
0.574,0.298
0.574,0.298
0.574,0.29
0.574,0.29
0.574,0.29
0.574,0.29
0.574,0.29
0.574,0.275
0.614,0.275
0.709,0.275
0.693,0.275
0.709,0.275
0.709,0.275
0.693,0.275
0.716,0.275
0.716,0.275
0.716,0.275
0.716,0.275
0.716,0.275
0.716,0.275
0.716,0.275
0.716,0.275
0.716,0.275
0.716,0.275
0.716,0.275
0.716,0.275
0.716,0.275
0.716,0.275
0.716,0.275
0.716,0.275
0.716,0.275
0.716,0.275
0.716,0.275
0.716,0.275
0.716,0.275
0.716,0.275
0.716,0.275
0.716,0.275
0.716,0.275
0.716,0.275
0.716,0.275
0.716,0.275
0.716,0.275
0.716,0.275
0.716,0.275
0.716,0.275
0.716,0.275
0.716,0.275
0.716,0.275
0.716,0.275
0.716,0.275
0.716,0.275
0.716,0.275
0.716,0.275
0.716,0.275
0.716,0.275
0.716,0.275
0.716,0.275
0.716,0.275
0.716,0.275
0.645,0.275
0.638,0.275
0.582,0.275
0.559,0.275
0.559,0.275
0.551,0.275
0.519,0.275
0.519,0.275
0.48,0.275
0.488,0.275
0.48,0.275
0.48,0.275
0.511,0.275
0.464,0.275
0.511,0.275
0.48,0.275
0.48,0.275
0.48,0.275
0.48,0.275
0.48,0.275
0.48,0.275
0.48,0.275
0.48,0.275
0.48,0.275
0.48,0.275
0.464,0.275
0.495,0.275
0.519,0.275
0.559,0.275
0.559,0.275
0.559,0.275
0.574,0.275
0.574,0.275
0.582,0.275
0.582,0.275
0.582,0.275
0.582,0.275
0.582,0.275
0.582,0.275
0.582,0.275
0.582,0.275
0.582,0.275
0.582,0.275
0.582,0.275
0.582,0.275
0.582,0.275
0.551,0.275
0.551,0.275
0.551,0.275
0.551,0.275
0.543,0.275
0.511,0.275
0.511,0.275
0.511,0.275
0.519,0.275
0.511,0.275
0.519,0.275
0.488,0.275
0.488,0.275
0.464,0.275
0.488,0.275
0.488,0.275
0.464,0.275
0.456,0.275
0.456,0.275
0.456,0.275
0.448,0.275
0.448,0.275
0.448,0.275
0.448,0.275
0.48,0.275
0.48,0.275
0.48,0.275
0.48,0.275
0.48,0.275
0.48,0.275
0.48,0.275
0.48,0.275
0.48,0.275
0.456,0.275
0.456,0.275
0.456,0.275
0.456,0.275
0.456,0.275
0.456,0.275
0.456,0.275
0.456,0.275
0.456,0.275
0.456,0.275
0.456,0.275
0.456,0.275
0.456,0.275
0.456,0.275
0.456,0.275
0.456,0.275
0.456,0.275
0.456,0.275
0.456,0.275
0.456,0.275
0.456,0.275
0.456,0.275
0.456,0.275
0.456,0.275
0.456,0.275
0.456,0.275
0.456,0.275
0.456,0.275
0.456,0.275
0.456,0.275
0.456,0.275
0.456,0.275
0.456,0.275
0.456,0.275
0.456,0.275
0.456,0.275
0.456,0.275
0.456,0.275
0.456,0.275
0.456,0.275
0.456,0.275
0.456,0.275
0.456,0.275
0.48,0.275
0.401,0.275
0.385,0.275
0.385,0.275
0.385,0.275
0.385,0.275
0.385,0.275
0.393,0.275
0.369,0.275
0.361,0.275
0.385,0.275
0.385,0.275
0.385,0.275
0.385,0.275
0.361,0.275
0.361,0.275
0.353,0.275
0.369,0.275
0.33,0.275
0.322,0.275
0.306,0.275
0.29,0.275
0.29,0.275
0.29,0.275
0.267,0.275
0.259,0.275
0.259,0.275
0.29,0.275
0.29,0.275
0.29,0.275
0.29,0.275
0.259,0.275
0.275,0.275
0.275,0.275
0.275,0.275
0.259,0.275
0.243,0.275
0.227,0.275
0.196,0.267
0.164,0.267
0.148,0.259
0.133,0.259
0.133,0.243
0.133,0.219
0.117,0.204
0.117,0.156
0.117,0.133
0.117,0.133
0.117,0.133
0.117,0.125
0.109,0.101
0.101,0.093
0.101,0.093
0.101,0.069
0.109,0.069
0.085,0.069
0.085,0.069
0.101,0.069
0.109,0.069
0.085,0.069
0.077,0.069
0.101,0.069
0.085,0.069
0.085,0.062
0.077,0.062
0.077,0.062
0.077,0.062
0.077,0.062
0.077,0.062
0.077,0.062
0.077,0.062
0.077,0.062
0.077,0.062
0.077,0.062
0.077,0.062
0.077,0.062
0.101,0.062
0.101,0.062
0.101,0.085
0.101,0.085
0.101,0.085
0.101,0.093
0.101,0.093
0.101,0.101
0.101,0.117
0.101,0.117
0.101,0.117
0.101,0.117
0.109,0.117
0.109,0.117
0.109,0.117
0.109,0.117
0.109,0.117
0.109,0.117
0.109,0.117
0.109,0.117
0.109,0.117
0.077,0.117
0.069,0.117
0.069,0.117
0.038,0.117
0.038,0.117
0.046,0.117
0.046,0.117
0.046,0.117
0.038,0.117
0.014,0.117
0.038,0.117
0.014,0.117
0.014,0.117
0.014,0.117
0.014,0.117
0.038,0.117
0.046,0.117
0.077,0.117
0.054,0.117
0.101,0.117
0.109,0.117
0.117,0.117
0.117,0.117
0.133,0.117
0.109,0.117
0.109,0.117
0.109,0.117
0.109,0.117
0.109,0.117
0.109,0.117
0.109,0.117
0.109,0.117
0.109,0.117
0.109,0.117
0.109,0.117
0.109,0.117
0.109,0.117
0.109,0.117
0.109,0.117
0.109,0.117
0.109,0.117
0.109,0.117
0.109,0.117
0.109,0.117
0.109,0.117
0.109,0.117
0.109,0.117
0.109,0.117
0.109,0.117
0.109,0.117
0.109,0.117
0.109,0.117
0.109,0.117
0.109,0.117
0.109,0.117
0.109,0.117
0.109,0.117
0.109,0.117
0.101,0.117
0.101,0.117
0.101,0.117
0.109,0.117
0.077,0.117
0.069,0.117
0.046,0.117
0.069,0.117
0.046,0.117
0.046,0.117
0.022,0.117
0.054,0.117
0.022,0.117
0.022,0.117
0.022,0.117
0.022,0.117
0.022,0.117
0.022,0.117
0.022,0.117
0.022,0.125
0.022,0.125
0.022,0.125
0.022,0.125
0.022,0.125
0.022,0.125
0.022,0.125
0.022,0.125
0.022,0.125
0.022,0.125
0.022,0.125
0.022,0.125
0.022,0.125
0.046,0.125
0.054,0.125
0.077,0.125
0.085,0.125
0.085,0.125
0.109,0.125
0.109,0.125
0.117,0.125
0.117,0.125
0.117,0.125
0.117,0.125
0.117,0.125
0.117,0.125
0.117,0.125
0.133,0.125
0.133,0.125
0.109,0.125
0.109,0.125
0.133,0.125
0.133,0.125
0.133,0.125
0.133,0.125
0.133,0.125
0.133,0.125
0.133,0.125
0.133,0.125
0.133,0.125
0.133,0.125
0.109,0.125
0.109,0.125
0.109,0.125
0.109,0.125
0.109,0.125
0.109,0.125
0.109,0.125
0.109,0.125
0.109,0.125
0.109,0.125
0.109,0.125
0.109,0.125
0.109,0.125
0.109,0.125
0.109,0.125
0.109,0.125
0.109,0.125
0.109,0.125
0.109,0.125
0.109,0.125
0.109,0.125
0.109,0.125
0.109,0.125
0.109,0.125
0.109,0.125
0.109,0.125
0.109,0.125
0.109,0.125
0.109,0.125
0.109,0.125
0.109,0.125
0.109,0.125
0.109,0.125
0.109,0.125
0.109,0.125
0.109,0.101
0.109,0.062
0.109,0.046
0.109,0.038
0.109,0.03
0.109,0.014
0.133,0.006
0.109,0.0
0.109,0.0
0.133,0.0
0.133,0.0
0.109,0.0
0.109,0.0
0.133,0.0
0.133,0.0
0.133,0.0
0.133,0.0
0.133,0.0
0.133,0.0
0.133,0.0
0.133,0.0
0.133,0.0
0.133,0.0
0.133,0.0
0.133,0.0
0.133,0.0
0.133,0.0
0.133,0.0
0.133,0.0
0.133,0.0
0.133,0.0
0.133,0.0
0.133,0.0
0.133,0.0
0.133,0.0
0.133,0.0
0.133,0.0
0.133,0.0
0.133,0.0
0.133,0.0
0.133,0.0
0.133,0.0
0.133,0.0
0.133,0.0
0.133,0.0
0.133,0.0
0.133,0.0
0.133,0.0
0.133,0.0
0.133,0.0
0.133,0.0
0.133,0.0
0.133,0.0
0.133,0.0
0.133,0.0
0.133,0.0
0.133,0.0
0.133,0.0
0.133,0.0
0.133,0.0
0.133,0.0
0.133,0.0
0.133,0.0
0.133,0.0
0.133,0.0
0.133,0.0
0.133,0.0
0.133,0.0
0.133,0.0
0.133,0.0
0.133,0.0
0.133,0.0
0.133,0.0
0.133,0.0
0.133,0.0
0.133,0.0
0.133,0.0
0.133,0.0
0.133,-0.015
0.133,-0.023
0.133,-0.047
0.133,-0.103
0.133,-0.119
0.133,-0.119
0.133,-0.143
0.133,-0.143
0.133,-0.151
0.133,-0.151
0.133,-0.151
0.133,-0.151
0.133,-0.167
0.133,-0.167
0.133,-0.175
0.133,-0.183
0.133,-0.183
0.133,-0.199
0.133,-0.199
0.133,-0.199
0.133,-0.207
0.133,-0.207
0.133,-0.207
0.133,-0.231
0.133,-0.231
0.133,-0.231
0.133,-0.231
0.133,-0.231
0.133,-0.231
0.133,-0.231
0.133,-0.231
0.133,-0.231
0.133,-0.231
0.133,-0.231
0.133,-0.231
0.133,-0.231
0.133,-0.231
0.133,-0.231
0.133,-0.231
0.133,-0.231
0.133,-0.231
0.133,-0.231
0.133,-0.231
0.133,-0.231
0.133,-0.231
0.133,-0.231
0.133,-0.231
0.133,-0.231
0.133,-0.231
0.133,-0.231
0.133,-0.231
0.133,-0.231
0.148,-0.231
0.148,-0.231
0.172,-0.231
0.172,-0.231
0.172,-0.231
0.172,-0.247
0.172,-0.247
0.172,-0.247
0.172,-0.247
0.172,-0.223
0.172,-0.175
0.172,-0.079
0.18,-0.071
0.172,-0.047
0.196,-0.039
0.18,-0.039
0.18,-0.039
0.204,-0.039
0.204,-0.039
0.204,-0.039
0.204,-0.039
0.196,-0.023
0.196,-0.023
0.196,-0.023
0.196,-0.023
0.196,-0.023
0.196,-0.023
0.196,0.0
0.196,0.0
0.196,0.014
0.196,0.093
0.196,0.125
0.196,0.133
0.196,0.133
0.196,0.133
0.196,0.133
0.196,0.133
0.196,0.133
0.196,0.133
0.196,0.133
0.196,0.133
0.196,0.133
0.196,0.133
0.196,0.133
0.196,0.133
0.196,0.133
0.196,0.101
0.196,0.093
0.196,0.093
0.196,0.093
0.196,0.085
0.196,0.085
0.196,0.085
0.196,0.069
0.196,0.069
0.196,0.085
0.196,0.069
0.196,0.069
0.196,0.069
0.196,0.069
0.196,0.069
0.196,0.069
0.196,0.069
0.196,0.093
0.196,0.093
0.196,0.093
0.196,0.093
0.196,0.093
0.196,0.093
0.196,0.093
0.196,0.093
0.196,0.093
0.196,0.093
0.196,0.093
0.196,0.093
0.196,0.093
0.196,0.093
0.196,0.093
0.196,0.093
0.196,0.093
0.196,0.093
0.196,0.093
0.196,0.093
0.196,0.093
0.196,0.093
0.196,0.093
0.196,0.093
0.196,0.093
0.196,0.093
0.196,0.093
0.196,0.093
0.196,0.093
0.196,0.093
0.196,0.093
0.196,0.093
0.196,0.093
0.196,0.093
0.196,0.093
0.172,0.069
0.196,0.069
0.164,0.069
0.172,0.069
0.148,0.069
0.172,0.069
0.14,0.069
0.117,0.069
0.133,0.069
0.117,0.069
0.117,0.069
0.148,0.069
0.148,0.069
0.148,0.069
0.148,0.069
0.148,0.069
0.148,0.069
0.148,0.069
0.148,0.069
0.117,0.069
0.14,0.069
0.117,0.069
0.133,0.069
0.133,0.069
0.117,0.069
0.14,0.093
0.14,0.093
0.14,0.093
0.14,0.093
0.117,0.093
0.117,0.093
0.117,0.093
0.117,0.093
0.117,0.093
0.117,0.093
0.117,0.093
0.117,0.093
0.109,0.093
0.133,0.093
0.133,0.093
0.133,0.093
0.133,0.093
0.101,0.093
0.117,0.093
0.117,0.093
0.117,0.093
0.109,0.093
0.133,0.093
0.133,0.093
0.133,0.093
0.133,0.093
0.133,0.093
0.133,0.093
0.133,0.093
0.133,0.093
0.133,0.093
0.133,0.093
0.14,0.093
0.14,0.093
0.14,0.093
0.14,0.093
0.14,0.093
0.14,0.093
0.14,0.093
0.14,0.093
0.14,0.093
0.14,0.093
0.14,0.093
0.14,0.093
0.14,0.093
0.14,0.093
0.14,0.093
0.14,0.093
0.14,0.093
0.14,0.093
0.14,0.093
0.14,0.093
0.14,0.093
0.14,0.093
0.14,0.093
0.14,0.093
0.14,0.093
0.14,0.093
0.14,0.093
0.14,0.093
0.14,0.093
0.14,0.093
0.14,0.093
0.14,0.093
0.14,0.093
0.14,0.093
0.14,0.093
0.14,0.093
0.14,0.093
0.14,0.093
0.14,0.093
0.14,0.093
0.14,0.093
0.14,0.093
0.14,0.093
0.14,0.093
0.14,0.093
0.14,0.093
0.14,0.093
0.14,0.093
0.14,0.093
0.14,0.093
0.14,0.093
0.14,0.093
0.14,0.093
0.14,0.093
0.14,0.093
0.14,0.093
0.14,0.093
0.14,0.093
0.14,0.093
0.14,0.093
0.14,0.093
0.14,0.093
0.14,0.093
0.14,0.093
0.14,0.093
0.14,0.093
0.14,0.093
0.14,0.093
0.14,0.093
0.14,0.093
0.14,0.093
0.14,0.093
0.14,0.093
0.14,0.093
0.14,0.093
0.14,0.093
0.14,0.093
0.14,0.093
0.14,0.093
0.14,0.093
0.14,0.093
0.14,0.093
0.14,0.093
0.14,0.093
0.14,0.093
0.14,0.093
0.14,0.093
0.14,0.093
0.14,0.093
0.14,0.093
0.14,0.093
0.14,0.093
0.14,0.093
0.14,0.093
0.14,0.093
0.14,0.093
0.14,0.093
0.14,0.093
0.14,0.093
0.14,0.093
0.14,0.093
0.14,0.093
0.14,0.093
0.14,0.093
0.14,0.093
0.14,0.093
0.14,0.093
0.14,0.093
0.14,0.093
0.14,0.093
0.14,0.093
0.117,0.093
0.117,0.093
0.117,0.093
0.117,0.156
0.117,0.204
0.117,0.243
0.117,0.275
0.148,0.275
0.196,0.29
0.211,0.29
0.235,0.29
0.29,0.29
0.361,0.306
0.385,0.322
0.417,0.322
0.456,0.322
0.488,0.322
0.488,0.322
0.488,0.322
0.488,0.322
0.488,0.33
0.488,0.33
0.488,0.33
0.488,0.353
0.488,0.353
0.488,0.353
0.488,0.353
0.488,0.353
0.488,0.353
0.488,0.353
0.488,0.353
0.488,0.353
0.488,0.353
0.488,0.353
0.488,0.353
0.488,0.353
0.488,0.353
0.488,0.353
0.48,0.353
0.519,0.353
0.543,0.353
0.574,0.353
0.582,0.353
0.582,0.353
0.582,0.353
0.582,0.353
0.582,0.353
0.59,0.353
0.559,0.353
0.574,0.353
0.574,0.353
0.582,0.33
0.582,0.306
0.582,0.267
0.582,0.259
0.582,0.219
0.582,0.219
0.582,0.219
0.582,0.219
0.582,0.219
0.559,0.211
0.543,0.211
0.511,0.211
0.511,0.211
0.456,0.211
0.393,0.211
0.361,0.204
0.33,0.204
0.33,0.204
0.322,0.204
0.322,0.204
0.298,0.204
0.298,0.204
0.29,0.204
0.29,0.204
0.298,0.204
0.322,0.204
0.298,0.204
0.298,0.204
0.298,0.204
0.298,0.204
0.298,0.204
0.29,0.204
0.29,0.204
0.29,0.204
0.29,0.204
0.29,0.204
0.29,0.204
0.298,0.204
0.29,0.204
0.298,0.204
0.298,0.204
0.298,0.204
0.298,0.204
0.275,0.204
0.275,0.204
0.275,0.204
0.275,0.204
0.275,0.204
0.275,0.204
0.275,0.204
0.275,0.204
0.275,0.204
0.275,0.204
0.275,0.204
0.275,0.204
0.275,0.204
0.275,0.204
0.243,0.204
0.259,0.204
0.235,0.204
0.204,0.204
0.196,0.204
0.196,0.204
0.196,0.204
0.196,0.204
0.196,0.204
0.196,0.204
0.196,0.204
0.196,0.204
0.196,0.204
0.196,0.204
0.196,0.204
0.196,0.204
0.196,0.204
0.227,0.204
0.259,0.204
0.33,0.204
0.432,0.204
0.527,0.204
0.59,0.235
0.59,0.275
0.59,0.353
0.59,0.393
0.59,0.495
0.59,0.551
0.59,0.606
0.559,0.622
0.574,0.622
0.543,0.638
0.543,0.638
0.519,0.638
0.511,0.638
0.495,0.638
0.385,0.638
0.33,0.638
0.298,0.638
0.29,0.638
0.29,0.638
0.29,0.638
0.29,0.638
0.29,0.638
0.29,0.638
0.306,0.638
0.306,0.638
0.298,0.638
0.306,0.582
0.353,0.551
0.361,0.535
0.417,0.527
0.432,0.527
0.464,0.527
0.511,0.527
0.519,0.527
0.551,0.527
0.574,0.527
0.582,0.527
0.606,0.519
0.582,0.503
0.606,0.503
0.606,0.503
0.606,0.495
0.606,0.48
0.582,0.464
0.59,0.464
0.645,0.464
0.677,0.464
0.677,0.527
0.709,0.551
0.677,0.551
0.709,0.551
0.716,0.559
0.716,0.59
0.74,0.614
0.756,0.645
0.756,0.819
0.748,0.882
0.74,0.937
0.772,0.937
0.78,0.937
0.78,0.937
0.803,0.937
0.835,0.937
0.843,0.937
0.843,0.937
0.843,0.937
0.843,0.937
0.843,0.937
0.843,0.937
0.843,0.937
0.843,0.937
0.843,0.874
0.843,0.827
0.843,0.795
0.843,0.78
0.843,0.74
0.787,0.693
0.724,0.614
0.716,0.567
0.709,0.559
0.693,0.559
0.685,0.559
0.685,0.559
0.693,0.559
0.685,0.559
0.638,0.559
0.606,0.559
0.614,0.551
0.614,0.551
0.582,0.535
0.59,0.535
0.574,0.519
0.582,0.503
0.582,0.503
0.582,0.495
0.559,0.495
0.582,0.48
0.559,0.48
0.582,0.472
0.574,0.448
0.559,0.432
0.559,0.432
0.582,0.432
0.551,0.432
0.551,0.432
0.551,0.417
0.551,0.417
0.551,0.417
0.574,0.417
0.574,0.409
0.574,0.409
0.574,0.409
0.574,0.409
0.574,0.409
0.574,0.409
0.574,0.409
0.574,0.409
0.574,0.432
0.606,0.432
0.574,0.432
0.606,0.432
0.622,0.44
0.59,0.464
0.622,0.464
0.622,0.48
0.638,0.495
0.606,0.519
0.606,0.535
0.614,0.559
0.614,0.559
0.614,0.559
0.614,0.559
0.614,0.559
0.614,0.559
0.614,0.559
0.614,0.559
0.614,0.559
0.638,0.559
0.638,0.559
0.638,0.559
0.638,0.559
0.638,0.559
0.638,0.559
0.638,0.559
0.638,0.559
0.638,0.559
0.638,0.559
0.638,0.559
0.638,0.559
0.638,0.559
0.638,0.559
0.638,0.559
0.638,0.559
0.638,0.559
0.638,0.559
0.638,0.559
0.638,0.559
0.638,0.559
0.638,0.559
0.638,0.559
0.638,0.559
0.638,0.559
0.638,0.559
0.638,0.559
0.638,0.559
0.653,0.559
0.709,0.559
0.716,0.559
0.724,0.559
0.756,0.559
0.748,0.559
0.74,0.559
0.724,0.559
0.772,0.559
0.756,0.559
0.756,0.559
0.748,0.559
0.748,0.559
0.748,0.559
0.748,0.559
0.748,0.559
0.748,0.559
0.716,0.559
0.653,0.559
0.614,0.559
0.59,0.559
0.582,0.559
0.59,0.519
0.551,0.495
0.543,0.48
0.574,0.464
0.551,0.432
0.574,0.44
0.543,0.393
0.519,0.385
0.527,0.385
0.488,0.361
0.511,0.361
0.448,0.361
0.456,0.361
0.495,0.361
0.456,0.361
0.48,0.361
0.48,0.353
0.488,0.353
0.488,0.353
0.488,0.346
0.488,0.33
0.488,0.33
0.488,0.33
0.488,0.322
0.456,0.322
0.543,0.322
0.559,0.322
0.574,0.322
0.582,0.306
0.582,0.306
0.582,0.306
0.582,0.306
0.582,0.298
0.582,0.298
0.582,0.298
0.582,0.298
0.582,0.298
0.488,0.29
0.511,0.29
0.495,0.259
0.48,0.243
0.511,0.243
0.48,0.235
0.464,0.235
0.495,0.235
0.385,0.235
0.369,0.235
0.338,0.235
0.306,0.235
0.338,0.235
0.338,0.219
0.338,0.219
0.29,0.219
0.275,0.219
0.267,0.219
0.235,0.219
0.204,0.219
0.133,0.219
0.117,0.219
0.117,0.219
0.117,0.219
0.14,0.219
0.14,0.219
0.14,0.219
0.14,0.219
0.14,0.219
0.14,0.219
0.14,0.219
