valence,arousal
0.0,-0.1595
0.0,-0.1595
0.0,-0.1595
0.0,-0.1595
0.0,-0.1595
0.0,-0.1595
0.0,-0.1595
0.0,-0.1595
0.0,-0.1595
0.0,-0.1595
0.0,-0.1595
0.0,-0.1475
0.0,-0.1475
0.0,-0.1475
0.0,-0.1475
0.0,-0.1475
0.0,-0.1475
0.0,-0.1475
0.0,-0.1475
0.0,-0.1475
0.0,-0.1475
0.0,-0.1475
0.0,-0.1475
0.0,-0.1475
0.0,-0.1475
0.0,-0.1475
0.0,-0.1595
0.0,-0.1615
0.0,-0.1735
0.0,-0.1815
0.0,-0.1975
0.0,-0.219
0.0,-0.221
0.0,-0.221
0.0,-0.221
0.0,-0.221
0.0,-0.233
0.0,-0.241
0.0,-0.2525
0.0,-0.2725
0.0,-0.2865
0.0,-0.2925
0.0,-0.324
0.0,-0.3435
0.0,-0.3435
0.0,-0.3435
0.0,-0.3435
0.0,-0.3435
0.0,-0.3435
0.0,-0.3435
0.0,-0.3435
0.0,-0.3435
0.0,-0.3435
0.0,-0.3435
0.0,-0.3435
0.0,-0.3435
0.0,-0.3435
0.0,-0.3435
0.0,-0.3435
0.0,-0.3435
0.0,-0.3435
0.0,-0.3435
0.0,-0.3435
0.0,-0.3435
0.0,-0.3435
0.0,-0.3435
0.0,-0.3435
0.0,-0.3435
-0.0035,-0.3435
0.0,-0.3435
0.0,-0.3435
0.0,-0.3435
0.0,-0.3315
0.0,-0.3315
0.0,-0.3315
0.0,-0.3435
0.0,-0.3435
0.0,-0.3315
0.0,-0.3435
0.0,-0.3315
0.0,-0.3315
0.0,-0.3315
0.0,-0.3315
-0.0115,-0.3315
-0.0115,-0.3435
-0.0115,-0.3435
-0.0115,-0.3435
-0.0115,-0.3435
-0.0115,-0.3435
-0.0115,-0.3315
-0.0115,-0.3315
-0.0115,-0.3315
-0.0115,-0.3435
-0.0115,-0.3315
-0.0115,-0.3315
-0.0115,-0.3315
-0.0115,-0.3315
-0.0115,-0.3315
-0.0115,-0.3315
-0.0115,-0.326
-0.0115,-0.32
-0.0115,-0.32
-0.0115,-0.32
-0.0115,-0.32
-0.0115,-0.32
0.0,-0.32
0.0,-0.32
0.0,-0.32
0.0,-0.32
0.0,-0.32
0.0,-0.326
0.0,-0.32
0.0,-0.32
0.0,-0.32
0.0,-0.32
0.0,-0.32
0.0,-0.32
0.0,-0.32
0.0,-0.32
0.0,-0.312
0.0,-0.312
0.0,-0.312
0.0,-0.312
0.0,-0.312
0.0,-0.312
0.0,-0.312
0.0,-0.304
0.0,-0.304
-0.0115,-0.32
-0.0115,-0.32
-0.0115,-0.304
-0.0115,-0.304
-0.0115,-0.296
-0.0115,-0.296
-0.0115,-0.296
-0.0115,-0.296
-0.0115,-0.296
-0.0115,-0.296
-0.0115,-0.288
-0.0115,-0.288
-0.0115,-0.288
-0.0115,-0.288
-0.0115,-0.288
-0.0115,-0.288
-0.0115,-0.288
-0.0115,-0.288
-0.0115,-0.288
-0.0115,-0.283
-0.0115,-0.28
-0.0115,-0.274
-0.0115,-0.268
-0.0115,-0.268
-0.0115,-0.274
-0.0115,-0.288
-0.0115,-0.288
-0.0115,-0.276
-0.0115,-0.276
-0.0115,-0.268
-0.0115,-0.248
-0.0115,-0.24
-0.0115,-0.232
-0.0115,-0.232
-0.0115,-0.224
-0.0115,-0.224
0.0,-0.224
0.0,-0.224
0.0,-0.224
0.0,-0.224
0.0,-0.236
0.0,-0.236
0.0,-0.236
0.0,-0.236
0.0,-0.236
0.0,-0.236
0.0,-0.23
0.0,-0.236
0.0,-0.224
0.0,-0.224
0.0,-0.212
0.0,-0.212
0.0,-0.212
0.0,-0.212
0.0,-0.212
0.0,-0.212
0.0,-0.212
0.0,-0.212
0.0,-0.212
0.0,-0.212
0.0,-0.212
0.0,-0.212
0.0,-0.212
0.0,-0.212
0.0,-0.212
0.0,-0.212
0.0,-0.212
0.0,-0.212
0.0,-0.212
0.0,-0.212
0.0,-0.212
0.0,-0.212
0.0,-0.212
0.0,-0.212
0.0,-0.212
0.0,-0.212
0.0,-0.216
0.0,-0.26
0.0,-0.276
0.0,-0.2645
0.0,-0.2725
0.0,-0.2565
0.0,-0.2725
0.0,-0.2725
0.0,-0.2725
0.0,-0.2725
0.0,-0.2725
0.0,-0.2725
0.0,-0.2725
0.0,-0.2725
0.0,-0.2725
0.0,-0.2725
0.0,-0.2725
0.0,-0.2725
0.0,-0.2725
0.0,-0.2725
0.0,-0.2725
0.0,-0.2725
0.0,-0.2725
0.0,-0.2725
0.0,-0.2725
0.0,-0.2725
0.0,-0.2725
0.0,-0.2725
0.0,-0.2725
0.0,-0.2725
0.0,-0.2725
0.0,-0.2725
0.0,-0.2725
0.0,-0.2725
0.0,-0.2725
0.0,-0.2725
0.0,-0.2725
0.0,-0.2725
0.0,-0.2845
0.0,-0.2605
0.0,-0.2605
0.0,-0.2605
0.0,-0.2605
0.0,-0.2605
0.0,-0.2605
0.0,-0.2605
0.0,-0.2605
0.0,-0.2605
0.0,-0.2605
0.0,-0.2605
0.0,-0.2605
0.0,-0.2605
0.0,-0.2605
0.0,-0.2605
0.0,-0.2585
0.0,-0.2445
0.0,-0.2445
0.0,-0.2445
0.0,-0.2445
0.0,-0.2445
0.0,-0.2445
0.0,-0.2645
0.0,-0.2725
0.0,-0.2725
0.0,-0.288
0.0,-0.292
0.0,-0.304
0.0,-0.304
0.0,-0.304
0.0,-0.308
0.0,-0.312
0.0,-0.312
0.0,-0.312
0.0,-0.312
0.0,-0.3235
0.0,-0.312
0.0,-0.312
0.0,-0.312
0.0,-0.312
0.0,-0.3235
0.0,-0.312
0.0,-0.3205
0.0,-0.3205
0.0,-0.312
0.0,-0.318
0.0,-0.312
0.0,-0.3235
0.0,-0.3205
0.0,-0.312
0.0,-0.312
0.0,-0.3235
0.0,-0.312
0.0,-0.318
0.0,-0.318
0.0,-0.315
0.0,-0.3205
0.0,-0.318
0.0,-0.3235
0.0,-0.3235
0.0,-0.312
0.0,-0.3235
0.0,-0.3205
0.0,-0.312
0.0,-0.318
0.0,-0.318
0.0,-0.312
0.0,-0.312
0.0,-0.3205
0.0,-0.312
0.0,-0.304
0.0,-0.3155
0.0,-0.3395
0.0,-0.3395
0.0,-0.3515
0.0,-0.3515
0.0,-0.3635
0.0,-0.3515
0.0,-0.3635
0.0,-0.3515
0.0,-0.3545
0.0,-0.3605
0.0,-0.3605
0.0,-0.3635
0.0,-0.3515
0.0,-0.3635
0.0,-0.3605
0.0,-0.3605
0.0,-0.3635
0.0,-0.3635
0.0,-0.3635
0.0,-0.3635
0.0,-0.3635
0.0,-0.3635
0.0,-0.3675
0.0,-0.3715
0.0,-0.3715
0.0,-0.3715
0.0,-0.3715
0.0,-0.383
0.0,-0.383
0.0,-0.383
0.0,-0.367
0.0,-0.367
0.0,-0.367
0.0,-0.367
0.0,-0.367
0.0,-0.367
0.0,-0.367
0.0,-0.367
0.0,-0.367
0.0,-0.367
0.0,-0.367
0.0,-0.367
0.0,-0.367
0.0,-0.367
0.0,-0.367
0.0,-0.367
0.0,-0.367
0.0,-0.375
0.0,-0.375
0.0,-0.375
0.0,-0.375
0.0,-0.375
0.0,-0.375
0.0,-0.375
0.0,-0.375
0.0,-0.391
0.0,-0.391
0.0,-0.375
0.0,-0.375
0.0,-0.375
0.0,-0.375
0.0,-0.375
0.0,-0.375
0.0,-0.375
0.0,-0.375
0.0,-0.375
0.0,-0.375
0.0,-0.375
0.0,-0.375
0.0,-0.375
0.003,-0.375
0.007,-0.367
0.011,-0.367
0.011,-0.383
0.007,-0.391
0.027,-0.375
0.0385,-0.375
0.0465,-0.367
0.0585,-0.359
0.0465,-0.331
0.0585,-0.323
0.0585,-0.2675
0.0585,-0.2595
0.0585,-0.2395
0.0585,-0.224
0.0585,-0.216
0.0585,-0.201
0.0585,-0.195
0.0585,-0.189
0.0585,-0.181
0.0735,-0.161
0.095,-0.161
0.105,-0.1455
0.1245,-0.1455
0.1165,-0.1455
0.1165,-0.157
0.1285,-0.157
0.1405,-0.157
0.1405,-0.157
0.1485,-0.1455
0.1485,-0.1575
0.1485,-0.1535
0.1485,-0.134
0.1485,-0.146
0.1485,-0.146
0.1485,-0.154
0.1485,-0.154
0.1485,-0.154
0.1485,-0.154
0.1485,-0.154
0.1485,-0.154
0.1485,-0.154
0.1365,-0.154
0.1365,-0.154
0.1365,-0.154
0.1365,-0.1735
0.1365,-0.1575
0.1365,-0.1895
0.1365,-0.201
0.1365,-0.1895
0.1365,-0.197
0.1365,-0.1895
0.1365,-0.197
0.1365,-0.1895
0.1365,-0.1895
0.1365,-0.209
0.1365,-0.209
0.1365,-0.209
0.1365,-0.201
0.1365,-0.201
0.1365,-0.201
0.1365,-0.209
0.1365,-0.209
0.1365,-0.197
0.1365,-0.209
0.1365,-0.201
0.1365,-0.201
0.1365,-0.201
0.1365,-0.201
0.1365,-0.201
0.1365,-0.201
0.1395,-0.2125
0.1365,-0.2245
0.1365,-0.197
0.1525,-0.185
0.168,-0.185
0.1565,-0.185
0.1565,-0.185
0.1565,-0.185
0.1565,-0.185
0.1565,-0.185
0.1565,-0.185
0.1565,-0.185
0.1565,-0.177
0.1565,-0.177
0.168,-0.177
0.168,-0.177
0.168,-0.177
0.168,-0.177
0.168,-0.177
0.168,-0.177
0.16,-0.177
0.16,-0.177
0.16,-0.177
0.16,-0.177
0.16,-0.189
0.16,-0.177
0.16,-0.177
0.16,-0.177
0.16,-0.177
0.16,-0.177
0.16,-0.177
0.16,-0.177
0.16,-0.177
0.16,-0.177
0.16,-0.177
0.148,-0.177
0.148,-0.177
0.148,-0.177
0.1405,-0.177
0.1405,-0.177
0.1405,-0.177
0.1405,-0.177
0.1405,-0.177
0.1405,-0.177
0.1405,-0.177
0.1405,-0.177
0.1405,-0.177
0.1405,-0.177
0.1405,-0.177
0.1405,-0.177
0.1405,-0.177
0.1405,-0.177
0.1405,-0.177
0.1405,-0.1655
0.148,-0.1635
0.148,-0.189
0.148,-0.204
0.148,-0.204
0.148,-0.204
0.148,-0.198
0.148,-0.192
0.148,-0.184
0.148,-0.1725
0.148,-0.172
0.148,-0.18
0.148,-0.18
0.148,-0.18
0.148,-0.188
0.1285,-0.19
0.1085,-0.1785
0.1085,-0.156
0.101,-0.153
0.101,-0.13
0.101,-0.1015
0.101,-0.1135
0.101,-0.1135
0.101,-0.1135
0.101,-0.133
0.101,-0.141
0.101,-0.149
0.101,-0.149
0.101,-0.149
0.097,-0.149
0.096,-0.157
0.077,-0.177
0.0615,-0.177
0.038,-0.185
0.038,-0.197
0.031,-0.197
0.022,-0.205
0.014,-0.205
0.014,-0.205
0.014,-0.205
0.014,-0.205
0.014,-0.2215
0.014,-0.2365
0.014,-0.2445
0.014,-0.2445
0.003,-0.2445
0.003,-0.2445
0.003,-0.2445
0.003,-0.2475
0.003,-0.2645
0.003,-0.2645
0.003,-0.2645
0.003,-0.2645
0.003,-0.2725
0.003,-0.292
0.003,-0.304
0.003,-0.312
0.003,-0.312
0.003,-0.312
0.003,-0.312
0.0,-0.32
0.0,-0.328
0.0,-0.328
0.0,-0.328
0.0,-0.34
0.0,-0.34
0.0,-0.348
0.0,-0.348
0.0,-0.348
0.0,-0.348
0.0,-0.348
0.0,-0.3565
0.0,-0.3595
0.0,-0.3595
0.0,-0.3565
0.0,-0.3595
0.0,-0.3595
0.0,-0.3565
0.0,-0.3595
0.0,-0.3595
0.0,-0.3595
0.0,-0.3595
0.0,-0.3595
0.0,-0.3595
0.0385,-0.3595
0.0545,-0.3595
0.0545,-0.3595
0.0545,-0.3595
0.0545,-0.3595
0.0545,-0.3595
0.0545,-0.3595
0.0545,-0.3595
0.0545,-0.3595
0.0545,-0.3595
0.0545,-0.3595
0.0545,-0.3595
0.0545,-0.3595
0.0545,-0.3595
0.0545,-0.3595
0.0545,-0.3595
0.0545,-0.3435
0.0545,-0.3435
0.0545,-0.3435
0.0545,-0.3435
0.0545,-0.3435
0.0545,-0.3435
0.0545,-0.3435
0.0545,-0.3435
0.0545,-0.3435
0.0545,-0.3435
0.0545,-0.3635
0.0545,-0.3635
0.0545,-0.3515
0.0545,-0.3515
0.0545,-0.3515
0.0545,-0.3515
0.0545,-0.3635
0.0545,-0.3635
0.0545,-0.3515
0.0545,-0.3515
0.0545,-0.3635
0.0545,-0.3635
0.0545,-0.3515
0.0545,-0.3515
0.0545,-0.3725
0.0545,-0.3515
0.0545,-0.3755
0.0545,-0.3755
0.0545,-0.3755
0.0545,-0.3575
0.0545,-0.3755
0.0545,-0.3755
0.0545,-0.3635
0.0545,-0.3515
0.0545,-0.3515
0.0545,-0.3635
0.0545,-0.3515
0.0545,-0.3515
0.0545,-0.3635
0.0545,-0.3515
0.0545,-0.3395
0.0545,-0.3515
0.0545,-0.3395
0.0545,-0.3425
0.0545,-0.3395
0.0545,-0.3395
0.0545,-0.3395
0.0545,-0.3545
0.0545,-0.3515
0.0545,-0.3395
0.0545,-0.3315
0.0545,-0.3315
0.0545,-0.3435
0.0545,-0.3315
0.0545,-0.3315
0.0545,-0.3315
0.0545,-0.3315
0.0545,-0.3435
0.0525,-0.3315
0.0525,-0.3315
0.0405,-0.3315
0.0405,-0.3435
0.0465,-0.3315
0.0525,-0.326
0.0525,-0.3315
0.0525,-0.3315
0.0525,-0.3315
0.0545,-0.32
0.0545,-0.32
0.0545,-0.32
0.0545,-0.32
0.0545,-0.32
0.0545,-0.32
0.0545,-0.324
0.0545,-0.324
0.0545,-0.312
0.0545,-0.312
0.0545,-0.304
0.0545,-0.304
0.0545,-0.304
0.0545,-0.304
0.0545,-0.304
0.0545,-0.304
0.0545,-0.2925
0.0545,-0.2925
0.0545,-0.2925
0.0545,-0.2925
0.0545,-0.2925
0.0545,-0.2925
0.0545,-0.2925
0.0545,-0.2925
0.0545,-0.2925
0.0545,-0.2925
0.0545,-0.3005
0.0545,-0.3005
0.0545,-0.3005
0.0545,-0.3085
0.0545,-0.3085
0.0545,-0.3085
0.0545,-0.3165
0.0545,-0.3165
0.0545,-0.3165
0.0545,-0.3165
0.0545,-0.3165
0.0545,-0.3165
0.0545,-0.3165
0.0545,-0.3165
0.0545,-0.3165
0.0545,-0.3165
0.0545,-0.3165
0.0545,-0.3165
0.0545,-0.3165
0.0545,-0.3165
0.0545,-0.3165
0.0545,-0.3165
0.0545,-0.3165
0.0545,-0.3165
0.0545,-0.3165
0.0545,-0.3165
0.0545,-0.3165
0.0545,-0.3165
0.0545,-0.3165
0.0545,-0.3165
0.0545,-0.3165
0.0545,-0.3165
0.0545,-0.3165
0.0545,-0.3165
0.0545,-0.3165
0.0545,-0.3165
0.0545,-0.3165
0.0545,-0.3165
0.0545,-0.3245
0.0545,-0.3245
0.0545,-0.3245
0.0545,-0.3245
0.0545,-0.3245
0.0545,-0.3245
0.0545,-0.3245
0.0545,-0.3245
0.0545,-0.3245
0.0545,-0.3245
0.0545,-0.3245
0.0545,-0.3165
0.0545,-0.3165
0.0545,-0.3165
0.0545,-0.3165
0.0545,-0.3165
0.0545,-0.3165
0.0545,-0.3165
0.0545,-0.3165
0.0545,-0.3165
0.0545,-0.3165
0.0545,-0.3105
0.0545,-0.3165
0.0545,-0.3165
0.0545,-0.3165
0.0545,-0.3165
0.0545,-0.3165
0.0545,-0.3165
0.0545,-0.3165
0.0545,-0.3165
0.0545,-0.3165
0.0545,-0.3005
0.0545,-0.3005
0.0545,-0.2845
0.0545,-0.2845
0.0545,-0.2645
0.0545,-0.2485
0.0545,-0.2405
0.0545,-0.2205
0.0545,-0.2205
0.0545,-0.2125
0.0545,-0.2125
0.0545,-0.2125
0.0545,-0.2125
0.0545,-0.2125
0.0545,-0.2125
0.0545,-0.2125
0.0545,-0.2125
0.0545,-0.2285
0.0545,-0.2285
0.0545,-0.2285
0.0545,-0.2285
0.0545,-0.2285
0.0545,-0.2285
0.0545,-0.2285
0.0545,-0.2285
0.0545,-0.2285
0.0545,-0.2285
0.0545,-0.2285
0.0545,-0.2285
0.0545,-0.2285
0.0545,-0.2045
0.0545,-0.1765
0.0545,-0.1605
0.0545,-0.1605
0.0545,-0.1605
0.0545,-0.1605
0.0545,-0.1605
0.0545,-0.1605
0.0545,-0.1605
0.0545,-0.1605
0.0545,-0.1605
0.0545,-0.1605
0.0545,-0.1605
0.0545,-0.1605
0.0545,-0.1605
0.0545,-0.1525
0.0545,-0.1405
0.0545,-0.1525
0.0545,-0.1525
0.0545,-0.1525
0.0545,-0.1525
0.0545,-0.1525
0.0545,-0.1525
0.0545,-0.1525
0.0545,-0.1525
0.0545,-0.1525
0.0545,-0.1525
0.0545,-0.1525
0.0545,-0.1525
0.0545,-0.1525
0.0545,-0.1525
0.0545,-0.1525
0.0545,-0.1525
0.0545,-0.1525
0.0545,-0.1525
0.0545,-0.1525
0.0545,-0.1495
0.0545,-0.1605
0.0545,-0.1605
0.0545,-0.1605
0.0545,-0.1605
0.0545,-0.1605
0.0545,-0.1605
0.0545,-0.1605
0.0545,-0.1605
0.0545,-0.1605
0.0545,-0.1605
0.0545,-0.1605
0.0545,-0.1845
0.0545,-0.1905
0.0545,-0.2045
0.0545,-0.2125
0.0545,-0.2205
0.0545,-0.2205
0.0545,-0.2285
0.0545,-0.2285
0.0545,-0.2285
0.0545,-0.2285
0.0545,-0.2285
0.0545,-0.2285
0.0545,-0.2285
0.0545,-0.2285
0.0545,-0.2285
0.0545,-0.2285
0.0545,-0.2285
0.0545,-0.2285
0.0545,-0.2285
0.0545,-0.2285
0.0545,-0.2285
0.0545,-0.2285
0.0545,-0.2285
0.0545,-0.2285
0.0545,-0.2285
0.0545,-0.2285
0.0545,-0.2285
0.0545,-0.2285
0.0545,-0.2285
0.0545,-0.2285
0.0545,-0.2285
0.0545,-0.2125
0.0545,-0.1965
0.0545,-0.1685
0.0545,-0.1685
0.0545,-0.1685
0.0545,-0.1685
0.0545,-0.1685
0.0545,-0.1605
0.0545,-0.1405
0.0545,-0.1405
0.0545,-0.1525
0.0545,-0.1405
0.0545,-0.1525
0.0545,-0.1345
0.0545,-0.1525
0.0545,-0.1525
0.0545,-0.1525
0.0545,-0.1525
0.0545,-0.1525
0.0545,-0.1525
0.0545,-0.1525
0.0545,-0.1765
0.0545,-0.1965
0.0545,-0.2045
0.0545,-0.2045
0.0545,-0.1725
0.0545,-0.133
0.0545,-0.108
0.0545,-0.0745
0.0545,-0.0435
0.0545,-0.0435
0.0545,0.009
0.0545,0.0585
0.0545,0.086
0.0545,0.1195
0.0545,0.137
0.0545,0.149
0.0545,0.157
0.0545,0.1525
0.0545,0.1525
0.0545,0.1525
0.0545,0.1525
0.0545,0.1405
0.0545,0.1405
0.0545,0.1525
0.0545,0.144
0.0545,0.141
0.0545,0.141
0.0545,0.141
0.0545,0.141
0.0545,0.135
0.0545,0.129
0.0545,0.109
0.0545,0.109
0.0545,0.0815
0.0545,0.0615
0.0545,0.0615
0.0545,0.022
0.0545,0.0065
0.0545,-0.0395
0.0545,-0.0615
0.0545,-0.0695
0.0545,-0.0775
0.0545,-0.089
0.0545,-0.099
0.0545,-0.1195
0.0545,-0.1475
0.0545,-0.1475
0.0545,-0.1475
0.0545,-0.1475
0.0545,-0.1495
0.0545,-0.1555
0.0625,-0.1815
0.0735,-0.1895
0.0855,-0.2005
0.0855,-0.2065
0.0855,-0.217
0.0855,-0.229
0.0855,-0.237
0.0855,-0.237
0.0855,-0.237
0.0855,-0.237
0.0855,-0.237
0.0855,-0.245
0.0855,-0.253
0.087,-0.265
0.093,-0.265
0.093,-0.265
0.093,-0.265
0.093,-0.265
0.093,-0.253
0.093,-0.253
0.093,-0.253
0.093,-0.265
0.093,-0.274
0.093,-0.277
0.093,-0.277
0.093,-0.277
0.093,-0.277
0.093,-0.277
0.093,-0.277
0.093,-0.277
0.093,-0.277
0.093,-0.277
0.093,-0.277
0.093,-0.285
0.093,-0.285
0.093,-0.293
0.093,-0.301
0.093,-0.301
0.093,-0.301
0.093,-0.301
0.093,-0.301
0.093,-0.301
0.093,-0.301
0.093,-0.301
0.093,-0.301
0.093,-0.301
0.081,-0.301
0.081,-0.301
0.081,-0.301
0.073,-0.301
0.073,-0.301
0.073,-0.301
0.073,-0.285
0.0655,-0.285
0.0655,-0.285
0.0655,-0.277
0.0655,-0.277
0.0575,-0.277
0.0575,-0.277
0.0575,-0.277
0.0575,-0.277
0.0575,-0.277
0.0615,-0.277
0.0615,-0.277
0.0615,-0.277
0.0615,-0.277
0.0615,-0.277
0.0615,-0.277
0.073,-0.277
0.073,-0.277
0.073,-0.277
0.073,-0.277
0.073,-0.277
0.073,-0.277
0.073,-0.277
0.073,-0.277
0.073,-0.277
0.073,-0.277
0.073,-0.277
0.073,-0.277
0.073,-0.277
0.073,-0.277
0.073,-0.277
0.073,-0.277
0.073,-0.277
0.073,-0.277
0.073,-0.277
0.073,-0.277
0.073,-0.265
0.073,-0.265
0.073,-0.265
0.073,-0.261
0.073,-0.257
0.073,-0.257
0.073,-0.257
0.073,-0.257
0.073,-0.257
0.073,-0.257
0.073,-0.257
0.073,-0.257
0.073,-0.257
0.073,-0.257
0.073,-0.257
0.073,-0.261
0.073,-0.265
0.073,-0.265
0.073,-0.265
0.073,-0.253
0.073,-0.265
0.073,-0.265
0.073,-0.265
0.073,-0.256
0.073,-0.265
0.073,-0.265
0.073,-0.275
0.073,-0.2985
0.073,-0.3045
0.073,-0.3045
0.073,-0.3305
0.073,-0.3245
0.073,-0.3245
0.073,-0.3245
0.073,-0.3245
0.073,-0.3245
0.073,-0.3245
0.073,-0.3365
0.073,-0.3165
0.073,-0.3085
0.073,-0.3085
0.073,-0.3085
0.073,-0.3085
0.073,-0.3085
0.073,-0.3085
0.073,-0.3085
0.073,-0.3085
0.0535,-0.3085
0.0455,-0.3085
0.0455,-0.3005
0.0345,-0.3005
0.0345,-0.3005
0.0345,-0.3005
0.0345,-0.3005
0.0345,-0.3005
0.0345,-0.3005
0.0345,-0.3005
0.0345,-0.3005
0.0345,-0.3005
0.0345,-0.3005
0.0345,-0.3005
0.0345,-0.3005
0.0345,-0.3005
0.0345,-0.3005
0.0345,-0.2925
0.0345,-0.2925
0.0345,-0.2925
0.0345,-0.2925
0.0345,-0.2925
0.0345,-0.2805
0.0345,-0.2925
0.0345,-0.2925
0.0345,-0.2805
0.0345,-0.2925
0.0345,-0.2805
0.0345,-0.283
0.0345,-0.292
0.0345,-0.292
0.0345,-0.3
0.0345,-0.292
0.0385,-0.304
0.0625,-0.304
0.0625,-0.304
0.07,-0.288
0.078,-0.26
0.1215,-0.2
0.157,-0.1645
0.1925,-0.114
0.1965,-0.0775
0.1965,-0.039
0.232,0.028
0.287,0.0935
0.299,0.129
0.299,0.161
0.299,0.155
0.299,0.149
0.299,0.145
0.299,0.162
0.2755,0.172
0.2675,0.1835
0.2675,0.1755
0.2675,0.1755
0.2675,0.1875
0.2675,0.186
0.2745,0.204
0.2945,0.2115
0.302,0.243
0.328,0.243
0.3495,0.255
0.3655,0.255
0.382,0.255
0.389,0.255
0.4005,0.266
0.4225,0.2745
0.4205,0.2745
0.444,0.2805
0.444,0.2745
0.432,0.2705
0.444,0.2705
0.432,0.2705
0.432,0.2625
0.44,0.2685
0.44,0.2625
0.44,0.2625
0.452,0.2655
0.44,0.2585
0.46,0.2585
0.4715,0.2585
0.4715,0.2585
0.4715,0.2565
0.4675,0.239
0.4675,0.231
0.4675,0.231
0.4675,0.227
0.4675,0.233
0.4675,0.227
0.4675,0.227
0.4675,0.227
0.4675,0.227
0.4675,0.2115
0.4675,0.1985
0.4675,0.1875
0.4675,0.1875
0.4675,0.176
0.4675,0.188
0.4675,0.1875
0.4675,0.1995
0.4675,0.2035
0.4675,0.223
0.464,0.223
0.456,0.227
0.452,0.227
0.452,0.227
0.448,0.227
0.448,0.227
0.448,0.227
0.448,0.227
0.448,0.227
0.444,0.233
0.436,0.239
0.4285,0.239
0.4205,0.247
0.4205,0.247
0.4165,0.247
0.4285,0.2585
0.4285,0.2585
0.4165,0.2585
0.4125,0.2585
0.4125,0.2665
0.4045,0.2665
0.4005,0.2665
0.4005,0.2665
0.3965,0.2665
0.381,0.2665
0.381,0.2665
0.369,0.2665
0.381,0.2665
0.381,0.2665
0.381,0.2545
0.381,0.243
0.381,0.239
0.381,0.2075
0.381,0.1875
0.381,0.1835
0.381,0.176
0.381,0.176
0.381,0.176
0.381,0.176
0.381,0.188
0.381,0.188
0.381,0.188
0.381,0.188
0.381,0.176
0.381,0.176
0.3615,0.176
0.3615,0.179
0.3535,0.168
0.3415,0.168
0.333,0.1565
0.333,0.1485
0.33,0.1425
0.33,0.1365
0.33,0.1345
0.33,0.129
0.33,0.129
0.33,0.117
0.33,0.1285
0.33,0.1245
0.336,0.1285
0.33,0.1325
0.336,0.1325
0.3385,0.1345
0.3415,0.1165
0.3385,0.1165
0.336,0.1165
0.3415,0.1165
0.336,0.1165
0.3415,0.1165
0.33,0.105
0.336,0.105
0.333,0.105
0.33,0.105
0.3415,0.105
0.333,0.105
0.3385,0.103
0.336,0.097
0.33,0.097
0.33,0.097
0.33,0.109
0.33,0.109
0.33,0.109
0.333,0.097
0.33,0.097
0.336,0.103
0.33,0.105
0.33,0.1115
0.33,0.1165
0.33,0.1285
0.33,0.1285
0.33,0.1325
0.33,0.1325
0.33,0.1325
0.33,0.1325
0.33,0.1325
0.33,0.1405
0.302,0.1405
0.302,0.1405
0.2825,0.1405
0.263,0.1405
0.251,0.1405
0.249,0.1405
0.243,0.1405
0.243,0.1405
0.243,0.121
0.243,0.121
0.243,0.118
0.243,0.109
0.243,0.109
0.243,0.109
0.243,0.121
0.243,0.121
0.243,0.124
0.243,0.124
0.235,0.133
0.247,0.133
0.235,0.133
0.2275,0.133
0.2035,0.133
0.2035,0.133
0.2035,0.133
0.1915,0.1405
0.2035,0.1405
0.1755,0.1405
0.1755,0.1405
0.164,0.1405
0.168,0.121
0.168,0.121
0.164,0.1245
0.164,0.1275
0.1525,0.1245
0.1565,0.1245
0.1465,0.1245
0.1445,0.1245
0.1445,0.1245
0.1385,0.1245
0.144,0.1245
0.117,0.1245
0.109,0.1245
0.109,0.1245
0.097,0.1245
0.089,0.1245
0.078,0.1245
0.074,0.1245
0.074,0.1245
0.074,0.1245
0.074,0.113
0.086,0.119
0.074,0.109
0.086,0.107
0.074,0.0855
0.074,0.0685
0.074,0.046
0.074,0.042
0.074,0.042
0.074,0.042
0.086,0.042
0.074,0.042
0.074,0.045
0.086,0.042
0.074,0.042
0.074,0.042
0.074,0.042
0.074,0.042
0.074,0.042
0.074,0.042
0.086,0.042
0.086,0.042
0.074,0.042
0.07,0.042
0.07,0.042
0.07,0.042
0.07,0.042
0.07,0.042
0.07,0.042
0.07,0.042
0.07,0.034
0.07,0.023
0.074,0.023
0.078,0.023
0.078,0.023
0.078,0.023
0.078,0.023
0.078,0.021
0.078,0.009
0.078,0.009
0.078,0.001
0.078,0.001
0.078,-0.011
0.078,-0.0385
0.078,-0.0595
0.078,-0.0615
0.078,-0.0705
0.078,-0.0735
0.078,-0.0735
0.078,-0.105
0.078,-0.113
0.078,-0.113
0.078,-0.113
0.078,-0.113
0.078,-0.113
0.078,-0.113
0.078,-0.113
0.078,-0.113
0.078,-0.113
0.078,-0.113
0.0625,-0.113
0.074,-0.113
0.074,-0.113
0.074,-0.113
0.074,-0.113
0.074,-0.113
0.074,-0.113
0.074,-0.113
0.074,-0.113
0.074,-0.113
0.074,-0.113
0.074,-0.113
0.074,-0.113
0.074,-0.113
0.074,-0.113
0.074,-0.113
0.074,-0.113
0.074,-0.113
0.074,-0.113
0.074,-0.113
0.074,-0.113
0.074,-0.113
0.074,-0.113
0.074,-0.113
0.074,-0.113
0.074,-0.113
0.074,-0.113
0.074,-0.113
0.074,-0.113
0.074,-0.113
0.074,-0.113
0.074,-0.113
0.078,-0.113
0.078,-0.113
0.078,-0.113
0.078,-0.113
0.078,-0.113
0.078,-0.113
0.078,-0.113
0.078,-0.113
0.078,-0.113
0.078,-0.113
0.078,-0.113
0.078,-0.09
0.078,-0.0745
0.078,-0.043
0.078,-0.031
0.078,-0.031
0.078,-0.031
0.078,0.0085
0.078,0.0405
0.078,0.06
0.078,0.08
0.089,0.08
0.095,0.07
0.097,0.105
0.097,0.117
0.097,0.117
0.0815,0.109
0.093,0.105
0.093,0.105
0.093,0.1285
0.093,0.148
0.0845,0.1485
0.093,0.16
0.099,0.16
0.0815,0.16
0.0815,0.1325
0.0775,0.1285
0.0775,0.1205
0.0775,0.105
0.0775,0.09
0.0615,0.09
0.0575,0.09
0.0575,0.09
0.046,0.0745
0.044,0.0305
0.038,0.0105
0.026,0.0025
0.03,-0.0135
0.036,-0.0135
0.03,-0.0335
0.03,-0.0255
0.03,-0.0415
0.03,-0.0415
0.03,-0.0415
0.03,-0.0415
0.03,-0.0415
0.03,-0.0415
0.03,-0.0415
0.026,-0.0415
0.026,-0.0415
0.026,-0.0415
0.029,-0.0415
0.026,-0.0415
0.026,-0.0415
0.026,-0.0415
0.026,-0.0415
0.026,-0.0415
0.026,-0.0415
0.026,-0.0415
0.026,-0.0415
0.026,-0.0415
0.026,-0.0415
0.026,-0.0415
0.026,-0.0415
0.029,-0.0415
0.026,-0.0415
0.029,-0.0415
0.026,-0.0415
0.026,-0.0415
0.026,-0.0415
0.026,-0.0415
0.029,-0.0415
0.026,-0.0415
0.026,-0.0415
0.038,-0.0415
0.042,-0.0415
0.03,-0.0415
0.03,-0.0415
0.042,-0.0415
0.042,-0.0415
0.045,-0.0415
0.045,-0.0415
0.051,-0.0415
0.042,-0.0415
0.042,-0.0415
0.051,-0.0495
0.049,-0.0495
0.046,-0.0335
0.046,-0.0335
0.046,-0.0335
0.046,-0.0255
0.046,-0.0255
0.046,-0.0255
0.046,-0.0335
0.046,-0.0335
0.052,-0.0255
0.046,-0.0335
0.049,-0.0335
0.046,-0.0335
0.046,-0.0335
0.046,-0.0255
0.049,-0.0135
0.052,-0.0135
0.049,-0.0135
0.046,-0.0055
0.058,0.0105
0.058,0.0105
0.058,0.0185
0.0655,0.0185
0.0655,0.0185
0.0655,0.0185
0.0655,0.0185
0.0655,0.0185
0.0655,0.0185
0.077,0.0185
0.081,0.0185
0.085,0.0185
0.085,0.0185
0.094,0.0185
0.093,0.0185
0.077,0.0185
0.093,0.0185
0.085,0.0185
0.097,0.0185
0.097,0.0185
0.103,0.0185
0.109,0.0185
0.113,0.0185
0.113,0.0185
0.121,0.0185
0.121,0.0185
0.121,0.0305
0.121,0.0305
0.121,0.0185
0.121,0.0185
0.121,0.0185
0.121,0.0185
0.121,0.0185
0.121,0.0185
0.121,0.0075
0.1325,0.0105
0.1325,0.0105
0.1325,0.0105
0.1325,0.0105
0.1325,-0.0015
0.1325,-0.0015
0.1325,-0.0015
0.1445,-0.0015
0.1445,-0.0015
0.1445,-0.0015
0.1445,0.0105
0.1445,-0.0015
0.1445,-0.0015
0.1445,0.0015
0.1445,-0.0015
0.1445,-0.0015
0.1525,-0.0015
0.1525,0.0015
0.1525,-0.0015
0.1525,0.0045
0.1525,-0.0015
0.1525,-0.0015
0.1525,0.0135
0.1525,0.0225
0.1525,0.0135
0.1525,0.0195
0.1525,0.0225
0.1525,0.0225
0.1525,0.0225
0.1525,0.0225
0.1525,0.0225
0.1525,0.0225
0.1525,0.0225
0.1525,0.0225
0.1525,0.0225
0.1525,0.0225
0.1525,0.0225
0.1525,0.0105
0.1525,0.0215
0.1525,0.0185
0.1525,0.0185
0.1525,0.0185
0.1525,0.0185
0.1525,0.007
0.1525,0.01
0.1525,0.007
0.1525,0.0185
0.1525,0.0185
0.1525,0.0185
0.1525,0.0185
0.1525,0.0185
0.1525,0.0185
0.1525,0.0185
0.1525,0.0185
0.1525,0.0185
0.1525,0.0185
0.1525,0.0185
0.1525,0.0305
0.1525,0.0185
0.1525,0.0245
0.1525,0.0185
0.1525,0.0185
0.1525,0.0185
0.1525,0.0185
0.1525,0.0185
0.1525,0.0185
0.1525,0.0185
0.1525,0.0185
0.1525,0.0185
0.1525,0.0185
0.1525,0.0245
0.1525,0.0185
0.1525,0.0185
0.1525,0.0185
0.1525,0.0245
0.1525,0.0185
0.1525,0.0185
0.1525,0.0185
0.1525,0.0185
0.1525,0.0185
0.1525,0.0185
0.1525,0.0185
0.1525,0.0185
0.1525,0.0185
0.1525,0.0185
0.1525,0.0185
0.1525,0.0185
0.1525,0.0105
0.1525,0.0105
0.1525,0.0105
0.1525,0.0105
0.1525,0.0105
0.1525,0.0105
0.1525,0.0105
0.1525,0.0105
0.1325,0.0105
0.127,0.0105
0.13,0.0105
0.121,0.0105
0.121,0.0105
0.113,0.0135
0.113,0.0105
0.097,0.0105
0.0935,0.0105
0.0775,0.0105
0.0735,0.0105
0.0675,0.0105
0.0625,0.0105
0.0625,0.0105
0.0625,0.0105
0.0625,0.0105
0.0625,0.0105
0.0625,0.0105
0.0625,0.0105
0.0625,0.0105
0.0625,0.0105
0.0625,0.0105
0.0625,0.0105
0.0625,0.0185
0.0625,0.0185
0.0625,0.0185
0.0625,0.0215
0.0625,0.0185
0.0625,0.007
0.0625,-0.013
0.0625,-0.013
0.0625,-0.0405
0.0625,-0.0515
0.0625,-0.0515
0.0625,-0.0515
0.0625,-0.0515
0.0625,-0.0515
0.0625,-0.0305
0.0625,-0.0085
0.0625,0.019
0.0625,0.019
0.0625,0.022
0.078,0.03
0.086,0.019
0.086,0.019
0.086,0.03
0.086,0.03
0.09,0.022
0.078,0.022
0.09,0.034
0.09,0.034
0.098,0.0415
0.1135,0.0385
0.1135,0.0415
0.1135,0.073
0.1095,0.091
0.1055,0.1205
0.1055,0.1205
0.1055,0.1325
0.1055,0.1325
0.1055,0.1325
0.1055,0.1325
0.1095,0.1325
0.098,0.1325
0.1215,0.1325
0.1095,0.1405
0.1215,0.1445
0.1095,0.1345
0.1095,0.1525
0.1095,0.1525
0.1215,0.1525
0.1215,0.1525
0.1215,0.1525
0.1215,0.1525
0.1215,0.1525
0.1215,0.1525
0.1215,0.1525
0.1215,0.1525
0.1215,0.1525
0.1215,0.1525
0.1215,0.1525
0.1095,0.1525
0.094,0.1525
0.094,0.1525
0.086,0.1525
0.078,0.1405
0.078,0.125
0.074,0.097
0.074,0.0585
0.074,0.07
0.086,0.0655
0.086,0.0665
0.086,0.0665
0.086,0.0545
0.074,0.0465
0.074,0.0385
0.074,0.0225
0.074,-0.0335
0.074,-0.0415
0.074,-0.0415
0.074,-0.0495
0.074,-0.0495
0.074,-0.0495
0.074,-0.0495
0.074,-0.0495
0.074,-0.0495
0.074,-0.0585
0.074,-0.0495
0.074,-0.0455
0.074,-0.065
0.074,-0.0845
0.074,-0.0875
0.074,-0.0795
0.074,-0.0715
0.074,-0.0595
0.074,-0.0595
0.074,-0.0615
0.074,-0.0615
0.074,-0.0615
0.074,-0.0735
0.074,-0.0765
0.074,-0.0855
0.074,-0.0855
0.074,-0.0935
0.074,-0.1015
0.074,-0.1095
0.074,-0.1095
0.074,-0.1215
0.074,-0.1255
0.074,-0.141
0.074,-0.149
0.074,-0.161
0.074,-0.165
0.074,-0.169
0.074,-0.1945
0.074,-0.2005
0.074,-0.2005
0.074,-0.2125
0.074,-0.2205
0.074,-0.2205
0.074,-0.2205
0.074,-0.2285
0.074,-0.2285
0.074,-0.2285
0.074,-0.2285
0.074,-0.2285
0.074,-0.2285
0.074,-0.2285
0.074,-0.2285
0.074,-0.2285
0.074,-0.231
0.074,-0.24
0.074,-0.24
0.074,-0.24
0.074,-0.24
0.074,-0.24
0.074,-0.24
0.074,-0.24
0.074,-0.24
0.074,-0.24
0.074,-0.244
0.074,-0.24
0.074,-0.24
0.074,-0.24
0.074,-0.24
0.074,-0.24
0.074,-0.24
0.074,-0.24
0.074,-0.24
0.074,-0.24
0.074,-0.24
0.074,-0.24
0.074,-0.24
0.074,-0.24
0.074,-0.24
0.074,-0.24
0.074,-0.24
0.074,-0.24
0.074,-0.24
0.074,-0.2285
0.074,-0.231
0.074,-0.2285
0.074,-0.2285
0.074,-0.2285
0.074,-0.2285
0.074,-0.2285
0.074,-0.2285
0.074,-0.2285
0.074,-0.2285
0.074,-0.2205
0.074,-0.2205
0.074,-0.2205
0.074,-0.2205
0.074,-0.2205
0.074,-0.2205
0.074,-0.2205
0.074,-0.2205
0.074,-0.2205
0.074,-0.2205
0.074,-0.2205
0.074,-0.2205
0.074,-0.2205
0.074,-0.2205
0.07,-0.2205
0.07,-0.2205
0.07,-0.2205
0.0625,-0.2205
0.0625,-0.2205
0.074,-0.2205
0.074,-0.2145
0.074,-0.2085
0.074,-0.2085
0.074,-0.2085
0.074,-0.2085
0.074,-0.2085
0.074,-0.2005
0.074,-0.2005
0.074,-0.2005
0.074,-0.2005
0.074,-0.2005
0.074,-0.2005
0.074,-0.2005
0.074,-0.1885
0.074,-0.1885
0.074,-0.1885
0.074,-0.1885
0.074,-0.1885
0.074,-0.1885
0.074,-0.1885
0.074,-0.1885
0.074,-0.1885
0.074,-0.1855
0.074,-0.1885
0.074,-0.1885
0.074,-0.1885
0.074,-0.1885
0.074,-0.1885
0.074,-0.1885
0.074,-0.1885
0.074,-0.1885
0.074,-0.1855
0.074,-0.1885
0.074,-0.1885
0.074,-0.1855
0.074,-0.1885
0.074,-0.1885
0.074,-0.1885
0.074,-0.1885
0.074,-0.1885
0.074,-0.1885
0.074,-0.1885
0.074,-0.1885
0.074,-0.1885
0.074,-0.1885
0.074,-0.1825
0.074,-0.1885
0.074,-0.1825
0.074,-0.1885
0.074,-0.1885
0.074,-0.1885
0.074,-0.1885
0.074,-0.1885
0.074,-0.1885
0.074,-0.177
0.074,-0.1885
0.074,-0.1885
0.074,-0.1885
0.074,-0.1885
0.074,-0.1885
0.074,-0.1885
0.074,-0.1885
0.074,-0.1855
0.0625,-0.1885
0.0625,-0.1885
0.0625,-0.1885
0.0625,-0.1885
0.0625,-0.1885
0.0625,-0.1885
0.0625,-0.1885
0.0625,-0.1885
0.0625,-0.177
0.074,-0.177
0.0625,-0.177
0.0625,-0.171
0.0625,-0.169
0.0625,-0.169
0.0625,-0.169
0.0625,-0.169
0.0625,-0.169
0.0625,-0.169
0.0625,-0.169
0.0625,-0.169
0.0625,-0.169
0.0585,-0.169
0.0585,-0.169
0.0585,-0.169
0.0545,-0.169
0.0545,-0.169
0.0545,-0.169
0.0545,-0.169
0.0545,-0.169
0.0545,-0.169
0.0545,-0.169
0.0545,-0.169
0.0545,-0.169
0.0545,-0.169
0.0545,-0.169
0.0545,-0.169
0.0545,-0.169
0.0545,-0.169
0.0545,-0.169
0.0545,-0.169
0.0545,-0.169
0.0545,-0.169
0.0545,-0.169
0.0545,-0.1855
0.0545,-0.1885
0.0425,-0.2085
0.0425,-0.2085
0.0425,-0.2085
0.0535,-0.1925
0.0535,-0.1925
0.0535,-0.1925
0.0535,-0.1925
0.0535,-0.1925
0.0615,-0.1925
0.0615,-0.1925
0.0615,-0.1925
0.0615,-0.1925
0.0615,-0.1925
0.0615,-0.1925
0.0615,-0.1925
0.0615,-0.2015
0.0615,-0.2045
0.0615,-0.2045
0.0615,-0.1925
0.0615,-0.2045
0.0615,-0.2045
0.0615,-0.2045
0.0615,-0.1925
0.0575,-0.1985
0.0575,-0.2045
0.0575,-0.2045
0.0575,-0.2045
0.0575,-0.2045
0.0575,-0.2045
0.0735,-0.2045
0.0615,-0.2045
0.0575,-0.2045
0.0575,-0.2045
0.0575,-0.2045
0.0575,-0.2045
0.0575,-0.2045
0.0575,-0.2045
0.0575,-0.2045
0.0575,-0.2045
0.0575,-0.1985
0.0575,-0.2125
0.0575,-0.2125
0.0575,-0.2125
0.0575,-0.2125
0.0575,-0.2125
0.0575,-0.2125
0.0575,-0.2125
0.0575,-0.2125
0.0575,-0.2125
0.0575,-0.2125
0.0575,-0.2125
0.0575,-0.2125
0.0575,-0.2125
0.0575,-0.2125
0.0575,-0.2125
0.0575,-0.2125
0.0575,-0.1925
0.0575,-0.121
0.0575,-0.0355
0.0575,-0.0155
0.0575,0.0
0.0575,0.0
0.0575,0.0
0.0575,0.002
0.0795,0.0385
0.0735,0.07
0.0795,0.093
0.0735,0.101
0.0775,0.113
0.101,0.1215
0.0895,0.141
0.1085,0.161
0.1245,0.1805
0.1245,0.1805
0.1285,0.1805
0.1285,0.1805
0.1315,0.1865
0.1285,0.1805
0.1285,0.1805
0.1285,0.1805
0.1285,0.1805
0.1285,0.1805
0.1285,0.1805
0.1285,0.1805
0.1285,0.1805
0.1285,0.1805
0.1285,0.1805
0.1285,0.173
0.1285,0.153
0.1285,0.156
0.1285,0.129
0.1285,0.121
0.1285,0.101
0.1285,0.085
0.1285,0.085
0.1285,0.085
0.1285,0.085
0.1285,0.085
0.1285,0.085
0.1285,0.085
0.1285,0.085
0.1285,0.085
0.1285,0.085
0.1285,0.085
0.1285,0.085
0.1285,0.085
0.1285,0.085
0.1285,0.085
0.1285,0.0735
0.1285,0.0515
0.1285,0.0455
0.1285,0.0455
0.1285,0.0455
0.1285,0.0455
0.1285,0.0455
0.1285,0.0455
0.1285,0.0455
0.1285,0.0455
0.1285,0.0455
0.1285,0.0455
0.1285,0.0455
0.1285,0.0455
0.1285,0.0485
0.1285,0.0455
0.1285,0.0455
0.1285,0.0455
0.1285,0.0455
0.1345,0.0455
0.097,0.0455
0.093,0.0455
0.093,0.0455
0.093,0.0455
0.093,0.0455
0.093,0.0455
0.093,0.0455
0.081,0.0455
0.077,0.0455
0.073,0.0455
0.0455,0.0455
0.0385,0.0455
0.0385,0.0375
0.0385,0.026
0.0385,0.032
0.0385,0.026
0.0415,0.026
0.0385,0.026
0.0385,0.026
0.0385,0.022
0.0385,0.018
0.0385,0.015
0.0385,0.012
0.0385,0.012
0.0385,-0.014
0.031,-0.022
0.031,-0.022
0.019,-0.0375
0.011,-0.0455
0.011,-0.0655
0.0,-0.0735
0.0,-0.0735
0.0,-0.0955
0.0,-0.1135
0.0,-0.1015
0.0,-0.0985
0.0,-0.1015
0.0,-0.1105
0.0,-0.1215
0.0,-0.1215
0.0,-0.1295
0.0,-0.1295
0.0,-0.1295
0.0,-0.1295
0.0,-0.1375
0.0,-0.1375
0.0,-0.1375
0.0,-0.1375
0.0,-0.1455
0.0,-0.1455
0.0,-0.1455
0.0,-0.1455
0.0,-0.1455
0.0,-0.1455
0.0,-0.1575
0.0,-0.1575
0.0,-0.1575
0.0,-0.1575
0.0,-0.1575
0.0,-0.1215
0.0,-0.1135
0.0,-0.1055
0.0,-0.0975
0.0,-0.0895
0.0,-0.0865
0.0,-0.0895
0.0,-0.0895
0.0,-0.0695
0.0,-0.0585
0.0,-0.0615
0.0,-0.0455
0.0,-0.0095
0.0,-0.0035
0.0,-0.0015
0.0,-0.0015
0.0,-0.0015
0.0,0.0045
0.0,0.0075
0.0,0.0075
0.0,0.0105
0.0,0.0045
0.0,0.0105
0.0,0.0105
0.0,0.0105
0.0,0.0105
0.0,0.0105
0.0,0.0105
0.0,0.0105
0.0,0.0105
0.0,0.0105
0.0,0.0105
0.0,0.0105
0.0,0.0105
0.0,0.0105
0.0,0.0105
0.0,0.0105
0.0,0.0225
0.0,0.0305
0.0,0.0305
0.0,0.0305
0.0,0.0305
0.0,0.0305
0.0,0.0385
0.0,0.0385
0.0,0.0625
0.0,0.0745
0.0,0.0825
0.0,0.09
0.0,0.09
0.0,0.09
0.0,0.0825
0.0,0.09
0.0,0.09
0.0,0.09
0.0,0.09
0.0,0.09
0.0,0.09
0.0,0.09
0.0,0.09
0.0,0.09
0.0,0.09
0.0,0.09
0.0,0.09
0.0,0.09
0.0,0.09
0.0,0.09
0.0,0.09
0.0,0.09
0.0,0.09
0.0,0.09
0.0,0.09
0.0,0.09
0.0,0.09
0.0,0.09
0.0,0.09
0.0,0.09
0.0,0.09
0.0,0.09
0.0,0.09
0.0,0.09
0.0,0.09
0.0,0.09
0.0,0.09
0.0,0.09
0.0,0.0825
0.0,0.0465
0.0,0.0385
0.0,0.0305
0.0,0.0185
0.0,0.0105
0.0,0.0105
0.0,0.0105
0.0,0.0025
0.0,-0.0055
0.0,-0.0055
0.0,-0.0055
0.0,-0.0055
0.0,-0.0055
0.0,-0.0055
0.0,-0.0055
0.0,-0.0055
0.0,-0.0055
0.0,-0.0055
0.0,-0.0055
0.0,-0.0055
0.0,-0.0055
0.0,-0.0055
0.0,-0.0135
0.0,-0.0135
0.0,-0.0135
0.0,-0.0135
0.0,-0.0135
0.0,-0.0135
0.0,-0.0135
0.0,-0.0135
0.0,-0.0135
0.0,-0.0135
0.0,-0.0135
0.0,-0.0135
0.0,-0.0135
0.0,-0.0135
0.0,-0.0135
0.0,-0.0135
0.0,-0.0135
0.0,-0.0335
0.0,-0.0275
0.0,-0.0335
0.0,-0.0335
0.0,-0.045
0.0,-0.045
0.0,-0.045
0.0,-0.045
0.0,-0.051
0.0,-0.053
0.0,-0.065
0.0,-0.065
0.0,-0.065
0.0,-0.067
0.0,-0.0725
0.0,-0.0845
0.0,-0.1035
0.0,-0.0985
0.0,-0.1035
0.0,-0.1035
0.0,-0.1035
0.0,-0.1035
0.0,-0.1035
0.0,-0.1035
0.0,-0.1035
0.0,-0.1055
0.0,-0.1055
0.0,-0.1055
0.0,-0.1115
0.0,-0.1175
0.0,-0.1175
0.0,-0.1175
0.0,-0.1255
0.007,-0.1255
0.023,-0.145
0.0425,-0.157
0.0465,-0.165
0.0625,-0.165
0.07,-0.177
0.074,-0.153
0.09,-0.117
0.098,-0.0735
0.098,-0.0625
0.098,-0.0505
0.098,-0.023
0.098,-0.023
0.1055,0.0245
0.1055,0.0565
0.1055,0.07
0.1245,0.082
0.1365,0.1345
0.147,0.18
0.166,0.1995
0.164,0.1995
0.184,0.1995
0.2095,0.2055
0.2195,0.2135
0.2195,0.2195
0.2195,0.239
0.2195,0.251
0.2195,0.251
0.2195,0.251
0.2195,0.251
0.2195,0.2675
0.2195,0.2705
0.2195,0.2705
0.2195,0.2705
0.2195,0.2765
0.2195,0.2825
0.2195,0.2825
0.2195,0.2825
0.2195,0.2625
0.2255,0.2625
0.2315,0.251
0.2315,0.239
0.2195,0.239
0.2195,0.251
0.2195,0.227
0.2155,0.231
0.2075,0.239
0.2035,0.224
0.1995,0.227
0.2075,0.247
0.199,0.239
0.188,0.235
0.2035,0.211
0.188,0.16
0.188,0.148
0.196,0.1245
0.196,0.1325
0.184,0.1325
0.184,0.1345
0.196,0.1365
0.196,0.1485
0.18,0.1525
0.184,0.1405
0.184,0.125
0.18,0.105
0.184,0.102
0.172,0.102
0.172,0.102
0.184,0.102
0.172,0.102
0.172,0.093
0.172,0.09
0.172,0.09
0.188,0.09
0.172,0.09
0.172,0.0745
0.172,0.0745
0.19,0.0745
0.184,0.0745
0.184,0.0625
0.184,0.0545
0.184,0.0545
0.184,0.0385
0.184,0.0305
0.184,0.0305
0.184,0.0305
0.184,0.0225
0.184,0.0225
0.184,0.0105
0.184,0.0105
0.184,0.0025
0.184,0.0025
0.184,0.0025
0.184,-0.0055
0.184,-0.0055
0.184,-0.0055
0.184,-0.0055
0.184,-0.0055
0.184,-0.0055
0.184,-0.0055
0.187,0.0025
0.184,0.0025
0.184,0.0055
0.184,0.0025
0.187,-0.0025
0.184,-0.0055
0.172,-0.0055
0.18,-0.0055
0.18,-0.0055
0.168,-0.0055
0.1565,0.0035
0.1565,0.0005
0.1565,-0.0055
0.1365,0.0065
0.1445,0.0065
0.121,-0.0025
0.1285,-0.0055
0.113,-0.0055
0.113,-0.0055
0.113,-0.0055
0.113,-0.0055
0.113,-0.0055
0.101,-0.0255
0.093,-0.0255
0.0855,-0.0255
0.0855,-0.0255
0.0855,-0.037
0.0855,-0.041
0.0855,-0.045
0.0855,-0.051
0.0855,-0.045
0.0855,-0.059
0.0855,-0.065
0.0855,-0.0725
0.0855,-0.0845
0.0855,-0.1125
0.0855,-0.1185
0.0855,-0.1235
0.0855,-0.1235
0.0855,-0.1235
0.0855,-0.1235
0.0855,-0.1235
0.0855,-0.1235
0.0855,-0.1235
0.0855,-0.1335
0.0855,-0.1455
0.0855,-0.1455
0.0855,-0.1455
0.0855,-0.1455
0.0855,-0.1455
0.0885,-0.1535
0.0855,-0.1535
0.0855,-0.1655
0.0855,-0.185
0.0855,-0.185
0.0855,-0.193
0.0855,-0.193
0.0855,-0.193
0.0855,-0.193
0.0855,-0.193
0.0855,-0.193
0.0855,-0.193
0.0855,-0.193
0.0855,-0.193
0.0855,-0.193
0.0915,-0.193
0.0855,-0.193
0.0885,-0.201
0.0855,-0.21
0.0855,-0.204
0.0855,-0.207
0.0775,-0.201
0.0775,-0.207
0.0655,-0.204
0.058,-0.204
0.058,-0.213
0.058,-0.213
0.046,-0.207
0.046,-0.213
0.038,-0.207
0.038,-0.204
0.038,-0.213
0.038,-0.213
0.038,-0.213
0.038,-0.213
0.027,-0.21
0.027,-0.201
0.027,-0.201
0.027,-0.201
0.027,-0.201
0.027,-0.201
0.027,-0.201
0.027,-0.201
0.027,-0.201
0.027,-0.201
0.027,-0.185
0.027,-0.185
0.027,-0.185
0.027,-0.185
0.027,-0.185
0.027,-0.185
0.027,-0.185
0.027,-0.185
0.027,-0.185
0.027,-0.185
0.027,-0.185
0.027,-0.185
0.027,-0.185
0.027,-0.185
0.027,-0.185
0.027,-0.185
0.027,-0.185
0.027,-0.185
0.027,-0.185
0.027,-0.185
0.027,-0.194
0.027,-0.185
0.027,-0.185
0.027,-0.197
0.027,-0.197
0.027,-0.194
0.027,-0.197
0.027,-0.185
0.027,-0.191
0.027,-0.185
0.027,-0.185
0.027,-0.165
0.027,-0.1575
0.027,-0.1575
0.027,-0.1575
0.027,-0.1575
0.027,-0.1575
0.027,-0.1515
0.027,-0.1455
0.027,-0.1455
0.027,-0.1455
0.027,-0.1455
0.027,-0.1455
0.027,-0.1455
0.027,-0.1455
0.027,-0.1375
0.027,-0.1375
0.027,-0.1375
0.027,-0.1375
0.027,-0.1375
0.027,-0.1375
0.027,-0.1375
0.027,-0.1375
0.027,-0.1255
0.027,-0.1375
0.027,-0.1375
0.027,-0.1375
0.027,-0.1315
0.027,-0.1345
0.027,-0.1255
0.027,-0.1255
0.027,-0.1255
0.027,-0.1255
0.027,-0.1255
0.027,-0.1255
0.027,-0.1255
0.027,-0.1255
0.027,-0.1255
0.027,-0.1255
0.027,-0.1255
0.027,-0.1255
0.027,-0.1255
0.027,-0.1235
0.027,-0.1235
0.027,-0.1235
0.027,-0.1235
0.027,-0.1235
0.027,-0.1235
0.027,-0.1235
0.027,-0.0925
0.027,-0.085
0.027,-0.073
0.027,-0.073
0.027,-0.065
0.027,-0.0535
0.027,-0.0535
0.027,-0.0535
0.027,-0.0455
0.027,-0.0335
0.027,-0.056
0.027,-0.0655
0.027,-0.0875
0.027,-0.0875
0.027,-0.0875
0.027,-0.0875
0.027,-0.0875
0.027,-0.0895
0.027,-0.0815
0.027,-0.0735
0.027,-0.0415
0.0545,-0.019
0.086,0.057
0.09,0.0835
0.1375,0.0795
0.149,0.0915
0.1925,0.123
0.2475,0.138
0.2635,0.147
0.2675,0.1925
0.2675,0.2045
0.2675,0.253
0.2675,0.326
0.2985,0.3655
0.334,0.389
0.357,0.4365
0.394,0.4365
0.4265,0.4285
0.46,0.4205
0.4995,0.448
0.523,0.448
0.5565,0.457
0.588,0.452
0.617,0.452
0.614,0.444
0.614,0.46
0.614,0.46
0.614,0.46
0.6375,0.464
0.6615,0.476
0.6615,0.457
0.6655,0.468
0.6655,0.484
0.6575,0.4955
0.6575,0.5065
0.6575,0.4915
0.6575,0.4915
0.6415,0.5095
0.6415,0.5075
0.6415,0.5155
0.6415,0.5155
0.6295,0.5155
0.6295,0.5155
0.618,0.5195
0.618,0.5195
0.614,0.539
0.626,0.539
0.614,0.539
0.614,0.539
0.614,0.535
0.614,0.535
0.614,0.535
0.614,0.527
0.614,0.527
0.626,0.5075
0.626,0.4955
0.626,0.472
0.626,0.456
0.614,0.4485
0.614,0.4485
0.626,0.4485
0.626,0.4485
0.606,0.4485
0.594,0.4485
0.594,0.4365
0.5625,0.4365
0.5585,0.451
0.5625,0.464
0.5625,0.4835
0.5465,0.512
0.5465,0.515
0.5585,0.515
0.5465,0.524
0.5465,0.524
0.5465,0.515
0.5585,0.521
0.5585,0.521
0.5465,0.515
0.5465,0.527
0.5465,0.518
0.5465,0.515
0.5465,0.515
0.5465,0.516
0.5465,0.4995
0.5465,0.5075
0.5465,0.4995
0.5465,0.4955
0.5465,0.4895
0.5465,0.4835
0.5465,0.4715
0.5465,0.4785
0.5465,0.4815
0.5465,0.464
0.5465,0.467
0.5465,0.473
0.5465,0.469
0.5465,0.46
0.5465,0.452
0.5465,0.458
0.5385,0.451
0.527,0.432
0.527,0.428
0.519,0.434
0.507,0.4195
0.507,0.4165
0.507,0.4165
0.507,0.4165
0.507,0.4105
0.4995,0.3965
0.5035,0.3965
0.4995,0.3965
0.5025,0.4085
0.4995,0.4085
0.4955,0.3965
0.4955,0.3965
0.4995,0.3965
0.4935,0.3965
0.4915,0.385
0.4955,0.385
0.4955,0.385
0.4955,0.391
0.4955,0.385
0.493,0.388
0.493,0.381
0.484,0.381
0.484,0.381
0.484,0.393
0.464,0.381
0.456,0.385
0.46,0.385
0.46,0.385
0.46,0.385
0.46,0.385
0.444,0.3735
0.444,0.3735
0.444,0.3735
0.438,0.3735
0.438,0.385
0.452,0.385
0.44,0.385
0.452,0.391
0.44,0.385
0.44,0.385
0.44,0.3655
0.4365,0.3565
0.4365,0.3515
0.4285,0.3455
0.4285,0.3455
0.4045,0.3455
0.373,0.3415
0.373,0.3535
0.386,0.3535
0.444,0.373
0.4835,0.385
0.5075,0.4165
0.531,0.436
0.543,0.46
0.597,0.4975
0.679,0.519
0.7125,0.543
0.722,0.597
0.769,0.588
0.8035,0.618
0.8425,0.6415
0.876,0.661
0.8745,0.7045
0.8785,0.7045
0.8585,0.7125
0.847,0.7125
0.8555,0.728
0.8585,0.736
0.8545,0.74
0.8625,0.74
0.8625,0.74
0.8625,0.74
0.8625,0.74
0.8625,0.736
0.8625,0.716
0.8545,0.7045
0.8465,0.7125
0.8465,0.7045
0.8465,0.6965
0.8425,0.7045
0.8545,0.7045
0.8545,0.6925
0.8545,0.6845
0.831,0.673
0.827,0.673
0.7915,0.669
0.7795,0.661
0.7835,0.661
0.7795,0.661
0.7675,0.661
0.7795,0.661
0.7795,0.657
0.7755,0.657
0.7675,0.657
0.7795,0.657
0.7795,0.6415
0.7675,0.6295
0.7795,0.6255
0.7795,0.6175
0.7675,0.6175
0.7675,0.618
0.764,0.6255
0.7755,0.6295
0.7755,0.6295
0.7615,0.627
0.756,0.627
0.7615,0.618
0.756,0.618
0.756,0.618
0.756,0.618
0.748,0.618
0.736,0.621
0.736,0.618
0.7125,0.602
0.752,0.614
0.756,0.602
0.75,0.602
0.744,0.614
0.738,0.602
0.732,0.602
0.7125,0.5825
0.7045,0.598
0.6845,0.5865
0.673,0.5825
0.673,0.5865
0.673,0.5745
0.673,0.5625
0.669,0.5745
0.653,0.559
0.6415,0.551
0.6215,0.527
0.6215,0.531
0.6275,0.543
0.6215,0.507
0.6215,0.511
0.6215,0.4995
0.6215,0.4995
0.6215,0.511
0.6215,0.4995
0.6215,0.4995
0.6175,0.4995
0.6135,0.511
0.6135,0.4915
0.608,0.4875
0.602,0.4875
0.594,0.4915
0.582,0.4755
0.574,0.4755
0.5625,0.4875
0.5625,0.4795
0.5545,0.4755
0.5545,0.4755
0.5545,0.4675
0.5545,0.4675
0.5545,0.4755
0.5545,0.4675
0.5545,0.4675
0.5545,0.464
0.5545,0.46
0.5545,0.456
0.5545,0.456
0.539,0.456
0.4915,0.444
0.468,0.448
0.464,0.4335
0.46,0.4205
0.46,0.4005
0.452,0.369
0.4365,0.357
0.4125,0.3455
0.409,0.3255
0.377,0.3375
0.3615,0.3295
0.3575,0.3295
0.338,0.3295
0.338,0.3295
0.338,0.318
0.3415,0.3295
0.326,0.318
0.314,0.318
0.326,0.318
0.306,0.318
0.306,0.318
0.306,0.318
0.306,0.318
0.306,0.318
0.312,0.318
0.306,0.318
0.306,0.321
0.306,0.306
0.306,0.3175
0.306,0.314
0.309,0.29
0.306,0.302
0.306,0.302
0.306,0.302
0.298,0.29
0.298,0.302
0.298,0.314
0.298,0.314
0.298,0.302
0.298,0.29
0.298,0.294
0.298,0.306
0.298,0.282
0.298,0.302
0.298,0.2785
0.322,0.314
0.33,0.302
0.3375,0.31
0.3345,0.3215
0.3315,0.3215
0.3255,0.3215
0.3295,0.3215
0.3295,0.316
0.3295,0.31
0.3295,0.3185
0.3295,0.31
0.3295,0.31
0.3295,0.31
0.3295,0.31
0.3295,0.302
0.3295,0.296
0.3295,0.305
0.306,0.302
0.286,0.302
0.2745,0.294
0.2705,0.294
0.2785,0.2825
0.2665,0.2825
0.2665,0.2705
0.2665,0.267
0.2665,0.259
0.2665,0.259
0.2665,0.231
0.2725,0.231
0.2665,0.1955
0.2695,0.2075
0.2665,0.2155
0.2665,0.2035
0.2665,0.2075
0.2695,0.1925
0.2665,0.1925
0.2665,0.1925
0.2665,0.1925
0.2585,0.1835
0.2705,0.1805
0.2585,0.1835
0.2645,0.1835
0.2705,0.1805
0.2705,0.1805
0.2705,0.1805
0.2705,0.1805
0.2705,0.1835
0.2705,0.231
0.2585,0.2505
0.2585,0.2625
0.2585,0.2705
0.2585,0.2585
0.2585,0.2705
0.2585,0.2745
0.2615,0.2745
0.2585,0.2805
0.2585,0.2745
0.2585,0.2745
0.2585,0.2745
0.2585,0.2745
0.2585,0.2745
0.2585,0.2745
0.2585,0.2745
0.2585,0.2745
0.2585,0.2745
0.2585,0.2745
0.2585,0.2805
0.2585,0.2745
0.2585,0.266
0.2585,0.263
0.2585,0.263
0.2585,0.263
0.2585,0.263
0.2585,0.263
0.2585,0.247
0.2585,0.247
0.2585,0.247
0.2585,0.2355
0.2585,0.2355
0.2585,0.2275
0.2585,0.2195
0.2585,0.227
0.2585,0.227
0.2585,0.2075
0.2585,0.2075
0.2585,0.227
0.2585,0.227
0.2585,0.219
0.2585,0.2075
0.2645,0.1995
0.2585,0.2075
0.2745,0.211
0.318,0.196
0.3275,0.2075
0.3255,0.202
0.3255,0.196
0.3255,0.2075
0.3255,0.2075
0.3255,0.2075
0.3255,0.2105
0.3295,0.223
0.3415,0.223
0.3415,0.238
0.3415,0.247
0.33,0.2705
0.33,0.2745
0.33,0.2825
0.31,0.2705
0.306,0.2825
0.298,0.298
0.298,0.306
0.298,0.3375
0.298,0.3375
0.298,0.3255
0.298,0.322
0.298,0.322
0.306,0.322
0.306,0.322
0.314,0.322
0.3375,0.322
0.3415,0.322
0.3415,0.322
0.3415,0.322
0.3495,0.322
0.353,0.322
0.353,0.322
0.353,0.322
0.353,0.322
0.353,0.322
0.353,0.322
0.353,0.322
0.353,0.322
0.358,0.322
0.373,0.322
0.373,0.322
0.381,0.322
0.387,0.322
0.3925,0.322
0.3925,0.334
0.3925,0.342
0.3925,0.342
0.4045,0.342
0.4045,0.342
0.4045,0.342
0.4045,0.342
0.4045,0.342
0.4125,0.342
0.4125,0.348
0.4125,0.3535
0.428,0.3535
0.424,0.3535
0.426,0.3615
0.432,0.3615
0.432,0.3615
0.432,0.3615
0.432,0.3615
0.432,0.3615
0.432,0.3615
0.432,0.3615
0.432,0.3615
0.432,0.3615
0.432,0.3615
0.432,0.334
0.432,0.2965
0.432,0.2825
0.432,0.271
0.435,0.263
0.432,0.263
0.432,0.263
0.432,0.263
0.432,0.257
0.432,0.251
0.432,0.251
0.432,0.251
0.4205,0.251
0.4205,0.251
0.4205,0.251
0.4205,0.243
0.4205,0.243
0.4205,0.2345
0.4125,0.2315
0.393,0.2315
0.393,0.2315
0.387,0.2315
0.381,0.2315
0.3755,0.2275
0.3695,0.2235
0.3695,0.2145
0.3695,0.2115
0.3495,0.2115
0.3475,0.2115
0.3415,0.2115
0.3415,0.2115
0.3415,0.2175
0.3415,0.2115
0.3415,0.2115
0.33,0.2115
0.336,0.2115
0.33,0.2115
0.322,0.2115
0.322,0.2115
0.322,0.2115
0.322,0.2115
0.322,0.2115
0.322,0.2235
0.322,0.2315
0.322,0.2315
0.316,0.2235
0.31,0.2235
0.308,0.2235
0.3025,0.2235
0.3025,0.2235
0.3025,0.2235
0.3025,0.2235
0.3025,0.2235
0.3025,0.2235
0.2905,0.2235
0.2905,0.2235
0.2865,0.2235
0.2865,0.2235
0.2865,0.2265
0.2865,0.2235
0.2865,0.2235
0.2825,0.2235
0.2745,0.2235
0.2805,0.2235
0.2705,0.2235
0.2665,0.2235
0.2665,0.2235
0.2825,0.235
0.2665,0.235
0.263,0.235
0.263,0.235
0.263,0.235
0.2805,0.235
0.251,0.235
0.251,0.2235
0.263,0.2235
0.251,0.2235
0.263,0.2235
0.251,0.2235
0.247,0.2235
0.25,0.2235
0.259,0.2265
0.25,0.2235
0.25,0.241
0.251,0.235
0.245,0.2315
0.251,0.2195
0.239,0.2235
0.242,0.2235
0.251,0.2235
0.26,0.2115
0.267,0.2115
0.267,0.2115
0.267,0.2075
0.267,0.2075
0.267,0.2075
0.267,0.2075
0.267,0.2075
0.267,0.2075
0.267,0.2075
0.267,0.2075
0.267,0.2075
0.267,0.2075
0.267,0.2075
0.267,0.2075
0.267,0.2075
0.267,0.2075
0.267,0.2075
0.267,0.2075
0.267,0.2075
0.267,0.2075
0.267,0.2075
0.267,0.2075
0.267,0.2075
0.267,0.2075
0.267,0.2075
0.267,0.2105
0.267,0.2075
0.267,0.2075
0.267,0.2075
0.267,0.2075
0.267,0.2075
0.267,0.219
0.267,0.2075
0.267,0.2105
0.267,0.2075
0.267,0.219
0.267,0.219
0.267,0.219
0.267,0.219
0.267,0.219
0.267,0.219
0.267,0.219
0.267,0.219
0.267,0.219
0.267,0.219
0.267,0.219
0.267,0.219
0.267,0.219
0.267,0.219
0.267,0.219
0.267,0.219
0.267,0.211
0.267,0.2075
0.267,0.2075
0.267,0.219
0.251,0.219
0.243,0.2075
0.2315,0.2075
0.2315,0.2075
0.2395,0.2075
0.243,0.2075
0.2315,0.2075
0.2315,0.2075
0.2275,0.2075
0.2395,0.2075
0.2275,0.2075
0.2155,0.2075
0.2155,0.2075
0.2115,0.2075
0.2075,0.2075
0.2075,0.2075
0.2,0.2155
0.196,0.2155
0.196,0.2155
0.188,0.2155
0.18,0.2155
0.176,0.2185
0.176,0.2185
0.176,0.2275
0.188,0.2275
0.188,0.2275
0.172,0.2155
0.172,0.2155
0.172,0.2155
0.172,0.2155
0.172,0.2155
0.1645,0.2155
0.176,0.219
0.176,0.2075
0.1645,0.1995
0.176,0.2155
0.176,0.2155
0.176,0.1995
0.176,0.2155
0.164,0.2075
0.164,0.2185
0.156,0.1995
0.156,0.2025
0.156,0.1995
0.144,0.2025
0.1325,0.1995
0.1245,0.1985
0.1245,0.1985
0.1125,0.1955
0.1085,0.1955
0.105,0.1955
0.105,0.1955
0.105,0.1955
0.105,0.1955
0.093,0.1955
0.085,0.176
0.085,0.176
0.074,0.176
0.074,0.168
0.074,0.159
0.074,0.156
0.074,0.156
0.074,0.156
0.074,0.156
0.074,0.156
0.074,0.156
0.074,0.156
0.074,0.156
0.074,0.1485
0.074,0.1485
0.074,0.1485
0.074,0.1485
0.074,0.1485
0.074,0.1485
0.074,0.1485
0.074,0.1485
0.074,0.1485
0.074,0.1485
0.074,0.1485
0.074,0.1485
0.074,0.1485
0.074,0.1485
0.074,0.1485
0.074,0.1485
0.074,0.1485
0.074,0.1485
0.074,0.1485
0.074,0.1485
0.074,0.1485
0.074,0.1485
0.074,0.1485
0.074,0.1485
0.074,0.1485
0.074,0.1485
0.074,0.1485
0.074,0.1485
0.074,0.1485
0.074,0.1485
0.074,0.1485
0.074,0.1605
0.074,0.1605
0.074,0.1605
0.074,0.1605
0.074,0.1605
0.074,0.1605
0.074,0.1485
0.074,0.1485
0.074,0.1485
0.074,0.1485
0.074,0.1485
0.074,0.1485
0.074,0.1485
0.074,0.1485
0.074,0.1485
0.074,0.1605
0.074,0.1605
0.0585,0.1605
0.0585,0.1605
0.0545,0.1605
0.0545,0.1605
0.0545,0.1605
0.0545,0.1605
0.0545,0.1605
0.0545,0.1605
0.0545,0.1605
0.0545,0.1605
0.0545,0.1605
0.0545,0.1605
0.0545,0.1605
0.0545,0.1605
0.0385,0.174
0.0345,0.168
0.023,0.168
0.023,0.168
0.007,0.168
0.024,0.168
0.019,0.168
0.028,0.177
0.025,0.18
0.023,0.18
0.023,0.18
0.023,0.188
0.011,0.188
0.003,0.188
0.024,0.188
0.007,0.197
0.003,0.2075
0.011,0.2075
0.011,0.2075
0.013,0.2075
0.007,0.2075
0.009,0.2075
0.007,0.2075
0.019,0.1875
0.019,0.1995
0.019,0.1995
0.019,0.1875
0.019,0.1875
0.019,0.1835
0.019,0.176
0.024,0.176
0.019,0.172
0.019,0.176
0.019,0.176
0.019,0.176
0.019,0.176
0.019,0.176
0.019,0.176
0.019,0.176
0.019,0.176
0.019,0.164
0.024,0.172
0.019,0.172
0.024,0.16
0.019,0.16
0.019,0.149
0.019,0.164
0.019,0.1405
0.019,0.1325
0.019,0.1095
0.024,0.1095
0.019,0.1095
0.019,0.1095
0.021,0.1095
0.019,0.1055
0.019,0.102
0.019,0.102
0.019,0.102
0.027,0.102
0.018,0.102
0.018,0.102
0.018,0.09
0.034,0.09
0.038,0.09
0.038,0.09
0.0575,0.09
0.0535,0.09
0.0655,0.09
0.0655,0.09
0.0655,0.09
0.0655,0.082
0.0655,0.082
0.0655,0.082
0.0655,0.082
0.0655,0.082
0.0655,0.082
0.0655,0.082
0.0655,0.082
0.0655,0.082
0.0655,0.082
0.0655,0.0745
0.0655,0.0665
0.0655,0.0665
0.0655,0.0745
0.0655,0.082
0.0795,0.0665
0.0735,0.0665
0.0855,0.0665
0.0795,0.0665
0.0855,0.0665
0.0765,0.0665
0.0765,0.0665
0.0735,0.0665
0.0735,0.0665
0.0735,0.0665
0.0735,0.0655
0.0735,0.0745
0.0735,0.0715
0.0735,0.0745
0.0735,0.0745
0.0735,0.0745
0.0735,0.0545
0.0735,0.0665
0.0735,0.0545
0.0735,0.0665
0.0735,0.0665
0.0795,0.0665
0.0735,0.0575
0.0735,0.0545
0.0735,0.0545
0.0735,0.0545
0.0735,0.0545
0.0735,0.0545
0.0795,0.051
0.0735,0.04
0.0735,0.043
0.0735,0.0425
0.0735,0.031
0.0735,0.0425
0.0735,0.023
0.0735,0.023
0.0735,0.032
0.0735,0.023
0.0735,0.029
0.0735,0.0345
0.0735,0.029
0.0735,0.0265
0.0735,0.0265
0.0735,0.0265
0.0735,0.0265
0.0735,0.0265
0.0735,0.0265
0.0655,0.0265
0.0545,0.0265
0.0545,0.0265
0.0545,0.0385
0.0545,0.0385
0.0545,0.0385
0.0545,0.0385
0.0545,0.0385
0.0545,0.0465
0.0545,0.0465
0.0545,0.0465
0.0545,0.0465
0.0545,0.0465
0.0545,0.0465
0.0545,0.0465
0.0545,0.0465
0.0545,0.0465
0.0545,0.0465
0.0545,0.0465
0.0545,0.0465
0.0545,0.0465
0.0545,0.0465
0.0545,0.0465
0.0545,0.0465
0.0545,0.0465
0.0545,0.0465
0.0545,0.0465
0.0545,0.0465
0.0545,0.0465
0.0545,0.0465
0.0545,0.0465
0.0545,0.0465
0.0545,0.0465
0.0545,0.0465
0.0545,0.0465
0.0545,0.0385
0.0545,0.0385
0.0545,0.0385
0.0545,0.0385
0.0545,0.0385
0.0545,0.0385
0.0545,0.0385
0.0545,0.0385
0.0545,0.0385
0.0545,0.0385
0.0545,0.0385
0.0545,0.0385
0.0545,0.0385
0.0545,0.0385
0.0545,0.0385
0.0545,0.0385
0.0545,0.0385
0.0545,0.0385
0.0545,0.0445
0.0545,0.0385
0.0545,0.0385
0.0545,0.0385
0.0545,0.0385
0.0545,0.0385
0.0545,0.0385
0.0545,0.0385
0.0545,0.0385
0.0545,0.0385
0.0545,0.0385
0.0545,0.0385
0.0545,0.0385
0.0545,0.0385
0.0545,0.0385
0.0545,0.0385
0.0545,0.0385
0.0545,0.0385
0.0545,0.0385
0.0545,0.0385
0.0545,0.0385
0.0545,0.0385
0.0545,0.0385
0.0545,0.0385
0.0545,0.0385
0.0545,0.0385
0.0545,0.0385
0.0545,0.0385
0.0545,0.0365
0.0545,0.0215
0.0545,0.007
0.0545,-0.013
0.0545,-0.013
0.0545,-0.0435
0.0545,-0.0515
0.0545,-0.0515
0.0545,-0.0515
0.0545,-0.0535
0.0545,-0.0625
0.0545,-0.0655
0.0545,-0.0655
0.0545,-0.0375
0.0545,-0.0095
0.0545,-0.002
0.0585,0.0345
0.086,0.082
0.09,0.1525
0.1055,0.2175
0.157,0.268
0.2595,0.2905
0.287,0.302
0.299,0.3335
0.299,0.3435
0.299,0.3615
0.299,0.3535
0.299,0.365
0.299,0.377
0.299,0.377
0.299,0.393
0.299,0.393
0.299,0.393
0.299,0.393
0.299,0.393
0.299,0.393
0.299,0.393
0.299,0.393
0.299,0.393
0.299,0.393
0.299,0.393
0.299,0.377
0.299,0.373
0.299,0.3615
0.287,0.3615
0.287,0.3535
0.287,0.3535
0.287,0.3535
0.287,0.3655
0.287,0.3415
0.287,0.3415
0.287,0.3415
0.287,0.3495
0.287,0.3495
0.287,0.3495
0.287,0.3495
0.287,0.3495
0.287,0.3495
0.287,0.3495
0.287,0.3495
0.287,0.3495
0.2835,0.3495
0.2835,0.3495
0.2835,0.3495
0.2835,0.3495
0.2835,0.3495
0.2835,0.3495
0.2835,0.3495
0.2835,0.3495
0.2835,0.3495
0.2835,0.3495
0.2835,0.3495
0.2835,0.3495
0.2835,0.3495
0.2755,0.3495
0.2755,0.3495
0.2675,0.3495
0.2635,0.3495
0.2635,0.361
0.2595,0.361
0.2755,0.361
0.2515,0.361
0.2475,0.3555
0.244,0.3495
0.244,0.3555
0.244,0.3495
0.244,0.3495
0.244,0.3495
0.244,0.3495
0.244,0.3555
0.244,0.3495
0.244,0.3525
0.244,0.3495
0.244,0.3495
0.2595,0.3495
0.2595,0.3495
0.2595,0.3495
0.2595,0.3495
0.2595,0.338
0.2595,0.3495
0.2595,0.3495
0.2595,0.3495
0.2595,0.338
0.2595,0.3455
0.2595,0.326
0.2595,0.341
0.2595,0.326
0.2595,0.326
0.2595,0.326
0.2595,0.326
0.2595,0.318
0.2595,0.326
0.2595,0.326
0.2595,0.326
0.2595,0.326
0.2595,0.323
0.2595,0.314
0.2595,0.298
0.2595,0.314
0.2595,0.314
0.2595,0.314
0.2595,0.298
0.2475,0.314
0.236,0.314
0.232,0.3025
0.228,0.3025
0.228,0.3025
0.228,0.3025
0.228,0.2945
0.228,0.2945
0.228,0.2985
0.228,0.2825
0.228,0.2825
0.228,0.2825
0.228,0.318
0.228,0.31
0.228,0.314
0.228,0.314
0.228,0.2905
0.228,0.3025
0.228,0.2985
0.228,0.31
0.228,0.2985
0.23,0.302
0.228,0.302
0.228,0.302
0.228,0.294
0.228,0.2785
0.228,0.2705
0.228,0.2705
0.228,0.2705
0.228,0.2825
0.228,0.2825
0.224,0.2825
0.224,0.29
0.224,0.29
0.224,0.2785
0.224,0.29
0.224,0.294
0.224,0.2865
0.224,0.2865
0.224,0.2865
0.224,0.2865
0.224,0.2865
0.224,0.275
0.224,0.275
0.216,0.275
0.228,0.275
0.228,0.2865
0.228,0.2865
0.228,0.2865
0.228,0.2865
0.228,0.2865
0.216,0.2865
0.228,0.2865
0.228,0.2865
0.212,0.2835
0.212,0.2745
0.212,0.2745
0.212,0.2745
0.2085,0.2745
0.2105,0.2745
0.2085,0.2745
0.2085,0.2745
0.2085,0.2745
0.2085,0.2665
0.2005,0.2665
0.2005,0.2665
0.2005,0.2665
0.2005,0.2665
0.2005,0.2665
0.2085,0.2665
0.2085,0.2665
0.2085,0.2665
0.2085,0.2665
0.2085,0.2665
0.2085,0.2665
0.2085,0.2665
0.212,0.2745
0.212,0.2745
0.2005,0.2805
0.2005,0.263
0.2005,0.275
0.1965,0.275
0.1965,0.275
0.1925,0.275
0.1925,0.275
0.1925,0.275
0.1925,0.275
0.1925,0.2865
0.1925,0.275
0.1925,0.275
0.1925,0.2865
0.1925,0.2865
0.1925,0.275
0.1925,0.275
0.1925,0.275
0.1925,0.275
0.1925,0.275
0.1925,0.275
0.1925,0.275
0.1925,0.275
0.1925,0.275
0.1925,0.275
0.1925,0.275
0.1925,0.275
0.1925,0.2795
0.1925,0.2825
0.1925,0.2825
0.1925,0.2825
0.1925,0.2825
0.1925,0.2825
0.1925,0.2825
0.1925,0.2825
0.1925,0.2825
0.1925,0.2825
0.1925,0.2885
0.1925,0.2665
0.1925,0.243
0.1925,0.235
0.1925,0.241
0.1925,0.227
0.1925,0.235
0.1925,0.2155
0.1925,0.1955
0.1925,0.172
0.1925,0.152
0.1925,0.152
0.1925,0.155
0.1925,0.16
0.1925,0.148
0.1925,0.148
0.1925,0.148
0.1925,0.14
0.1925,0.14
0.1925,0.146
0.1925,0.14
0.1925,0.146
0.1925,0.1365
0.1925,0.1365
0.1925,0.1365
0.1925,0.131
0.1965,0.125
0.1965,0.125
0.1845,0.125
0.1925,0.125
0.1925,0.1365
0.1925,0.128
0.1925,0.1365
0.1985,0.1365
0.2015,0.125
0.1965,0.125
0.1845,0.117
0.1845,0.101
0.1845,0.0695
0.1845,0.0585
0.1845,0.0585
0.1845,0.0505
0.1845,0.0505
0.1845,0.0465
0.1965,0.0465
0.1765,0.0465
0.165,0.0465
0.161,0.0465
0.161,0.0465
0.161,0.0465
0.173,0.0465
0.161,0.0465
0.161,0.0445
0.161,0.0445
0.173,0.0445
0.161,0.0445
0.161,0.0445
0.161,0.0445
0.161,0.0445
0.161,0.0355
0.161,0.0325
0.161,0.0325
0.161,0.0325
0.161,0.0285
0.161,0.0245
0.161,0.0215
0.161,0.0125
0.161,-0.001
0.161,-0.011
0.157,-0.015
0.157,-0.015
0.157,-0.015
0.157,0.0245
0.157,0.0565
0.149,0.0665
0.161,0.078
0.149,0.1435
0.145,0.2065
0.1135,0.2155
0.1095,0.2275
0.1135,0.241
0.1765,0.247
0.2795,0.247
0.295,0.259
0.295,0.263
0.2835,0.2765
0.2635,0.2825
0.2635,0.2825
0.2595,0.31
0.2595,0.318
0.2595,0.3295
0.2835,0.3295
0.287,0.3335
0.287,0.322
0.287,0.334
0.287,0.3415
0.287,0.3495
0.287,0.3535
0.287,0.3535
0.287,0.3535
0.287,0.3535
0.287,0.3535
0.287,0.3535
0.287,0.3535
0.287,0.3535
0.287,0.3495
0.287,0.3295
0.287,0.3255
0.2755,0.314
0.2595,0.323
0.2595,0.3345
0.2515,0.326
0.228,0.326
0.228,0.326
0.228,0.318
0.228,0.306
0.228,0.31
0.224,0.3
0.224,0.306
0.224,0.306
0.2005,0.306
0.2085,0.306
0.2085,0.306
0.1805,0.306
0.157,0.31
0.165,0.298
0.16,0.298
0.16,0.2945
0.168,0.2945
0.16,0.2945
0.156,0.2945
0.152,0.2945
0.1485,0.2865
0.1485,0.298
0.152,0.2865
0.152,0.2865
0.16,0.2825
0.1485,0.2865
0.1445,0.2865
0.1445,0.2745
0.1405,0.2745
0.1405,0.2745
0.1405,0.2625
0.1285,0.2745
0.1445,0.263
0.1405,0.2715
0.1325,0.2825
0.1405,0.314
0.1245,0.3255
0.117,0.3535
0.109,0.381
0.109,0.3925
0.097,0.3925
0.097,0.3965
0.097,0.4045
0.097,0.4075
0.1325,0.4045
0.1445,0.4045
0.176,0.4045
0.1955,0.4085
0.1995,0.4205
0.2195,0.4085
0.2225,0.4405
0.233,0.46
0.259,0.463
0.2705,0.4835
0.2905,0.4895
0.2905,0.4915
0.2905,0.5115
0.2905,0.523
0.255,0.531
0.235,0.527
0.2275,0.5075
0.2195,0.4955
0.2115,0.4835
0.2035,0.452
0.1955,0.452
0.184,0.4205
0.184,0.4325
0.18,0.4205
0.184,0.405
0.188,0.405
0.188,0.397
0.188,0.389
0.188,0.405
0.188,0.3615
0.2,0.3535
0.2,0.322
0.2,0.302
0.18,0.282
0.176,0.2785
0.176,0.259
0.176,0.2705
0.176,0.2705
0.176,0.2705
0.176,0.2705
0.1955,0.2705
0.1835,0.251
0.1835,0.251
0.1835,0.251
0.1795,0.231
0.1795,0.2195
0.1955,0.2195
0.1925,0.231
0.2035,0.2195
0.215,0.2195
0.215,0.239
0.22,0.227
0.235,0.235
0.255,0.243
0.247,0.251
0.263,0.2745
0.263,0.2805
0.2745,0.3375
0.2825,0.3615
0.302,0.397
0.2825,0.397
0.294,0.397
0.303,0.397
0.31,0.397
0.3335,0.4
0.3335,0.397
0.3575,0.373
0.3655,0.3495
0.3655,0.3295
0.3655,0.3445
0.3655,0.326
0.3655,0.304
0.3655,0.2865
0.3655,0.2895
0.3655,0.298
0.3685,0.2865
0.3655,0.2825
0.3655,0.2745
0.3655,0.2745
0.3655,0.2595
0.3655,0.2595
0.3655,0.2595
0.3655,0.2595
0.3595,0.2595
0.3575,0.2595
0.3575,0.2715
0.3455,0.2715
0.3375,0.2715
0.3375,0.2715
0.3375,0.2715
0.3375,0.2715
0.3375,0.2715
0.3375,0.2795
0.326,0.2795
0.318,0.2795
0.306,0.2795
0.306,0.2795
0.2945,0.2795
0.2745,0.2795
0.2665,0.2795
0.2665,0.2795
0.2665,0.2795
0.243,0.2795
0.243,0.2795
0.243,0.2795
0.231,0.2795
0.227,0.2795
0.227,0.2795
0.2155,0.2795
0.2115,0.2795
0.2075,0.2795
0.1955,0.2795
0.1955,0.2795
0.179,0.2795
0.168,0.2795
0.1445,0.2795
0.1285,0.2795
0.121,0.2795
0.109,0.2795
0.117,0.2795
0.117,0.2795
0.117,0.2795
0.105,0.2795
0.105,0.2795
0.101,0.2795
0.101,0.2795
0.101,0.2795
0.101,0.2795
0.101,0.2795
0.101,0.2795
0.101,0.2795
0.101,0.2795
0.101,0.2795
0.089,0.2795
0.089,0.2795
0.081,0.2795
0.085,0.2795
0.0695,0.2795
0.0735,0.2795
0.0735,0.2795
0.081,0.2795
0.0735,0.2795
0.0735,0.2795
0.0735,0.2795
0.085,0.2795
0.0735,0.2795
0.0735,0.2795
0.085,0.2795
0.0735,0.2795
0.0735,0.264
0.0735,0.252
0.0675,0.236
0.0735,0.236
0.0735,0.236
0.0735,0.216
0.0735,0.216
0.0735,0.208
0.0735,0.1995
0.0735,0.1885
0.0735,0.1765
0.0735,0.1765
0.0735,0.1765
0.0625,0.1605
0.0625,0.1485
0.0625,0.1485
0.0625,0.1325
0.0625,0.1165
0.0625,0.1165
0.0625,0.1165
0.0625,0.1165
0.0625,0.1165
0.0625,0.1195
0.0625,0.1165
0.0625,0.1165
0.0625,0.1165
0.074,0.1165
0.074,0.1165
0.074,0.1085
0.074,0.1085
0.074,0.1085
0.074,0.1085
0.074,0.1085
0.074,0.1085
0.074,0.1085
0.074,0.1085
0.074,0.1085
0.074,0.1085
0.074,0.1085
0.0625,0.1085
0.0625,0.1085
0.0625,0.1085
0.0625,0.1085
0.0585,0.1085
0.0585,0.1085
0.0465,0.1085
0.0585,0.1085
0.0585,0.097
0.0585,0.097
0.0585,0.097
0.0625,0.097
0.0625,0.089
0.0625,0.089
0.0625,0.097
0.0625,0.097
0.0625,0.097
0.0625,0.097
0.0625,0.088
0.0625,0.085
0.0625,0.085
0.0625,0.093
0.0625,0.093
0.0625,0.093
0.078,0.093
0.074,0.093
0.086,0.093
0.094,0.093
0.094,0.085
0.094,0.101
0.094,0.101
0.094,0.0955
0.094,0.0895
0.094,0.0895
0.094,0.0735
0.094,0.0795
0.094,0.0735
0.094,0.0855
0.094,0.0815
0.094,0.0695
0.094,0.0695
0.094,0.0695
0.094,0.0695
0.07,0.0695
0.0585,0.0695
0.0465,0.0695
0.0465,0.0695
0.0465,0.0695
0.0465,0.0695
0.0465,0.0455
0.0465,0.0455
0.0465,0.034
0.0625,0.07
0.086,0.1125
0.094,0.176
0.1135,0.235
0.1215,0.2705
0.1295,0.275
0.1295,0.326
0.1375,0.3615
0.1375,0.3735
0.1375,0.3735
0.1375,0.393
0.1255,0.4085
0.1255,0.365
0.1135,0.3525
0.1055,0.373
0.098,0.373
0.098,0.3655
0.078,0.3695
0.07,0.369
0.0465,0.373
0.0425,0.357
0.0425,0.365
0.0425,0.365
0.0425,0.3535
0.0385,0.3375
0.0465,0.3575
0.0345,0.3575
0.0345,0.3575
0.0345,0.3575
0.0345,0.3575
0.0345,0.3575
0.0345,0.3575
0.0345,0.3575
0.0545,0.3575
0.0625,0.3575
0.09,0.3575
0.094,0.3575
0.094,0.3575
0.094,0.338
0.1055,0.33
0.1095,0.33
0.1095,0.33
0.1055,0.31
0.1055,0.324
0.1215,0.318
0.1215,0.3065
0.1135,0.2945
0.1135,0.2945
0.1255,0.2865
0.1215,0.2865
0.1215,0.2925
0.1215,0.2865
0.1375,0.2865
0.1375,0.2825
0.145,0.263
0.149,0.263
0.1375,0.2745
0.1375,0.269
0.1375,0.263
0.1375,0.271
0.1375,0.263
0.1375,0.263
0.1375,0.263
0.1375,0.263
0.1375,0.251
0.1375,0.251
0.1375,0.251
0.1255,0.251
0.1095,0.2545
0.09,0.2545
0.086,0.2545
0.086,0.2545
0.07,0.2545
0.0585,0.2545
0.0545,0.2545
0.0545,0.2545
0.0545,0.2545
0.0545,0.2545
0.0545,0.2545
0.0585,0.2545
0.0585,0.2545
0.0585,0.2545
0.0585,0.2545
0.0545,0.2545
0.0545,0.2545
0.0545,0.2545
0.0545,0.2665
0.086,0.2665
0.086,0.2775
0.098,0.286
0.1375,0.297
0.149,0.33
0.149,0.393
0.145,0.4045
0.157,0.4085
0.161,0.4085
0.173,0.4085
0.173,0.4165
0.161,0.4205
0.173,0.44
0.165,0.44
0.1765,0.44
0.173,0.44
0.1765,0.44
0.1765,0.44
0.1765,0.44
0.1765,0.436
0.1765,0.436
0.1765,0.4275
0.1765,0.4245
0.1765,0.4245
0.1765,0.4305
0.1765,0.4245
0.1765,0.4245
0.165,0.4245
0.1845,0.4245
0.2005,0.4305
0.2085,0.4245
0.2085,0.4245
0.2085,0.4165
0.1965,0.4165
0.1965,0.4165
0.1965,0.4165
0.2085,0.4165
0.2085,0.4165
0.2085,0.4165
0.2085,0.4165
0.2085,0.4165
0.2085,0.4165
0.2085,0.4165
0.1965,0.4165
0.1965,0.4165
0.1965,0.4165
0.1965,0.4165
0.1965,0.4165
0.1965,0.4165
0.1965,0.4165
0.1965,0.4165
0.1965,0.4165
0.1965,0.4165
0.1965,0.4165
0.1925,0.4165
0.1925,0.4165
0.1925,0.4165
0.1925,0.4165
0.1925,0.4165
0.1805,0.4165
0.1805,0.4165
0.1765,0.4165
0.161,0.4085
0.149,0.4085
0.145,0.397
0.161,0.4225
0.141,0.4215
0.145,0.4125
0.157,0.396
0.1375,0.385
0.1375,0.3925
0.1295,0.3965
0.145,0.3925
0.1295,0.385
0.1255,0.373
0.1255,0.3965
0.1255,0.3965
0.1135,0.389
0.1255,0.4005
0.1255,0.4045
0.1135,0.377
0.1215,0.405
0.1215,0.405
0.1095,0.4165
0.1215,0.381
0.1095,0.397
0.1055,0.3975
0.1095,0.401
0.1095,0.389
0.1095,0.401
0.1095,0.413
0.1215,0.4205
0.1255,0.4205
0.1255,0.4205
0.1255,0.4205
0.1255,0.432
0.1295,0.436
0.1295,0.44
0.1295,0.44
0.1295,0.44
0.1295,0.44
0.1375,0.44
0.141,0.44
0.149,0.44
0.145,0.44
0.157,0.44
0.145,0.44
0.157,0.4285
0.157,0.4285
0.157,0.4285
0.157,0.4375
0.157,0.4405
0.157,0.4405
0.157,0.452
0.157,0.452
0.157,0.452
0.157,0.452
0.157,0.454
0.157,0.46
0.157,0.46
0.157,0.46
0.157,0.46
0.157,0.46
0.157,0.46
0.157,0.46
0.157,0.4685
0.157,0.463
0.157,0.4715
0.157,0.4835
0.157,0.4835
0.157,0.4835
0.157,0.4835
0.157,0.4835
0.157,0.472
0.157,0.472
0.157,0.472
0.157,0.472
0.157,0.472
0.157,0.472
0.157,0.472
0.157,0.472
0.157,0.472
0.157,0.472
0.157,0.472
0.157,0.472
0.145,0.472
0.1375,0.472
0.1375,0.472
0.1255,0.472
0.1255,0.472
0.1255,0.472
0.1255,0.472
0.1375,0.472
0.1375,0.472
0.1375,0.46
0.1375,0.4485
0.1375,0.4345
0.1375,0.4285
0.1375,0.4285
0.1375,0.4205
0.1375,0.4205
0.141,0.4205
0.1255,0.4205
0.1295,0.409
0.1375,0.409
0.1255,0.409
0.1255,0.409
0.1255,0.409
0.1095,0.403
0.1095,0.401
0.1095,0.401
0.098,0.401
0.098,0.389
0.098,0.383
0.1135,0.381
0.1095,0.381
0.1055,0.3695
0.1055,0.3695
0.1055,0.3695
0.1055,0.3695
0.1055,0.3695
0.1055,0.3695
0.1055,0.3695
0.1055,0.3695
0.1055,0.3695
0.1055,0.3695
0.098,0.3695
0.098,0.3695
0.098,0.3695
0.098,0.3695
0.098,0.3695
0.098,0.3695
0.1095,0.3695
0.1095,0.3695
0.1095,0.3695
0.1095,0.3695
0.1095,0.3695
0.1095,0.3695
0.1095,0.3695
0.1095,0.3695
0.1095,0.3695
0.1095,0.3695
0.1095,0.3785
0.1095,0.381
0.1095,0.381
0.1095,0.381
0.1095,0.381
0.1095,0.403
0.1095,0.409
0.1095,0.409
0.1095,0.409
0.1095,0.409
0.1095,0.409
0.1095,0.409
0.1095,0.409
0.1095,0.409
0.1095,0.409
0.1095,0.409
0.1095,0.415
0.1095,0.409
0.1095,0.409
0.1095,0.409
0.1095,0.409
0.1095,0.409
0.1095,0.409
0.1095,0.415
0.1095,0.389
0.1095,0.383
0.1095,0.381
0.1095,0.381
0.1095,0.3695
0.1095,0.3615
0.1095,0.3615
0.1095,0.3495
0.1095,0.338
0.1095,0.338
0.1095,0.338
0.1095,0.33
0.1095,0.33
0.1095,0.33
0.1095,0.33
0.1255,0.33
0.1215,0.33
0.1295,0.33
0.1295,0.33
0.1295,0.33
0.141,0.33
0.1375,0.318
0.141,0.318
0.1295,0.318
0.141,0.318
0.145,0.321
0.145,0.318
0.149,0.318
0.149,0.33
0.1375,0.324
0.157,0.33
0.141,0.33
0.161,0.33
0.161,0.33
0.161,0.33
0.165,0.3495
0.165,0.3495
0.165,0.3495
0.165,0.3495
0.165,0.3495
0.165,0.3615
0.165,0.3615
0.165,0.3615
0.165,0.3615
0.165,0.3615
0.165,0.3615
0.165,0.3615
0.165,0.3615
0.165,0.3615
0.165,0.3755
0.165,0.3695
0.165,0.3755
0.165,0.3695
0.165,0.3695
0.165,0.3695
0.165,0.381
0.165,0.381
0.165,0.3785
0.165,0.3695
0.165,0.381
0.165,0.385
0.165,0.381
0.165,0.389
0.165,0.389
0.165,0.389
0.165,0.389
0.165,0.389
0.165,0.389
0.165,0.389
0.165,0.395
0.165,0.389
0.165,0.401
0.165,0.401
0.165,0.401
0.165,0.401
0.165,0.401
0.165,0.401
0.165,0.401
0.165,0.409
0.165,0.409
0.165,0.409
0.165,0.409
0.165,0.409
0.165,0.409
0.165,0.409
