valence,arousal
0.0,0.031
0.0,0.031
0.0,0.031
0.0,0.031
0.0,0.031
0.0,0.031
0.0,0.031
0.0,0.031
0.0,0.031
0.0,0.031
0.0,0.031
0.0,0.031
0.0,0.031
0.0,0.031
0.0,0.031
0.0,0.031
0.0,0.0385
0.0,0.0385
0.0,0.0385
0.0,0.0385
0.0,0.0385
0.0,0.0385
0.0,0.0365
0.0,0.0365
0.0,0.0245
0.0,0.017
0.0,0.0285
0.0,0.0285
0.0,0.0285
0.0,0.0285
0.0,0.0285
0.0,0.0205
0.0,0.0085
0.0,-0.011
0.0,-0.019
0.0,-0.019
0.0,-0.019
0.0,-0.019
0.0,-0.019
0.0,-0.014
0.0,0.0205
0.0,0.0265
0.0,0.0425
0.0,0.0425
0.0,0.0425
0.0,0.0625
0.0,0.093
0.0,0.0775
0.0,0.0575
0.0,0.0535
0.0,0.0385
0.0,0.0385
0.0,0.0325
0.0,0.0
0.0,0.0
0.0,-0.002
0.0,-0.014
0.0,-0.0535
0.0,-0.0645
0.0,-0.0665
0.0,-0.0465
0.0,-0.031
0.011,-0.023
0.023,-0.0035
0.0425,0.0085
0.0585,0.0165
0.086,0.0165
0.078,0.0405
0.09,0.074
0.09,0.0955
0.09,0.1115
0.09,0.1135
0.09,0.1135
0.09,0.1135
0.09,0.1135
0.09,0.1135
0.09,0.1155
0.09,0.1135
0.09,0.1245
0.09,0.109
0.09,0.117
0.09,0.109
0.09,0.109
0.09,0.0855
0.09,0.0615
0.09,0.0615
0.09,0.0665
0.09,0.058
0.09,0.058
0.09,0.0575
0.09,0.0575
0.09,0.077
0.078,0.097
0.09,0.1125
0.094,0.1405
0.098,0.152
0.1055,0.156
0.1055,0.162
0.1095,0.168
0.1095,0.168
0.1095,0.168
0.1135,0.168
0.1135,0.168
0.1135,0.17
0.1135,0.176
0.1135,0.179
0.1135,0.176
0.1135,0.1875
0.1245,0.1995
0.1245,0.1995
0.1445,0.1995
0.172,0.2075
0.1875,0.2195
0.1955,0.2195
0.2155,0.2195
0.2155,0.239
0.227,0.241
0.239,0.247
0.239,0.2585
0.239,0.2665
0.247,0.2785
0.247,0.2785
0.247,0.298
0.259,0.298
0.259,0.298
0.2665,0.298
0.2665,0.298
0.2785,0.298
0.2785,0.298
0.2865,0.298
0.2905,0.298
0.2945,0.298
0.306,0.298
0.2945,0.298
0.306,0.298
0.29,0.298
0.29,0.316
0.29,0.3335
0.29,0.3415
0.29,0.3455
0.298,0.361
0.304,0.365
0.298,0.372
0.301,0.369
0.31,0.378
0.31,0.369
0.324,0.378
0.318,0.372
0.318,0.369
0.324,0.375
0.3295,0.369
0.3295,0.369
0.3385,0.369
0.3415,0.369
0.3495,0.372
0.3495,0.375
0.3495,0.372
0.3495,0.369
0.3495,0.378
0.3495,0.369
0.3495,0.369
0.3495,0.369
0.3495,0.369
0.3495,0.369
0.3495,0.369
0.3495,0.369
0.3495,0.369
0.3495,0.369
0.3495,0.369
0.361,0.369
0.361,0.369
0.361,0.369
0.361,0.369
0.361,0.369
0.361,0.369
0.361,0.369
0.361,0.369
0.361,0.369
0.361,0.3695
0.381,0.389
0.381,0.4245
0.393,0.432
0.4165,0.432
0.4205,0.432
0.4205,0.432
0.4205,0.432
0.4205,0.432
0.4205,0.4205
0.4205,0.4205
0.4205,0.4235
0.393,0.4205
0.377,0.4235
0.365,0.4205
0.3335,0.409
0.3255,0.397
0.3255,0.389
0.3255,0.3695
0.3255,0.3535
0.3255,0.338
0.3255,0.338
0.3255,0.3495
0.3255,0.3455
0.318,0.3455
0.31,0.3415
0.31,0.3415
0.318,0.3415
0.306,0.318
0.306,0.3045
0.318,0.2785
0.318,0.247
0.318,0.235
0.318,0.235
0.306,0.2195
0.306,0.2115
0.306,0.2115
0.306,0.2115
0.318,0.2115
0.318,0.2145
0.318,0.2115
0.318,0.2175
0.318,0.2115
0.318,0.2115
0.318,0.2115
0.318,0.2175
0.318,0.2165
0.2985,0.2035
0.2945,0.1875
0.2905,0.1795
0.2905,0.1795
0.247,0.168
0.2185,0.16
0.2075,0.152
0.1985,0.141
0.1875,0.141
0.176,0.141
0.176,0.141
0.172,0.141
0.164,0.141
0.1485,0.141
0.1405,0.141
0.1285,0.141
0.1325,0.141
0.1125,0.141
0.1095,0.141
0.102,0.141
0.102,0.141
0.09,0.141
0.093,0.143
0.09,0.149
0.09,0.149
0.09,0.149
0.082,0.149
0.082,0.149
0.082,0.149
0.082,0.149
0.07,0.149
0.07,0.149
0.0585,0.149
0.0585,0.149
0.0585,0.149
0.0585,0.149
0.0505,0.149
0.0505,0.149
0.0505,0.149
0.0505,0.149
0.0505,0.149
0.0505,0.149
0.0505,0.149
0.0505,0.149
0.0505,0.149
0.0505,0.149
0.0505,0.149
0.0575,0.149
0.089,0.149
0.1205,0.149
0.1285,0.149
0.1365,0.149
0.1405,0.176
0.1445,0.1955
0.1445,0.223
0.1445,0.231
0.1445,0.231
0.1485,0.231
0.1365,0.2115
0.1485,0.2035
0.1485,0.1915
0.156,0.1915
0.172,0.1915
0.1915,0.1875
0.1995,0.184
0.2075,0.184
0.2075,0.172
0.2075,0.172
0.2075,0.178
0.2075,0.172
0.2075,0.172
0.2075,0.172
0.2115,0.172
0.1995,0.172
0.1995,0.164
0.1995,0.164
0.2115,0.164
0.2115,0.1485
0.2115,0.1485
0.2115,0.1485
0.2115,0.1485
0.2115,0.1485
0.2115,0.1485
0.2115,0.1485
0.2115,0.1485
0.2115,0.1485
0.2115,0.1485
0.2115,0.1485
0.2115,0.1485
0.2115,0.1445
0.2115,0.1445
0.2115,0.1445
0.2115,0.1445
0.2115,0.1445
0.2115,0.1445
0.2115,0.1445
0.2115,0.1445
0.2115,0.1445
0.2115,0.1445
0.2115,0.1445
0.2115,0.1445
0.2115,0.1445
0.2115,0.1445
0.2115,0.1445
0.2115,0.1445
0.2115,0.1445
0.2115,0.1445
0.2115,0.1445
0.2115,0.1445
0.2115,0.1445
0.2115,0.156
0.2115,0.156
0.2115,0.156
0.2115,0.156
0.2115,0.156
0.2115,0.156
0.2115,0.144
0.2115,0.144
0.2115,0.1325
0.2115,0.1365
0.2115,0.1405
0.2115,0.1485
0.2115,0.16
0.2115,0.148
0.2115,0.152
0.2115,0.156
0.2115,0.164
0.1995,0.164
0.1995,0.168
0.1965,0.168
0.1875,0.172
0.1875,0.1645
0.1875,0.1485
0.1935,0.1335
0.1875,0.1335
0.1905,0.1335
0.1875,0.1335
0.1875,0.1335
0.1875,0.1335
0.1875,0.1335
0.1875,0.1335
0.1875,0.1335
0.1875,0.1335
0.1875,0.1335
0.18,0.1335
0.18,0.1335
0.18,0.1335
0.18,0.1315
0.18,0.1315
0.168,0.1255
0.171,0.1195
0.168,0.1195
0.168,0.0995
0.168,0.08
0.168,0.072
0.168,0.06
0.16,0.06
0.16,0.06
0.16,0.06
0.16,0.06
0.16,0.06
0.16,0.06
0.16,0.06
0.16,0.06
0.16,0.06
0.151,0.06
0.149,0.06
0.149,0.064
0.149,0.064
0.154,0.064
0.149,0.064
0.151,0.0715
0.149,0.0755
0.149,0.0795
0.149,0.0795
0.154,0.0915
0.149,0.0915
0.149,0.0915
0.149,0.0915
0.149,0.0915
0.149,0.0915
0.149,0.0915
0.149,0.0915
0.149,0.0915
0.149,0.0915
0.149,0.0915
0.149,0.0915
0.16,0.0915
0.16,0.0915
0.16,0.0915
0.16,0.0915
0.16,0.0915
0.16,0.0915
0.162,0.0915
0.168,0.0915
0.171,0.0915
0.168,0.0915
0.168,0.0955
0.174,0.0955
0.1685,0.0955
0.1525,0.0955
0.1405,0.0955
0.144,0.0955
0.144,0.1075
0.1325,0.1075
0.144,0.1075
0.1325,0.1075
0.1325,0.1075
0.144,0.1075
0.1325,0.1075
0.144,0.1075
0.1325,0.1075
0.1325,0.1075
0.1285,0.1075
0.1285,0.1075
0.1285,0.0915
0.1285,0.0835
0.1285,0.092
0.1285,0.088
0.1285,0.084
0.1285,0.068
0.1285,0.048
0.1285,0.0325
0.1285,0.0245
0.1285,0.0245
0.1285,0.0245
0.1285,0.0205
0.1285,0.0205
0.1285,0.0205
0.152,0.0205
0.176,0.04
0.1875,0.0755
0.1955,0.1035
0.1955,0.127
0.1995,0.1505
0.1995,0.1705
0.1995,0.19
0.1995,0.19
0.1995,0.1665
0.1995,0.1545
0.1995,0.141
0.1995,0.131
0.1995,0.127
0.1995,0.127
0.1995,0.1195
0.1995,0.1195
0.1995,0.1195
0.1995,0.1195
0.1995,0.1195
0.1995,0.1195
0.1995,0.1195
0.1995,0.1315
0.1995,0.1315
0.1995,0.1315
0.1995,0.1275
0.1995,0.1275
0.1995,0.1275
0.1995,0.1275
0.1995,0.1235
0.1995,0.1235
0.1995,0.1235
0.1995,0.1235
0.1995,0.1235
0.1995,0.1235
0.1995,0.1235
0.1995,0.1235
0.1995,0.1235
0.1995,0.1235
0.1995,0.1235
0.1995,0.1235
0.1995,0.1235
0.1995,0.128
0.1995,0.14
0.1995,0.143
0.1995,0.143
0.1995,0.143
0.1995,0.143
0.1995,0.143
0.1995,0.143
0.1995,0.143
0.1995,0.143
0.1995,0.143
0.1995,0.143
0.1995,0.143
0.1995,0.143
0.1995,0.143
0.18,0.143
0.18,0.139
0.18,0.123
0.18,0.123
0.18,0.123
0.18,0.131
0.18,0.143
0.184,0.131
0.2115,0.131
0.2155,0.1355
0.2195,0.1295
0.2275,0.1235
0.2275,0.1355
0.231,0.1355
0.235,0.1355
0.231,0.1355
0.246,0.1375
0.263,0.1375
0.269,0.1375
0.2825,0.1425
0.2865,0.172
0.2865,0.176
0.2865,0.176
0.2865,0.176
0.2865,0.176
0.2865,0.188
0.2865,0.188
0.2865,0.196
0.2865,0.196
0.2865,0.196
0.2865,0.196
0.2865,0.196
0.2865,0.196
0.2865,0.196
0.2865,0.196
0.2865,0.196
0.2865,0.196
0.2865,0.199
0.2865,0.196
0.2865,0.196
0.2865,0.196
0.2865,0.196
0.2865,0.196
0.2865,0.2075
0.2865,0.205
0.2865,0.199
0.2865,0.205
0.2865,0.2075
0.2865,0.2075
0.2865,0.2075
0.2865,0.2075
0.2895,0.2075
0.2865,0.2075
0.2865,0.2075
0.2865,0.2075
0.2925,0.2075
0.2865,0.196
0.2865,0.219
0.2865,0.219
0.2865,0.219
0.2865,0.219
0.2865,0.219
0.2895,0.219
0.2865,0.2105
0.2865,0.219
0.2865,0.2165
0.2865,0.205
0.2705,0.191
0.251,0.1835
0.2155,0.164
0.192,0.1365
0.1565,0.123
0.1565,0.119
0.1485,0.111
0.1565,0.114
0.1445,0.105
0.1405,0.108
0.117,0.1165
0.113,0.1165
0.113,0.105
0.113,0.1165
0.111,0.1165
0.105,0.1165
0.105,0.1165
0.105,0.1165
0.105,0.1165
0.105,0.1165
0.105,0.1165
0.105,0.1165
0.105,0.1225
0.105,0.1165
0.105,0.1165
0.105,0.1165
0.105,0.1165
0.108,0.1165
0.117,0.1125
0.117,0.1125
0.1185,0.1125
0.1245,0.1085
0.1245,0.1085
0.1245,0.101
0.1245,0.101
0.1245,0.101
0.1245,0.101
0.1245,0.093
0.1245,0.089
0.1245,0.089
0.1245,0.089
0.1245,0.089
0.1245,0.089
0.1245,0.089
0.1245,0.089
0.1245,0.1085
0.1245,0.1285
0.1245,0.164
0.1245,0.1795
0.1245,0.1835
0.1245,0.1835
0.164,0.1835
0.148,0.1835
0.148,0.1835
0.16,0.1835
0.144,0.1835
0.144,0.1835
0.16,0.1835
0.164,0.1835
0.164,0.1835
0.152,0.1835
0.148,0.1835
0.148,0.1835
0.148,0.1835
0.148,0.1835
0.148,0.1835
0.148,0.1865
0.148,0.1835
0.148,0.1835
0.148,0.1835
0.148,0.1835
0.148,0.1835
0.148,0.1835
0.148,0.172
0.148,0.172
0.148,0.172
0.148,0.172
0.148,0.172
0.148,0.172
0.148,0.172
0.148,0.172
0.148,0.172
0.148,0.172
0.148,0.172
0.148,0.172
0.148,0.172
0.148,0.172
0.148,0.172
0.148,0.172
0.148,0.172
0.148,0.172
0.148,0.172
0.148,0.172
0.148,0.172
0.148,0.172
0.148,0.172
0.148,0.172
0.148,0.172
0.148,0.175
0.148,0.172
0.148,0.178
0.148,0.172
0.148,0.178
0.148,0.172
0.148,0.172
0.148,0.172
0.148,0.172
0.148,0.172
0.148,0.172
0.148,0.172
0.148,0.172
0.148,0.172
0.148,0.172
0.148,0.172
0.148,0.172
0.148,0.172
0.148,0.172
0.148,0.172
0.148,0.172
0.148,0.172
0.148,0.172
0.148,0.172
0.148,0.172
0.148,0.172
0.148,0.172
0.148,0.172
0.148,0.172
0.148,0.172
0.148,0.172
0.148,0.172
0.148,0.172
0.148,0.175
0.148,0.184
0.148,0.184
0.148,0.184
0.148,0.184
0.148,0.184
0.148,0.184
0.148,0.184
0.148,0.184
0.148,0.192
0.148,0.192
0.148,0.192
0.148,0.192
0.148,0.192
0.148,0.192
0.148,0.192
0.148,0.192
0.148,0.192
0.148,0.192
0.148,0.192
0.148,0.192
0.148,0.192
0.148,0.192
0.148,0.192
0.148,0.192
0.148,0.192
0.148,0.192
0.148,0.192
0.144,0.192
0.1365,0.192
0.1365,0.192
0.1325,0.192
0.1285,0.192
0.1165,0.192
0.1125,0.192
0.1125,0.192
0.1165,0.192
0.1245,0.192
0.1245,0.192
0.1245,0.192
0.1245,0.192
0.1125,0.192
0.1125,0.192
0.1125,0.192
0.1165,0.192
0.1245,0.192
0.1125,0.192
0.1085,0.192
0.1085,0.192
0.1085,0.192
0.101,0.192
0.1125,0.192
0.1125,0.192
0.1125,0.192
0.1125,0.192
0.1125,0.192
0.1125,0.192
0.1125,0.192
0.1125,0.192
0.1125,0.192
0.1165,0.192
0.1165,0.239
0.1165,0.2705
0.1365,0.2825
0.1995,0.334
0.29,0.3695
0.29,0.377
0.302,0.381
0.314,0.405
0.314,0.4165
0.322,0.4245
0.369,0.4325
0.385,0.4365
0.385,0.4525
0.385,0.4715
0.385,0.5055
0.385,0.531
0.397,0.539
0.397,0.551
0.405,0.5705
0.405,0.5825
0.405,0.5825
0.405,0.5825
0.4165,0.5905
0.4285,0.602
0.4345,0.61
0.4365,0.613
0.4485,0.63
0.456,0.612
0.462,0.6175
0.468,0.6345
0.468,0.6375
0.476,0.6455
0.476,0.657
0.476,0.669
0.476,0.669
0.476,0.677
0.476,0.6885
0.476,0.6885
0.4875,0.6965
0.4875,0.6965
0.4875,0.6965
0.4875,0.6965
0.4875,0.6965
0.4925,0.6965
0.5015,0.6965
0.5075,0.6965
0.5075,0.6965
0.5075,0.6965
0.5075,0.6965
0.527,0.7085
0.539,0.7085
0.539,0.7085
0.539,0.7085
0.547,0.7125
0.547,0.7045
0.547,0.7045
0.547,0.7045
0.547,0.7045
0.547,0.7045
0.547,0.7045
0.547,0.7045
0.547,0.7065
0.547,0.7125
0.547,0.705
0.547,0.705
0.547,0.705
0.547,0.705
0.547,0.705
0.553,0.705
0.547,0.705
0.55,0.705
0.547,0.705
0.547,0.705
0.547,0.705
0.547,0.705
0.547,0.705
0.547,0.705
0.547,0.705
0.547,0.705
0.539,0.705
0.536,0.705
0.527,0.705
0.5155,0.705
0.5075,0.705
0.4955,0.705
0.4715,0.705
0.4795,0.705
0.46,0.705
0.452,0.705
0.436,0.705
0.43,0.705
0.4265,0.705
0.4245,0.705
0.4315,0.705
0.4165,0.705
0.4285,0.705
0.4365,0.705
0.4245,0.685
0.4285,0.6655
0.4315,0.6655
0.4245,0.6655
0.4405,0.6655
0.4405,0.6655
0.4285,0.6655
0.4285,0.6655
0.4445,0.6655
0.452,0.6655
0.452,0.6655
0.452,0.6655
0.452,0.6655
0.452,0.6655
0.452,0.6655
0.452,0.6655
0.452,0.6655
0.452,0.6655
0.4655,0.6655
0.4715,0.6655
0.4835,0.6655
0.4835,0.6655
0.4915,0.6575
0.4915,0.6575
0.4915,0.6575
0.5005,0.6575
0.503,0.6575
0.503,0.6575
0.503,0.6455
0.511,0.6455
0.511,0.634
0.52,0.626
0.531,0.614
0.531,0.612
0.531,0.606
0.531,0.606
0.531,0.606
0.531,0.606
0.543,0.606
0.531,0.6005
0.5235,0.5945
0.5235,0.5865
0.5235,0.5865
0.5235,0.5865
0.5235,0.5745
0.5235,0.5745
0.5235,0.5745
0.5235,0.5745
0.5235,0.5665
0.5235,0.5665
0.5235,0.564
0.5235,0.5665
0.5235,0.5665
0.5235,0.555
0.5235,0.555
0.5235,0.555
0.5235,0.555
0.5235,0.555
0.5235,0.555
0.5155,0.555
0.4525,0.555
0.456,0.564
0.4445,0.558
0.4485,0.598
0.4365,0.665
0.4285,0.7085
0.4165,0.7085
0.413,0.7085
0.413,0.7165
0.413,0.681
0.413,0.6455
0.413,0.6175
0.401,0.598
0.397,0.531
0.342,0.4995
0.334,0.4795
0.342,0.464
0.318,0.4125
0.318,0.4245
0.334,0.4245
0.334,0.4245
0.334,0.4205
0.334,0.4285
0.334,0.4285
0.334,0.4285
0.342,0.4285
0.3615,0.4245
0.4205,0.4245
0.4285,0.4195
0.4365,0.4045
0.4365,0.3965
0.4485,0.3925
0.4525,0.3795
0.456,0.3695
0.464,0.3615
0.464,0.3615
0.4955,0.3615
0.4755,0.3615
0.46,0.3615
0.452,0.3495
0.452,0.3555
0.452,0.3495
0.4405,0.3495
0.413,0.3555
0.389,0.3495
0.33,0.3495
0.2905,0.3495
0.2945,0.3495
0.2945,0.3415
0.267,0.3295
0.259,0.306
0.255,0.271
0.2275,0.246
0.2275,0.2075
0.2155,0.172
0.2075,0.16
0.2075,0.152
0.1995,0.149
0.2035,0.149
0.192,0.149
0.192,0.145
0.188,0.149
0.188,0.141
0.188,0.141
0.188,0.1325
0.188,0.1295
0.188,0.1325
0.188,0.1295
0.188,0.1295
0.188,0.1295
0.188,0.1295
0.188,0.1295
0.188,0.1295
0.188,0.1295
0.188,0.1215
0.188,0.1215
0.188,0.1215
0.188,0.1215
0.188,0.1215
0.188,0.1095
0.188,0.1095
0.188,0.1095
0.188,0.1165
0.188,0.1205
0.188,0.1205
0.188,0.1205
0.188,0.1205
0.188,0.1265
0.188,0.1205
0.188,0.1205
0.188,0.1205
0.188,0.1205
0.188,0.1205
0.188,0.1205
0.188,0.1205
0.188,0.1205
0.188,0.1205
0.188,0.1205
0.188,0.1205
0.188,0.1205
0.188,0.1205
0.188,0.1205
0.188,0.1205
0.188,0.1205
0.188,0.1205
0.188,0.1205
0.188,0.1205
0.188,0.1205
0.1995,0.1205
0.1995,0.1205
0.1995,0.1205
0.1995,0.1205
0.1995,0.1205
0.1995,0.1205
0.1995,0.1205
0.1995,0.1205
0.1995,0.1205
0.1995,0.1205
0.1995,0.1205
0.1995,0.1205
0.1995,0.1205
0.1995,0.1205
0.1995,0.1205
0.1995,0.1205
0.1995,0.1205
0.1995,0.1205
0.1995,0.1205
0.2035,0.1205
0.2035,0.1205
0.2195,0.1095
0.2275,0.1095
0.251,0.1095
0.267,0.172
0.255,0.2075
0.255,0.239
0.255,0.247
0.267,0.247
0.2705,0.247
0.2705,0.247
0.2705,0.247
0.2705,0.233
0.2705,0.223
0.2705,0.223
0.2705,0.223
0.2705,0.223
0.2705,0.223
0.2705,0.223
0.2705,0.223
0.2705,0.223
0.2705,0.226
0.2705,0.223
0.2705,0.223
0.2705,0.223
0.2705,0.223
0.2705,0.226
0.2705,0.219
0.2705,0.225
0.2705,0.219
0.2705,0.219
0.2705,0.219
0.2705,0.219
0.2705,0.219
0.2705,0.219
0.2705,0.219
0.2705,0.219
0.2705,0.219
0.2705,0.219
0.2705,0.219
0.2705,0.222
0.2705,0.219
0.2705,0.219
0.2705,0.219
0.2705,0.219
0.2705,0.219
0.2705,0.219
0.2705,0.222
0.2705,0.219
0.2705,0.219
0.2705,0.219
0.2705,0.219
0.2705,0.2115
0.2705,0.2115
0.2705,0.2115
0.2705,0.2115
0.2705,0.2115
0.2705,0.2115
0.2705,0.2115
0.2705,0.2115
0.2705,0.2115
0.2705,0.2145
0.2705,0.2115
0.2705,0.2115
0.2705,0.2115
0.2705,0.2115
0.2705,0.2115
0.2705,0.2115
0.2705,0.2115
0.2705,0.2115
0.2705,0.2115
0.2705,0.2115
0.2705,0.2115
0.2705,0.2115
0.2705,0.2115
0.2705,0.2115
0.2705,0.2115
0.2705,0.2115
0.2705,0.2115
0.2705,0.2115
0.2705,0.2115
0.2705,0.2115
0.2705,0.2115
0.2705,0.2115
0.2705,0.2105
0.2705,0.2075
0.2705,0.2075
0.2705,0.2075
0.2615,0.2075
0.2705,0.2075
0.2865,0.2075
0.2945,0.2075
0.369,0.2075
0.373,0.2075
0.381,0.2075
0.405,0.2075
0.4165,0.2075
0.401,0.219
0.4205,0.239
0.4245,0.2825
0.4405,0.3255
0.452,0.3415
0.448,0.3735
0.46,0.4245
0.456,0.432
0.472,0.464
0.5035,0.515
0.5035,0.531
0.519,0.5465
0.523,0.5625
0.535,0.5785
0.539,0.5925
0.539,0.598
0.539,0.598
0.535,0.598
0.547,0.618
0.547,0.612
0.539,0.618
0.5545,0.618
0.5545,0.618
0.547,0.618
0.5585,0.606
0.5585,0.602
0.5585,0.602
0.5585,0.598
0.5585,0.598
0.5585,0.598
0.5585,0.598
0.5585,0.598
0.5585,0.598
0.5585,0.598
0.5585,0.594
0.5585,0.594
0.5585,0.594
0.5585,0.6135
0.5585,0.602
0.5585,0.602
0.5585,0.6075
0.5585,0.6135
0.5585,0.602
0.5585,0.6135
0.5585,0.6135
0.5585,0.6135
0.5585,0.606
0.5585,0.602
0.5585,0.614
0.5585,0.614
0.5585,0.622
0.5585,0.6335
0.5585,0.6335
0.5585,0.6335
0.5585,0.6335
0.5585,0.6335
0.5585,0.6335
0.5585,0.6335
0.5585,0.6335
0.5585,0.6335
0.5585,0.6295
0.5585,0.6295
0.5585,0.6295
0.5585,0.6295
0.5585,0.6295
0.5585,0.6295
0.5585,0.6295
0.5585,0.6295
0.5585,0.6295
0.5585,0.6295
0.5585,0.6295
0.5625,0.6295
0.5705,0.6375
0.5705,0.6375
0.5705,0.6415
0.5705,0.6455
0.5785,0.6375
0.598,0.6375
0.614,0.6335
0.6215,0.6255
0.6215,0.6215
0.6215,0.6215
0.6215,0.6175
0.6215,0.6175
0.6215,0.6135
0.6215,0.6135
0.6215,0.6135
0.6215,0.606
0.6215,0.606
0.6215,0.602
0.6215,0.602
0.6215,0.602
0.6215,0.602
0.6215,0.602
0.6215,0.6415
0.6215,0.6845
0.6215,0.736
0.6215,0.7915
0.6215,0.7985
0.6215,0.8075
0.6215,0.806
0.6295,0.7875
0.641,0.776
0.641,0.768
0.641,0.7795
0.661,0.7795
0.6805,0.7795
0.6925,0.7995
0.7035,0.817
0.732,0.825
0.74,0.831
0.7595,0.8445
0.7735,0.8505
0.791,0.8585
0.791,0.8585
0.803,0.8705
0.803,0.8705
0.803,0.8705
0.811,0.8705
0.811,0.8705
0.8225,0.8705
0.8305,0.8645
0.8365,0.8585
0.8305,0.8505
0.8365,0.8505
0.8305,0.839
0.8305,0.839
0.8305,0.825
0.8305,0.811
0.8305,0.7585
0.8305,0.7215
0.8305,0.673
0.8305,0.6575
0.8305,0.6375
0.8305,0.6295
0.8305,0.622
0.8305,0.622
0.8305,0.614
0.8305,0.606
0.685,0.606
0.681,0.606
0.669,0.606
0.677,0.59
0.665,0.59
0.669,0.582
0.665,0.582
0.6295,0.582
0.6175,0.582
0.606,0.582
0.61,0.582
0.597,0.582
0.607,0.582
0.61,0.582
0.602,0.582
0.602,0.582
0.61,0.582
0.598,0.582
0.602,0.582
0.5945,0.582
0.602,0.582
0.602,0.582
0.602,0.582
0.602,0.5705
0.602,0.5705
0.602,0.5535
0.602,0.539
0.602,0.511
0.602,0.4935
0.602,0.4795
0.602,0.4715
0.602,0.4715
0.5945,0.46
0.61,0.46
0.61,0.46
0.61,0.452
0.61,0.452
0.598,0.452
0.5945,0.452
0.5945,0.44
0.61,0.44
0.61,0.44
0.598,0.44
0.598,0.4285
0.598,0.4285
0.5945,0.4205
0.5945,0.4205
0.61,0.4205
0.598,0.4205
0.598,0.4175
0.598,0.4205
0.5745,0.4205
0.5825,0.4205
0.5825,0.4205
0.5745,0.446
0.5745,0.44
0.5785,0.443
0.5785,0.452
0.5825,0.46
0.5785,0.4715
0.5865,0.4715
0.5745,0.4715
0.5745,0.4915
0.5745,0.5025
0.5745,0.4995
0.5745,0.511
0.5745,0.519
0.5665,0.531
0.5625,0.531
0.5785,0.531
0.5665,0.533
0.5625,0.539
0.559,0.539
0.5785,0.539
0.5745,0.539
0.5625,0.539
0.5625,0.539
0.5665,0.539
0.559,0.539
0.559,0.539
0.547,0.5505
0.551,0.5505
0.5625,0.5525
0.547,0.5465
0.543,0.5465
0.543,0.5465
0.543,0.5465
0.543,0.5465
0.543,0.531
0.543,0.511
0.535,0.464
0.535,0.4205
0.531,0.409
0.5235,0.389
0.5235,0.385
0.5155,0.381
0.5115,0.381
0.4995,0.381
0.4955,0.377
0.4915,0.3685
0.48,0.377
0.476,0.369
0.476,0.3575
0.476,0.3495
0.476,0.342
0.476,0.342
0.476,0.342
0.476,0.314
0.476,0.314
0.476,0.31
0.476,0.302
0.476,0.286
0.476,0.2785
0.476,0.2745
0.476,0.255
0.4915,0.258
0.4995,0.247
0.4915,0.243
0.5075,0.239
0.4955,0.231
0.5075,0.231
0.5155,0.231
0.5235,0.231
0.531,0.231
0.535,0.231
0.551,0.231
0.5745,0.231
0.598,0.231
0.61,0.231
0.614,0.231
0.602,0.231
0.602,0.2235
0.602,0.2145
0.602,0.2235
0.602,0.2115
0.614,0.2115
0.614,0.2115
0.594,0.2115
0.594,0.2175
0.586,0.2115
0.586,0.2115
0.574,0.2115
0.5665,0.2035
0.523,0.2035
0.4915,0.188
0.484,0.188
0.464,0.18
0.452,0.18
0.4285,0.18
0.4205,0.18
0.4165,0.18
0.401,0.18
0.371,0.18
0.363,0.18
0.3495,0.18
0.336,0.192
0.33,0.192
0.314,0.192
0.306,0.192
0.2945,0.192
0.2865,0.195
0.2865,0.192
0.2745,0.192
0.2745,0.192
0.263,0.196
0.259,0.196
0.247,0.196
0.247,0.196
0.235,0.196
0.235,0.199
0.235,0.2075
0.235,0.2155
0.241,0.2155
0.235,0.2155
0.235,0.2275
0.235,0.2315
0.238,0.2355
0.235,0.2355
0.235,0.2515
0.229,0.2705
0.227,0.2745
0.227,0.2855
0.227,0.306
0.219,0.318
0.215,0.33
0.219,0.334
0.219,0.3495
0.219,0.3695
0.219,0.3695
0.219,0.3695
0.219,0.3695
0.219,0.3775
0.219,0.3775
0.2075,0.3775
0.2195,0.3775
0.2235,0.3775
0.2235,0.3535
0.2235,0.322
0.2235,0.294
0.2275,0.2825
0.2275,0.2665
0.2195,0.252
0.227,0.239
0.227,0.2265
0.243,0.2115
0.2625,0.2115
0.251,0.239
0.251,0.306
0.251,0.3455
0.251,0.3535
0.251,0.3575
0.251,0.3575
0.251,0.3575
0.251,0.3615
0.251,0.3655
0.251,0.3615
0.251,0.373
0.251,0.377
0.251,0.377
0.251,0.377
0.251,0.377
0.251,0.377
0.251,0.369
0.251,0.369
0.251,0.381
0.239,0.389
0.239,0.389
0.2315,0.389
0.2275,0.389
0.2075,0.389
0.2,0.369
0.2,0.361
0.196,0.3415
0.187,0.3065
0.184,0.2825
0.18,0.263
0.18,0.259
0.183,0.247
0.176,0.2235
0.176,0.2155
0.176,0.2155
0.168,0.2115
0.16,0.2115
0.152,0.2115
0.152,0.1995
0.1445,0.1995
0.1445,0.1995
0.1325,0.192
0.1285,0.192
0.1245,0.188
0.1165,0.182
0.1125,0.178
0.11,0.172
0.101,0.172
0.101,0.178
0.101,0.168
0.093,0.149
0.093,0.149
0.093,0.149
0.093,0.149
0.093,0.149
0.093,0.149
0.093,0.149
0.093,0.149
0.093,0.149
0.093,0.149
0.093,0.145
0.093,0.149
0.093,0.149
0.093,0.149
0.093,0.149
0.093,0.149
0.096,0.149
0.093,0.149
0.093,0.149
0.093,0.149
0.093,0.149
0.093,0.149
0.093,0.149
0.093,0.149
0.093,0.145
0.093,0.149
0.093,0.149
0.093,0.149
0.093,0.149
0.093,0.149
0.093,0.149
0.093,0.149
0.093,0.149
0.093,0.149
0.093,0.149
0.093,0.149
0.093,0.149
0.093,0.149
0.093,0.149
0.093,0.149
0.093,0.149
0.093,0.149
0.093,0.149
0.093,0.149
0.093,0.149
0.093,0.149
0.105,0.149
0.113,0.149
0.1285,0.149
0.1285,0.149
0.1285,0.149
0.1285,0.168
0.1285,0.1875
0.1285,0.2035
0.1285,0.2115
0.1285,0.2115
0.1285,0.2115
0.1285,0.2115
0.1365,0.2115
0.1525,0.2115
0.164,0.2115
0.164,0.2115
0.164,0.2115
0.164,0.2075
0.164,0.1875
0.164,0.1875
0.172,0.1875
0.188,0.1875
0.188,0.1875
0.196,0.1875
0.1995,0.1835
0.1995,0.1835
0.2035,0.1835
0.2035,0.1835
0.2035,0.1835
0.2035,0.1835
0.2075,0.1835
0.2075,0.1835
0.2075,0.1835
0.2075,0.1795
0.2075,0.1795
0.2075,0.1795
0.2075,0.1795
0.2075,0.1795
0.2075,0.1795
0.2075,0.1795
0.2075,0.1795
0.2075,0.1795
0.2075,0.1795
0.2075,0.1795
0.2075,0.1795
0.2075,0.1795
0.2075,0.1795
0.2075,0.174
0.2075,0.1795
0.2075,0.1795
0.2075,0.1795
0.2075,0.168
0.2075,0.168
0.2075,0.1795
0.2075,0.168
0.2075,0.168
0.2075,0.168
0.2075,0.168
0.2075,0.168
0.2075,0.168
0.2075,0.174
0.2075,0.168
0.2075,0.168
0.2075,0.1995
0.2075,0.2075
0.2135,0.227
0.2075,0.247
0.2075,0.251
0.2075,0.2585
0.2075,0.2625
0.2075,0.2785
0.2075,0.298
0.2075,0.298
0.2075,0.304
0.2075,0.318
0.2075,0.318
0.2075,0.318
0.2075,0.318
0.2075,0.318
0.2075,0.318
0.2075,0.318
0.2075,0.318
0.2075,0.322
0.2075,0.322
0.2075,0.31
0.2075,0.318
0.2075,0.322
0.2075,0.322
0.2075,0.322
0.2075,0.322
0.2135,0.322
0.2075,0.322
0.2075,0.322
0.2075,0.322
0.2075,0.322
0.2075,0.322
0.2075,0.322
0.2075,0.322
0.2075,0.322
0.2075,0.322
0.2075,0.322
0.2105,0.322
0.2075,0.322
0.2075,0.322
0.2075,0.322
0.196,0.31
0.196,0.31
0.188,0.306
0.18,0.2945
0.18,0.2945
0.18,0.2905
0.184,0.2905
0.184,0.2905
0.172,0.2865
0.172,0.2865
0.168,0.2865
0.172,0.2825
0.172,0.2705
0.1565,0.255
0.1565,0.255
0.168,0.255
0.168,0.255
0.168,0.247
0.168,0.247
0.168,0.239
0.168,0.239
0.168,0.235
0.168,0.235
0.168,0.231
0.168,0.2235
0.168,0.2235
0.168,0.2235
0.168,0.2235
0.168,0.2235
0.168,0.2235
0.168,0.2195
0.168,0.2195
0.168,0.2195
0.168,0.235
0.168,0.251
0.168,0.2705
0.174,0.2865
0.168,0.2905
0.168,0.2905
0.168,0.2905
0.168,0.2945
0.1565,0.2945
0.1565,0.2945
0.1565,0.2945
0.1525,0.2825
0.1525,0.259
0.1525,0.247
0.164,0.231
0.164,0.2115
0.164,0.2035
0.164,0.1995
0.17,0.1995
0.176,0.1995
0.176,0.1995
0.176,0.1995
0.176,0.1995
0.172,0.1995
0.172,0.1995
0.172,0.1995
0.172,0.1995
0.172,0.1995
0.172,0.1995
0.172,0.1995
0.168,0.1995
0.168,0.1995
0.168,0.1995
0.168,0.1995
0.168,0.1995
0.165,0.1995
0.168,0.1995
0.156,0.1995
0.159,0.1995
0.162,0.1995
0.168,0.1955
0.156,0.1955
0.162,0.1925
0.156,0.1925
0.162,0.1925
0.156,0.1925
0.156,0.1925
0.156,0.1925
0.156,0.1925
0.156,0.1925
0.159,0.1925
0.156,0.1925
0.156,0.1925
0.156,0.1925
0.156,0.1925
0.1795,0.1925
0.2025,0.1925
0.2075,0.1925
0.215,0.1925
0.215,0.1925
0.215,0.1925
0.219,0.1925
0.219,0.1925
0.228,0.1925
0.239,0.1925
0.231,0.1925
0.231,0.1925
0.2235,0.1925
0.2155,0.1925
0.2155,0.1925
0.2115,0.1925
0.2155,0.1925
0.2065,0.1925
0.2035,0.1925
0.196,0.1925
0.2075,0.1925
0.2075,0.1925
0.2075,0.1925
0.1955,0.1925
0.178,0.1925
0.176,0.1925
0.176,0.2195
0.176,0.251
0.176,0.259
0.176,0.259
0.176,0.259
0.165,0.259
0.165,0.259
0.165,0.259
0.17,0.247
0.165,0.247
0.165,0.247
0.165,0.247
0.165,0.239
0.165,0.233
0.165,0.227
0.165,0.227
0.165,0.227
0.165,0.227
0.165,0.223
0.165,0.223
0.165,0.223
0.165,0.223
0.165,0.219
0.165,0.219
0.165,0.2075
0.165,0.2075
0.165,0.2075
0.165,0.1995
0.165,0.1995
0.165,0.1875
0.165,0.1875
0.165,0.1875
0.165,0.1875
0.165,0.1875
0.165,0.1795
0.165,0.1795
0.165,0.1795
0.165,0.1795
0.165,0.1795
0.167,0.1795
0.165,0.1795
0.165,0.1795
0.165,0.1795
0.165,0.1795
0.165,0.1795
0.165,0.1795
0.165,0.1795
0.17,0.1795
0.165,0.1795
0.165,0.1795
0.165,0.1795
0.165,0.1795
0.165,0.1795
0.165,0.1795
0.165,0.1795
0.165,0.1795
0.165,0.1795
0.165,0.1795
0.165,0.1795
0.165,0.1795
0.165,0.1795
0.165,0.1795
0.165,0.1795
0.165,0.1795
0.165,0.1795
0.167,0.1795
0.165,0.1795
0.165,0.1795
0.165,0.1795
0.165,0.1795
0.165,0.1795
0.165,0.1795
0.165,0.1795
0.165,0.1795
0.165,0.1795
0.165,0.1795
0.165,0.1795
0.165,0.1795
0.165,0.1795
0.17,0.1795
0.165,0.1795
0.165,0.1795
0.165,0.1795
0.17,0.1795
0.161,0.1795
0.161,0.1795
0.149,0.1795
0.149,0.1795
0.145,0.1795
0.152,0.235
0.1485,0.2795
0.164,0.293
0.164,0.2905
0.172,0.318
0.18,0.334
0.1915,0.338
0.2055,0.3455
0.2115,0.3495
0.2485,0.365
0.2705,0.365
0.2945,0.365
0.322,0.365
0.3985,0.365
0.4125,0.365
0.444,0.365
0.468,0.373
0.474,0.373
0.4875,0.373
0.4875,0.373
0.4875,0.373
0.4875,0.373
0.4875,0.373
0.4875,0.373
0.4875,0.373
0.4875,0.373
0.4875,0.373
0.468,0.373
0.464,0.373
0.448,0.373
0.468,0.373
0.468,0.373
0.452,0.373
0.452,0.373
0.452,0.373
0.452,0.373
0.452,0.361
0.452,0.373
0.452,0.3685
0.452,0.3655
0.464,0.3695
0.48,0.3795
0.4875,0.387
0.555,0.381
0.7005,0.392
0.7005,0.428
0.7005,0.4715
0.7005,0.48
0.7005,0.4905
0.7005,0.4875
0.7005,0.4875
0.7005,0.4915
0.7005,0.503
0.7005,0.5165
0.712,0.5245
0.712,0.533
0.712,0.614
0.732,0.6535
0.734,0.706
0.7535,0.7085
0.7685,0.7085
0.791,0.714
0.803,0.72
0.809,0.726
0.8225,0.732
0.8305,0.7515
0.8305,0.7715
0.8305,0.803
0.8305,0.82
0.8305,0.8505
0.8305,0.862
0.8425,0.827
0.8425,0.76
0.705,0.7045
0.6695,0.6575
0.6405,0.6295
0.649,0.61
0.6375,0.594
0.6375,0.5705
0.6375,0.539
0.6375,0.539
0.6375,0.539
0.6375,0.539
0.6295,0.539
0.6155,0.539
0.598,0.539
0.6005,0.539
0.5865,0.555
0.5865,0.5625
0.5865,0.5705
0.5665,0.5745
0.5585,0.5685
0.5545,0.5785
0.5545,0.5785
0.582,0.5755
0.582,0.5785
0.598,0.5795
0.6135,0.5735
0.6175,0.5705
0.6215,0.5705
0.6295,0.5625
0.6415,0.5385
0.6415,0.5425
0.6415,0.534
0.6415,0.534
0.661,0.531
0.673,0.531
0.675,0.527
0.681,0.511
0.681,0.4915
0.681,0.4915
0.681,0.4715
0.681,0.4715
0.681,0.46
0.681,0.452
0.681,0.452
0.681,0.452
0.681,0.44
0.6615,0.436
0.6495,0.4595
0.6455,0.5545
0.6455,0.6395
0.612,0.665
0.626,0.681
0.6495,0.755
0.6695,0.793
0.681,0.815
0.681,0.8345
0.693,0.8485
0.681,0.8625
0.685,0.851
0.685,0.8645
0.697,0.8585
0.685,0.8585
0.669,0.8585
0.673,0.8585
0.669,0.8585
0.6455,0.8585
0.606,0.8585
0.5905,0.8585
0.5825,0.8575
0.5745,0.8545
0.5585,0.8545
0.5465,0.8385
0.5265,0.827
0.5015,0.827
0.484,0.827
0.476,0.827
0.47,0.827
0.464,0.827
0.4525,0.823
0.4445,0.823
0.4325,0.823
0.4265,0.819
0.4245,0.815
0.448,0.807
0.4635,0.807
0.4795,0.807
0.515,0.807
0.519,0.807
0.527,0.7955
0.527,0.7875
0.531,0.7875
0.535,0.7875
0.5385,0.7835
0.535,0.7835
0.5465,0.7795
0.5465,0.7675
0.5465,0.7675
0.5505,0.76
0.5545,0.752
0.5625,0.748
0.578,0.748
0.586,0.744
0.598,0.728
0.59,0.72
0.602,0.7125
0.602,0.7125
0.61,0.7125
0.622,0.7125
0.63,0.7085
0.6415,0.697
0.6415,0.697
0.6415,0.686
0.6535,0.677
0.6535,0.669
0.6535,0.669
0.6535,0.665
0.6535,0.665
0.6575,0.665
0.682,0.661
0.685,0.661
0.699,0.661
0.693,0.661
0.693,0.661
0.693,0.661
0.699,0.6525
0.693,0.661
0.681,0.6525
0.7045,0.661
0.7045,0.6525
0.7045,0.661
0.7045,0.6525
0.7045,0.6495
0.7085,0.6495
0.7085,0.6495
0.7085,0.6495
0.7045,0.661
0.7085,0.661
0.6965,0.661
0.6965,0.661
0.6885,0.661
0.6845,0.661
0.7085,0.661
0.7045,0.661
0.7185,0.661
0.7045,0.675
0.7205,0.687
0.728,0.7085
0.744,0.748
0.728,0.803
0.744,0.8385
0.748,0.823
0.748,0.815
0.748,0.809
0.756,0.815
0.756,0.815
0.768,0.815
0.768,0.815
0.776,0.815
0.776,0.815
0.772,0.815
0.7835,0.815
0.7875,0.815
0.799,0.815
0.803,0.815
0.819,0.815
0.815,0.815
0.811,0.815
0.8265,0.815
0.8265,0.815
0.8265,0.815
0.8265,0.815
0.8265,0.815
0.8265,0.815
0.8435,0.815
0.8345,0.815
0.8345,0.807
0.8345,0.807
0.8345,0.803
0.8345,0.803
0.8345,0.803
0.8345,0.803
0.8345,0.7955
0.8345,0.7955
0.8345,0.7915
0.8465,0.7715
0.8465,0.765
0.8545,0.768
0.8545,0.746
0.866,0.74
0.866,0.7285
0.866,0.7205
0.878,0.7125
0.878,0.701
0.878,0.693
0.878,0.6415
0.8975,0.6365
0.9055,0.626
0.9055,0.622
0.9055,0.618
0.9055,0.618
0.9055,0.618
0.9055,0.6295
0.878,0.6335
0.8585,0.651
0.827,0.6495
0.7915,0.6375
0.7795,0.6455
0.752,0.6335
0.736,0.626
0.7245,0.63
0.6885,0.622
0.653,0.618
0.6495,0.614
0.6495,0.606
0.6495,0.606
0.6495,0.602
0.6495,0.602
0.6495,0.602
0.6495,0.5985
0.6495,0.5945
0.6495,0.5945
0.6375,0.5865
0.6335,0.592
0.6255,0.5865
0.6215,0.5865
0.614,0.5825
0.614,0.5825
0.602,0.5785
0.602,0.5665
0.614,0.5665
0.59,0.5665
0.598,0.5665
0.602,0.5665
0.602,0.563
0.59,0.563
0.602,0.559
0.586,0.559
0.586,0.559
0.586,0.5645
0.582,0.559
0.582,0.559
0.582,0.559
0.582,0.559
0.582,0.559
0.582,0.559
0.582,0.559
0.582,0.559
0.582,0.559
0.582,0.555
0.582,0.551
0.582,0.551
0.582,0.551
0.582,0.551
0.582,0.551
0.582,0.551
0.582,0.539
0.582,0.539
0.582,0.539
0.582,0.539
0.582,0.542
0.602,0.539
0.606,0.539
0.606,0.539
0.626,0.539
0.6335,0.551
0.6455,0.539
0.677,0.539
0.7125,0.5585
0.7165,0.582
0.74,0.594
0.764,0.6535
0.7835,0.691
0.8035,0.772
0.827,0.803
0.835,0.803
0.843,0.8225
0.843,0.8305
0.8705,0.8505
0.902,0.862
0.9415,0.873
0.953,0.89
0.953,0.9045
0.953,0.941
0.961,0.9725
0.9805,0.9805
0.9985,1.0
1.0,1.0
1.0,1.0
1.0,1.0
1.0,1.0
1.0,1.0
1.0,1.0
1.0,1.0
1.0,1.0
1.0,1.0
1.0,1.0
1.0,1.0
1.0,0.9885
1.0,0.937
1.0,0.89
1.0,0.858
1.0,0.803
1.0,0.803
0.9885,0.803
0.9725,0.795
0.937,0.795
0.933,0.7835
0.9215,0.7635
0.9255,0.7515
0.933,0.7475
0.9135,0.744
0.9055,0.736
0.89,0.732
0.8545,0.728
0.862,0.728
0.8465,0.72
0.8385,0.72
0.8465,0.72
0.8265,0.72
0.8385,0.72
0.819,0.72
0.8265,0.72
0.8345,0.72
0.819,0.72
0.815,0.72
0.8265,0.72
0.8305,0.732
0.8305,0.7635
0.819,0.7835
0.819,0.787
0.819,0.811
0.819,0.8465
0.819,0.882
0.8465,0.886
0.862,0.886
0.886,0.89
0.9055,0.89
0.9135,0.8975
0.9845,0.8975
1.0,0.8975
1.0,0.8975
1.0,0.8975
1.0,0.878
1.0,0.87
1.0,0.87
1.0,0.867
1.0,0.8615
1.0,0.8585
1.0,0.87
1.0,0.8585
1.0,0.841
1.0,0.823
1.0,0.803
1.0,0.764
1.0,0.748
1.0,0.728
0.9685,0.7205
0.874,0.685
0.8505,0.6655
0.8265,0.6455
0.819,0.6
0.803,0.5585
0.795,0.5115
0.795,0.471
0.787,0.4485
0.787,0.389
0.787,0.381
0.799,0.369
0.7835,0.361
0.7835,0.361
0.76,0.342
0.733,0.342
0.7205,0.348
0.7165,0.342
0.681,0.342
0.6575,0.342
0.661,0.342
0.626,0.342
0.62,0.334
0.626,0.334
0.602,0.322
0.586,0.322
0.59,0.3105
0.5745,0.3105
0.5745,0.2985
0.5665,0.2985
0.5745,0.2985
0.5625,0.2925
0.5665,0.2825
0.527,0.2825
0.515,0.2825
0.505,0.2825
0.499,0.2905
0.499,0.2965
0.4875,0.31
0.4875,0.324
0.4875,0.3415
0.4875,0.3415
0.4875,0.3415
0.4875,0.3415
0.4875,0.3415
0.5195,0.3415
0.523,0.3465
0.543,0.3615
0.5625,0.3615
0.5785,0.3615
0.5785,0.3615
0.5815,0.3735
0.598,0.3705
0.606,0.376
0.606,0.379
0.606,0.381
0.606,0.4005
0.606,0.397
0.606,0.405
0.606,0.413
0.606,0.413
0.606,0.413
0.606,0.413
0.606,0.413
0.606,0.402
0.606,0.393
0.606,0.396
0.606,0.393
0.6175,0.393
0.6175,0.393
0.6175,0.393
0.6175,0.387
0.6255,0.3815
0.6255,0.3815
0.6255,0.3815
0.6255,0.3815
0.6255,0.3735
0.6255,0.3735
0.6255,0.3735
0.6255,0.3735
0.6255,0.3675
0.6255,0.3615
0.6255,0.365
0.6255,0.371
0.6255,0.365
0.6255,0.374
0.6255,0.365
0.6255,0.365
0.6255,0.365
0.6255,0.365
0.606,0.371
0.598,0.365
0.598,0.368
0.598,0.365
0.5865,0.365
0.59,0.365
0.59,0.365
0.59,0.357
0.59,0.357
0.5785,0.357
0.5785,0.357
0.5865,0.357
0.5625,0.357
0.5785,0.357
0.5645,0.357
0.5545,0.357
0.5585,0.357
0.5585,0.357
0.5585,0.357
0.5585,0.357
0.5585,0.357
0.5585,0.357
0.5585,0.357
0.5585,0.357
0.5585,0.357
0.5585,0.357
0.5585,0.357
0.5585,0.357
0.5585,0.357
0.5585,0.357
0.5585,0.357
0.5585,0.357
0.5585,0.3515
0.5585,0.357
0.5585,0.3455
0.5585,0.3455
0.5585,0.3455
0.5585,0.3455
0.5585,0.3375
0.5585,0.3375
0.5585,0.3375
0.5585,0.3375
0.5585,0.3375
0.5585,0.3375
0.5585,0.3375
0.5585,0.3375
0.5585,0.3375
0.5585,0.3375
0.5585,0.3315
0.5645,0.3255
0.5585,0.3375
0.5585,0.3255
0.5585,0.3255
0.5585,0.3255
0.5585,0.3255
0.5585,0.3255
0.5585,0.3255
0.5585,0.3255
0.5585,0.3255
0.5585,0.3255
0.5585,0.3255
0.5615,0.3255
0.5585,0.3255
0.5615,0.3285
0.5585,0.3255
0.5585,0.3255
0.5585,0.3255
0.5585,0.3255
0.5585,0.3255
0.5585,0.3175
0.5585,0.3175
0.5585,0.3175
0.5585,0.3175
0.5585,0.3175
0.5585,0.3175
0.5585,0.3175
0.5585,0.3175
0.5585,0.3175
0.5585,0.3175
0.5585,0.3175
0.5585,0.3175
0.5585,0.3175
0.5585,0.3175
0.5585,0.3175
0.5585,0.3175
0.5585,0.3175
0.5585,0.3175
0.5585,0.3175
0.5585,0.3175
0.5585,0.3175
0.5585,0.3175
0.5585,0.3175
0.5585,0.3175
0.5585,0.3175
0.5585,0.3175
0.5585,0.3175
0.5585,0.3175
0.5615,0.3175
0.5585,0.3175
0.5585,0.3175
0.5585,0.3175
0.5665,0.3175
0.5705,0.3175
0.5705,0.3175
0.5745,0.3175
0.578,0.3175
0.586,0.3175
0.594,0.3175
0.6175,0.3175
0.6295,0.3175
0.6375,0.3175
0.668,0.3175
0.661,0.3175
0.661,0.3175
0.657,0.3175
0.657,0.3455
0.663,0.357
0.657,0.373
0.657,0.3885
0.657,0.44
0.673,0.448
0.676,0.448
0.657,0.464
0.653,0.4675
0.653,0.4715
0.653,0.4755
0.653,0.4755
0.653,0.4875
0.653,0.4875
0.653,0.4875
0.653,0.4875
0.662,0.4875
0.665,0.4875
0.665,0.4875
0.665,0.4875
0.6925,0.4905
0.7045,0.4995
0.7125,0.4995
0.732,0.519
0.744,0.519
0.752,0.527
0.752,0.527
0.752,0.527
0.752,0.527
0.752,0.527
0.752,0.539
0.752,0.539
0.752,0.539
0.752,0.539
0.752,0.539
0.752,0.539
0.752,0.539
0.752,0.529
0.752,0.535
0.752,0.535
0.752,0.535
0.752,0.535
0.752,0.535
0.752,0.535
0.752,0.535
0.752,0.535
0.752,0.535
0.752,0.531
0.752,0.531
0.752,0.531
0.752,0.527
0.752,0.527
0.752,0.527
0.752,0.527
0.752,0.527
0.752,0.527
0.752,0.527
0.7575,0.527
0.756,0.527
0.776,0.527
0.776,0.527
0.776,0.527
0.7875,0.527
0.8035,0.527
0.831,0.527
0.843,0.527
0.847,0.527
0.847,0.527
0.847,0.527
0.847,0.527
0.839,0.527
0.8465,0.527
0.8465,0.527
0.8465,0.527
0.8465,0.527
0.8465,0.527
0.8465,0.527
0.8465,0.527
0.8465,0.527
0.8465,0.527
0.8465,0.5235
0.8465,0.5235
0.8465,0.5155
0.8465,0.5075
0.8465,0.5075
0.8465,0.4915
0.8465,0.468
0.8465,0.468
0.8465,0.468
0.8465,0.468
0.8465,0.468
0.8465,0.46
0.8465,0.46
0.8465,0.46
0.8465,0.456
0.8465,0.456
0.8465,0.456
0.8465,0.456
0.8465,0.4525
0.8465,0.4525
0.8465,0.4525
0.8465,0.4525
0.8465,0.4485
0.8465,0.4485
0.8465,0.4485
0.8465,0.4485
0.8545,0.4485
0.8665,0.4485
0.8705,0.4485
0.8705,0.4485
0.8705,0.4485
0.8705,0.4485
0.8705,0.4485
0.8705,0.4485
0.8745,0.4485
0.8655,0.4405
0.87,0.4365
0.862,0.4365
0.862,0.4365
0.8535,0.4365
0.8505,0.4365
0.859,0.4365
0.8505,0.4365
0.835,0.4365
0.7995,0.4365
0.772,0.4365
0.7325,0.4365
0.7245,0.4325
0.7165,0.4325
0.6925,0.4325
0.677,0.4325
0.677,0.4245
0.6655,0.4205
0.6655,0.417
0.6535,0.405
0.6535,0.401
0.6375,0.401
0.602,0.3815
0.5745,0.3815
0.5785,0.3815
0.5825,0.3775
0.5745,0.3775
0.5745,0.3775
0.5625,0.3775
0.5625,0.3775
0.5545,0.3775
0.5545,0.3775
0.5545,0.3775
0.5545,0.3775
0.5545,0.3775
0.5545,0.3575
0.5545,0.3575
0.5545,0.3495
0.5545,0.338
0.535,0.33
0.5465,0.33
0.535,0.33
0.531,0.33
0.5505,0.33
0.5385,0.33
0.5385,0.33
0.5385,0.318
0.5385,0.306
0.5385,0.306
0.5385,0.312
0.5385,0.3335
0.5385,0.3885
0.5385,0.4125
0.5385,0.4755
0.5385,0.4905
0.5385,0.4915
0.5385,0.4915
0.5385,0.4915
0.5385,0.4915
0.5385,0.4915
0.5505,0.4915
0.5505,0.4915
0.5545,0.482
0.5545,0.476
0.5545,0.479
0.5545,0.4875
0.5545,0.4875
0.5545,0.4875
0.5505,0.4875
0.5625,0.4875
0.5665,0.4875
0.582,0.4875
0.582,0.4875
0.586,0.4875
0.586,0.4875
0.586,0.4875
0.586,0.4875
0.586,0.476
0.586,0.476
0.586,0.476
0.586,0.476
0.586,0.476
0.586,0.476
0.586,0.476
0.586,0.472
0.586,0.468
0.586,0.468
0.586,0.468
0.586,0.468
0.586,0.464
0.586,0.456
0.586,0.452
0.586,0.448
0.586,0.4325
0.586,0.4165
0.586,0.4125
0.586,0.409
0.586,0.409
0.586,0.409
0.586,0.401
0.586,0.401
0.586,0.401
0.586,0.401
0.586,0.401
0.586,0.401
0.586,0.401
0.586,0.4475
0.606,0.4965
0.7515,0.5725
0.7515,0.7095
0.7515,0.712
0.7515,0.712
0.7515,0.74
0.7515,0.7595
0.7515,0.788
0.7515,0.817
0.7515,0.8225
0.7515,0.8305
0.7515,0.8305
0.7515,0.8505
0.7515,0.87
0.7515,0.89
0.7515,0.9015
0.7515,0.941
0.7515,0.953
0.7515,0.953
0.7515,0.953
0.7515,0.961
0.7515,0.9725
0.7515,0.9745
0.7515,0.9805
0.7515,1.0
0.7515,1.0
0.7515,1.0
0.7515,1.0
0.7515,1.0
0.7515,1.0
0.7515,1.0
0.7515,1.0
0.7515,1.0
0.7515,1.0
0.7515,1.0
0.7515,1.0
0.7515,1.0
0.7515,1.0
0.7515,1.0
0.7515,1.0
0.7515,1.0
0.7515,1.0
0.7515,1.0
0.7515,1.0
0.7515,1.0
0.7515,1.0
0.7515,1.0
0.7715,1.0
0.791,1.0
0.817,1.0
0.89,1.0
0.933,1.0
0.961,1.0
1.0,1.0
1.0,1.0
1.0,1.0
1.0,1.0
1.0,1.0
1.0,1.0
1.0,1.0
1.0,1.0
1.0,1.0
1.0,1.0
1.0,1.0
1.0,1.0
1.0,1.0
1.0,1.0
1.0,1.0
1.0,1.0
1.0,1.0
1.0,1.0
1.0,1.0
1.0,1.0
1.0,1.0
1.0,1.0
1.0,1.0
1.0,1.0
1.0,1.0
1.0,1.0
1.0,1.0
1.0,1.0
1.0,1.0
1.0,1.0
1.0,1.0
1.0,1.0
1.0,0.9865
1.0,0.9805
1.0,0.9725
1.0,0.9725
1.0,0.9725
1.0,0.9725
1.0,0.9725
1.0,0.9695
1.0,0.964
1.0,0.961
1.0,0.9695
1.0,0.961
1.0,0.961
1.0,0.961
1.0,0.961
1.0,0.9665
1.0,0.961
1.0,0.9665
1.0,0.964
1.0,0.9725
1.0,0.9725
1.0,0.9725
1.0,0.9725
1.0,0.9725
1.0,0.9945
1.0,1.0
1.0,1.0
1.0,1.0
1.0,1.0
1.0,1.0
1.0,1.0
1.0,1.0
1.0,1.0
1.0,1.0
1.0,1.0
1.0,1.0
1.0,1.0
1.0,1.0
1.0,1.0
1.0,1.0
1.0,1.0
1.0,1.0
1.0,1.0
1.0,1.0
1.0,1.0
1.0,1.0
1.0,1.0
1.0,1.0
1.0,1.0
1.0,1.0
1.0,1.0
1.0,1.0
1.0,1.0
1.0,1.0
1.0,1.0
1.0,1.0
1.0,1.0
1.0,1.0
1.0,1.0
1.0,1.0
1.0,1.0
1.0,1.0
1.0,1.0
1.0,1.0
1.0,1.0
1.0,1.0
1.0,1.0
1.0,1.0
1.0,1.0
1.0,1.0
1.0,1.0
1.0,1.0
1.0,1.0
1.0,1.0
1.0,1.0
1.0,1.0
1.0,1.0
1.0,1.0
1.0,1.0
1.0,1.0
1.0,1.0
1.0,1.0
1.0,1.0
1.0,1.0
1.0,1.0
1.0,1.0
1.0,1.0
0.9725,1.0
0.961,0.9785
0.953,0.9725
0.953,0.9725
0.933,0.961
0.9215,0.953
0.9135,0.941
0.9015,0.933
0.9015,0.9015
0.8955,0.888
0.882,0.882
0.87,0.882
0.8505,0.882
0.8425,0.882
0.8335,0.87
0.8305,0.87
0.8225,0.862
0.8225,0.862
0.811,0.862
0.811,0.862
0.803,0.831
0.803,0.772
0.797,0.752
0.791,0.752
0.791,0.752
0.791,0.744
0.791,0.732
0.791,0.732
0.791,0.732
0.803,0.732
0.803,0.732
0.8285,0.732
0.8365,0.738
0.856,0.732
0.882,0.732
0.9015,0.732
0.9135,0.724
0.9135,0.724
0.9215,0.738
0.933,0.732
0.941,0.732
0.953,0.732
0.961,0.744
0.961,0.748
0.961,0.7595
0.9665,0.7795
0.961,0.7875
0.961,0.7875
0.961,0.793
0.964,0.799
0.961,0.811
0.961,0.819
0.961,0.8305
0.961,0.8305
0.961,0.8385
0.961,0.8385
0.961,0.8385
0.961,0.8385
0.961,0.8385
0.961,0.8385
0.961,0.831
0.961,0.819
0.961,0.807
0.961,0.803
0.953,0.799
0.953,0.799
0.9295,0.805
0.9175,0.7915
0.902,0.7915
0.902,0.7835
0.902,0.7835
0.894,0.7835
0.894,0.7835
0.894,0.7835
0.894,0.7795
0.894,0.7795
0.878,0.7795
0.874,0.7715
0.874,0.7715
0.8655,0.7635
0.8625,0.7595
0.8545,0.744
0.8545,0.736
0.8515,0.7205
0.8425,0.7205
0.8425,0.7125
0.831,0.697
0.823,0.697
0.823,0.681
0.823,0.681
0.823,0.677
0.823,0.669
0.823,0.6655
0.823,0.6655
0.814,0.6575
0.811,0.6575
0.795,0.6495
0.7875,0.6335
0.764,0.6215
0.736,0.6275
0.728,0.6175
0.7045,0.6175
0.7045,0.614
0.6845,0.606
0.6845,0.606
0.6845,0.606
0.673,0.606
0.673,0.606
0.669,0.606
0.669,0.606
0.669,0.606
0.669,0.5945
0.661,0.5945
0.666,0.5945
0.669,0.5945
0.678,0.5945
0.675,0.5945
0.689,0.5945
0.689,0.5945
0.689,0.5945
0.689,0.5775
0.689,0.5525
0.692,0.5465
0.689,0.539
0.689,0.539
0.7005,0.531
0.7005,0.527
0.7005,0.523
0.7005,0.523
0.7005,0.523
0.7005,0.523
0.7005,0.523
0.7005,0.523
0.7005,0.523
0.7005,0.523
0.7005,0.523
0.7125,0.523
0.7125,0.523
0.7125,0.523
0.7125,0.523
0.7125,0.523
0.7125,0.523
0.728,0.519
0.732,0.514
0.7595,0.511
0.7635,0.511
0.7675,0.511
0.7635,0.511
0.7755,0.511
0.7795,0.511
0.7835,0.509
0.803,0.511
0.8505,0.511
0.8505,0.503
0.8505,0.503
0.824,0.503
0.7755,0.503
0.7205,0.503
0.693,0.503
0.6655,0.503
0.6455,0.503
0.5785,0.503
0.5195,0.503
0.476,0.503
0.4245,0.503
0.393,0.4915
0.385,0.4915
0.382,0.4945
0.382,0.4915
0.382,0.4915
0.382,0.4915
0.382,0.4915
0.382,0.4835
0.382,0.4835
0.382,0.4715
0.382,0.46
0.382,0.452
0.382,0.443
0.382,0.44
0.382,0.432
0.382,0.432
0.382,0.4125
0.382,0.4005
0.382,0.3925
0.382,0.3925
0.382,0.3925
0.382,0.385
0.382,0.381
0.382,0.3375
0.382,0.298
0.382,0.29
0.382,0.2785
0.382,0.2705
0.382,0.2585
0.382,0.2545
0.382,0.2545
0.382,0.243
0.382,0.2305
0.382,0.235
0.382,0.2265
0.382,0.2235
0.382,0.2165
0.382,0.212
0.382,0.212
0.382,0.212
0.382,0.212
0.382,0.212
0.382,0.212
0.382,0.212
0.382,0.212
0.382,0.212
0.382,0.212
0.382,0.212
0.382,0.212
0.382,0.212
0.382,0.212
0.382,0.212
0.382,0.212
0.382,0.212
0.382,0.212
0.382,0.212
0.382,0.212
0.382,0.212
0.382,0.212
0.382,0.212
0.382,0.219
0.409,0.235
0.4875,0.2585
0.531,0.294
0.543,0.31
0.547,0.314
0.5665,0.314
0.598,0.314
0.61,0.314
0.598,0.3175
0.614,0.3255
0.6335,0.3295
0.6335,0.3295
0.6335,0.3335
0.6455,0.3335
0.6495,0.3335
0.6495,0.3335
0.6455,0.3335
0.6575,0.3335
0.6575,0.3335
0.6575,0.3335
0.6455,0.357
0.6455,0.369
0.6455,0.381
0.6455,0.381
0.6455,0.381
0.6455,0.381
0.6455,0.381
0.6455,0.381
0.6455,0.381
0.6455,0.381
0.6455,0.381
0.6455,0.381
0.6455,0.381
0.6455,0.381
0.6455,0.369
0.6455,0.365
0.6455,0.357
0.6455,0.353
0.6455,0.3375
0.6455,0.3375
0.6455,0.3375
0.6455,0.3375
0.6455,0.3335
0.6455,0.3335
0.6455,0.3335
0.6455,0.3455
0.6455,0.3455
0.6455,0.3335
0.6455,0.3335
0.6455,0.3335
0.6455,0.3335
0.6455,0.3335
0.6455,0.3335
0.6455,0.3335
0.6455,0.3335
0.6455,0.3335
0.6455,0.3335
0.6455,0.3335
0.6455,0.322
0.6455,0.314
0.6455,0.314
0.6455,0.314
0.6335,0.302
0.62,0.298
0.602,0.2885
0.5775,0.2745
0.5565,0.271
0.5385,0.271
0.531,0.263
0.5035,0.257
0.4875,0.251
0.4955,0.239
0.487,0.235
0.456,0.2235
0.448,0.2235
0.4205,0.2235
0.399,0.2155
0.401,0.2275
0.373,0.2195
0.373,0.2075
0.3675,0.1915
0.3535,0.172
0.3435,0.172
0.3255,0.172
0.3175,0.172
0.3175,0.172
0.314,0.172
0.3025,0.172
0.3055,0.172
0.3035,0.172
0.312,0.172
0.306,0.172
0.2995,0.172
0.2995,0.172
0.2935,0.172
0.2895,0.172
0.2865,0.172
0.2785,0.1615
0.245,0.1485
0.2465,0.1285
0.2295,0.1405
0.2255,0.1405
0.227,0.129
0.2245,0.113
0.2245,0.117
0.227,0.113
0.2155,0.109
0.2245,0.109
0.2155,0.101
0.2155,0.093
0.2075,0.09
0.1995,0.09
0.192,0.09
0.188,0.09
0.184,0.09
0.18,0.09
0.18,0.09
0.1605,0.09
0.1605,0.096
0.1485,0.09
0.1485,0.093
0.1485,0.09
0.1485,0.09
0.1405,0.09
0.1405,0.096
0.1405,0.09
0.1405,0.09
0.1285,0.09
0.1285,0.09
0.117,0.09
0.117,0.09
0.109,0.09
0.109,0.09
0.109,0.09
0.109,0.09
0.109,0.09
0.097,0.097
0.097,0.109
0.097,0.1285
0.097,0.1485
0.097,0.172
0.097,0.188
0.097,0.188
0.097,0.188
0.097,0.192
0.0895,0.192
0.0895,0.192
0.0775,0.192
0.0775,0.192
0.089,0.192
0.089,0.192
0.089,0.192
0.093,0.192
0.093,0.192
0.097,0.192
0.105,0.192
0.109,0.1955
0.1205,0.1805
0.1325,0.1755
0.1245,0.1755
0.1245,0.164
0.1405,0.172
0.156,0.176
0.16,0.176
0.168,0.176
0.168,0.176
0.159,0.176
0.168,0.176
0.168,0.185
0.168,0.185
0.168,0.1875
0.168,0.1875
0.168,0.1875
0.176,0.1875
0.176,0.1875
0.176,0.1875
0.176,0.1875
0.192,0.1875
0.1995,0.1965
0.2035,0.1995
0.2035,0.2075
0.2035,0.2105
0.2195,0.2165
0.2275,0.2135
0.2705,0.2235
0.306,0.2355
0.314,0.255
0.314,0.259
0.314,0.263
0.314,0.263
0.314,0.271
0.306,0.2785
0.306,0.2945
0.314,0.3105
0.314,0.3105
0.314,0.314
0.314,0.318
0.314,0.322
0.314,0.3295
0.314,0.3295
0.314,0.3295
0.314,0.3295
0.314,0.3295
0.314,0.3295
0.314,0.3295
0.314,0.3295
0.314,0.3415
0.314,0.3385
0.314,0.3415
0.314,0.3415
0.306,0.3415
0.2865,0.3415
0.2705,0.3355
0.231,0.3295
0.235,0.3385
0.247,0.3295
0.231,0.3295
0.243,0.3295
0.251,0.3295
0.251,0.3295
0.247,0.3295
0.2275,0.306
0.231,0.308
0.231,0.304
0.2115,0.29
0.2195,0.2785
0.2195,0.2705
0.1995,0.2705
0.2115,0.2665
0.1995,0.2665
0.2035,0.2655
0.192,0.2625
0.18,0.2595
0.192,0.247
0.192,0.243
0.18,0.2235
0.18,0.2195
0.176,0.2075
0.176,0.2
0.168,0.191
0.168,0.197
0.176,0.188
0.188,0.176
0.176,0.191
0.1605,0.184
0.1605,0.164
0.1605,0.152
0.1565,0.164
0.1525,0.1525
0.1565,0.1525
0.1445,0.1555
0.1445,0.1525
0.1445,0.1525
0.1405,0.1525
0.1365,0.1525
0.1365,0.1365
0.129,0.1385
0.129,0.1285
0.129,0.125
0.129,0.121
0.129,0.1325
0.125,0.1385
0.109,0.1505
0.0895,0.172
0.0855,0.223
0.0855,0.263
0.0855,0.2745
0.0855,0.2825
0.0855,0.314
0.0855,0.322
0.0855,0.33
0.0855,0.33
0.0855,0.33
0.0855,0.318
0.0855,0.2985
0.0855,0.2745
0.0855,0.231
0.0855,0.2275
0.0855,0.2155
0.0855,0.1955
0.0855,0.172
0.0855,0.172
0.0855,0.172
0.0855,0.168
0.0855,0.1835
0.0855,0.168
0.0855,0.18
0.0655,0.18
0.05,0.192
0.034,0.182
0.031,0.1915
0.031,0.2035
0.031,0.1925
0.031,0.1835
0.031,0.1925
0.031,0.1925
0.031,0.1925
0.031,0.1925
0.031,0.1925
0.031,0.1925
0.031,0.2005
0.031,0.193
0.031,0.2045
0.031,0.193
0.031,0.2045
0.031,0.2065
0.031,0.2125
0.031,0.2185
0.031,0.2185
0.031,0.2245
0.031,0.2245
0.031,0.232
0.031,0.232
0.031,0.232
0.031,0.2545
0.031,0.2545
0.031,0.2545
0.031,0.2545
0.031,0.2545
0.031,0.2545
0.031,0.2545
0.031,0.2515
0.031,0.246
0.031,0.243
0.031,0.251
0.031,0.243
0.031,0.243
0.031,0.243
0.031,0.243
0.031,0.251
0.031,0.2625
0.031,0.2645
0.026,0.2705
0.038,0.2705
0.0575,0.2905
0.0575,0.2785
0.0695,0.298
0.077,0.306
0.089,0.303
0.105,0.303
0.1245,0.303
0.1305,0.291
0.148,0.314
0.16,0.3375
0.168,0.328
0.18,0.316
0.18,0.314
0.1875,0.2945
0.1875,0.2705
0.1875,0.2625
0.1875,0.266
0.1875,0.251
0.1875,0.263
0.1875,0.251
0.1875,0.251
0.1875,0.254
0.1875,0.251
0.1875,0.251
0.168,0.251
0.1095,0.251
0.1095,0.257
0.1095,0.251
0.1095,0.251
0.1095,0.251
0.1095,0.254
0.1095,0.251
0.1095,0.251
0.1095,0.249
0.1095,0.243
0.1095,0.243
0.1095,0.243
0.1095,0.243
0.1095,0.243
0.1095,0.243
0.1095,0.239
0.1095,0.2235
0.1095,0.1955
0.1095,0.1925
0.1095,0.1925
0.1095,0.1865
0.1095,0.1865
0.1095,0.1805
0.1095,0.1805
0.1095,0.1805
0.1095,0.167
0.1095,0.161
0.1095,0.149
0.1095,0.149
0.1095,0.149
0.1095,0.141
0.1095,0.1295
0.1095,0.1295
0.1095,0.1215
0.1095,0.1095
0.1095,0.1095
0.1095,0.1095
0.1095,0.102
0.1095,0.102
0.1095,0.102
0.1095,0.102
0.1095,0.102
0.1095,0.102
0.1095,0.102
0.1095,0.102
0.1095,0.102
0.1095,0.102
0.1095,0.102
0.1095,0.102
0.1095,0.102
0.1095,0.102
0.1095,0.102
0.1095,0.102
0.1095,0.102
0.1095,0.102
0.1095,0.102
0.1095,0.102
0.1095,0.102
0.1095,0.09
0.1095,0.09
0.1095,0.09
0.1095,0.09
0.1095,0.09
0.1095,0.09
0.1095,0.09
0.1095,0.07
0.1095,0.07
0.1095,0.07
0.1095,0.07
0.1095,0.07
0.1095,0.07
0.1095,0.07
0.1095,0.07
0.1095,0.0645
0.1095,0.0585
0.1095,0.0385
0.1095,0.0385
0.1095,0.0385
0.1095,0.0385
0.1095,0.0385
0.1095,0.0385
0.1095,0.0385
0.1095,0.0385
0.1095,0.0385
0.1095,0.0385
0.1095,0.0385
0.1095,0.0385
0.1095,0.0385
0.1095,0.0385
0.1095,0.0385
0.1095,0.0385
0.1095,0.0385
0.1095,0.0385
0.1095,0.0385
0.1095,0.031
0.1095,0.031
0.1095,0.031
0.1095,0.031
0.1095,0.031
0.1095,0.031
0.1095,0.031
0.1095,0.031
0.1095,0.031
0.1095,0.031
0.1095,0.031
0.1095,0.031
0.1095,0.031
0.1095,0.031
0.1095,0.031
0.1095,0.031
0.1095,0.031
0.1095,0.031
0.1095,0.031
0.1095,0.031
0.1095,0.031
0.1095,0.031
0.1095,0.031
0.1095,0.031
0.1095,0.031
0.1095,0.031
0.1095,0.031
0.1095,0.031
0.1095,0.031
0.1095,0.019
0.1095,0.019
0.1095,0.019
0.1095,0.031
0.1095,0.031
0.1095,0.031
0.1095,0.025
0.1095,0.019
0.1095,0.031
0.1095,0.025
0.1095,0.031
0.1095,0.025
0.1095,0.031
0.1095,0.031
0.1205,0.019
0.1325,0.025
0.164,0.019
0.168,0.019
0.168,0.025
0.168,0.022
0.168,0.028
0.168,0.031
0.168,0.031
0.168,0.031
0.172,0.031
0.172,0.031
0.172,0.031
0.1795,0.031
0.1795,0.038
0.1795,0.054
0.1795,0.097
0.1795,0.097
0.1795,0.109
0.1795,0.113
0.1795,0.1285
0.1875,0.1405
0.1995,0.164
0.215,0.176
0.231,0.176
0.247,0.176
0.2545,0.18
0.2665,0.184
0.2825,0.184
0.286,0.192
0.302,0.192
0.302,0.172
0.302,0.172
0.302,0.172
0.302,0.172
0.302,0.172
0.302,0.172
0.302,0.172
0.302,0.172
0.302,0.172
0.302,0.172
0.302,0.172
0.302,0.172
0.302,0.172
0.302,0.172
0.302,0.172
0.302,0.172
0.302,0.172
0.302,0.172
0.302,0.172
0.302,0.172
0.302,0.172
0.302,0.172
0.302,0.172
0.302,0.172
0.302,0.172
0.302,0.178
0.302,0.172
0.302,0.178
0.302,0.178
0.302,0.184
0.302,0.184
0.2665,0.184
0.239,0.184
0.235,0.2035
0.223,0.2175
0.239,0.2235
0.223,0.2235
0.235,0.2235
0.223,0.2355
0.223,0.243
0.223,0.243
0.223,0.243
0.2075,0.243
0.2035,0.243
0.1995,0.255
0.1955,0.259
0.1875,0.247
0.1875,0.2465
0.1875,0.243
0.1875,0.244
0.1875,0.243
0.1875,0.243
0.1875,0.231
0.1875,0.231
0.1835,0.234
0.1795,0.2115
0.168,0.1995
0.156,0.1995
0.156,0.1805
0.148,0.2085
0.1325,0.1995
0.1285,0.1965
0.1285,0.1995
0.1205,0.1995
0.1095,0.1995
0.1095,0.1995
0.1095,0.1995
0.1095,0.1995
0.1095,0.1995
0.1095,0.1995
0.1095,0.1995
0.1095,0.1995
0.1095,0.1995
0.1095,0.1995
0.1095,0.2015
0.1095,0.2075
0.1095,0.2075
0.1095,0.2075
0.1095,0.2075
0.1095,0.2075
0.1095,0.2075
0.1095,0.2075
0.1095,0.2075
0.1095,0.2195
0.1095,0.2195
0.1095,0.1995
0.1095,0.188
0.1095,0.18
0.1095,0.18
0.1095,0.18
0.1095,0.18
0.1095,0.168
0.1095,0.168
0.1095,0.16
0.1095,0.16
0.1095,0.141
0.1095,0.141
0.1095,0.141
0.1095,0.141
0.1095,0.141
0.1095,0.141
0.1095,0.1295
0.1165,0.1355
0.1205,0.1215
0.1205,0.1095
0.1205,0.1095
0.1205,0.102
0.1205,0.102
0.1205,0.102
0.1205,0.102
0.1205,0.102
0.1285,0.102
0.1285,0.102
0.109,0.102
0.109,0.102
0.109,0.102
0.101,0.102
0.101,0.102
0.089,0.102
0.0805,0.102
0.0775,0.102
0.0695,0.102
0.0695,0.102
0.0695,0.102
0.0695,0.102
0.0695,0.102
0.0695,0.0945
0.0575,0.0945
0.0505,0.0945
0.0505,0.0745
0.0505,0.0745
0.0505,0.0745
0.0505,0.0625
0.0505,0.0625
0.0505,0.0105
0.0505,0.0105
0.0505,0.0105
0.0505,0.0065
0.0505,0.0025
0.0505,0.0025
0.0505,0.0025
0.0575,0.0025
0.0575,0.0025
0.0615,0.0025
0.0505,0.0105
0.0505,0.0105
0.0505,0.0105
0.015,0.0105
-0.033,0.0165
-0.069,0.0105
-0.077,0.0105
-0.077,0.0105
-0.077,0.0105
-0.061,0.0465
-0.061,0.0745
-0.057,0.0745
-0.057,0.09
-0.057,0.093
-0.057,0.097
-0.057,0.101
-0.057,0.117
-0.057,0.1285
-0.057,0.1285
-0.057,0.1285
-0.057,0.1325
-0.057,0.1325
-0.057,0.1325
-0.057,0.1325
-0.057,0.1325
-0.057,0.1325
-0.057,0.1325
-0.057,0.1325
-0.057,0.1325
-0.057,0.1285
-0.057,0.1325
-0.057,0.1445
-0.057,0.1445
-0.057,0.1445
-0.057,0.1445
-0.057,0.1445
-0.057,0.1445
-0.057,0.1445
-0.057,0.1445
-0.057,0.1445
-0.057,0.1445
-0.057,0.1445
-0.057,0.1445
-0.057,0.1445
-0.057,0.1445
-0.057,0.1445
-0.057,0.1445
-0.057,0.1205
-0.057,0.101
-0.057,0.089
-0.025,0.082
-0.009,0.082
0.027,0.082
0.039,0.082
0.047,0.082
0.047,0.082
0.0505,0.082
0.0505,0.082
0.0505,0.082
0.0505,0.0745
0.0505,0.0305
0.0505,-0.0215
0.0505,-0.0495
0.0505,-0.0575
0.0505,-0.0575
0.0505,-0.0655
0.0505,-0.0655
0.0505,-0.0655
0.0505,-0.0655
0.0505,-0.0655
0.0505,-0.0655
0.0505,-0.0655
0.0505,-0.0775
0.0505,-0.089
0.0505,-0.089
0.0505,-0.089
0.0505,-0.089
0.0505,-0.089
0.0505,-0.089
0.0505,-0.089
0.0505,-0.089
0.0505,-0.089
0.0505,-0.089
0.0505,-0.089
0.0505,-0.089
0.0505,-0.089
0.0505,-0.0775
0.0505,-0.0615
0.0505,-0.0175
0.0505,0.0425
0.0505,0.0425
0.0505,0.0625
0.0505,0.07
0.0505,0.0545
0.0505,0.07
0.0505,0.07
0.0505,0.07
0.0505,0.07
0.0505,0.07
0.015,0.07
-0.009,0.07
-0.013,0.07
-0.021,0.07
-0.033,0.07
-0.033,0.07
-0.045,0.07
-0.045,0.073
-0.045,0.1205
-0.049,0.1285
-0.049,0.1485
-0.049,0.1795
-0.049,0.1795
-0.049,0.1875
-0.049,0.1955
-0.049,0.1955
-0.049,0.2035
-0.057,0.2075
-0.057,0.2075
-0.061,0.2115
-0.069,0.2115
-0.069,0.2115
-0.069,0.2115
-0.069,0.2115
-0.069,0.2115
-0.077,0.2115
-0.077,0.2115
-0.077,0.2115
-0.077,0.2115
-0.077,0.2115
-0.077,0.2115
-0.077,0.2115
-0.089,0.2115
-0.089,0.2115
-0.089,0.2115
-0.089,0.2115
-0.077,0.2115
-0.077,0.2115
-0.089,0.2115
-0.089,0.2115
-0.093,0.2115
-0.105,0.2115
-0.113,0.2115
-0.113,0.2115
-0.113,0.192
-0.113,0.192
-0.117,0.1955
-0.117,0.1955
-0.117,0.1875
-0.117,0.1955
-0.105,0.1955
-0.105,0.1955
-0.105,0.1955
-0.117,0.1955
-0.125,0.2155
-0.125,0.223
-0.117,0.227
-0.117,0.227
-0.117,0.227
-0.117,0.227
-0.129,0.227
-0.129,0.227
-0.129,0.227
-0.129,0.227
-0.129,0.2035
-0.129,0.2155
-0.129,0.2155
-0.129,0.2155
-0.129,0.2155
-0.129,0.2155
-0.129,0.2155
-0.129,0.2155
-0.129,0.2155
-0.129,0.2155
-0.129,0.2035
-0.129,0.2035
-0.129,0.2035
-0.129,0.2035
-0.129,0.2035
-0.129,0.2035
-0.129,0.2035
-0.129,0.2035
-0.129,0.2035
-0.129,0.1875
-0.105,0.1875
0.003,0.184
0.0505,0.184
0.0505,0.184
0.047,0.184
0.0505,0.184
0.0505,0.1955
0.0505,0.1995
0.0505,0.1995
0.0505,0.1995
0.0505,0.2035
0.0505,0.2035
0.047,0.2035
0.035,0.2035
-0.025,0.2035
-0.077,0.2035
-0.101,0.2035
-0.117,0.2035
-0.125,0.2035
-0.125,0.2075
-0.125,0.2585
-0.125,0.3295
-0.125,0.373
-0.125,0.385
-0.125,0.385
-0.141,0.385
-0.141,0.389
-0.149,0.389
-0.149,0.389
-0.161,0.3655
-0.1685,0.3575
-0.1685,0.3575
-0.1725,0.3575
-0.1905,0.3575
-0.2205,0.3575
-0.2205,0.3575
-0.2285,0.3575
-0.2285,0.3575
-0.2285,0.3575
-0.2365,0.3575
-0.2485,0.3575
-0.2525,0.3575
-0.2635,0.3575
-0.2635,0.3535
-0.2635,0.3535
-0.2715,0.3655
-0.2715,0.3655
-0.2715,0.3545
-0.2715,0.3535
-0.2715,0.3535
-0.2715,0.3375
-0.2715,0.3375
-0.2595,0.334
-0.2395,0.334
-0.1915,0.326
-0.0395,0.322
-0.0115,0.318
-0.0035,0.31
0.0,0.2985
0.0,0.2865
0.0,0.2665
0.0,0.254
0.0,0.2275
0.0,0.2235
0.0,0.2235
0.0,0.2185
0.0,0.2075
0.0,0.2105
0.0,0.2075
0.0,0.2035
0.0,0.1955
0.0,0.188
0.0,0.172
0.0,0.1525
0.0,0.113
0.0,0.113
0.0,0.085
0.0,0.101
-0.0035,0.085
-0.0355,0.085
-0.0355,0.085
-0.0355,0.085
-0.0355,0.085
-0.0355,0.085
-0.0355,0.085
-0.0395,0.085
-0.0595,0.085
-0.0635,0.085
-0.0635,0.085
-0.0635,0.082
-0.0715,0.082
-0.0715,0.082
-0.0715,0.082
-0.0715,0.082
-0.0715,0.082
-0.0715,0.082
-0.0715,0.082
-0.0715,0.082
-0.0715,0.082
-0.0715,0.082
-0.0715,0.082
-0.0715,0.082
-0.0715,0.082
-0.0715,0.082
-0.0715,0.082
-0.0755,0.082
-0.0755,0.082
-0.0755,0.082
-0.0755,0.082
-0.0755,0.082
-0.0755,0.082
-0.0755,0.082
-0.0755,0.087
-0.0835,0.09
-0.0835,0.09
-0.0835,0.09
-0.0835,0.09
-0.0835,0.09
-0.0835,0.09
-0.0835,0.09
-0.0835,0.093
-0.0835,0.096
-0.0955,0.09
-0.0955,0.117
-0.0955,0.1325
-0.0955,0.1445
-0.0955,0.18
-0.0955,0.2035
-0.0955,0.2465
-0.0635,0.2625
-0.0115,0.258
0.0,0.2705
0.0,0.2705
0.0,0.2705
0.007,0.2705
0.007,0.2705
0.007,0.2705
0.011,0.2705
0.011,0.2825
0.011,0.2905
0.011,0.2905
0.019,0.2935
0.0345,0.2905
0.0545,0.2905
0.0585,0.3025
0.07,0.2905
0.074,0.2995
0.09,0.3025
0.09,0.2935
0.09,0.2935
0.09,0.2935
0.09,0.2905
0.094,0.3025
0.094,0.2905
0.094,0.2965
0.094,0.2905
0.094,0.2965
0.094,0.2905
0.094,0.2985
0.094,0.2955
0.098,0.2865
0.1095,0.3105
0.141,0.331
0.145,0.322
0.145,0.322
0.1375,0.328
0.1375,0.331
0.1375,0.322
0.1375,0.325
0.1375,0.334
0.1375,0.334
0.1375,0.334
0.1375,0.334
0.1375,0.334
0.1375,0.334
0.1375,0.334
0.1375,0.334
0.1375,0.334
0.157,0.334
0.157,0.334
0.157,0.334
0.157,0.334
0.157,0.334
0.173,0.334
0.165,0.334
0.173,0.334
0.173,0.334
0.1765,0.334
0.1765,0.334
0.1765,0.334
0.1765,0.334
0.1805,0.334
0.1805,0.334
0.1845,0.334
0.1925,0.334
0.1925,0.334
0.1805,0.334
0.1805,0.334
0.1805,0.334
0.1805,0.334
0.1805,0.334
0.1805,0.338
0.1925,0.338
0.1965,0.338
0.1965,0.338
0.1845,0.338
0.1845,0.338
0.1965,0.338
0.1845,0.338
0.1965,0.338
0.1845,0.338
0.1925,0.338
0.1845,0.338
0.2085,0.338
0.224,0.338
0.232,0.338
0.232,0.3575
0.232,0.3575
0.216,0.3575
0.232,0.3655
0.232,0.3655
0.232,0.3655
0.232,0.3745
0.232,0.377
0.232,0.385
0.232,0.397
0.232,0.397
0.232,0.397
0.236,0.397
0.236,0.397
0.236,0.397
0.236,0.397
0.236,0.397
0.236,0.397
0.236,0.397
0.236,0.397
0.236,0.397
0.236,0.397
0.236,0.397
0.236,0.397
0.236,0.397
0.236,0.397
0.236,0.405
0.236,0.405
0.236,0.405
0.236,0.405
0.236,0.405
0.236,0.405
0.236,0.405
0.236,0.405
0.236,0.405
0.236,0.405
0.236,0.405
0.236,0.405
0.236,0.405
0.236,0.405
0.236,0.405
0.236,0.405
0.236,0.405
0.236,0.3575
0.236,0.263
0.1965,0.2155
0.1805,0.196
0.161,0.192
0.157,0.192
0.145,0.2
0.1255,0.271
0.141,0.338
0.1215,0.3775
0.145,0.4125
0.212,0.4125
0.2835,0.4245
0.311,0.4125
0.299,0.381
0.319,0.33
0.3465,0.306
0.3345,0.2905
0.3545,0.259
0.366,0.255
0.366,0.255
0.366,0.2745
0.366,0.2785
0.366,0.2795
0.3505,0.2825
0.3345,0.2905
0.287,0.2865
0.2795,0.2865
0.2635,0.2865
0.2515,0.2865
0.2515,0.2865
0.232,0.2865
0.2005,0.2795
0.1965,0.259
0.1965,0.239
0.1965,0.2275
0.1965,0.2275
0.1965,0.2195
0.1965,0.2235
0.2075,0.239
0.2155,0.259
0.2275,0.2745
0.244,0.2905
0.231,0.2945
0.235,0.298
0.243,0.3335
0.247,0.3455
0.266,0.3475
0.2825,0.369
0.2825,0.383
0.2905,0.389
0.302,0.4205
0.306,0.4285
0.318,0.4285
0.326,0.4285
0.318,0.4285
0.321,0.4285
0.33,0.397
0.3295,0.377
0.3415,0.369
0.3415,0.3405
0.3535,0.3335
0.3535,0.326
0.3535,0.326
0.3535,0.326
0.3535,0.3335
0.3535,0.3375
0.3535,0.3375
0.3535,0.3255
0.3535,0.32
0.3535,0.318
0.3535,0.31
0.3535,0.31
0.3535,0.302
0.3535,0.302
0.3535,0.302
0.3535,0.302
0.3415,0.302
0.3375,0.2905
0.33,0.2935
0.33,0.2905
0.322,0.2905
0.314,0.2825
0.298,0.2825
0.2865,0.2765
0.2865,0.2705
0.2825,0.2705
0.2825,0.2705
0.2825,0.2705
0.2825,0.2705
0.2825,0.263
0.2825,0.263
0.2825,0.263
0.2825,0.263
0.2825,0.263
0.2825,0.263
0.2825,0.263
0.2825,0.263
0.2825,0.263
0.2825,0.263
0.2825,0.263
0.2825,0.263
0.2825,0.263
0.2785,0.263
0.2645,0.263
0.2645,0.271
0.2545,0.247
0.2505,0.2235
0.246,0.188
0.239,0.1875
0.223,0.219
0.219,0.1995
0.231,0.1995
0.2095,0.1915
0.2035,0.1935
0.1875,0.1875
0.1875,0.1875
0.1805,0.1995
0.1805,0.1995
0.1805,0.1915
0.1835,0.1945
0.1805,0.1915
0.1805,0.1945
0.1805,0.1805
0.1805,0.1805
0.1805,0.175
0.1805,0.158
0.1805,0.149
0.1805,0.141
0.1805,0.141
0.1805,0.1295
0.1865,0.1125
0.1805,0.1095
0.1805,0.1095
0.1805,0.102
0.1805,0.102
0.1805,0.102
0.1805,0.102
0.1805,0.102
0.1805,0.102
0.175,0.102
0.172,0.102
0.169,0.09
0.169,0.09
0.169,0.09
0.161,0.09
0.161,0.084
0.161,0.082
0.161,0.082
0.161,0.082
0.161,0.082
0.161,0.082
0.161,0.082
0.161,0.082
0.161,0.082
0.161,0.082
0.161,0.073
0.161,0.076
0.161,0.082
0.161,0.079
0.161,0.082
0.161,0.082
0.161,0.082
0.161,0.082
0.161,0.076
0.161,0.082
0.161,0.073
0.161,0.082
0.161,0.082
0.161,0.076
0.161,0.082
0.161,0.082
0.161,0.082
0.161,0.076
0.161,0.07
0.161,0.07
0.161,0.07
0.161,0.07
0.161,0.07
0.161,0.07
0.161,0.073
0.161,0.082
0.161,0.082
0.161,0.082
0.161,0.082
0.161,0.082
0.161,0.082
0.161,0.082
0.161,0.082
0.161,0.082
0.161,0.082
0.161,0.082
0.161,0.082
0.161,0.082
0.161,0.082
0.161,0.082
0.169,0.082
0.169,0.082
0.169,0.082
0.169,0.082
0.169,0.082
0.169,0.082
0.169,0.082
0.169,0.082
0.169,0.082
0.169,0.082
0.169,0.082
0.169,0.082
0.169,0.082
0.175,0.082
0.169,0.082
0.169,0.082
0.169,0.082
0.172,0.082
0.169,0.082
0.169,0.082
0.169,0.082
0.169,0.082
0.169,0.089
0.169,0.093
0.169,0.109
0.169,0.113
0.169,0.1245
0.169,0.113
0.169,0.1205
0.169,0.1245
0.169,0.1245
0.176,0.1325
0.188,0.1525
0.192,0.1485
0.196,0.1485
0.196,0.1485
0.2035,0.1485
0.2035,0.15
0.2035,0.156
0.2075,0.156
0.2115,0.156
0.2235,0.156
0.2235,0.156
0.2235,0.156
0.2195,0.156
0.2075,0.156
0.1995,0.156
0.1995,0.152
0.188,0.1205
0.188,0.1125
0.18,0.1095
0.168,0.1095
0.1605,0.1095
0.1485,0.1095
0.1485,0.1095
0.1485,0.1095
0.1405,0.1095
0.1405,0.1095
0.1405,0.09
0.1405,0.09
0.1285,0.09
0.1345,0.082
0.1285,0.082
0.1165,0.082
0.081,0.082
0.07,0.082
0.0585,0.082
0.0545,0.082
0.0505,0.082
0.0505,0.082
0.0505,0.082
0.0505,0.082
0.0505,0.082
0.0575,0.082
0.0775,0.105
0.1365,0.148
0.156,0.164
0.1485,0.1835
0.16,0.2075
0.164,0.227
0.164,0.23
0.172,0.227
0.18,0.233
0.2075,0.231
0.227,0.234
0.227,0.231
0.2785,0.231
0.3315,0.231
0.385,0.231
0.405,0.237
0.4165,0.231
0.428,0.239
0.4245,0.243
0.4325,0.231
0.4405,0.2195
0.4405,0.242
0.4485,0.25
0.4525,0.2625
0.476,0.251
0.487,0.258
0.507,0.261
0.507,0.255
0.507,0.261
0.507,0.2665
0.507,0.2665
0.507,0.2665
0.515,0.2725
0.515,0.2905
0.515,0.2905
0.515,0.2905
0.527,0.2905
0.527,0.2905
0.535,0.2705
0.538,0.259
0.535,0.239
0.5465,0.2395
0.5465,0.247
0.5545,0.247
0.5545,0.247
0.5545,0.247
0.5605,0.247
0.5575,0.247
0.5545,0.251
0.5545,0.251
0.5545,0.251
0.5545,0.251
0.5665,0.251
0.5605,0.251
0.5665,0.251
0.5665,0.251
0.5665,0.251
0.5665,0.251
0.5665,0.2555
0.5665,0.2585
0.5665,0.2585
0.5665,0.2585
0.5665,0.2585
0.5665,0.2585
0.5665,0.2585
0.5745,0.2615
0.5745,0.2585
0.5745,0.2585
0.5745,0.2585
0.541,0.2585
0.524,0.2585
0.507,0.2585
0.507,0.2585
0.507,0.2585
0.484,0.2585
0.476,0.2585
0.468,0.2585
0.456,0.2585
0.4285,0.2585
0.4085,0.2585
0.397,0.2695
0.3615,0.286
0.326,0.3295
0.2745,0.361
0.2745,0.365
0.2785,0.365
0.2785,0.365
0.2785,0.365
0.2785,0.365
0.2785,0.365
0.2785,0.365
0.2785,0.365
0.2785,0.365
0.302,0.365
0.369,0.365
0.383,0.365
0.389,0.365
0.389,0.368
0.381,0.365
0.381,0.365
0.381,0.3415
0.381,0.243
0.381,0.097
0.385,0.011
0.2775,0.0
0.172,0.0
0.1365,0.0
0.129,0.0
0.121,0.0
0.102,0.0
0.096,0.0
0.09,0.0
0.09,0.005
0.09,0.002
0.09,0.0
0.09,0.011
0.09,0.0
0.082,0.0
0.082,0.008
0.073,0.011
0.07,0.011
0.07,0.011
0.07,0.011
0.097,0.011
0.14,0.089
0.168,0.1165
0.1755,0.18
0.1755,0.2275
0.1755,0.2785
0.164,0.338
0.164,0.338
0.168,0.3615
0.184,0.3535
0.2155,0.3375
0.235,0.2745
0.239,0.2075
0.243,0.113
0.235,0.089
0.2235,0.085
0.164,0.082
0.089,0.09
0.0695,0.09
0.0505,0.09
0.0505,0.09
0.0505,0.09
0.0505,0.09
0.0505,0.09
0.0505,0.09
0.0505,0.09
0.0505,0.09
0.0505,0.09
0.0505,0.09
0.0505,0.09
0.0505,0.09
0.0505,0.09
0.0505,0.09
0.0505,0.09
0.0505,0.09
0.0505,0.09
0.0505,0.09
0.0695,0.09
0.089,0.09
0.105,0.09
0.1125,0.09
0.1385,0.09
0.15,0.09
0.148,0.09
0.16,0.09
0.16,0.09
0.164,0.09
0.172,0.09
0.192,0.09
0.204,0.09
0.204,0.097
0.2075,0.097
0.2075,0.101
0.2075,0.109
0.2075,0.1405
0.2115,0.1565
0.2115,0.172
0.2235,0.172
0.2275,0.172
0.2275,0.176
0.2275,0.184
0.2275,0.184
0.235,0.176
0.235,0.176
0.235,0.172
0.235,0.172
0.235,0.172
0.235,0.176
0.238,0.184
0.235,0.188
0.235,0.188
0.235,0.188
0.235,0.192
0.2825,0.1955
0.302,0.2035
0.2945,0.2075
0.2985,0.247
0.2865,0.251
0.2945,0.2705
0.3025,0.2735
0.306,0.2705
0.306,0.2705
0.298,0.2785
0.298,0.2785
0.287,0.2905
0.295,0.2905
0.299,0.2905
0.303,0.2905
0.311,0.2945
0.303,0.3025
0.303,0.3025
0.303,0.3025
0.303,0.3025
0.303,0.3025
0.303,0.31
0.303,0.31
0.303,0.31
0.303,0.31
0.303,0.31
0.303,0.31
0.308,0.31
0.314,0.2905
0.314,0.2825
0.314,0.2705
0.31,0.259
0.2625,0.251
0.1915,0.239
0.184,0.239
0.184,0.239
0.184,0.239
0.184,0.239
0.176,0.247
0.168,0.247
0.172,0.247
0.172,0.2595
0.172,0.2535
0.16,0.2665
0.16,0.2665
0.16,0.2665
0.16,0.2665
0.16,0.2665
0.16,0.2665
0.16,0.2665
0.16,0.2665
0.16,0.2665
0.165,0.2715
0.168,0.2745
0.168,0.257
0.168,0.239
0.168,0.239
0.168,0.235
0.164,0.235
0.1565,0.235
0.1565,0.235
0.1565,0.235
0.1545,0.2465
0.1485,0.246
0.1405,0.243
0.1245,0.239
0.109,0.239
0.109,0.241
0.098,0.247
0.098,0.247
0.098,0.247
0.098,0.247
0.098,0.247
0.098,0.247
0.098,0.241
0.098,0.2365
0.098,0.2325
0.098,0.2195
0.098,0.2195
0.098,0.2155
0.098,0.2155
0.098,0.2155
0.098,0.2155
0.098,0.2155
0.098,0.2075
0.098,0.2055
0.098,0.2035
0.098,0.176
0.098,0.1285
0.098,0.1365
0.098,0.1205
0.098,0.1325
0.098,0.1285
0.094,0.1325
0.094,0.1325
0.094,0.1205
0.094,0.1205
0.094,0.1205
0.094,0.1205
0.094,0.1205
0.094,0.1205
0.078,0.1325
0.078,0.1325
0.07,0.1325
0.07,0.1325
0.07,0.1325
0.075,0.1325
0.081,0.1325
0.1205,0.1325
0.1325,0.1325
0.1405,0.1325
0.1405,0.1325
0.1485,0.1325
0.1405,0.1325
0.1405,0.1205
0.1405,0.2075
0.1405,0.2075
0.1605,0.2075
0.172,0.2075
0.1795,0.2075
0.1795,0.2075
0.1795,0.2075
0.1795,0.2075
0.1795,0.2075
0.1795,0.2115
0.1795,0.2115
0.1795,0.2115
0.1915,0.2115
0.1955,0.2115
0.231,0.2115
0.302,0.2115
0.334,0.2115
0.334,0.2115
0.334,0.2115
0.334,0.2035
0.334,0.2035
0.334,0.2035
0.334,0.2115
0.334,0.231
0.334,0.231
0.334,0.231
0.318,0.243
0.302,0.231
0.298,0.231
0.2945,0.231
0.2785,0.243
0.251,0.243
0.235,0.255
0.2035,0.255
0.1995,0.255
0.188,0.255
0.1525,0.255
0.1325,0.255
0.1285,0.255
0.121,0.2395
0.117,0.204
0.113,0.184
0.113,0.172
0.113,0.1605
0.113,0.1485
0.113,0.133
0.113,0.121
0.113,0.121
0.1485,0.106
0.1995,0.109
0.2315,0.105
0.243,0.105
0.243,0.105
0.2705,0.1685
0.31,0.184
0.318,0.2
0.322,0.2155
0.334,0.2235
0.322,0.2275
0.322,0.2275
0.318,0.2275
0.267,0.2275
0.2195,0.2275
0.168,0.2275
0.121,0.2275
0.117,0.2
0.117,0.1645
0.117,0.125
0.117,0.109
0.117,0.102
0.117,0.102
0.117,0.102
0.117,0.102
0.117,0.102
0.117,0.102
0.117,0.102
0.117,0.102
0.117,0.102
0.117,0.102
0.117,0.102
0.117,0.102
0.117,0.102
0.117,0.102
0.117,0.102
0.117,0.102
0.1165,0.102
0.1165,0.102
0.1225,0.102
0.1165,0.113
0.1165,0.125
0.1165,0.18
0.1255,0.2075
0.1285,0.2155
0.1445,0.263
0.1445,0.2785
0.16,0.2825
0.18,0.2825
0.176,0.263
0.1875,0.259
0.1875,0.243
0.1875,0.2275
0.1875,0.2235
0.1875,0.2235
0.1915,0.2235
0.18,0.2355
0.18,0.2355
0.18,0.2355
0.1955,0.2355
0.2035,0.2355
0.227,0.246
0.227,0.255
0.235,0.243
0.241,0.255
0.235,0.255
0.235,0.255
0.235,0.252
0.235,0.249
0.235,0.255
0.235,0.243
0.235,0.243
0.235,0.249
0.235,0.243
0.235,0.243
0.235,0.243
0.1995,0.246
0.188,0.243
0.184,0.243
0.176,0.243
0.18,0.243
0.168,0.227
0.176,0.215
0.16,0.2115
0.1445,0.196
0.1285,0.1685
0.1195,0.1645
0.1125,0.1645
0.104,0.1645
0.093,0.1525
0.093,0.1645
0.093,0.1645
0.081,0.1525
0.0735,0.168
0.0615,0.1955
0.0535,0.2035
0.0535,0.2275
0.0695,0.231
0.078,0.231
0.094,0.235
0.1055,0.235
0.1095,0.235
0.1295,0.235
0.145,0.238
0.149,0.247
0.149,0.247
0.149,0.247
0.149,0.251
0.149,0.251
0.149,0.251
0.149,0.251
0.149,0.251
0.149,0.257
0.149,0.251
0.149,0.251
0.1295,0.251
0.141,0.251
0.145,0.251
0.145,0.251
0.145,0.251
0.145,0.251
0.145,0.254
0.145,0.251
0.145,0.251
0.145,0.251
0.145,0.251
0.145,0.251
0.145,0.251
0.145,0.251
0.145,0.251
0.145,0.251
0.145,0.251
0.145,0.251
0.145,0.251
0.145,0.257
0.145,0.251
0.156,0.251
0.164,0.251
0.164,0.251
0.164,0.251
0.164,0.251
0.164,0.251
0.176,0.251
0.176,0.251
0.1835,0.251
0.1835,0.254
0.1835,0.251
0.168,0.251
0.148,0.251
0.152,0.251
0.148,0.257
0.15,0.263
0.1325,0.263
0.1325,0.2705
0.144,0.247
0.1325,0.215
0.1325,0.172
0.1245,0.1405
0.1245,0.1205
0.1245,0.1285
0.1245,0.1205
0.1165,0.1205
0.1085,0.1205
0.1245,0.1205
0.1085,0.1205
0.1085,0.1205
0.101,0.113
0.121,0.101
0.101,0.101
0.101,0.093
0.089,0.093
0.0815,0.093
0.0775,0.081
0.0735,0.081
0.0735,0.081
0.0795,0.081
0.0735,0.081
0.0735,0.081
0.0735,0.0755
0.0735,0.0695
0.0795,0.0695
0.0735,0.0695
0.0735,0.0695
0.0735,0.0695
0.0735,0.0615
0.0735,0.0735
0.0735,0.0735
0.0735,0.0615
0.0735,0.0655
0.0655,0.0655
0.0655,0.077
0.0655,0.105
0.0655,0.105
0.0655,0.105
0.0655,0.105
0.0655,0.1165
0.0655,0.1245
0.0655,0.144
0.0655,0.144
0.0655,0.144
0.0655,0.152
0.0655,0.152
0.0655,0.164
0.0655,0.1915
0.0655,0.1955
0.081,0.2115
0.089,0.231
0.089,0.251
0.109,0.259
0.117,0.271
0.1125,0.2785
0.1245,0.2965
0.1245,0.31
0.1365,0.31
0.1365,0.31
0.1245,0.31
0.1485,0.31
0.18,0.31
0.1835,0.31
0.2045,0.31
0.1975,0.318
0.2035,0.318
0.1955,0.318
0.2075,0.318
0.2075,0.318
0.2075,0.318
0.1955,0.318
0.1955,0.318
0.1955,0.318
0.1955,0.318
0.1955,0.318
0.1955,0.318
0.1955,0.318
0.2115,0.318
0.223,0.318
0.231,0.318
0.243,0.318
0.243,0.318
0.247,0.318
0.247,0.318
0.247,0.318
0.247,0.2785
0.247,0.275
0.247,0.2765
0.247,0.2625
0.255,0.2625
0.255,0.2625
0.255,0.2785
0.255,0.2695
0.255,0.2665
0.255,0.2665
0.255,0.2665
0.255,0.2665
0.255,0.2665
0.255,0.2665
0.255,0.2665
0.255,0.2705
0.255,0.2705
0.255,0.2785
0.255,0.2745
0.2585,0.2785
0.247,0.2865
0.247,0.2865
0.2625,0.2745
0.2825,0.2865
0.306,0.2865
0.326,0.3025
0.3335,0.314
0.3295,0.33
0.3295,0.33
0.3295,0.322
0.3295,0.326
0.3415,0.314
0.3415,0.3295
0.3415,0.3355
