valence,arousal
-0.00575,0.0
-0.00575,0.0
-0.00575,0.0
-0.00575,0.0
-0.00575,0.0
-0.00575,0.0
-0.00575,0.0
-0.00575,0.0
-0.00575,0.0
-0.00575,0.0
-0.00575,0.0
-0.00575,0.0
-0.00575,0.0
-0.00575,0.0
-0.00575,0.0
0.0,0.0
0.0,0.0
0.0,0.0
-0.00575,0.0
-0.00575,0.0
0.0,0.0
0.0,0.0
0.0,0.0
0.0,0.0
0.0,0.0
0.0,0.0
0.0,0.0
0.0,0.0
0.0,0.0
0.0,0.0
0.0,0.0
0.0,0.0
0.0,0.0
0.0,0.0
0.0,0.0
0.0,0.0
0.0,0.0
0.0,0.0
0.0,0.0015
0.0,0.0015
0.0,0.0015
0.0,0.0015
0.0,0.0015
0.0,0.0135
0.0,0.0155
0.0,0.035
0.0,0.041
0.0015,0.041
0.0095,0.041
0.0015,0.041
0.0095,0.041
0.0015,0.041
0.0095,0.0445
0.0095,0.0445
0.0095,0.0505
0.0095,0.0545
0.0095,0.0545
0.0015,0.0545
0.0055,0.0545
0.0115,0.06025
0.0115,0.06025
0.0115,0.06025
0.0115,0.06025
0.0115,0.06025
0.0115,0.06025
0.0115,0.06575
0.0095,0.06025
0.0055,0.06025
0.0055,0.06025
0.0055,0.0385
0.0055,0.0375
0.0115,0.02975
0.0115,0.02225
0.0055,0.02025
0.0135,0.01425
0.01725,0.01425
0.0115,0.02175
0.02325,0.01775
0.02725,0.02175
0.02925,0.02175
0.02925,0.02175
0.02925,0.01175
0.02925,0.01175
0.02925,0.01375
0.02925,0.008
0.02925,0.008
0.02925,0.006
0.02925,0.004
0.02925,0.014
0.02925,0.0165
0.02925,0.04125
0.02925,0.0315
0.02925,0.04125
0.02925,0.0275
0.02925,0.0215
0.02925,0.04125
0.02925,0.04125
0.02925,0.04425
0.02925,0.04125
0.02925,0.02925
0.02925,0.03375
0.02925,0.0475
0.02925,0.03575
0.02925,0.04375
0.02925,0.0435
0.02925,0.06325
0.02925,0.06525
0.02925,0.06525
0.02925,0.06525
0.02925,0.05925
0.02925,0.0495
0.02925,0.05325
0.02925,0.05525
0.02925,0.05525
0.03875,0.04725
0.03875,0.0455
0.02675,0.0455
0.021,0.0455
0.021,0.0355
0.015,0.0375
0.011,0.02975
0.015,0.03375
0.0095,0.02775
0.0095,0.03375
0.0095,0.03375
0.0095,0.03375
0.0095,0.03375
0.0095,0.03375
0.0135,0.03375
0.01925,0.02775
0.01925,0.02775
0.0035,0.02775
-0.00175,0.02775
0.0,0.02225
-0.00175,0.02175
-0.0175,0.02375
-0.01175,0.01575
-0.00775,-1.73472347598e-18
-0.00575,0.00975
-0.01175,0.00975
-0.01175,0.00975
-0.01175,-0.004
-0.00575,0.002
-0.00575,0.002
-0.00575,0.002
-0.00575,0.002
-0.00575,0.004
-0.00575,-0.0015
-0.00575,0.00425
-0.00575,0.00225
-0.00575,0.02175
-0.00575,0.02775
-0.01175,0.02775
-0.01175,0.03875
-0.01175,0.03725
-0.01175,0.03725
-0.01375,0.03725
-0.0175,0.03725
-0.0175,0.03525
-0.0175,0.0335
-0.0175,0.0335
-0.0175,0.0335
-0.0175,0.0335
-0.0175,0.02375
-0.0175,0.01975
-0.0175,0.01775
-0.0155,0.03125
-0.0155,0.041
-0.0155,0.05675
-0.0155,0.053
-0.0155,0.03925
-0.0155,0.03925
-0.0155,0.03325
-0.0155,0.0195
-0.0155,0.008
-0.0115,0.014
-0.0115,0.014
-0.0115,0.014
-0.0115,0.014
-0.00975,0.014
-0.00975,0.014
-0.00975,0.014
-0.00975,0.014
-0.00975,0.014
-0.00975,0.014
-0.00975,0.014
-0.00975,0.014
-0.00975,0.014
-0.00975,0.014
-0.00975,0.014
-0.00975,0.014
-0.00975,0.014
-0.00625,0.014
-0.00425,0.014
-0.00025,0.014
-0.00625,0.014
-0.00625,0.014
-0.00625,0.014
-0.00625,0.014
-0.00625,0.014
-0.00625,0.014
-0.00975,0.014
-0.00975,0.014
-0.00975,0.014
-0.00975,0.014
-0.00975,0.014
-0.00975,0.014
-0.00975,0.014
-0.00975,0.014
-0.00975,0.014
-0.00975,0.014
-0.00975,0.014
-0.00975,0.014
-0.00975,0.01975
-0.00975,0.02975
-0.00975,0.0375
-0.00975,0.0415
-0.00975,0.05125
-0.00975,0.077
-0.00975,0.085
-0.00975,0.085
-0.00975,0.0985
-0.00975,0.10025
-0.00975,0.106
-0.00975,0.106
-0.00975,0.106
-0.00975,0.106
-0.00975,0.09625
-0.00975,0.0785
-0.00975,0.07075
-0.00975,0.0805
-0.00975,0.0745
-0.00975,0.06475
-0.00975,0.06075
-0.00975,0.06075
-0.00975,0.05675
-0.00975,0.053
-0.00975,0.053
-0.00975,0.045
-0.00975,0.051
-0.00975,0.045
-0.00975,0.043
-0.00975,0.041
-0.00975,0.041
-0.00975,0.041
-0.00975,0.041
-0.00975,0.041
-0.00975,0.041
-0.00975,0.044
-0.00975,0.051
-0.00975,0.051
-0.00975,0.051
-0.00975,0.037
-0.00975,0.05675
-0.00975,0.041
-0.00975,0.051
-0.00975,0.06875
-0.00975,0.10625
-0.00975,0.112
-0.00975,0.10475
-0.00975,0.10625
-0.00975,0.10625
-0.00975,0.10625
-0.00975,0.10625
-0.00975,0.10625
-0.00975,0.10625
-0.00975,0.10625
-0.00975,0.0905
-0.00975,0.0825
-0.00975,0.053
-0.00975,0.04725
-0.00975,0.04125
-0.00975,0.059
-0.00975,0.059
-0.00975,0.059
-0.00975,0.059
-0.00975,0.059
-0.00975,0.04325
-0.00975,0.04325
-0.00975,0.04325
-0.00975,0.059
-0.00975,0.04325
-0.00975,0.03325
-0.00975,0.02925
-0.00975,0.049
-0.00975,0.03325
-0.00975,0.0235
-0.00975,0.0135
-0.00975,0.0235
-0.00975,0.0085
-0.00975,0.01
-0.00975,0.004
-0.00975,0.004
-0.00975,0.004
-0.00975,0.0175
-0.00975,0.0155
-0.00975,0.0135
-0.00975,0.01925
-0.00975,0.01925
-0.00975,0.01925
-0.00975,0.02125
-0.00975,0.02125
-0.00975,0.02725
-0.00975,0.031
-0.00975,0.031
-0.00975,0.031
-0.00975,0.031
-0.00975,0.031
-0.00975,0.031
-0.00975,0.031
-0.00975,0.035
-0.00975,0.037
-0.00975,0.037
-0.00975,0.037
-0.00975,0.035
-0.00975,0.039
-0.00975,0.045
-0.00975,0.045
-0.00975,0.045
-0.00975,0.045
-0.00975,0.045
-0.00975,0.045
-0.00975,0.045
-0.00975,0.045
-0.00975,0.045
-0.00975,0.045
-0.00975,0.045
-0.00975,0.045
-0.00975,0.045
-0.00975,0.045
-0.00975,0.045
-0.00975,0.045
-0.00975,0.045
-0.00975,0.045
-0.00975,0.045
-0.00975,0.045
-0.00975,0.045
-0.00975,0.045
-0.00975,0.045
-0.00975,0.045
-0.00975,0.045
-0.00975,0.045
0.0,0.045
0.0,0.045
0.0,0.045
0.0035,0.047
0.0055,0.045
0.01725,0.053
0.0095,0.05675
0.0095,0.03125
0.01725,0.045
0.01725,0.045
0.01725,0.045
0.01725,0.045
0.01725,0.045
0.01725,0.045
0.01725,0.045
0.01725,0.045
0.01925,0.051
0.01925,0.051
0.01925,0.051
0.01925,0.03525
0.01925,0.03725
0.01925,0.03325
0.01925,0.03125
0.0135,0.0255
0.01925,0.0235
0.01925,0.0215
0.0135,0.00175
0.0135,-0.00225
0.0135,-0.00225
0.01925,-0.00225
0.01925,-0.00225
0.01925,-0.00225
0.01925,-0.00225
0.01925,-0.00225
0.01925,-0.00225
0.0135,-0.00225
0.0135,-0.00225
0.0135,0.00175
0.0115,0.00175
0.0115,0.00175
0.0115,0.00775
0.0095,0.00775
0.0015,0.00775
0.0,0.01075
0.0,0.00775
0.0,0.01125
0.0,0.00975
0.0,0.01175
0.0,0.0155
0.0,0.0255
0.0,0.03825
0.0,0.03725
0.0,0.04475
0.0,0.04725
0.01925,0.049
0.02725,0.055
0.02925,0.055
0.03125,0.057
0.037,0.063
0.037,0.063
0.037,0.08475
0.045,0.0865
0.045,0.0865
0.045,0.0885
0.047,0.093
0.049,0.0885
0.05675,0.07275
0.05675,0.0825
0.05675,0.0915
0.05675,0.0885
0.05675,0.0885
0.05675,0.0885
0.05675,0.0885
0.05675,0.0885
0.05675,0.0885
0.05675,0.0885
0.05675,0.0885
0.05675,0.09
0.05675,0.0925
0.05475,0.0765
0.049,0.0825
0.049,0.10025
0.049,0.0825
0.049,0.10225
0.049,0.0895
0.049,0.0905
0.049,0.0905
0.049,0.0905
0.049,0.10625
0.049,0.10775
0.049,0.0905
0.049,0.10925
0.049,0.11025
0.049,0.0965
0.049,0.0965
0.049,0.08075
0.049,0.07825
0.049,0.07675
0.049,0.07675
0.049,0.07675
0.049,0.07675
0.049,0.07975
0.049,0.07675
0.049,0.07675
0.049,0.0905
0.049,0.0905
0.049,0.0905
0.049,0.0965
0.049,0.098
0.043,0.0965
0.039,0.0965
0.043,0.0995
0.043,0.0965
0.035,0.0905
0.035,0.1025
0.035,0.1025
0.035,0.11025
0.035,0.10225
0.035,0.0965
0.035,0.108
0.043,0.108
0.049,0.09225
0.05475,0.0865
0.05675,0.0825
0.05675,0.09625
0.05675,0.078
0.05675,0.0765
0.05675,0.09025
0.05675,0.0925
0.06275,0.0925
0.05675,0.07875
0.06875,0.07875
0.0705,0.08175
0.0705,0.07875
0.0725,0.0925
0.0725,0.0985
0.0725,0.11625
0.0725,0.11625
0.0725,0.11225
0.0725,0.11025
0.0725,0.11625
0.0725,0.1005
0.0725,0.10025
0.0725,0.0905
0.0725,0.10425
0.0725,0.0945
0.0725,0.0905
0.0725,0.10025
0.0725,0.10025
0.0725,0.10025
0.0725,0.09825
0.0725,0.114
0.0725,0.118
0.0725,0.121
0.0725,0.118
0.0725,0.118
0.0725,0.09825
0.0725,0.0925
0.06275,0.11
0.05675,0.116
0.05675,0.0765
0.05475,0.07475
0.05675,0.07875
0.05275,0.06675
0.05275,0.06475
0.05275,0.06475
0.05275,0.06775
0.05275,0.06475
0.05275,0.06275
0.05275,0.06275
0.05275,0.06275
0.05275,0.05875
0.05275,0.05875
0.05275,0.05875
0.05275,0.063
0.05275,0.063
0.045,0.06
0.03125,0.0615
0.0115,0.063
0.0015,0.059
0.0015,0.061
0.0,0.051
0.0,0.04125
0.0,0.02675
0.0,0.0185
0.0,0.0135
0.0,0.012
0.0,0.012
0.0,0.02575
0.0,0.03175
0.0,0.03175
-0.00175,0.03175
-0.00175,0.03025
-0.00175,0.03575
-0.00175,0.03575
-0.00175,0.03575
-0.00175,0.03575
-0.00175,0.03575
-0.00175,0.03575
-0.00175,0.03575
-0.00175,0.03575
-0.00175,0.03575
-0.00175,0.03575
-0.00175,0.03425
-0.00175,0.03275
-0.00175,0.03125
-0.00175,0.03575
-0.00175,0.03575
-0.00175,0.03575
-0.00575,0.03575
-0.00575,0.03275
-0.00575,0.03575
-0.00575,0.03275
-0.00575,0.03275
-0.00575,0.03575
0.0,0.02975
0.0,0.03575
0.0,0.03425
0.0035,0.03575
0.0035,0.03425
0.0055,0.03575
0.0095,0.03575
0.0015,0.03575
0.0,0.03575
0.0,0.03575
0.0,0.03575
0.0,0.03575
0.0,0.032
0.0095,0.03425
0.0095,0.032
0.0095,0.012
0.0095,0.008
0.0095,0.02575
0.0095,0.006
0.0095,0.006
0.0095,0.01575
0.0095,0.0135
0.0095,-0.00225
0.0095,-0.00225
0.0095,-0.008
0.0095,-0.008
0.0095,-0.008
0.0095,-0.008
0.0095,0.00775
0.0095,0.0135
0.0095,0.0135
0.0095,0.00775
0.0095,0.00175
0.0095,-0.00225
0.0095,-0.00225
0.0095,0.0095
0.0095,0.0135
0.0095,0.00375
0.0095,0.0095
0.0095,0.0235
0.0095,-0.012
0.0095,-0.00625
0.0095,0.00375
0.0095,0.0095
0.0095,0.00375
0.0095,-0.012
0.0095,-0.016
0.0095,-0.016
0.0095,-0.00225
0.0095,-0.00225
0.0095,-0.016
0.0095,-0.022
0.00375,-0.00625
0.00775,0.0095
0.00175,0.0135
0.00775,-0.00225
0.00175,0.0235
-0.00225,0.043
0.00375,0.05275
0.00375,0.037
-0.00225,0.045
-0.00225,0.065
-0.00225,0.071
-0.00225,0.071
0.0095,0.0765
0.013,0.0825
0.023,0.0765
0.03275,0.0825
0.03275,0.0825
0.03875,0.0865
0.04075,0.09225
0.0445,0.08625
0.0445,0.09025
0.0445,0.08225
0.0445,0.08225
0.0445,0.08225
0.03875,0.08225
0.02875,0.08225
0.019,0.08225
0.019,0.08225
0.013,0.0705
0.0095,0.0705
0.015,0.0705
0.0095,0.0705
0.0095,0.06875
0.0095,0.06875
0.0095,0.06675
0.015,0.05675
0.015,0.051
0.015,0.047
0.015,0.06075
0.015,0.05875
0.015,0.05525
0.015,0.05525
0.015,0.06525
0.015,0.075
0.015,0.075
0.015,0.075
0.015,0.075
0.015,0.075
0.015,0.075
0.015,0.075
0.0185,0.06125
0.0185,0.06125
0.0185,0.06125
0.0185,0.05125
0.00925,0.0455
0.00375,0.0395
0.00375,0.0395
0.00375,0.0395
0.00375,0.0395
0.00375,0.0395
0.00375,0.0395
0.00375,0.0395
0.00375,0.0395
0.00375,0.0395
0.00925,0.0395
0.00925,0.0395
0.01625,0.0395
0.01925,0.0395
0.023,0.0395
0.03475,0.045
0.03475,0.049
0.025,0.051
0.027,0.053
0.05225,0.053
0.05075,0.053
0.036,0.053
0.048,0.053
0.04,0.053
0.06,0.053
0.06375,0.053
0.04975,0.053
0.04975,0.041
0.05275,0.0395
0.04975,0.0395
0.03975,0.0395
0.03975,0.0395
0.03575,0.0395
0.04975,0.0455
0.06975,0.0455
0.081,0.0495
0.0855,0.0555
0.07375,0.0565
0.034,0.0565
0.062,0.0565
0.064,0.0565
0.06,0.0565
0.057,0.0565
0.06,0.0565
0.0505,0.0565
0.0505,0.062
0.03925,0.066
0.04075,0.069
0.03775,0.0705
0.04075,0.072
0.04075,0.072
0.03625,0.072
0.03925,0.072
0.03875,0.072
0.03875,0.072
0.02875,0.072
0.0545,0.08175
0.02475,0.08175
0.03875,0.08575
0.03875,0.08575
0.04875,0.08575
0.0545,0.0915
0.0545,0.0975
0.0545,0.0975
0.0545,0.0975
0.04475,0.0975
0.0545,0.0975
0.0545,0.0975
0.0545,0.0975
0.0545,0.0975
0.04475,0.0975
0.0545,0.0975
0.0545,0.0975
0.04475,0.1015
0.0545,0.1015
0.0545,0.1015
0.04475,0.1015
0.04475,0.1015
0.0545,0.1015
0.0545,0.1015
0.0545,0.1015
0.0545,0.1015
0.0545,0.1015
0.0545,0.1015
0.0545,0.1015
0.04475,0.0915
0.04475,0.0915
0.04475,0.0915
0.04475,0.0915
0.04475,0.0915
0.04475,0.0915
0.04475,0.0915
0.04475,0.0915
0.04475,0.0915
0.04475,0.0915
0.04475,0.0915
0.04475,0.0875
0.04475,0.0875
0.04475,0.0875
0.04475,0.0875
0.04475,0.0875
0.04475,0.0875
0.04475,0.0875
0.04475,0.0875
0.04475,0.0905
0.04775,0.0875
0.04475,0.0905
0.04475,0.0875
0.04475,0.0905
0.04475,0.0875
0.04475,0.0905
0.04475,0.0875
0.04475,0.089
0.04475,0.0875
0.04475,0.0875
0.04475,0.0875
0.04775,0.0835
0.04475,0.0835
0.04475,0.0835
0.04475,0.0835
0.04475,0.0835
0.0545,0.0835
0.0545,0.0835
0.0545,0.0835
0.0545,0.0835
0.0545,0.0835
0.0545,0.0835
0.0545,0.0835
0.0545,0.0835
0.04475,0.0835
0.04475,0.09725
0.04475,0.09725
0.04475,0.0835
0.04475,0.0835
0.04475,0.0835
0.04475,0.0835
0.04475,0.085
0.0545,0.0835
0.0545,0.0835
0.0545,0.0835
0.0545,0.0835
0.04475,0.0835
0.03875,0.0835
0.04175,0.0835
0.03875,0.0835
0.04025,0.0835
0.0545,0.0835
0.0545,0.0835
0.0545,0.073
0.0545,0.07
0.03475,0.074
0.03875,0.066
0.04875,0.066
0.03475,0.066
0.03475,0.066
0.0545,0.062
0.0545,0.062
0.0545,0.062
0.0545,0.062
0.0545,0.062
0.0545,0.058
0.0545,0.058
0.0545,0.058
0.0545,0.058
0.0545,0.058
0.0545,0.054
0.0545,0.0525
0.0545,0.051
0.0545,0.048
0.0545,0.048
0.0545,0.048
0.0545,0.054
0.056,0.051
0.0545,0.048
0.0545,0.048
0.0545,0.044
0.0615,0.0455
0.05825,0.044
0.068,0.044
0.066,0.044
0.072,0.044
0.072,0.044
0.072,0.03425
0.072,0.03425
0.072,0.02575
0.072,0.02475
0.072,0.02475
0.076,0.02475
0.076,0.02375
0.0775,0.01775
0.076,0.01375
0.076,0.01375
0.078,0.01375
0.078,0.01375
0.078,0.02175
0.078,0.02175
0.078,0.02175
0.078,0.02175
0.078,0.02175
0.078,0.02175
0.078,0.02175
0.078,0.02175
0.078,0.02175
0.078,0.02175
0.078,0.02175
0.078,0.02975
0.07,0.0375
0.06225,0.039
0.05825,0.041
0.05225,0.0375
0.05225,0.0375
0.04875,0.0375
0.04875,0.0375
0.04875,0.0375
0.04875,0.0375
0.04875,0.0375
0.05725,0.0375
0.05425,0.0375
0.05425,0.0375
0.05425,0.0375
0.05425,0.0375
0.05425,0.0375
0.05425,0.03375
0.05425,0.03375
0.05425,0.03225
0.05425,0.02775
0.05425,0.02775
0.05425,0.02775
0.05425,0.02775
0.05425,0.02775
0.05825,0.02775
0.05825,0.02775
0.05825,0.02775
0.05825,0.02775
0.05825,0.02775
0.05825,0.0315
0.05825,0.0315
0.05825,0.0315
0.05825,0.0315
0.06125,0.02375
0.05825,0.02375
0.05825,0.02775
0.05825,0.01975
0.05825,0.01575
0.05825,0.017
0.05825,0.006
0.05825,-0.014
0.05825,-0.018
0.05825,-0.028
0.05825,-0.025
0.05825,-0.028
0.05825,-0.028
0.05825,-0.028
0.05825,-0.028
0.05825,-0.028
0.05825,-0.028
0.05825,-0.028
0.05825,-0.028
0.05825,-0.028
0.05825,-0.028
0.05825,-0.01225
0.05825,-0.01225
0.05825,-0.00825
0.05825,0.01775
0.05025,0.02175
0.04875,0.0355
0.04875,0.03
0.04875,0.03525
0.04875,0.0375
0.04875,0.0375
0.04875,0.0375
0.04875,0.0375
0.04875,0.0375
0.04875,0.023
0.04875,0.0175
0.04875,0.01175
0.04875,0.01175
0.04875,0.004
0.04875,0.004
0.04875,0.0
0.04875,-0.01
0.05175,-0.018
0.04875,-0.022
0.05025,-0.022
0.04875,-0.022
0.04875,-0.022
0.04875,-0.022
0.04875,-0.022
0.04875,-0.022
0.04875,-0.022
0.04875,-0.022
0.04875,-0.022
0.05175,-0.022
0.04875,-0.022
0.05025,-0.022
0.04875,-0.022
0.04875,-0.022
0.04875,-0.022
0.04875,-0.01
0.04875,0.0
0.04875,0.01775
0.04875,0.01775
0.04875,0.02175
0.04875,0.02175
0.04875,0.01375
0.04875,0.02175
0.04875,0.02175
0.04875,0.02175
0.04875,0.02175
0.04875,0.002
0.04875,-0.002
0.04875,-0.002
0.04875,-0.002
0.04875,-0.008
0.04875,-0.01
0.04875,-0.01
0.04875,-0.01
0.04875,-0.01775
0.04875,-0.01
0.04875,-0.01975
0.05175,-0.01975
0.04875,-0.016
0.04875,-0.016
0.04875,-0.016
0.04875,-0.016
0.04875,-0.01975
0.05025,-0.016
0.04875,-0.016
0.04875,-0.016
0.04875,-0.02
0.04875,-0.02
0.04875,-0.02
0.04875,-0.02
0.04875,-0.02
0.04875,-0.023
0.05175,-0.0215
0.04875,-0.02575
0.04875,-0.02575
0.058,-0.02575
0.058,-0.02575
0.058,-0.02575
0.058,-0.02575
0.058,-0.02575
0.058,-0.02575
0.067,-0.02575
0.064,-0.02575
0.067,-0.02675
0.064,-0.02575
0.064,-0.02575
0.064,-0.02575
0.064,-0.02575
0.064,-0.02575
0.064,-0.02575
0.064,-0.02575
0.0675,-0.02575
0.0675,-0.02575
0.0675,-0.02575
0.0675,-0.02575
0.0675,-0.02575
0.0705,-0.02575
0.0675,-0.02575
0.0675,-0.02575
0.0675,-0.02575
0.071,-0.02575
0.0695,-0.02575
0.0735,-0.02575
0.0775,-0.02575
0.0775,-0.02575
0.0775,-0.02575
0.0775,-0.02575
0.0775,-0.02575
0.08125,-0.02575
0.0755,-0.02575
0.0755,-0.02425
0.0755,-0.02225
0.0755,-0.02025
0.0755,-0.02025
0.0735,-0.02025
0.0735,-0.02025
0.0735,-0.02025
0.0735,-0.02025
0.0735,-0.02025
0.0695,-0.02025
0.0695,-0.02025
0.0635,-0.02025
0.05775,-0.02025
0.05375,-0.02025
0.05375,-0.02025
0.05375,-0.02575
0.05375,-0.02575
0.05375,-0.02575
0.04775,-0.02575
0.04775,-0.02575
0.04775,-0.02575
0.04775,-0.02575
0.04775,-0.02575
0.044,-0.02575
0.044,-0.02575
0.044,-0.02575
0.0345,-0.02575
0.0345,-0.02575
0.0285,-0.02575
0.0285,-0.02575
0.0285,-0.02575
0.0285,-0.02575
0.0285,-0.02575
0.03825,-0.02575
0.04825,-0.02575
0.054,-0.02575
0.054,-0.02575
0.04225,-0.02575
0.03825,-0.02575
0.03925,-0.02575
0.0285,-0.02575
0.03225,-0.02575
0.0265,-0.02575
0.0245,-0.01
0.0205,-0.01
0.0265,-0.01
0.0205,-0.01
0.0265,-0.01
0.0205,-0.01
0.0245,-0.01
0.0245,-0.01
0.0245,-0.01
0.0165,-0.01
0.0165,-0.01
0.0165,-0.01
0.0165,-0.01
0.0165,-0.01
0.0165,-0.01
0.0165,-0.01
0.0165,-0.01
0.0165,-0.01
0.0165,-0.01
0.0165,-0.01
0.0165,-0.01
0.0165,-0.01
0.0165,-0.01
0.0165,-0.01
0.0165,-0.01
0.0165,-0.01
0.0165,-0.01
0.0165,-0.01
0.0165,-0.01
0.0165,-0.01
0.0165,-0.01
0.0165,-0.01
0.015,-0.01
0.015,-0.02575
0.0205,-0.02975
0.015,-0.02975
0.015,-0.02975
0.015,-0.0355
0.015,-0.01975
0.015,-0.01975
0.015,-0.01975
0.015,-0.014
0.015,-0.02975
0.015,-0.02975
0.015,-0.02975
0.015,-0.02975
0.015,-0.02975
0.015,-0.02975
0.015,-0.02975
0.015,-0.0355
0.015,-0.0355
0.015,-0.0355
0.015,-0.0355
0.015,-0.0355
0.015,-0.0355
0.015,-0.0355
0.015,-0.0355
0.015,-0.0355
0.015,-0.0355
0.015,-0.01975
0.015,-0.01975
0.015,-0.01975
0.015,-0.01975
0.015,-0.01975
0.015,-0.01975
0.015,-0.01975
0.015,-0.01975
0.015,-0.01975
0.015,-0.01975
0.015,-0.01975
0.015,-0.01975
0.015,-0.01975
0.015,-0.01975
0.015,-0.01975
0.015,-0.01975
0.015,-0.01975
0.015,-0.01975
0.015,-0.01975
0.015,-0.01975
0.015,-0.01975
0.015,-0.01975
0.015,-0.01975
0.015,-0.01975
0.015,-0.0355
0.015,-0.0355
0.015,-0.0395
0.015,-0.0395
0.015,-0.0395
0.015,-0.0395
0.015,-0.0395
0.015,-0.0395
0.015,-0.0395
0.015,-0.0395
0.015,-0.0395
0.015,-0.0395
0.015,-0.0395
0.015,-0.0395
0.015,-0.0395
0.015,-0.04175
0.015,-0.04325
0.015,-0.0395
0.015,-0.0395
0.015,-0.04775
0.015,-0.0455
0.015,-0.05325
0.015,-0.0455
0.015,-0.0455
0.015,-0.0455
0.015,-0.0455
0.015,-0.0475
0.015,-0.0475
0.015,-0.0435
0.015,-0.0435
0.015,-0.049
0.015,-0.0415
0.015,-0.0415
0.015,-0.0415
0.015,-0.0415
0.015,-0.0375
0.015,-0.0375
0.015,-0.0375
0.015,-0.0375
0.015,-0.0375
0.015,-0.0375
0.015,-0.0375
0.015,-0.0375
0.015,-0.0375
0.015,-0.0375
0.015,-0.0375
0.015,-0.0375
0.015,-0.0375
0.015,-0.0375
0.015,-0.0375
0.015,-0.0375
0.015,-0.0375
0.015,-0.0375
0.015,-0.0375
0.015,-0.0375
0.015,-0.0375
0.015,-0.0375
0.015,-0.0375
0.015,-0.0375
0.015,-0.0375
0.015,-0.0375
0.015,-0.0375
0.015,-0.0375
0.015,-0.0375
0.015,-0.0375
0.015,-0.0375
0.015,-0.0375
0.015,-0.0295
0.015,-0.02575
0.015,-0.02575
0.015,-0.02575
0.015,-0.02575
0.015,-0.02575
0.015,-0.02575
0.015,-0.02575
0.015,-0.02225
0.015,-0.01425
0.015,-0.01425
0.015,-0.01225
0.015,-0.0045
0.015,-0.0025
0.015,-0.0025
0.015,0.05275
0.015,0.02725
0.015,0.01925
0.015,0.0295
0.015,0.0355
0.015,0.03925
0.015,0.01975
0.015,0.03925
0.015,0.03925
0.0245,0.03925
0.0245,0.0315
0.0245,0.03925
0.0315,0.0315
0.0285,0.0315
0.0325,0.016
0.0325,-0.00975
0.0325,-0.01375
0.0325,-0.01375
0.0325,-0.0235
0.0325,-0.00975
0.019,0.002
0.019,0.006
0.019,0.006
0.019,0.00375
0.019,-0.012
0.019,-0.012
0.019,-0.012
0.019,-0.012
0.019,-0.012
0.019,-0.012
0.0205,-0.012
0.019,-0.012
0.019,-0.012
0.019,-0.012
0.019,-0.012
0.019,-0.012
0.019,-0.012
0.019,-0.012
0.019,-0.012
0.019,-0.012
0.019,-0.012
0.019,-0.012
0.019,-0.012
0.019,-0.012
0.019,-0.012
0.019,-0.012
0.019,-0.012
0.019,-0.012
0.019,-0.012
0.019,-0.012
0.019,-0.012
0.019,-0.012
0.019,-0.012
0.019,-0.012
0.019,-0.012
0.019,-0.012
0.0205,-0.012
0.019,-0.006
0.019,-0.006
0.019,-0.006
0.019,-0.002
0.019,-0.002
0.019,-0.002
0.019,-0.002
0.0205,-0.002
0.019,-0.002
0.019,-0.002
0.019,-0.002
0.019,-0.002
0.019,-0.002
0.019,-0.002
0.019,-0.002
0.019,-0.002
0.019,-0.002
0.019,-0.002
0.019,0.004
0.019,0.004
0.019,0.004
0.019,0.004
0.019,0.004
0.0205,0.02275
0.019,0.00975
0.019,0.00975
0.019,0.00975
0.0205,0.00975
0.019,0.00975
0.022,0.00975
0.019,0.00975
0.019,0.00975
0.019,0.00975
0.019,0.00975
0.019,0.00975
0.019,0.00975
0.019,0.00975
0.019,0.00975
0.019,0.00975
0.0205,0.00975
0.0325,0.00975
0.0325,0.00975
0.0325,0.00975
0.0325,0.00975
0.0325,0.00975
0.0355,0.00975
0.0325,0.00975
0.0325,0.00975
0.0325,0.00975
0.0325,0.00975
0.0325,0.004
0.0325,0.004
0.0325,0.0055
0.0325,0.0055
0.0325,0.004
0.0325,0.004
0.0325,0.004
0.0325,0.004
0.0325,0.004
0.0325,0.004
0.0325,0.004
0.0325,0.004
0.019,0.004
0.019,0.004
0.019,-0.00975
0.019,-0.00825
0.019,-0.00975
0.0205,-0.00975
0.018,-0.00975
0.015,-0.004
0.015,0.004
0.015,0.004
0.015,0.00125
0.0095,-0.00175
0.015,0.00225
0.015,-0.00475
0.015,0.006
0.0265,0.006
0.0165,0.0075
0.0205,0.0095
0.03425,0.0155
0.04225,0.0155
0.04625,0.0155
0.05425,0.041
0.058,0.06075
0.06975,0.07275
0.07775,0.07875
0.0925,0.0845
0.0975,0.0865
0.1005,0.09425
0.1015,0.09425
0.1095,0.09425
0.11325,0.10025
0.121,0.112
0.127,0.118
0.13875,0.114
0.15875,0.12
0.1665,0.12175
0.16675,0.13575
0.1685,0.14575
0.18225,0.1595
0.202,0.1655
0.22175,0.1655
0.2315,0.1655
0.2315,0.1655
0.2335,0.16925
0.21575,0.16925
0.21775,0.17525
0.21775,0.17075
0.214,0.17525
0.21,0.17525
0.204,0.17525
0.198,0.17525
0.1955,0.17725
0.18425,0.1555
0.1685,0.1515
0.166,0.1515
0.16175,0.1515
0.15875,0.1515
0.15875,0.1515
0.14875,0.1515
0.12325,0.14575
0.11525,0.14575
0.12125,0.14175
0.12025,0.14175
0.11725,0.14175
0.11725,0.14175
0.11725,0.14025
0.11725,0.13725
0.11725,0.13275
0.11725,0.12725
0.11125,0.126
0.11425,0.118
0.11125,0.112
0.11425,0.112
0.117,0.10225
0.11225,0.09825
0.11075,0.09825
0.11225,0.08825
0.1135,0.08825
0.1135,0.08825
0.1135,0.08825
0.1135,0.08825
0.1135,0.08825
0.1135,0.08825
0.1135,0.08825
0.1135,0.08825
0.1135,0.08525
0.1135,0.08825
0.1135,0.08825
0.1135,0.08825
0.1055,0.08825
0.1055,0.08825
0.10175,0.08825
0.10175,0.08825
0.10175,0.08825
0.10175,0.08825
0.10175,0.08825
0.09975,0.08825
0.09975,0.08625
0.09975,0.0845
0.09975,0.0845
0.1055,0.0825
0.1055,0.0765
0.1055,0.0745
0.1055,0.0725
0.1055,0.0725
0.1055,0.0725
0.1055,0.0725
0.09775,0.0725
0.082,0.0725
0.082,0.0685
0.07025,0.06675
0.05475,0.06675
0.051,0.06475
0.045,0.06475
0.045,0.06475
0.045,0.06475
0.045,0.06275
0.03925,0.06275
0.03925,0.0825
0.03925,0.0825
0.03325,0.0825
0.03325,0.0825
0.02925,0.0825
0.0235,0.0825
0.0235,0.0825
0.0235,0.0805
0.0235,0.0785
0.0215,0.0775
0.0215,0.0745
0.0115,0.076
0.00375,0.0705
0.00175,0.0705
-0.00825,0.0705
-0.01025,0.0705
-0.01425,0.0705
-0.01625,0.0705
-0.02025,0.06675
-0.02025,0.06675
-0.02575,0.06675
-0.02575,0.06675
-0.02575,0.06675
-0.02575,0.06675
-0.01225,0.06675
-0.01225,0.06675
-0.0065,0.06675
-0.0105,0.06675
-0.0105,0.06675
-0.0105,0.06675
-0.0125,0.06675
-0.0125,0.06675
-0.0125,0.06975
-0.0125,0.06675
-0.0125,0.06675
-0.0125,0.06675
-0.0125,0.06675
-0.0125,0.06675
-0.0125,0.06675
-0.0125,0.06675
-0.0125,0.06675
-0.0125,0.06675
-0.0125,0.06675
-0.0125,0.06675
-0.0125,0.06675
-0.0125,0.06675
-0.0125,0.06675
-0.0125,0.06675
-0.0125,0.06675
-0.0125,0.06675
-0.0125,0.06975
-0.02825,0.06675
-0.02825,0.06675
-0.02825,0.06675
-0.02225,0.06675
-0.02225,0.06675
-0.01425,0.0725
-0.00825,0.06675
-0.00825,0.06975
-0.00425,0.06675
-0.01025,0.06675
-0.01025,0.06675
-0.01025,0.06675
-0.01025,0.06675
-0.01025,0.06675
-0.01025,0.06825
-0.00425,0.0725
-0.00425,0.0725
-0.00425,0.0725
-0.00425,0.0725
-0.00425,0.0735
-0.00425,0.0765
-0.00425,0.0765
-0.00425,0.0765
-0.00425,0.0765
-0.00425,0.0765
-0.00425,0.0765
-0.00425,0.0765
-0.00425,0.0765
-0.00425,0.0765
-0.00425,0.0765
-0.00425,0.0765
-0.00425,0.0765
-0.00425,0.0765
-0.00425,0.0765
-0.00425,0.0765
-0.00425,0.0765
-0.00425,0.0765
-0.00425,0.0765
-0.00425,0.0765
-0.00425,0.0765
-0.00425,0.0765
-0.00425,0.0765
0.00925,0.0765
0.021,0.0765
0.015,0.0765
0.0115,0.0765
0.0115,0.0765
0.025,0.0765
0.025,0.072
0.025,0.06675
0.025,0.06675
0.025,0.06225
0.025,0.06225
0.03075,0.06375
0.03075,0.06075
0.03075,0.06075
0.03075,0.06075
0.03075,0.06075
0.03075,0.06075
0.03075,0.06075
0.03075,0.06075
0.03075,0.06075
0.03075,0.06075
0.03075,0.06075
0.03075,0.06075
0.03075,0.06075
0.03075,0.06075
0.03075,0.06075
0.03075,0.06075
0.03075,0.06075
0.03075,0.06075
0.03075,0.06075
0.03075,0.06075
0.03075,0.05875
0.03075,0.05875
0.03075,0.05875
0.015,0.05875
0.0115,0.05875
0.0115,0.05875
0.0115,0.05875
0.0115,0.05875
0.0115,0.05875
0.0115,0.05875
0.0115,0.05875
0.0115,0.05875
0.0115,0.05875
0.0115,0.05875
0.0115,0.05675
0.0115,0.05475
0.0115,0.05475
0.0115,0.05475
0.0115,0.05475
0.0115,0.05475
0.0115,0.04875
0.0115,0.04475
0.0115,0.04475
0.0115,0.04475
0.0115,0.04475
0.025,0.04475
0.025,0.04475
0.025,0.04475
0.025,0.04475
0.025,0.04475
0.0115,0.04475
0.0115,0.04475
0.0115,0.04475
0.0115,0.04475
0.0115,0.04475
0.0115,0.0435
0.0115,0.04475
0.0115,0.04475
0.0115,0.042
0.0115,0.04475
0.0115,0.04475
0.0115,0.04475
-0.00425,0.0435
-0.00425,0.04475
-0.00425,0.039
-0.00425,0.039
-0.00425,0.035
-0.00425,0.035
-0.00425,0.035
-0.00425,0.035
-0.00425,0.035
-0.00425,0.035
-0.00425,0.035
-0.00425,0.035
-0.00425,0.035
-0.00425,0.035
-0.00425,0.035
-0.00425,0.035
-0.00425,0.035
-0.00425,0.035
-0.00425,0.035
-0.00425,0.035
-0.00425,0.035
0.00925,0.029
0.00925,0.035
0.00925,0.029
0.00925,0.029
0.00925,0.029
-0.00425,0.029
-0.00425,0.029
-0.00425,0.0305
-0.00425,0.032
-0.00425,0.029
-0.00425,0.035
-0.00425,0.0305
-0.00425,0.032
-0.00425,0.029
-0.00425,0.029
-0.00425,0.029
-0.00425,0.0305
-0.00425,0.029
-0.00425,0.029
-0.00425,0.032
-0.00425,0.0335
-0.00425,0.029
-0.00425,0.0305
-0.00425,0.032
-0.00425,0.029
-0.00425,0.029
-0.00425,0.029
-0.00425,0.0335
-0.00425,0.0305
-0.00425,0.032
-0.00425,0.029
-0.00425,0.032
-0.00425,0.029
-0.00425,0.029
-0.00425,0.0335
-0.00425,0.029
-0.00425,0.029
-0.00425,0.032
-0.00425,0.035
-0.00425,0.029
-0.00425,0.029
-0.00425,0.0305
-0.00425,0.029
-0.00425,0.029
-0.00425,0.035
-0.00425,0.0335
-0.00425,0.035
-0.00425,0.035
-0.00425,0.035
-0.00425,0.035
-0.00425,0.035
-0.00425,0.035
-0.00425,0.035
-0.00425,0.035
-0.00425,0.035
-0.00425,0.035
0.00925,0.035
0.00925,0.035
0.00925,0.035
0.00925,0.035
0.00925,0.035
0.00925,0.035
0.00925,0.035
0.00925,0.035
0.00925,0.035
0.015,0.035
0.009,0.035
0.009,0.035
0.005,0.035
0.005,0.035
0.003,0.035
0.003,0.035
0.005,0.035
0.005,0.035
-0.001,0.035
-0.001,0.035
-0.001,0.035
-0.0065,0.035
-0.0065,0.035
-0.0065,0.035
-0.0065,0.035
-0.0065,0.035
-0.0065,0.035
-0.0065,0.035
-0.0065,0.035
-0.0065,0.035
-0.0065,0.035
-0.0065,0.035
-0.0065,0.035
-0.0105,0.035
-0.0105,0.035
-0.0105,0.035
-0.0105,0.05075
-0.0105,0.05075
-0.0105,0.05075
-0.0105,0.05075
-0.0105,0.05475
-0.0105,0.05475
-0.0105,0.05475
-0.0105,0.05475
-0.0105,0.06075
-0.0105,0.06075
-0.0105,0.06475
-0.02975,0.05075
-0.02975,0.05075
-0.02975,0.06475
-0.02975,0.06475
-0.02975,0.06475
-0.02975,0.06475
-0.02975,0.06475
-0.02975,0.06475
-0.02975,0.06475
-0.02975,0.06475
-0.02975,0.06475
-0.02975,0.06475
-0.02975,0.06475
-0.02975,0.06475
-0.02975,0.06475
-0.0105,0.06475
-0.0105,0.06475
-0.0105,0.06475
0.0035,0.06475
0.0035,0.05075
0.0035,0.05075
0.0035,0.05075
0.0035,0.05075
0.0035,0.05075
0.0035,0.05075
0.0035,0.05075
-0.0105,0.05075
-0.01625,0.05075
-0.01625,0.06475
-0.01625,0.06475
-0.01625,0.06475
-0.01625,0.06475
-0.01625,0.05075
-0.02025,0.05075
-0.02025,0.05075
-0.02625,0.05075
-0.02625,0.05075
-0.0105,0.05075
-0.0105,0.05075
-0.02625,0.04925
-0.02625,0.05075
-0.02625,0.04475
-0.02625,0.04925
-0.02625,0.04925
-0.02625,0.04775
-0.02625,0.04475
-0.02625,0.04475
-0.02625,0.04475
-0.0105,0.04475
-0.0105,0.04475
-0.0105,0.04475
-0.0105,0.04475
-0.0125,0.04475
-0.0125,0.04475
-0.0045,0.039
0.0055,0.04475
0.01925,0.04925
0.02475,0.04875
0.0405,0.05675
0.02475,0.0695
0.02475,0.0785
0.02475,0.08425
0.02475,0.08425
0.03275,0.08425
0.03275,0.08425
0.03275,0.08825
0.02925,0.08825
0.02925,0.08825
0.02925,0.08825
0.02925,0.07625
0.04075,0.0705
0.0465,0.04875
0.0505,0.04075
0.0505,0.037
0.0505,0.02925
0.0505,0.01725
0.0465,0.01725
0.0465,0.02
0.0465,0.01525
0.0465,0.01525
0.0465,0.01525
0.0465,0.01525
0.0465,0.018
0.0465,0.01525
0.0465,0.01525
0.0465,0.01325
0.0465,0.01325
0.06,0.016
0.06,0.01325
0.06,0.01325
0.06,0.01325
0.0465,0.01325
0.06575,0.01325
0.06575,0.01325
0.06575,0.01325
0.06575,0.01325
0.06575,0.01325
0.06375,0.01175
0.06375,0.01175
0.048,0.01175
0.048,0.01175
0.048,0.0145
0.0425,0.01175
0.0425,0.01725
0.0405,0.01725
0.0405,0.01725
0.0405,0.01725
0.0405,0.023
0.0405,0.01725
0.0405,0.0215
0.0405,0.02325
0.0405,0.02325
0.0405,0.02475
0.03675,0.0295
0.03675,0.02725
0.03675,0.03
0.03675,0.031
0.0405,0.03675
0.02875,0.03975
0.02875,0.04675
0.03475,0.04675
0.03475,0.04875
0.03275,0.03975
0.03275,0.04275
0.02675,0.04875
0.02325,0.04875
0.02325,0.04875
0.02325,0.04875
0.02325,0.04875
0.02325,0.04875
0.02325,0.04575
0.02325,0.04875
0.02325,0.04725
0.02325,0.057
0.0095,0.06275
0.0095,0.06275
0.0095,0.05975
0.0095,0.06275
0.0095,0.0585
0.0095,0.06275
0.0095,0.0585
0.0035,0.04875
0.0035,0.04575
0.0035,0.03725
0.0035,0.03125
0.01925,0.03125
0.02325,0.03125
0.02325,0.03125
0.02325,0.03125
0.02325,0.03125
0.02325,0.03125
0.02325,0.03125
0.02325,0.03125
0.02325,0.03125
0.02325,0.03125
0.02325,0.03125
0.02325,0.034
0.02325,0.03125
0.02325,0.03125
0.02325,0.03125
0.02325,0.03275
0.03675,0.03125
0.03675,0.03125
0.03675,0.03125
0.03675,0.03125
0.02875,0.03125
0.052,0.03125
0.04025,0.03125
0.03825,0.03725
0.03825,0.03725
0.0245,0.03725
0.04025,0.03725
0.04025,0.03725
0.04225,0.03725
0.04025,0.03725
0.03425,0.03725
0.03825,0.03725
0.046,0.03725
0.04225,0.03725
0.046,0.03725
0.052,0.03725
0.046,0.03725
0.046,0.03725
0.046,0.03725
0.046,0.03725
0.052,0.03725
0.052,0.03725
0.052,0.03725
0.05,0.03875
0.046,0.03725
0.046,0.03725
0.046,0.03725
0.046,0.03725
0.046,0.03725
0.052,0.04
0.052,0.03725
0.052,0.03725
0.046,0.0415
0.0425,0.03725
0.0425,0.03875
0.0425,0.03725
0.0425,0.043
0.0425,0.03725
0.06175,0.03725
0.06175,0.0415
0.06575,0.03725
0.06575,0.03875
0.06575,0.03875
0.048,0.03725
0.0445,0.0415
0.0445,0.03725
0.0425,0.03875
0.06575,0.043
0.046,0.03725
0.06575,0.0415
0.02075,0.03725
0.02425,0.03725
0.02075,0.03725
0.02075,0.04
0.0505,0.03725
0.0545,0.04
0.0405,0.03725
0.0405,0.03725
0.0385,0.03725
0.0385,0.03725
0.0385,0.03725
0.0385,0.03725
0.04675,0.03725
0.0545,0.03725
0.0565,0.03725
0.0565,0.03725
0.0565,0.03725
0.0565,0.03725
0.0605,0.03725
0.0605,0.03725
0.0545,0.03725
0.03675,0.03725
0.03075,0.03725
0.03075,0.03725
0.03075,0.03725
0.03075,0.03725
0.03075,0.03725
0.03075,0.03725
0.03075,0.053
0.03075,0.053
0.03075,0.053
0.03075,0.057
0.03075,0.057
0.02725,0.057
0.02125,0.059
0.02125,0.059
0.0445,0.059
0.0505,0.059
0.04075,0.06475
0.0505,0.06675
0.0505,0.07275
0.0565,0.07275
0.0405,0.07275
0.0445,0.07275
0.0545,0.07275
0.0545,0.06725
0.0445,0.06875
0.0545,0.06875
0.0425,0.06275
0.0485,0.05175
0.03425,0.05025
0.04175,0.04875
0.0475,0.05075
0.08125,0.05075
0.0655,0.05375
0.052,0.05075
0.052,0.045
0.052,0.048
0.03625,0.045
0.02825,0.045
0.02825,0.045
0.02825,0.045
0.04175,0.045
0.04175,0.045
0.04175,0.045
0.04175,0.045
0.04175,0.045
0.04175,0.035
0.04175,0.02525
0.04175,0.02225
0.07125,0.01575
0.0555,0.01075
0.07125,0.01075
0.07125,0.01375
0.07125,0.00925
0.07125,0.00125
0.08125,-0.00075
0.08125,-0.0105
0.07525,-0.0125
0.07525,-0.0125
0.0555,-0.0125
0.044,-0.0105
0.044,-0.0185
0.06325,-0.0185
0.06725,-0.0185
0.06725,-0.0185
0.0515,-0.0185
0.0515,-0.02425
0.0515,-0.02425
0.0515,-0.02425
0.0515,-0.02425
0.0515,-0.02425
0.0575,-0.02425
0.0575,-0.02425
0.04175,-0.02825
0.04175,-0.02825
0.03775,-0.034
0.03775,-0.034
0.03775,-0.034
0.0575,-0.034
0.06725,-0.034
0.0475,-0.034
0.04175,-0.034
0.04175,-0.034
0.03975,-0.04
0.036,-0.034
0.036,-0.034
0.034,-0.04
0.032,-0.034
0.032,-0.04
0.028,-0.04
0.028,-0.034
0.026,-0.037
0.026,-0.034
0.024,-0.034
0.02,-0.0355
0.02,-0.034
0.02,-0.04
0.02,-0.04
0.02,-0.04
0.02,-0.0385
0.02,-0.034
0.02,-0.034
0.02,-0.034
0.02,-0.034
0.02,-0.034
0.02,-0.034
0.02,-0.034
0.02,-0.048
0.02,-0.048
0.02,-0.048
0.02,-0.048
0.02,-0.048
0.02,-0.048
0.02,-0.048
0.02,-0.048
0.02,-0.048
0.02,-0.034
0.02,-0.034
0.02,-0.02825
0.02,-0.02825
0.02,-0.02825
0.02,-0.02825
0.02,-0.02825
0.02,-0.02825
0.02,-0.02825
0.02,-0.02825
0.02,-0.02825
0.02,-0.02825
0.02,-0.02225
0.02,-0.02225
0.02,-0.02225
0.02,-0.02025
0.02,-0.02025
0.02,-0.02025
0.02,-0.02025
0.02,-0.02025
0.03375,-0.02025
0.03375,-0.02025
0.03375,-0.02025
0.03375,-0.0185
0.03375,-0.0185
0.03375,-0.0185
0.03375,-0.0145
0.03375,-0.0125
0.03375,-0.0105
0.03375,-0.0105
0.03025,-0.02625
0.03025,-0.03025
0.03025,-0.02625
0.03025,-0.0065
0.03025,-0.02625
0.03025,-0.02625
0.03025,-0.03225
0.03025,-0.03225
0.03025,-0.03225
0.03425,-0.02625
0.03425,-0.02625
0.03425,-0.02625
0.03425,-0.02625
0.03425,-0.02625
0.03425,-0.02625
0.03425,-0.02625
0.03425,-0.02625
0.03425,-0.02625
0.03425,-0.02225
0.03425,-0.0205
0.03425,-0.0165
0.03425,-0.0165
0.03425,-0.0145
0.03425,-0.0145
0.03425,-0.0145
0.03425,-0.0145
0.03425,-0.0145
0.03425,-0.0145
0.03425,-0.0145
0.03425,-0.0205
0.03425,-0.02225
0.03025,-0.02425
0.02475,-0.02625
0.02475,-0.03225
0.02475,-0.03825
0.02475,-0.04575
0.02475,-0.04575
0.02475,-0.04575
0.02475,-0.04775
0.02475,-0.04775
0.02475,-0.04775
0.02475,-0.04775
0.02475,-0.04775
0.02475,-0.04775
0.02475,-0.032
0.02575,-0.032
0.02475,-0.032
0.02475,-0.032
0.02475,-0.032
0.02475,-0.032
0.02475,-0.032
0.02475,-0.032
0.02475,-0.04775
0.02475,-0.04775
0.02475,-0.04775
0.02475,-0.04775
0.02475,-0.04775
0.02475,-0.04775
0.02475,-0.05175
0.02475,-0.05175
0.02475,-0.04
0.02725,-0.04
0.02475,-0.038
0.02475,-0.038
0.02475,-0.036
0.02475,-0.038
0.02475,-0.038
0.02475,-0.038
0.02475,-0.038
0.02475,-0.038
0.02575,-0.038
0.02475,-0.038
0.02475,-0.032
0.02475,-0.032
0.02475,-0.032
0.02475,-0.038
0.02475,-0.038
0.02475,-0.032
0.02475,-0.038
0.02475,-0.038
0.02475,-0.032
0.02475,-0.032
0.02475,-0.032
0.02475,-0.038
0.02475,-0.038
0.02475,-0.032
0.02475,-0.032
0.02475,-0.032
0.02475,-0.032
0.02475,-0.032
0.02475,-0.032
0.02475,-0.032
0.02475,-0.032
0.02475,-0.032
0.02475,-0.04775
0.02475,-0.04775
0.02475,-0.04775
0.02725,-0.04775
0.02475,-0.04775
0.02475,-0.04775
0.02475,-0.04775
0.02475,-0.04775
0.02575,-0.04775
0.02475,-0.04775
0.02475,-0.04775
0.02475,-0.04775
0.02475,-0.04775
0.02475,-0.04775
0.02475,-0.04775
0.02475,-0.04775
0.02475,-0.04775
0.02475,-0.04775
0.02475,-0.04775
0.02475,-0.04775
0.03825,-0.05375
0.03825,-0.05375
0.044,-0.05375
0.044,-0.05375
0.044,-0.05375
0.044,-0.05375
0.048,-0.05375
0.048,-0.05375
0.048,-0.05375
0.048,-0.05375
0.048,-0.05375
0.048,-0.05375
0.048,-0.05375
0.048,-0.05375
0.048,-0.05375
0.048,-0.05375
0.048,-0.05775
0.048,-0.05775
0.048,-0.05775
0.048,-0.05775
0.048,-0.05775
0.048,-0.05775
0.0505,-0.05775
0.054,-0.05775
0.068,-0.05775
0.068,-0.05775
0.0895,-0.05575
0.1035,-0.05575
0.1055,-0.05575
0.1055,-0.042
0.1055,-0.04025
0.111,-0.03625
0.111,-0.03625
0.111,-0.03625
0.111,-0.03625
0.111,-0.03625
0.10125,-0.03625
0.10125,-0.03425
0.10125,-0.02625
0.09675,-0.02425
0.09525,-0.02425
0.09525,-0.0165
0.09525,-0.0125
0.09525,-0.0125
0.08125,0.00325
0.08125,0.00525
0.07725,0.01325
0.07725,0.025
0.07725,0.025
0.07725,0.03275
0.08225,0.04475
0.085,0.0505
0.087,0.07625
0.093,0.084
0.095,0.088
0.095,0.092
0.0985,0.092
0.097,0.092
0.097,0.092
0.097,0.092
0.097,0.092
0.097,0.092
0.097,0.07625
0.09275,0.07025
0.09125,0.04475
0.09125,0.00525
0.09125,0.01125
0.09125,-0.0105
0.09125,-0.0005
0.09125,-0.02225
0.09275,-0.0125
0.09125,0.0015
0.09125,0.00975
0.09125,-0.0065
0.09125,0.00925
0.09125,-0.0005
0.09125,0.01525
0.09125,0.018
0.09125,-0.00025
0.08525,0.0115
0.08525,0.0155
0.08825,0.0155
0.08525,0.0115
0.08525,-0.00425
0.08525,-0.01025
0.08525,-0.0005
0.08125,-0.0045
0.07925,-0.01225
0.0735,-0.02
0.07725,-0.02
0.0735,-0.01575
0.0715,-0.01825
0.0715,0.0035
0.0715,0.0035
0.0715,0.0035
0.0715,0.0095
0.0715,0.0135
0.0715,0.0135
0.0695,0.0135
0.0695,0.0135
0.0695,0.0135
0.0695,0.0135
0.0695,0.0135
0.0795,0.0135
0.0795,0.0135
0.09525,0.0135
0.09525,0.0135
0.09525,0.0195
0.09525,0.0195
0.09525,0.0235
0.09525,0.0235
0.09525,0.0235
0.09525,0.0235
0.09525,0.0235
0.09525,0.0235
0.09525,0.0235
0.09525,0.0235
0.09675,0.0235
0.09525,0.0235
0.09525,0.0235
0.09525,0.0235
0.0795,0.0235
0.0755,0.0235
0.069,0.0235
0.081,0.0235
0.0795,0.028
0.0795,0.028
0.066,0.025
0.066,0.02925
0.066,0.02925
0.069,0.02525
0.066,0.02525
0.066,0.02525
0.062,0.02525
0.068,0.02525
0.062,0.03225
0.07,0.03225
0.0715,0.03225
0.062,0.02925
0.06,0.02925
0.066,0.02625
0.066,0.02925
0.062,0.02925
0.062,0.02125
0.062,0.02125
0.062,0.02125
0.062,0.02125
0.062,0.02125
0.05225,0.02125
0.05225,0.02275
0.05225,0.02125
0.05225,0.02125
0.05225,0.02875
0.05525,0.02725
0.05225,0.02725
0.04625,0.02725
0.04625,0.02725
0.04625,0.02725
0.04625,0.03025
0.04625,0.02725
0.05225,0.02725
0.05225,0.02725
0.05225,0.02725
0.062,0.02725
0.0635,0.02725
0.062,0.02425
0.062,0.02125
0.062,0.02125
0.062,0.02125
0.065,0.02125
0.062,0.02125
0.062,0.02125
0.062,0.02125
0.062,0.01725
0.062,0.01725
0.062,0.01725
0.062,0.01725
0.062,0.01725
0.062,0.01725
0.062,0.01725
0.0635,0.01725
0.062,0.01725
0.062,0.01725
0.062,0.01725
0.062,0.01725
0.0635,0.01725
0.062,0.01725
0.068,0.01725
0.058,0.01725
0.058,0.01725
0.06,0.031
0.06,0.031
0.066,0.031
0.06,0.031
0.06,0.031
0.06,0.01725
0.06,0.01725
0.06,0.01725
0.06,0.01725
0.07,0.01725
0.07,0.033
0.07,0.03025
0.07,0.02875
0.07,0.02725
0.07,0.02725
0.07,0.02325
0.07,0.02325
0.07,0.02325
0.07,0.02325
0.07,0.02325
0.07,0.02325
0.07,0.02325
0.07,0.02325
0.07,0.01725
0.07,0.01725
0.07,0.01725
0.07,0.01725
0.07,0.02525
0.07875,0.02525
0.07575,0.01925
0.07575,0.01925
0.07575,0.02525
0.07575,0.01925
0.07575,0.01925
0.07575,0.01725
0.07575,0.01725
0.06975,0.01725
0.07275,0.01725
0.06975,0.01725
0.06975,0.01725
0.06775,0.01725
0.06,0.01725
0.08125,0.01725
0.08525,0.01725
0.08525,0.01725
0.091,0.01725
0.07525,0.01725
0.095,0.01725
0.091,0.01725
0.07525,0.01725
0.091,0.01725
0.091,0.01725
0.095,0.01725
0.095,0.01725
0.089,0.02325
0.092,0.02325
0.087,0.02575
0.087,0.04125
0.095,0.04125
0.08125,0.05475
0.091,0.05475
0.091,0.05475
0.088,0.05475
0.091,0.05475
0.09475,0.05475
0.091,0.05775
0.089,0.05475
0.09675,0.047
0.09675,0.043
0.089,0.037
0.089,0.04275
0.087,0.03875
0.09,0.03875
0.087,0.04075
0.087,0.03875
0.093,0.03875
0.089,0.023
0.089,0.023
0.089,0.023
0.087,0.023
0.085,0.023
0.093,0.023
0.087,0.023
0.085,0.023
0.093,0.023
0.085,0.023
0.085,0.023
0.085,0.023
0.085,0.023
0.085,0.023
0.085,0.023
0.085,0.023
0.085,0.023
0.085,0.023
0.085,0.023
0.085,0.023
0.06925,0.023
0.06575,0.023
0.05,0.023
0.05,0.023
0.05,0.023
0.05,0.023
0.05,0.023
0.05,0.023
0.05,0.023
0.05,0.023
0.05,0.023
0.05,0.023
0.05,0.023
0.05,0.01875
0.05,0.023
0.05,0.023
0.05,0.02175
0.05,0.023
0.05,0.02025
0.05,0.023
0.05,0.023
0.05,0.023
0.05,0.02175
0.05,0.02025
0.05,0.023
0.05,0.02175
0.05,0.023
0.05,0.02025
0.05,0.02175
0.05,0.023
0.05,0.023
0.05,0.023
0.05,0.023
0.05,0.023
0.05,0.02175
0.05,0.023
0.05,0.02025
0.05,0.023
0.05,0.023
0.05,0.023
0.05,0.023
0.05,0.023
0.05,0.02025
0.05,0.01875
0.054,0.023
0.054,0.023
0.054,0.023
0.054,0.02175
0.054,0.023
0.054,0.01875
0.054,0.023
0.05,0.023
0.05,0.023
0.05,0.023
0.05,0.023
0.05,0.023
0.05,0.023
0.05,0.023
0.05,0.02175
0.05,0.023
0.05,0.01725
0.05,0.023
0.05,0.01725
0.05,0.02025
0.05,0.01725
0.05,0.01325
0.05,0.01325
0.05,0.01325
0.05,0.01325
0.05,0.01325
0.05,0.01325
0.05,0.01325
0.05,0.01325
0.05,0.01325
0.05,0.01325
0.05,0.01325
0.05,0.01325
0.05,0.019
0.05,0.019
0.05,0.019
0.05,0.019
0.05,0.019
0.05,0.019
0.05,0.019
0.05,0.019
0.05,0.019
0.05,0.029
0.05,0.029
0.05,0.029
0.05,0.01325
0.05,0.01325
0.05,0.01325
0.05,0.029
0.05,0.029
0.05,0.01325
0.05,0.01325
0.058,0.01325
0.062,0.01325
0.058,0.0075
0.058,0.0075
0.058,0.0045
0.058,0.0015
0.058,-0.0025
0.058,-0.0065
0.058,-0.0065
0.058,-0.01075
0.058,-0.008
0.058,-0.0065
0.058,-0.0065
0.058,-0.0065
0.058,-0.0065
0.058,-0.0065
0.058,-0.0065
0.058,-0.0065
0.058,-0.0065
0.058,-0.008
0.054,-0.008
0.04825,-0.01075
0.04825,-0.01225
0.04825,-0.0065
0.04825,-0.01225
0.04825,-0.0065
0.04825,-0.01225
0.04825,-0.008
0.04825,-0.0065
0.04825,-0.0065
0.04225,-0.01225
0.03925,-0.01225
0.0385,-0.0065
0.0385,-0.0065
0.0385,-0.0065
0.0385,-0.0065
0.0385,-0.0065
0.0385,-0.0065
0.0385,-0.0065
0.0385,-0.0065
0.0385,-0.0065
0.0385,-0.0065
0.0385,-0.0065
0.0385,-0.0065
0.034,-0.0065
0.037,-0.0065
0.0325,0.00925
0.0325,0.00925
0.0325,0.00925
0.0325,0.01325
0.0325,0.01325
0.0285,0.01325
0.04425,-0.00075
0.03825,-0.00075
0.03475,-0.00075
0.03475,-0.00075
0.03475,-0.00075
0.03025,-0.00075
0.03025,-0.00075
0.02925,-0.00075
0.02925,-0.00075
0.02925,-0.00075
0.03175,-0.00075
0.02925,-0.00075
0.03025,-0.00075
0.03325,-0.00075
0.03325,-0.00075
0.0315,-0.00075
0.0255,-0.00075
0.039,-0.00075
0.03725,-0.00075
0.03125,-0.00225
0.03125,-0.00075
0.03125,-0.00075
0.02725,-0.00075
0.02525,-0.00075
0.01525,-0.00375
0.01325,-0.00075
0.00925,-0.00075
0.01525,-0.00075
0.00925,-0.00075
0.00925,-0.00075
0.00925,-0.00075
0.00925,-0.00075
0.00925,-0.00075
0.00925,-0.00075
0.00925,-0.00075
0.00925,-0.00075
0.00925,-0.00075
0.00925,-0.00075
0.00925,-0.00075
0.00725,-0.00075
0.00725,-0.00075
0.00725,-0.00075
0.00725,-0.00075
0.00725,-0.00075
0.00325,-0.00075
0.00925,-0.00075
0.00925,-0.00075
0.00925,-0.00075
0.00925,0.00725
0.00925,0.00725
0.00925,0.00725
0.01675,0.00725
0.0325,0.00725
0.01675,0.00725
-0.009,0.00725
-0.009,0.00725
-0.009,0.00725
-0.009,0.00425
-0.009,0.00725
-0.009,0.00725
0.01075,0.00725
0.00675,0.00725
0.001,0.00825
0.00675,0.01125
0.00675,0.01125
0.00675,0.01125
0.00675,0.01125
0.00675,0.01125
0.00675,0.01125
0.00675,0.01125
0.00675,0.01125
0.00675,0.01125
0.00675,0.01125
0.00675,0.01125
0.00675,0.01125
0.00675,0.01125
0.00075,0.01125
-0.005,0.01125
-0.005,0.01125
-0.005,0.01125
-0.005,0.01125
-0.005,0.01125
-0.005,0.01125
-0.01075,0.01125
-0.01075,0.01125
-0.01075,0.01125
-0.01075,0.01125
-0.01075,0.01125
-0.01075,0.01125
-0.01075,0.01125
-0.01075,0.01125
-0.01075,0.01125
-0.01075,0.01125
-0.01075,0.01125
-0.01075,0.01125
-0.01075,0.01125
-0.01475,0.01125
-0.01475,0.01575
-0.01475,0.01725
-0.01475,0.0115
-0.01475,0.0115
-0.01475,0.0115
-0.01475,0.0125
-0.01475,0.0155
-0.01475,0.0155
-0.01475,0.0155
-0.01475,0.0155
-0.01475,0.0155
-0.01475,0.0155
-0.01475,0.0155
-0.01475,0.0155
-0.01475,0.0155
-0.01475,0.0155
-0.01475,0.0155
-0.01475,0.0155
-0.01475,0.0155
-0.01475,0.0155
-0.01475,0.0155
-0.01475,0.0155
-0.01475,0.0155
-0.01475,0.0155
-0.01475,0.0155
-0.01475,0.0155
-0.01475,0.0155
-0.01475,0.0155
-0.01475,0.0155
-0.01475,0.0155
-0.01475,0.0155
-0.01475,0.0155
-0.01475,0.0155
-0.01475,0.0155
-0.01475,0.0155
-0.01475,0.0155
-0.01475,0.0155
-0.01475,0.0155
-0.01475,0.0155
-0.01475,0.0155
-0.01475,0.0155
-0.01475,0.0155
-0.01475,0.0155
-0.01475,0.0155
-0.01475,0.0155
-0.01475,0.0155
-0.01475,0.02925
-0.01475,0.02925
-0.01475,0.02925
-0.01475,0.03525
-0.01475,0.041
-0.01475,0.041
-0.01475,0.041
-0.01475,0.041
-0.01475,0.041
-0.01475,0.041
-0.01475,0.041
-0.00875,0.041
-0.00875,0.041
-0.00875,0.041
-0.00875,0.041
-0.00875,0.041
-0.00875,0.041
-0.00875,0.041
-0.00875,0.041
-0.00875,0.041
-0.00875,0.041
-0.00875,0.041
-0.01475,0.041
-0.01475,0.041
-0.01475,0.041
-0.01475,0.041
-0.01475,0.02525
-0.01475,0.02525
-0.01475,0.02525
-0.01475,0.02525
-0.01475,0.0195
-0.01475,0.0155
-0.01475,0.0155
-0.01475,0.0155
-0.01475,0.0155
-0.01475,0.0155
-0.01475,0.0155
-0.01475,0.02125
-0.01475,0.02125
-0.01475,0.02125
-0.01475,0.02125
-0.01475,0.02125
-0.01475,0.02125
-0.01475,0.02125
-0.01475,0.02125
-0.01475,0.02125
-0.01475,0.02125
-0.01675,0.02125
-0.01675,0.02125
-0.01675,0.02125
-0.01675,0.04675
-0.01675,0.04675
-0.01675,0.04675
-0.01675,0.04675
-0.01675,0.04675
-0.01675,0.04675
-0.02475,0.04675
-0.01275,0.04675
0.00325,0.04675
0.00925,0.04675
0.01125,0.05075
0.00525,0.05075
0.01125,0.05075
0.01525,0.05675
0.01525,0.05675
0.01525,0.05675
0.01725,0.06675
0.01725,0.06675
0.01725,0.07075
0.01725,0.07675
0.01725,0.07675
0.02125,0.07675
0.02125,0.07675
0.02125,0.07675
0.02125,0.07975
0.02125,0.07675
0.02125,0.07825
0.02125,0.0825
0.02125,0.07675
0.02125,0.0825
0.02125,0.0825
0.02125,0.07675
0.02125,0.07675
0.02125,0.07675
0.02125,0.0825
0.02125,0.07825
0.02125,0.07675
0.02125,0.07675
0.02125,0.08075
0.02125,0.08075
0.02125,0.08075
0.02125,0.08075
0.02125,0.08075
0.02125,0.08375
0.02125,0.0865
0.02125,0.0865
0.035,0.0865
0.035,0.09225
0.035,0.09225
0.041,0.10225
0.041,0.10225
0.041,0.10225
0.041,0.10225
0.041,0.10225
0.041,0.10225
0.041,0.10225
0.041,0.10225
0.041,0.0865
0.041,0.0865
0.041,0.0825
0.041,0.0825
0.041,0.0825
0.041,0.0825
0.041,0.081
0.041,0.0825
0.041,0.07675
0.041,0.07075
0.041,0.07075
0.041,0.07075
0.041,0.07075
0.041,0.06475
0.041,0.06475
0.041,0.06475
0.041,0.06475
0.045,0.06475
0.045,0.06075
0.045,0.06075
0.045,0.05075
0.045,0.05075
0.045,0.05075
0.031,0.05075
0.031,0.05075
0.031,0.05075
0.02525,0.05075
0.02525,0.05075
0.02525,0.05075
0.02525,0.05075
0.02525,0.05075
0.02525,0.05075
0.02525,0.05075
0.02125,0.04475
0.02125,0.029
0.02125,0.0435
0.02125,0.02475
0.02125,0.029
0.02125,0.029
0.02125,0.02775
0.02125,0.029
0.02125,0.029
0.02125,0.029
0.02125,0.029
0.02125,0.029
0.02125,0.02325
0.02125,0.02325
0.02125,0.02325
0.02675,0.02325
0.02125,0.02325
0.02675,0.02325
0.02675,0.02325
0.02275,0.02325
0.02275,0.02325
0.02125,0.02325
0.02275,0.02325
0.01975,0.035
0.02275,0.031
0.02275,0.031
0.02275,0.031
0.02275,0.031
0.02275,0.01925
0.02125,0.0055
0.02275,0.025
0.01975,0.0035
0.02275,0.0015
0.02275,0.01525
0.02125,-0.0045
0.02125,-0.0045
0.02125,0.0035
0.01725,-0.01025
0.01725,-0.01025
0.01725,-0.01025
0.01725,-0.00625
0.01725,-0.02125
0.01725,-0.01725
0.01725,-0.0065
0.01725,0.00525
0.01725,-0.0075
0.01725,-0.03625
0.01725,-0.02225
0.01725,-0.02625
0.01725,-0.01625
0.01725,-0.03025
0.01725,-0.052
0.01725,-0.0475
0.01725,-0.02625
0.01725,-0.02625
0.01725,-0.04
0.01725,-0.02625
0.01725,-0.03225
0.01725,-0.03225
0.01725,-0.03225
0.01725,-0.03225
0.01725,-0.03225
0.01725,-0.03225
0.01725,-0.03225
0.01725,-0.03225
0.01725,-0.03225
0.01725,-0.0395
0.01725,-0.042
0.01725,-0.042
0.01725,-0.042
0.01725,-0.042
0.01725,-0.042
0.01725,-0.042
0.01725,-0.042
0.01725,-0.042
0.01725,-0.042
0.01125,-0.042
0.01125,-0.042
0.01125,-0.042
0.01125,-0.042
0.01125,-0.042
0.01125,-0.042
0.01125,-0.042
0.01125,-0.042
0.01125,-0.042
0.01125,-0.042
0.01125,-0.042
0.01125,-0.042
0.01125,-0.042
0.01125,-0.042
0.01125,-0.042
0.01125,-0.042
0.01125,-0.042
0.01125,-0.042
0.01125,-0.042
0.025,-0.042
0.025,-0.042
0.025,-0.042
0.025,-0.042
0.025,-0.042
0.025,-0.042
0.025,-0.042
0.025,-0.042
0.025,-0.042
0.025,-0.042
0.025,-0.042
0.025,-0.042
0.025,-0.042
0.025,-0.042
0.025,-0.042
0.025,-0.042
0.025,-0.042
0.025,-0.042
0.025,-0.042
0.025,-0.042
0.025,-0.042
0.025,-0.042
0.025,-0.042
0.025,-0.042
0.025,-0.042
0.025,-0.042
0.025,-0.042
0.025,-0.042
0.025,-0.042
0.025,-0.042
0.025,-0.042
0.025,-0.0375
0.025,-0.042
0.025,-0.042
0.025,-0.042
0.025,-0.042
0.025,-0.042
0.025,-0.042
0.025,-0.042
0.025,-0.042
0.025,-0.042
0.025,-0.042
0.025,-0.042
0.025,-0.042
0.025,-0.042
0.025,-0.0375
0.025,-0.03625
0.025,-0.039
0.025,-0.042
0.025,-0.039
0.01125,-0.03625
0.01125,-0.0405
0.01125,-0.0375
0.01125,-0.0405
0.01125,-0.0405
0.01125,-0.042
0.01125,-0.03625
0.01125,-0.042
0.01125,-0.042
0.01125,-0.042
0.01125,-0.0405
0.01125,-0.042
0.01125,-0.039
0.01125,-0.042
0.01125,-0.042
0.01125,-0.03625
0.01125,-0.039
0.01125,-0.03625
0.01125,-0.03625
0.01125,-0.03625
0.01125,-0.03625
0.01125,-0.03625
0.01125,-0.03625
0.01125,-0.03625
0.01125,-0.03625
0.01125,-0.03625
0.01125,-0.03625
0.01125,-0.03625
0.01125,-0.03625
0.01125,-0.03625
0.01125,-0.03625
0.01125,-0.03625
0.01125,-0.03625
0.01125,-0.03625
0.01125,-0.03625
0.01125,-0.03625
0.01125,-0.03625
0.01125,-0.03625
0.01125,-0.03625
0.01125,-0.03625
0.01125,-0.03625
0.01125,-0.03625
0.01125,-0.03625
0.01125,-0.03625
0.01125,-0.03625
0.01125,-0.03625
0.01125,-0.03625
0.01125,-0.03625
0.01125,-0.03625
0.01125,-0.03625
0.01125,-0.03625
0.01125,-0.03625
0.01125,-0.03625
0.01125,-0.03625
0.01125,-0.03525
0.01125,-0.03225
0.01125,-0.03225
0.01125,-0.03225
0.01125,-0.03225
0.00525,-0.03225
0.00525,-0.03225
0.00525,-0.03225
0.00525,-0.03225
0.00525,-0.03225
0.00525,-0.03225
0.00525,-0.03225
0.00525,-0.03225
0.00525,-0.03225
0.00525,-0.03225
0.00525,-0.03225
0.00525,-0.03225
0.00525,-0.03225
0.00525,-0.042
0.00525,-0.042
0.00525,-0.042
0.00525,-0.042
0.00525,-0.042
0.00525,-0.042
0.00525,-0.042
0.00525,-0.042
0.00525,-0.036
0.00525,-0.036
0.00525,-0.036
0.00525,-0.036
0.00525,-0.036
0.00525,-0.036
0.00525,-0.04
-0.00075,-0.04
-0.00075,-0.04
-0.00075,-0.04
-0.00075,-0.04
-0.00075,-0.04
-0.00075,-0.05975
-0.00075,-0.05975
-0.00075,-0.05975
-0.00075,-0.05975
-0.00075,-0.046
-0.00075,-0.046
-0.00075,-0.04
-0.00075,-0.05975
-0.00475,-0.046
-0.00075,-0.05975
-0.00075,-0.05975
-0.00075,-0.046
0.00125,-0.04
0.00125,-0.05975
0.00125,-0.05975
0.00125,-0.05975
0.00125,-0.046
0.00125,-0.046
0.00125,-0.046
0.00125,-0.046
0.00125,-0.046
0.00125,-0.04
-0.00475,-0.04
-0.00475,-0.04
-0.00475,-0.04
-0.00475,-0.04
-0.00475,-0.04
0.011,-0.04
0.011,-0.04
0.011,-0.04
0.011,-0.04
0.021,-0.04
0.00525,-0.04
0.00125,-0.04
-0.00475,-0.04
-0.00825,-0.04
-0.00825,-0.05575
0.00525,-0.05975
0.00525,-0.04
0.00525,-0.05575
0.00525,-0.05375
0.00525,-0.05175
0.00525,-0.05375
0.00525,-0.044
0.00525,-0.03625
0.00525,-0.0205
0.00525,-0.0185
0.01125,-0.0185
0.01125,-0.0185
0.01525,-0.0185
0.01525,-0.0085
0.00925,-0.0065
0.01775,-0.0065
0.0225,-0.0035
0.0225,-0.0005
0.0225,-0.0005
0.0225,-0.0005
0.0225,-0.0005
0.0225,-0.02025
0.0265,-0.02025
0.0265,-0.02025
0.0265,-0.02175
0.0265,-0.02025
0.028,-0.03
0.028,-0.03
0.032,-0.032
0.032,-0.038
0.032,-0.032
0.03,-0.0395
0.036,-0.034
0.0325,-0.034
0.0285,-0.034
0.0365,-0.034
0.0285,-0.034
0.04025,-0.034
0.04425,-0.034
0.04425,-0.03
0.04425,-0.03
0.04425,-0.03
0.04425,-0.02425
0.04425,-0.02425
0.04425,-0.02425
0.04425,-0.02425
0.04425,-0.02425
0.04425,-0.02425
0.05,-0.02425
0.02475,-0.02425
0.02475,-0.02425
0.02475,-0.02425
0.02475,-0.02425
0.0405,-0.02425
0.0405,-0.02425
0.0405,-0.02425
0.0405,-0.02425
0.0405,-0.02425
0.0405,-0.02425
0.0405,-0.02425
0.0405,-0.02225
0.0405,-0.02225
0.0405,-0.02225
0.0405,-0.02225
0.0405,-0.02225
0.0405,-0.02225
0.0445,-0.02225
0.0445,-0.02225
0.0445,-0.02225
0.0445,-0.02225
0.0465,-0.02225
0.0465,-0.02225
0.0465,-0.02225
0.0465,-0.02225
0.0465,-0.02225
0.0465,-0.02225
0.0465,-0.02225
0.0465,-0.02225
0.0465,-0.02225
0.0465,-0.0085
0.0465,-0.0085
0.0465,-0.02825
0.0465,-0.02825
0.0465,-0.02825
0.0465,-0.02825
0.0505,-0.02825
0.0505,-0.02825
0.0505,-0.02825
0.0505,-0.02825
0.0465,-0.0125
0.0465,-0.0125
0.0505,-0.0125
0.0505,-0.0125
0.0505,-0.0125
0.0505,-0.0125
0.0505,-0.0125
0.0505,-0.0125
0.0505,-0.0125
0.0505,-0.0125
0.0505,-0.0125
0.0505,-0.0125
0.0505,-0.0125
0.0525,-0.0125
0.0525,-0.0105
0.0525,-0.0105
0.0525,-0.0105
0.0545,-0.0105
0.0545,-0.0105
0.0545,-0.0105
0.0545,-0.0105
0.0545,-0.0105
0.0545,0.00525
0.0545,0.00525
0.0545,0.00525
0.0545,0.00525
0.0545,0.00525
0.0545,0.01125
0.0545,0.01125
0.0545,0.01125
0.0545,0.01125
0.0545,0.01525
0.0545,0.01525
0.0545,0.01525
0.0545,0.01525
0.0545,0.01525
0.0545,0.01525
0.0545,0.01525
0.05825,0.01525
0.05825,0.01525
0.05825,0.01525
0.05825,0.01525
0.05825,0.01525
0.05825,0.01525
0.05825,0.01525
0.05825,0.01525
0.05825,0.00125
0.05825,0.00125
0.05825,0.00125
0.05825,0.00125
0.07175,0.00125
0.07175,0.00125
0.07175,0.00125
0.05825,0.00125
0.05825,-0.0045
0.05825,-0.0045
0.05825,-0.0045
0.05825,-0.0045
0.05825,-0.0045
0.05825,-0.0045
0.05825,-0.0045
0.05825,-0.0045
0.05825,-0.0045
0.0525,-0.0045
0.0525,-0.0045
0.0525,-0.0045
0.0525,-0.0045
0.0525,-0.0045
0.0525,-0.0045
0.0525,-0.0045
0.0525,-0.0045
0.0525,-0.0045
0.0525,-0.0045
0.0525,-0.0045
0.0525,-0.0045
0.0525,-0.0045
0.0525,-0.0045
0.0525,-0.0045
0.0525,-0.0045
0.0525,-0.0045
0.0525,-0.0045
0.0525,-0.0045
0.0525,-0.0045
0.0525,-0.0045
0.0525,-0.0005
0.0525,-0.0005
0.0525,-0.0005
0.0525,-0.0005
0.0525,-0.0005
0.0525,-0.0005
0.0525,-0.0005
0.0525,-0.0005
0.0525,-0.0005
0.0525,-0.0005
0.0525,-0.0005
0.04675,-0.0005
0.04675,-0.0005
0.04675,-0.0005
0.04675,-0.0005
0.04675,-0.0005
0.04675,-0.0005
0.04675,-0.0005
0.04675,-0.0005
0.04675,-0.0005
0.04675,-0.0005
0.04675,-0.0005
0.04675,-0.0005
0.04675,-0.0005
0.04675,-0.0005
0.04675,-0.0005
0.04675,-0.0005
0.04675,-0.0005
0.04675,-0.0005
0.04675,-0.0005
0.04675,-0.0005
0.0525,-0.0005
0.0525,-0.0005
0.0525,-0.0005
0.0525,-0.0005
0.0545,-0.0005
0.0545,-0.0005
0.0545,-0.0005
0.0545,-0.0005
0.0545,0.0015
0.0505,0.0015
0.04475,0.00725
0.04475,0.01125
0.04475,0.01725
0.03675,0.01925
0.03675,0.01925
0.03675,0.01925
0.0465,0.01925
0.0465,0.01925
0.0465,0.01925
0.0465,0.01925
0.03675,0.01925
0.03675,0.01925
0.03675,0.01925
0.03675,0.01925
0.03675,0.01925
0.03675,0.01925
0.03675,0.01925
0.03675,0.01925
0.03675,0.01925
0.03675,0.01125
0.03675,0.01125
0.03675,0.00725
0.03675,0.00525
0.0505,0.00525
0.0505,0.0015
0.0505,0.0015
0.0505,0.0015
0.0505,-0.0045
0.0505,-0.0045
0.0505,-0.0045
0.0505,-0.0045
0.0505,-0.0045
0.0505,-0.0045
0.0505,-0.0045
0.0505,-0.0045
0.0505,-0.0045
0.0505,-0.0045
0.04275,-0.0045
0.04075,-0.0045
0.04075,-0.0045
0.04075,-0.0045
0.04075,-0.0045
0.04075,-0.0045
0.04075,-0.0045
0.04075,-0.0045
0.04075,-0.0045
0.04075,-0.0045
0.04075,-0.0045
0.04075,-0.0045
0.04075,-0.0045
0.04075,-0.0045
0.04075,-0.0045
0.04075,-0.0045
0.04075,-0.0045
0.04075,-0.0045
0.04075,-0.0045
0.04075,-0.0045
0.04075,-0.0045
0.04075,0.0015
0.04075,-0.0045
0.04075,-0.0045
0.04075,-0.0045
0.04075,0.0015
0.04075,0.01125
0.04075,0.01125
0.04075,0.01125
0.04075,0.015
0.04075,-0.00075
0.0505,0.015
0.0505,0.015
0.0505,0.015
0.0505,0.015
0.0505,0.015
0.0505,0.015
0.0505,0.019
0.0505,0.019
0.04075,0.019
0.0505,0.019
0.0505,0.019
0.0505,0.021
0.0505,0.021
0.0465,0.021
0.0465,0.021
0.03675,0.021
0.03675,0.021
0.03675,0.021
0.03675,0.021
0.03075,0.021
0.03075,0.021
0.0465,0.021
0.03075,0.021
0.03075,0.021
0.03075,0.021
0.03075,0.029
0.03075,0.029
0.03075,0.01325
0.03075,0.01325
0.017,0.01325
0.017,0.01325
0.017,0.01325
0.017,0.01325
0.03275,0.01325
0.03275,0.01325
0.03275,0.01325
0.03275,0.01325
0.03275,0.01325
0.017,0.01325
0.017,0.01325
0.017,0.01325
0.017,0.01325
0.017,0.01325
0.017,0.01325
0.017,0.01325
0.017,0.01325
0.017,0.01325
0.017,0.01325
0.017,0.01325
0.017,0.01325
0.017,0.01325
0.017,0.01325
0.017,0.01325
0.015,0.01325
0.013,0.01325
0.017,0.01325
0.011,0.01325
0.013,0.01325
0.00525,0.01325
-0.00075,0.01325
-0.00075,0.01325
0.00525,0.01325
-0.00075,0.01325
-0.00475,0.01325
-0.00625,0.01325
-0.00275,0.01325
-0.00625,0.01325
-0.00625,0.01325
-0.008,0.01325
-0.008,0.01325
-0.00625,0.01325
-0.014,0.01325
-0.018,0.01325
-0.02,0.01325
-0.03,0.01325
-0.032,0.01325
-0.03,0.01325
-0.036,0.01325
-0.042,0.01325
-0.044,0.01325
-0.048,0.01325
-0.048,0.01325
-0.05,0.01325
-0.05,0.01325
-0.054,0.01325
-0.05,0.01325
-0.05,0.01325
-0.056,0.01325
-0.06,0.01325
-0.054,0.01325
-0.06,0.01525
-0.054,0.01525
-0.054,0.01325
-0.054,0.02125
-0.054,0.02325
-0.054,0.025
-0.054,0.029
-0.06,0.029
-0.06,0.029
-0.06,0.029
-0.06,0.029
-0.06,0.029
-0.06,0.029
-0.06,0.029
-0.06,0.029
-0.06,0.029
-0.06,0.029
-0.054,0.033
-0.054,0.033
-0.054,0.033
-0.054,0.037
-0.054,0.037
-0.054,0.037
-0.054,0.037
-0.054,0.037
-0.054,0.037
-0.054,0.037
-0.054,0.037
-0.054,0.039
-0.054,0.041
-0.054,0.04275
-0.054,0.04275
-0.054,0.04675
-0.054,0.04675
-0.054,0.04675
-0.054,0.05675
-0.054,0.05675
-0.054,0.05675
-0.054,0.06075
-0.054,0.06075
-0.054,0.0665
-0.042,0.0665
-0.032,0.0665
-0.03,0.0665
-0.024,0.0665
-0.024,0.0665
-0.024,0.0665
-0.024,0.0705
-0.036,0.0725
-0.044,0.0745
-0.054,0.0825
-0.066,0.08625
-0.06225,0.08625
-0.078,0.0845
-0.078,0.08825
-0.072,0.08825
-0.082,0.0785
-0.07225,0.0805
-0.07825,0.0745
-0.104,0.0745
-0.122,0.0745
-0.134,0.0745
-0.136,0.0745
-0.136,0.0745
-0.136,0.0745
-0.136,0.09025
-0.136,0.09025
-0.142,0.09025
-0.142,0.09025
-0.142,0.09425
-0.142,0.10025
-0.142,0.10025
-0.142,0.10425
-0.142,0.10425
-0.142,0.10425
-0.143,0.10425
-0.143,0.10425
-0.149,0.10425
-0.149,0.09625
-0.153,0.0895
-0.159,0.0845
-0.153,0.0805
-0.136,0.0765
-0.145,0.07275
-0.135,0.07275
-0.141,0.07275
-0.135,0.07275
-0.135,0.06675
-0.141,0.06675
-0.125,0.06675
-0.10925,0.06275
-0.10925,0.06275
-0.10925,0.06275
-0.10925,0.06275
-0.125,0.06275
-0.125,0.06275
-0.129,0.06275
-0.129,0.06275
-0.129,0.047
-0.129,0.047
-0.129,0.047
-0.129,0.047
-0.129,0.047
-0.129,0.047
-0.129,0.047
-0.129,0.06275
-0.129,0.06275
-0.129,0.06275
-0.135,0.06275
-0.135,0.05875
-0.135,0.05875
-0.135,0.05875
-0.135,0.053
-0.135,0.053
-0.135,0.053
-0.135,0.053
-0.135,0.049
-0.135,0.046
-0.135,0.046
-0.121,0.043
-0.135,0.043
-0.135,0.043
-0.141,0.046
-0.141,0.043
-0.141,0.043
-0.145,0.05475
-0.145,0.0705
-0.151,0.0745
-0.145,0.0785
-0.161,0.08025
-0.173,0.08425
-0.191,0.0685
-0.185,0.06825
-0.185,0.06425
-0.185,0.06075
-0.194,0.06275
-0.19825,0.06275
-0.20425,0.07625
-0.21025,0.07625
-0.226,0.09
-0.25,0.0645
-0.25,0.05075
-0.26,0.04
-0.26,0.04475
-0.29,0.0685
-0.298,0.0605
-0.318,0.05475
-0.304,0.04875
-0.276,0.04275
-0.262,0.05475
-0.252,0.04075
-0.244,0.04875
-0.24,0.047
-0.238,0.047
-0.232,0.047
-0.228,0.033
-0.226,0.02125
-0.22,0.04875
-0.22,0.05275
-0.22,0.05275
-0.24,0.033
-0.24,0.05275
-0.242,0.03675
-0.242,0.05075
-0.226,0.05075
-0.226,0.05075
-0.226,0.05075
-0.226,0.05075
-0.222,0.05075
-0.222,0.05075
-0.222,0.05075
-0.226,0.05825
-0.228,0.07025
-0.224,0.07625
-0.224,0.0705
-0.218,0.096
-0.214,0.11975
-0.2,0.1535
-0.206,0.17425
-0.202,0.17425
-0.216,0.18975
-0.202,0.2035
-0.202,0.209
-0.202,0.19375
-0.202,0.2035
-0.202,0.20925
-0.202,0.21525
-0.202,0.22325
-0.202,0.2155
-0.202,0.2155
-0.202,0.21525
-0.186,0.21525
-0.185,0.21925
-0.188,0.21925
-0.188,0.23325
-0.182,0.23325
-0.182,0.23325
-0.182,0.23325
-0.182,0.23325
-0.182,0.23325
-0.182,0.23325
-0.182,0.23325
-0.184,0.23325
-0.186,0.243
-0.216,0.253
-0.234,0.26675
-0.258,0.29625
-0.272,0.32775
-0.302,0.3375
-0.30175,0.35425
-0.30175,0.3375
-0.30175,0.36025
-0.30775,0.373
-0.31375,0.36525
-0.33575,0.369
-0.35575,0.4015
-0.35975,0.4045
-0.3875,0.42025
-0.4155,0.4195
-0.4275,0.4325
-0.41325,0.43825
-0.41725,0.44825
-0.43125,0.45425
-0.43725,0.45825
-0.44725,0.464
-0.457,0.464
-0.459,0.464
-0.462,0.464
-0.463,0.477
-0.467,0.48
-0.467,0.48975
-0.467,0.50375
-0.467,0.5135
-0.481,0.52525
-0.481,0.52125
-0.491,0.52525
-0.497,0.52125
-0.497,0.52525
-0.497,0.525
-0.497,0.523
-0.497,0.51925
-0.497,0.51725
-0.497,0.5115
-0.497,0.513
-0.479,0.5075
-0.463,0.5055
-0.457,0.5055
-0.453,0.48775
-0.453,0.47775
-0.449,0.47775
-0.449,0.47575
-0.449,0.47
-0.469,0.47
-0.469,0.468
-0.469,0.46
-0.469,0.46
-0.4495,0.46
-0.435,0.456
-0.4215,0.456
-0.427,0.47975
-0.427,0.47975
-0.421,0.47975
-0.405,0.48275
-0.395,0.47975
-0.393,0.47375
-0.389,0.466
-0.397,0.46
-0.395,0.463
-0.395,0.46
-0.397,0.46
-0.391,0.46
-0.4,0.454
-0.401,0.42425
-0.399,0.39475
-0.399,0.3985
-0.399,0.38875
-0.401,0.38875
-0.395,0.38875
-0.3935,0.38875
-0.392,0.4045
-0.395,0.38875
-0.393,0.38875
-0.393,0.38675
-0.383,0.38675
-0.377,0.38825
-0.381,0.40075
-0.371,0.40075
-0.369,0.40075
-0.369,0.39625
-0.355,0.4165
-0.351,0.422
-0.3495,0.4265
-0.35325,0.4265
-0.35925,0.4405
-0.36925,0.44625
-0.37725,0.454
-0.38925,0.454
-0.38725,0.46
-0.40725,0.47375
-0.41125,0.48175
-0.41325,0.4875
-0.43925,0.47775
-0.44325,0.4955
-0.46525,0.47975
-0.46525,0.47975
-0.483,0.47975
-0.483,0.47975
-0.479,0.47975
-0.483,0.47975
-0.489,0.47975
-0.495,0.46975
-0.495,0.4855
-0.499,0.47175
-0.499,0.452
-0.499,0.446
-0.499,0.445
-0.499,0.43425
-0.499,0.43425
-0.499,0.444
-0.50875,0.442
-0.50875,0.442
-0.50875,0.44
-0.50875,0.438
-0.50875,0.438
-0.49275,0.434
-0.48875,0.432
-0.48275,0.43025
-0.48275,0.43025
-0.48275,0.43025
-0.48275,0.42825
-0.48275,0.42825
-0.48275,0.42825
-0.48275,0.42425
-0.477,0.42425
-0.493,0.43825
-0.493,0.43025
-0.493,0.43025
-0.489,0.4265
-0.489,0.4245
-0.489,0.4205
-0.483,0.4205
-0.483,0.4205
-0.483,0.4205
-0.479,0.4205
-0.475,0.4205
-0.458,0.4205
-0.45125,0.4205
-0.45125,0.4205
-0.45325,0.4205
-0.43525,0.4205
-0.41725,0.4205
-0.42325,0.4205
-0.40825,0.4205
-0.40525,0.4205
-0.40325,0.4205
-0.39325,0.4205
-0.39925,0.4205
-0.39325,0.4205
-0.39525,0.4205
-0.38925,0.4065
-0.38725,0.4065
-0.38175,0.4065
-0.3835,0.4065
-0.3775,0.4065
-0.3775,0.4065
-0.3755,0.4065
-0.3815,0.4065
-0.3715,0.40075
-0.3695,0.40075
-0.3755,0.40075
-0.3695,0.40075
-0.3695,0.40075
-0.3615,0.40225
-0.3615,0.39775
-0.3455,0.391
-0.3455,0.387
-0.3455,0.381
-0.3415,0.37125
-0.3355,0.36125
-0.3355,0.357
-0.3355,0.3555
-0.3355,0.3555
-0.3355,0.3555
-0.3315,0.3555
-0.3315,0.3555
-0.3315,0.3555
-0.3315,0.3555
-0.3315,0.3495
-0.3315,0.3495
-0.3315,0.3495
-0.3315,0.3495
-0.3315,0.3495
-0.3315,0.3555
-0.3335,0.35725
-0.3295,0.35925
-0.3295,0.35925
-0.3295,0.35925
-0.3295,0.36325
-0.3265,0.36325
-0.3295,0.36525
-0.3295,0.36725
-0.3295,0.37625
-0.3295,0.3785
-0.3295,0.3825
-0.3295,0.3865
-0.3295,0.39675
-0.3295,0.39575
-0.3295,0.4005
-0.3295,0.4005
-0.3395,0.4005
-0.3355,0.4005
-0.3475,0.4005
-0.3535,0.4005
-0.3535,0.4025
-0.3535,0.4025
-0.352,0.4025
-0.3715,0.4065
-0.3715,0.4065
-0.3715,0.4065
-0.3715,0.4065
-0.3715,0.4065
-0.3715,0.4065
-0.3715,0.4065
-0.3715,0.4065
-0.3715,0.4065
-0.3715,0.4065
-0.3715,0.39275
-0.3715,0.39275
-0.3685,0.39275
-0.3715,0.40275
-0.3715,0.40275
-0.3715,0.40275
-0.3575,0.40275
-0.3575,0.40275
-0.3575,0.40275
-0.3715,0.40275
-0.3615,0.40275
-0.348,0.40275
-0.3535,0.40275
-0.3355,0.40275
-0.3355,0.40275
-0.3295,0.39675
-0.3275,0.39475
-0.3575,0.389
-0.3535,0.385
-0.3505,0.385
-0.3475,0.383
-0.3475,0.379
-0.3475,0.37525
-0.3475,0.37525
-0.3425,0.37525
-0.3455,0.37525
-0.3455,0.37525
-0.344,0.37525
-0.3535,0.37525
-0.3715,0.37525
-0.3815,0.38525
-0.3815,0.38525
-0.3835,0.38525
-0.3835,0.37925
-0.3875,0.37925
-0.3835,0.37725
-0.3835,0.37575
-0.3835,0.37725
-0.3835,0.37725
-0.3775,0.37425
-0.3775,0.37725
-0.3835,0.37525
-0.3835,0.37225
-0.3835,0.36675
-0.3835,0.37125
-0.3835,0.37125
-0.3835,0.36975
-0.3835,0.37125
-0.3835,0.36675
-0.3835,0.36975
-0.3975,0.37125
-0.3835,0.37125
-0.3805,0.36925
-0.3835,0.36625
-0.3835,0.36925
-0.4055,0.36925
-0.4055,0.36925
-0.4175,0.36925
-0.4215,0.36925
-0.4155,0.36925
-0.4195,0.3675
-0.4135,0.3675
-0.4195,0.3675
-0.3935,0.366
-0.3915,0.3675
-0.3755,0.3675
-0.3755,0.3675
-0.3755,0.3675
-0.3655,0.3675
-0.3655,0.3675
-0.3555,0.3675
-0.3655,0.3675
-0.3455,0.3675
-0.3455,0.3675
-0.3415,0.3675
-0.3415,0.3675
-0.3555,0.3675
-0.3555,0.37425
-0.3255,0.37725
-0.3315,0.37875
-0.3315,0.38325
-0.3315,0.391
-0.3415,0.397
-0.3515,0.399
-0.3575,0.399
-0.3635,0.403
-0.3675,0.405
-0.3675,0.405
-0.3735,0.405
-0.3775,0.405
-0.3775,0.42675
-0.3795,0.43075
-0.3835,0.4365
-0.3855,0.4365
-0.3955,0.4365
-0.3975,0.4285
-0.3955,0.4205
-0.3955,0.41675
-0.4015,0.41675
-0.4035,0.40875
-0.4035,0.40875
-0.4075,0.40875
-0.4035,0.40875
-0.4095,0.40875
-0.4135,0.40875
-0.4135,0.391
-0.4135,0.391
-0.4135,0.391
-0.4135,0.387
-0.4065,0.387
-0.4115,0.387
-0.40575,0.387
-0.41175,0.387
-0.41575,0.387
-0.41575,0.387
-0.41975,0.377
-0.41575,0.377
-0.41575,0.37125
-0.41775,0.36725
-0.41175,0.36725
-0.40175,0.36425
-0.40175,0.36725
-0.40175,0.36725
-0.39575,0.36125
-0.39175,0.35725
-0.39775,0.3555
-0.38775,0.3515
-0.40375,0.3475
-0.40375,0.33575
-0.39975,0.33375
-0.39975,0.33175
-0.39975,0.32975
-0.38375,0.32975
-0.37375,0.32975
-0.37375,0.31975
-0.39375,0.32275
-0.38375,0.31975
-0.39975,0.31975
-0.39975,0.31975
-0.39975,0.318
-0.37975,0.318
-0.37975,0.318
-0.37975,0.318
-0.37975,0.317
-0.37975,0.314
-0.38675,0.314
-0.36775,0.31125
-0.38225,0.30825
-0.38775,0.30825
-0.38775,0.30825
-0.37375,0.30625
-0.34475,0.30625
-0.34975,0.30625
-0.34375,0.30625
-0.33975,0.30625
-0.34375,0.30625
-0.33975,0.3005
-0.34375,0.2985
-0.33375,0.2985
-0.33775,0.2985
-0.33375,0.2985
-0.33375,0.2985
-0.34775,0.2985
-0.33025,0.2985
-0.34175,0.2985
-0.32175,0.2985
-0.32175,0.3005
-0.32175,0.3005
-0.33975,0.3005
-0.34575,0.3005
-0.32575,0.27875
-0.33175,0.27475
-0.33975,0.26875
-0.34375,0.26875
-0.32975,0.26875
-0.32975,0.26875
-0.32975,0.27875
-0.32975,0.26275
-0.32975,0.28675
-0.33575,0.2765
-0.32975,0.2865
-0.32975,0.2885
-0.32575,0.29425
-0.32575,0.30425
-0.32575,0.31
-0.32575,0.314
-0.32575,0.316
-0.32425,0.316
-0.32575,0.316
-0.32375,0.316
-0.31975,0.316
-0.31775,0.316
-0.32375,0.316
-0.32375,0.316
-0.32375,0.316
-0.32375,0.316
-0.32375,0.316
-0.31775,0.316
-0.31775,0.316
-0.30775,0.316
-0.30175,0.316
-0.30175,0.314
-0.30175,0.314
-0.31,0.314
-0.294,0.314
-0.3,0.308
-0.276,0.308
-0.262,0.308
-0.262,0.308
-0.222,0.30425
-0.22,0.30425
-0.224,0.30025
-0.22,0.30025
-0.206,0.29825
-0.2,0.29825
-0.19725,0.29825
-0.19625,0.29625
-0.19625,0.29425
-0.21025,0.29025
-0.21025,0.29025
-0.20825,0.2885
-0.20825,0.2885
-0.20825,0.2865
-0.20825,0.2845
-0.20625,0.2845
-0.20425,0.2805
-0.20425,0.2785
-0.20025,0.2785
-0.20325,0.2765
-0.20625,0.2725
-0.20025,0.2725
-0.20175,0.2725
-0.20325,0.2725
-0.20025,0.26675
-0.20025,0.26275
-0.20025,0.26275
-0.20025,0.26275
-0.20325,0.26075
-0.20025,0.253
-0.20025,0.251
-0.20025,0.25675
-0.20475,0.247
-0.20025,0.253
-0.20175,0.249
-0.20025,0.247
-0.20025,0.247
-0.20625,0.249
-0.20625,0.243
-0.21025,0.243
-0.21475,0.239
-0.20225,0.239
-0.20225,0.239
-0.20225,0.239
-0.20225,0.239
-0.20225,0.239
-0.19625,0.239
-0.2,0.239
-0.196,0.239
-0.196,0.239
-0.19,0.239
-0.19,0.239
-0.19,0.247
-0.19,0.249
-0.19,0.26275
-0.19,0.2785
-0.19,0.2885
-0.188,0.29425
-0.188,0.29425
-0.188,0.29425
-0.188,0.29425
-0.188,0.3
-0.188,0.304
-0.188,0.304
-0.188,0.30225
-0.188,0.29625
-0.188,0.2865
-0.188,0.2885
-0.18125,0.2825
-0.18425,0.2885
-0.17825,0.2825
-0.17975,0.2765
-0.17825,0.2765
-0.18425,0.2785
-0.18425,0.27275
-0.18425,0.27075
-0.18025,0.27075
-0.18025,0.26875
-0.18025,0.26275
-0.18025,0.26275
-0.18425,0.26275
-0.19025,0.25875
-0.19025,0.25725
-0.19025,0.25725
-0.19025,0.25725
-0.20625,0.25725
-0.20625,0.25725
-0.20625,0.25725
-0.20475,0.25725
-0.20625,0.25725
-0.20625,0.25725
-0.20625,0.25725
-0.20625,0.25725
-0.21025,0.25725
-0.21825,0.25725
-0.21825,0.25725
-0.21825,0.25725
-0.21825,0.25725
-0.21825,0.25025
-0.21825,0.24325
-0.20225,0.24325
-0.20225,0.24325
-0.20225,0.2375
-0.20225,0.2375
-0.20225,0.2375
-0.20225,0.2375
-0.20225,0.2375
-0.20225,0.2335
-0.20225,0.2335
-0.20225,0.2215
-0.20225,0.2215
-0.20225,0.21725
-0.18825,0.21575
-0.18825,0.21575
-0.18225,0.21575
-0.18225,0.21875
-0.18225,0.21575
-0.18225,0.21875
-0.18225,0.21575
-0.18225,0.21575
-0.18225,0.21575
-0.18225,0.21575
-0.19825,0.21575
-0.19825,0.21575
-0.19825,0.21575
-0.19825,0.2215
-0.19825,0.21725
-0.19825,0.243
-0.19675,0.24575
-0.19825,0.24725
-0.19825,0.24575
-0.19825,0.24725
-0.19825,0.24725
-0.19825,0.24725
-0.19825,0.24725
-0.19825,0.26475
-0.19825,0.24925
-0.19825,0.23325
-0.19825,0.22925
-0.19825,0.243
-0.19825,0.259
-0.202,0.26275
-0.224,0.26275
-0.234,0.26275
-0.236,0.26275
-0.2405,0.26275
-0.242,0.2785
-0.239,0.2825
-0.242,0.2825
-0.242,0.2825
-0.242,0.2825
-0.242,0.2825
-0.242,0.2825
-0.242,0.2825
-0.239,0.2825
-0.242,0.2825
-0.242,0.2855
-0.242,0.2825
-0.246,0.2825
-0.246,0.2845
-0.246,0.2705
-0.246,0.2705
-0.246,0.2705
-0.246,0.26475
-0.246,0.26475
-0.23,0.26475
-0.23,0.26475
-0.23,0.26475
-0.226,0.26475
-0.226,0.26475
-0.226,0.26775
-0.226,0.26475
-0.226,0.26475
-0.226,0.26475
-0.226,0.26475
-0.226,0.2805
-0.226,0.2805
-0.226,0.27475
-0.226,0.27275
-0.226,0.27575
-0.226,0.27275
-0.226,0.27075
-0.226,0.27675
-0.226,0.27475
-0.24,0.26875
-0.24,0.26875
-0.24,0.27175
-0.24,0.26875
-0.244,0.27175
-0.244,0.26875
-0.244,0.27025
-0.244,0.26875
-0.244,0.27325
-0.244,0.27475
-0.248,0.27325
-0.248,0.27475
-0.248,0.27475
-0.254,0.27475
-0.254,0.27475
-0.254,0.25875
-0.254,0.251
-0.24,0.249
-0.24,0.25875
-0.24,0.249
-0.24,0.26875
-0.26,0.27275
-0.24,0.27275
-0.26,0.27275
-0.27,0.27275
-0.29,0.27675
-0.29,0.27675
-0.29,0.27675
-0.26,0.2925
-0.29,0.2925
-0.29,0.27675
-0.29,0.27675
-0.29,0.27875
-0.29,0.27875
-0.29,0.28075
-0.28,0.28075
-0.28,0.28075
-0.28,0.28075
-0.28,0.2965
-0.28,0.28275
-0.2815,0.28275
-0.2815,0.28275
-0.286,0.2965
-0.286,0.2965
-0.283,0.2965
-0.286,0.2965
-0.286,0.2965
-0.286,0.28075
-0.286,0.28075
-0.286,0.28075
-0.286,0.267
-0.283,0.267
-0.286,0.267
-0.283,0.267
-0.286,0.267
-0.286,0.267
-0.286,0.267
-0.286,0.267
-0.286,0.267
-0.2845,0.267
-0.286,0.267
-0.286,0.267
-0.286,0.267
-0.286,0.267
-0.286,0.27
-0.276,0.267
-0.262,0.267
-0.262,0.2685
-0.262,0.27275
-0.262,0.27275
-0.256,0.27275
-0.256,0.26675
-0.256,0.26675
-0.2545,0.26675
-0.25,0.26675
-0.25,0.26675
-0.25,0.26675
-0.25,0.26675
-0.25,0.26675
-0.25,0.26675
-0.25,0.26675
-0.25,0.26675
-0.25,0.27525
-0.25,0.27075
-0.25,0.27075
-0.246,0.27075
-0.24,0.2865
-0.236,0.28275
-0.236,0.27075
-0.236,0.27075
-0.236,0.27375
-0.2285,0.27075
-0.222,0.27075
-0.226,0.27075
-0.226,0.27075
-0.222,0.27525
-0.236,0.27375
-0.236,0.2925
-0.236,0.2865
-0.236,0.2865
-0.24,0.2865
-0.24,0.2865
-0.24,0.2865
-0.24,0.30675
-0.24,0.319
-0.24,0.32575
-0.24,0.33175
-0.24,0.32875
-0.244,0.33225
-0.25,0.33375
-0.268,0.33375
-0.27,0.33225
-0.274,0.33375
-0.274,0.33225
-0.274,0.32175
-0.274,0.3215
-0.283,0.32
-0.29,0.323
-0.287,0.32
-0.312,0.3245
-0.334,0.323
-0.334,0.323
-0.332,0.32
-0.332,0.3245
-0.3305,0.326
-0.328,0.3245
-0.3265,0.326
-0.338,0.326
-0.338,0.326
-0.338,0.33575
-0.338,0.33575
-0.326,0.33575
-0.316,0.33575
-0.288,0.33575
-0.254,0.33175
-0.24,0.32375
-0.216,0.318
-0.21,0.314
-0.21,0.304
-0.218,0.30025
-0.214,0.29625
-0.212,0.29825
-0.194,0.2805
-0.202,0.2685
-0.1985,0.2665
-0.196,0.2665
-0.182,0.2665
-0.18,0.2665
-0.18,0.2665
-0.18,0.2665
-0.174,0.2665
-0.184,0.2665
-0.212,0.2665
-0.198,0.2665
-0.212,0.2665
-0.216,0.2665
-0.21625,0.2665
-0.21625,0.2665
-0.21625,0.2665
-0.21625,0.2725
-0.20025,0.2665
-0.2005,0.2745
-0.202,0.2765
-0.202,0.2765
-0.202,0.2785
-0.2065,0.28225
-0.214,0.28425
-0.213,0.28625
-0.22,0.28625
-0.22,0.28625
-0.22,0.2665
-0.2305,0.28025
-0.238,0.28025
-0.238,0.28025
-0.238,0.28025
-0.222,0.28025
-0.202,0.28025
-0.202,0.28025
-0.202,0.28025
-0.228,0.28025
-0.228,0.2745
-0.232,0.2745
-0.232,0.2745
-0.232,0.2705
-0.229,0.2705
-0.226,0.25875
-0.232,0.25225
-0.2305,0.24425
-0.226,0.25075
-0.226,0.24575
-0.226,0.24275
-0.226,0.24125
-0.226,0.253
-0.226,0.23925
-0.2195,0.2395
-0.208,0.24925
-0.206,0.24925
-0.208,0.25325
-0.202,0.25325
-0.206,0.25325
-0.2,0.25325
-0.2,0.252
-0.2,0.2475
-0.196,0.2475
-0.196,0.2475
-0.19,0.2435
-0.176,0.2435
-0.145,0.22775
-0.136,0.21975
-0.136,0.2
-0.126,0.21
-0.1175,0.21
-0.09025,0.19425
-0.06625,0.204
-0.06225,0.17425
-0.0365,0.17425
-0.0365,0.147
-0.0365,0.15475
-0.0365,0.14875
-0.033,0.122
-0.023,0.0935
-0.01925,0.0725
-0.01325,0.058
-0.0125,0.052
-0.0125,0.0385
-0.0115,0.04275
-0.0115,0.02875
-0.0115,0.02475
-0.0115,0.0135
-0.0115,0.0
-0.0115,0.0
-0.0115,0.0
-0.0115,0.0
-0.0115,0.0
-0.0115,0.0
-0.0115,0.0
-0.0115,0.0
-0.0115,0.0
-0.0115,0.0
-0.0075,0.0
-0.00575,0.0
-0.0075,0.0
-0.0115,0.0
-0.0115,0.0
-0.0115,0.0
-0.0115,0.0
-0.00575,0.0
0.00375,0.0
-0.00575,0.0
0.0,0.0
0.0,0.0
-0.00175,0.0
0.0175,0.0
0.02325,0.0
0.00775,0.0
0.0215,0.0
-0.00175,0.0
0.0175,0.0
0.00775,0.0
-0.00175,0.0
-0.00175,0.0
-0.00175,0.0
-0.00175,0.0
-0.00175,0.0
-0.00175,0.0
0.0,0.0
0.01925,0.0
0.0,0.0
0.0,0.0
0.0,0.0
0.0,0.0
0.0,0.0
0.0,0.0
0.0,0.0
0.0,0.0
0.0,0.0
0.0,0.0
0.0,0.0
0.0,0.0
0.0,0.0
0.0,0.0
-0.00175,0.0
-0.00175,0.0
-0.00175,0.0
-0.00175,0.0
-0.00575,0.0
-0.00575,0.0
-0.00575,0.0
-0.00575,0.0
-0.00575,0.0
-0.00575,0.0
-0.00575,0.0
-0.00575,0.0
0.0,0.0
0.0,0.0
0.0,0.0
0.0,0.0
0.0,0.0
0.0,0.0
0.0,0.0
0.0,0.0
0.0,0.0
-0.00175,0.0
-0.00175,0.0
-0.00175,0.0
-0.00175,0.0
-0.00175,0.0
-0.00175,0.0
-0.00175,0.0
-0.00175,0.0
-0.00175,0.0
-0.00175,0.0
-0.00175,0.0
-0.00175,0.0
-0.00175,0.0
-0.00175,0.0
-0.00175,0.0
-0.00175,0.0
-0.00175,0.0
