valence,arousal
-0.068,0.0
-0.069,0.0
-0.068,0.0
-0.067,0.0
-0.067,0.0
-0.067,0.002
-0.067,0.011
-0.067,0.028
-0.069,0.03
-0.085,0.034
-0.088,0.038
-0.091,0.045
-0.094,0.045
-0.104,0.047
-0.106,0.049
-0.109,0.048
-0.115,0.046
-0.122,0.045
-0.131,0.043
-0.136,0.04
-0.178,0.039
-0.212,0.036
-0.233,0.036
-0.244,0.036
-0.265,0.036
-0.271,0.036
-0.288,0.037
-0.309,0.037
-0.341,0.038
-0.343,0.04
-0.343,0.058
-0.348,0.068
-0.351,0.075
-0.352,0.102
-0.351,0.114
-0.35,0.133
-0.349,0.135
-0.349,0.135
-0.342,0.148
-0.339,0.158
-0.33,0.167
-0.327,0.166
-0.327,0.162
-0.327,0.152
-0.327,0.148
-0.327,0.142
-0.327,0.14
-0.327,0.141
-0.327,0.14
-0.327,0.139
-0.327,0.14
-0.327,0.141
-0.327,0.141
-0.329,0.137
-0.329,0.127
-0.333,0.126
-0.334,0.11
-0.333,0.098
-0.333,0.088
-0.333,0.092
-0.333,0.093
-0.333,0.094
-0.336,0.099
-0.341,0.105
-0.369,0.112
-0.373,0.175
-0.385,0.245
-0.42,0.27
-0.463,0.281
-0.497,0.289
-0.51,0.302
-0.541,0.34
-0.557,0.371
-0.558,0.39
-0.558,0.397
-0.556,0.407
-0.552,0.403
-0.54,0.405
-0.537,0.403
-0.536,0.403
-0.536,0.405
-0.534,0.423
-0.534,0.439
-0.534,0.49
-0.534,0.497
-0.534,0.492
-0.534,0.471
-0.534,0.463
-0.533,0.418
-0.533,0.409
-0.533,0.407
-0.533,0.409
-0.533,0.409
-0.533,0.409
-0.533,0.403
-0.533,0.386
-0.539,0.38
-0.566,0.384
-0.59,0.394
-0.628,0.403
-0.637,0.411
-0.642,0.432
-0.642,0.447
-0.642,0.479
-0.636,0.482
-0.624,0.488
-0.623,0.505
-0.623,0.514
-0.623,0.537
-0.623,0.538
-0.623,0.541
-0.623,0.542
-0.623,0.546
-0.623,0.557
-0.623,0.568
-0.623,0.578
-0.624,0.598
-0.624,0.611
-0.624,0.615
-0.624,0.615
-0.624,0.61
-0.624,0.602
-0.624,0.585
-0.623,0.585
-0.623,0.586
-0.623,0.586
-0.623,0.586
-0.623,0.582
-0.623,0.559
-0.623,0.523
-0.623,0.502
-0.623,0.488
-0.62,0.475
-0.608,0.473
-0.605,0.462
-0.602,0.45
-0.594,0.431
-0.592,0.417
-0.592,0.401
-0.584,0.388
-0.573,0.381
-0.57,0.385
-0.563,0.383
-0.56,0.379
-0.561,0.381
-0.561,0.379
-0.565,0.381
-0.567,0.381
-0.569,0.382
-0.569,0.383
-0.57,0.383
-0.57,0.384
-0.569,0.384
-0.568,0.387
-0.568,0.389
-0.584,0.391
-0.585,0.395
-0.584,0.396
-0.585,0.407
-0.585,0.409
-0.585,0.41
-0.585,0.41
-0.585,0.445
-0.607,0.517
-0.624,0.548
-0.655,0.593
-0.674,0.616
-0.685,0.619
-0.697,0.654
-0.698,0.668
-0.698,0.688
-0.698,0.71
-0.7,0.714
-0.701,0.719
-0.713,0.732
-0.72,0.748
-0.737,0.793
-0.739,0.847
-0.753,0.867
-0.761,0.868
-0.771,0.869
-0.781,0.869
-0.81,0.869
-0.819,0.869
-0.821,0.869
-0.817,0.868
-0.806,0.868
-0.806,0.864
-0.805,0.845
-0.805,0.845
-0.805,0.833
-0.805,0.825
-0.805,0.781
-0.805,0.766
-0.803,0.758
-0.802,0.734
-0.802,0.729
-0.802,0.719
-0.803,0.71
-0.802,0.708
-0.782,0.704
-0.763,0.699
-0.754,0.693
-0.745,0.681
-0.747,0.674
-0.747,0.655
-0.748,0.648
-0.748,0.644
-0.748,0.634
-0.745,0.633
-0.726,0.624
-0.725,0.616
-0.724,0.608
-0.723,0.597
-0.722,0.601
-0.721,0.597
-0.72,0.598
-0.72,0.597
-0.72,0.599
-0.719,0.597
-0.717,0.598
-0.713,0.595
-0.7,0.596
-0.674,0.595
-0.662,0.595
-0.661,0.595
-0.655,0.59
-0.654,0.584
-0.655,0.577
-0.653,0.581
-0.654,0.568
-0.654,0.567
-0.652,0.566
-0.65,0.563
-0.651,0.564
-0.656,0.563
-0.675,0.563
-0.68,0.569
-0.682,0.578
-0.685,0.585
-0.697,0.596
-0.714,0.597
-0.739,0.597
-0.747,0.598
-0.751,0.598
-0.753,0.597
-0.759,0.597
-0.766,0.598
-0.772,0.604
-0.776,0.609
-0.776,0.628
-0.779,0.644
-0.78,0.675
-0.779,0.702
-0.779,0.708
-0.779,0.71
-0.778,0.712
-0.775,0.711
-0.769,0.711
-0.761,0.711
-0.761,0.71
-0.761,0.71
-0.761,0.71
-0.761,0.707
-0.761,0.704
-0.761,0.697
-0.761,0.695
-0.761,0.695
-0.774,0.696
-0.821,0.698
-0.849,0.716
-0.849,0.725
-0.849,0.767
-0.847,0.773
-0.846,0.77
-0.843,0.763
-0.84,0.748
-0.836,0.749
-0.831,0.749
-0.831,0.749
-0.823,0.749
-0.81,0.749
-0.751,0.748
-0.718,0.727
-0.668,0.704
-0.661,0.695
-0.655,0.691
-0.656,0.682
-0.661,0.674
-0.666,0.66
-0.668,0.655
-0.674,0.64
-0.676,0.64
-0.678,0.639
-0.679,0.636
-0.685,0.627
-0.687,0.623
-0.687,0.625
-0.688,0.621
-0.713,0.626
-0.717,0.636
-0.718,0.646
-0.717,0.651
-0.717,0.671
-0.721,0.708
-0.727,0.737
-0.75,0.751
-0.772,0.753
-0.818,0.762
-0.833,0.785
-0.842,0.821
-0.85,0.848
-0.849,0.867
-0.85,0.875
-0.85,0.881
-0.85,0.882
-0.853,0.882
-0.856,0.881
-0.859,0.881
-0.864,0.88
-0.864,0.871
-0.861,0.865
-0.853,0.861
-0.849,0.86
-0.846,0.86
-0.846,0.86
-0.846,0.86
-0.846,0.86
-0.846,0.86
-0.846,0.86
-0.845,0.86
-0.844,0.86
-0.838,0.86
-0.838,0.86
-0.836,0.86
-0.834,0.86
-0.825,0.86
-0.81,0.86
-0.801,0.86
-0.791,0.86
-0.789,0.859
-0.781,0.86
-0.778,0.855
-0.778,0.848
-0.778,0.843
-0.778,0.811
-0.779,0.798
-0.779,0.787
-0.779,0.78
-0.781,0.771
-0.781,0.771
-0.782,0.762
-0.783,0.758
-0.783,0.747
-0.783,0.736
-0.783,0.732
-0.782,0.725
-0.782,0.723
-0.776,0.71
-0.766,0.708
-0.761,0.707
-0.747,0.7
-0.748,0.703
-0.749,0.698
-0.749,0.696
-0.75,0.696
-0.749,0.698
-0.749,0.697
-0.745,0.696
-0.742,0.698
-0.741,0.694
-0.739,0.69
-0.74,0.683
-0.739,0.678
-0.739,0.675
-0.74,0.67
-0.74,0.664
-0.74,0.67
-0.74,0.671
-0.739,0.671
-0.74,0.672
-0.74,0.672
-0.74,0.672
-0.741,0.674
-0.742,0.673
-0.742,0.674
-0.742,0.673
-0.742,0.674
-0.741,0.674
-0.742,0.675
-0.742,0.676
-0.742,0.677
-0.742,0.679
-0.742,0.678
-0.742,0.681
-0.742,0.684
-0.742,0.685
-0.742,0.685
-0.742,0.689
-0.741,0.691
-0.741,0.696
-0.741,0.697
-0.74,0.699
-0.74,0.699
-0.739,0.7
-0.739,0.7
-0.739,0.702
-0.739,0.704
-0.739,0.704
-0.739,0.704
-0.739,0.706
-0.739,0.706
-0.738,0.723
-0.739,0.726
-0.739,0.728
-0.739,0.725
-0.74,0.724
-0.74,0.723
-0.74,0.723
-0.739,0.723
-0.739,0.723
-0.739,0.723
-0.739,0.723
-0.739,0.723
-0.739,0.723
-0.739,0.723
-0.739,0.719
-0.739,0.718
-0.739,0.715
-0.739,0.715
-0.738,0.714
-0.737,0.714
-0.737,0.714
-0.737,0.714
-0.736,0.714
-0.736,0.715
-0.735,0.718
-0.726,0.719
-0.718,0.725
-0.716,0.728
-0.717,0.731
-0.717,0.736
-0.716,0.748
-0.714,0.759
-0.708,0.768
-0.705,0.779
-0.696,0.785
-0.694,0.784
-0.693,0.785
-0.694,0.788
-0.694,0.792
-0.695,0.8
-0.694,0.801
-0.694,0.803
-0.695,0.803
-0.697,0.796
-0.697,0.782
-0.697,0.777
-0.698,0.777
-0.697,0.76
-0.698,0.727
-0.699,0.711
-0.7,0.693
-0.701,0.68
-0.701,0.668
-0.702,0.659
-0.703,0.655
-0.704,0.646
-0.704,0.64
-0.705,0.645
-0.707,0.648
-0.711,0.656
-0.712,0.661
-0.716,0.674
-0.722,0.675
-0.722,0.699
-0.722,0.711
-0.722,0.719
-0.723,0.726
-0.723,0.726
-0.722,0.729
-0.722,0.727
-0.722,0.717
-0.723,0.706
-0.723,0.704
-0.723,0.708
-0.723,0.71
-0.723,0.718
-0.723,0.755
-0.697,0.756
-0.682,0.752
-0.673,0.736
-0.666,0.728
-0.649,0.728
-0.626,0.729
-0.608,0.729
-0.581,0.728
-0.569,0.719
-0.548,0.683
-0.528,0.672
-0.519,0.63
-0.484,0.604
-0.465,0.554
-0.441,0.533
-0.435,0.499
-0.435,0.494
-0.434,0.495
-0.435,0.5
-0.435,0.507
-0.437,0.524
-0.437,0.528
-0.438,0.613
-0.44,0.656
-0.44,0.679
-0.44,0.691
-0.439,0.688
-0.436,0.689
-0.434,0.69
-0.417,0.69
-0.399,0.691
-0.397,0.691
-0.401,0.689
-0.406,0.686
-0.414,0.677
-0.427,0.669
-0.43,0.666
-0.431,0.658
-0.454,0.65
-0.485,0.638
-0.492,0.622
-0.497,0.607
-0.499,0.595
-0.5,0.579
-0.499,0.569
-0.499,0.533
-0.499,0.521
-0.499,0.501
-0.497,0.464
-0.496,0.446
-0.494,0.428
-0.49,0.402
-0.49,0.4
-0.489,0.389
-0.488,0.375
-0.486,0.37
-0.482,0.354
-0.479,0.338
-0.472,0.33
-0.472,0.335
-0.472,0.334
-0.472,0.336
-0.472,0.338
-0.472,0.342
-0.472,0.353
-0.472,0.365
-0.472,0.366
-0.472,0.371
-0.472,0.403
-0.472,0.421
-0.472,0.43
-0.434,0.444
-0.412,0.455
-0.406,0.476
-0.393,0.488
-0.391,0.49
-0.39,0.495
-0.39,0.501
-0.391,0.503
-0.394,0.505
-0.395,0.508
-0.395,0.507
-0.398,0.509
-0.401,0.508
-0.41,0.508
-0.421,0.508
-0.423,0.508
-0.431,0.509
-0.449,0.509
-0.474,0.508
-0.489,0.508
-0.496,0.509
-0.498,0.508
-0.5,0.508
-0.501,0.508
-0.501,0.508
-0.5,0.508
-0.5,0.505
-0.499,0.503
-0.499,0.501
-0.5,0.498
-0.499,0.496
-0.499,0.497
-0.499,0.497
-0.499,0.496
-0.499,0.497
-0.502,0.497
-0.534,0.499
-0.582,0.5
-0.601,0.502
-0.611,0.504
-0.613,0.509
-0.618,0.515
-0.621,0.516
-0.622,0.525
-0.621,0.53
-0.62,0.552
-0.618,0.57
-0.612,0.578
-0.601,0.59
-0.601,0.597
-0.6,0.606
-0.599,0.607
-0.6,0.609
-0.6,0.61
-0.6,0.608
-0.599,0.606
-0.601,0.604
-0.604,0.597
-0.605,0.591
-0.605,0.587
-0.605,0.58
-0.605,0.578
-0.605,0.578
-0.604,0.578
-0.602,0.578
-0.6,0.578
-0.601,0.578
-0.6,0.578
-0.6,0.578
-0.6,0.578
-0.599,0.578
-0.603,0.578
-0.604,0.578
-0.605,0.578
-0.605,0.578
-0.606,0.578
-0.606,0.578
-0.606,0.578
-0.606,0.578
-0.606,0.578
-0.606,0.578
-0.605,0.578
-0.602,0.578
-0.602,0.578
-0.601,0.578
-0.601,0.578
-0.601,0.578
-0.601,0.578
-0.6,0.578
-0.6,0.56
-0.599,0.545
-0.591,0.534
-0.581,0.52
-0.579,0.509
-0.579,0.475
-0.58,0.475
-0.582,0.459
-0.583,0.442
-0.584,0.436
-0.586,0.423
-0.586,0.417
-0.586,0.408
-0.586,0.402
-0.586,0.401
-0.586,0.4
-0.586,0.397
-0.586,0.399
-0.586,0.4
-0.584,0.401
-0.584,0.401
-0.583,0.402
-0.583,0.402
-0.582,0.402
-0.579,0.399
-0.568,0.385
-0.549,0.368
-0.541,0.358
-0.54,0.338
-0.541,0.301
-0.54,0.281
-0.54,0.252
-0.54,0.227
-0.539,0.206
-0.534,0.156
-0.522,0.131
-0.508,0.1
-0.467,0.079
-0.456,0.056
-0.438,0.063
-0.438,0.068
-0.439,0.081
-0.446,0.086
-0.462,0.088
-0.468,0.089
-0.482,0.09
-0.526,0.09
-0.544,0.09
-0.563,0.09
-0.581,0.091
-0.605,0.091
-0.612,0.167
-0.629,0.203
-0.639,0.215
-0.664,0.219
-0.672,0.22
-0.673,0.219
-0.673,0.219
-0.676,0.22
-0.677,0.222
-0.677,0.227
-0.676,0.23
-0.676,0.229
-0.676,0.227
-0.678,0.227
-0.678,0.228
-0.684,0.232
-0.694,0.232
-0.698,0.231
-0.701,0.233
-0.702,0.232
-0.704,0.232
-0.702,0.234
-0.702,0.236
-0.702,0.235
-0.702,0.234
-0.702,0.233
-0.703,0.225
-0.703,0.221
-0.704,0.218
-0.703,0.213
-0.703,0.21
-0.702,0.21
-0.702,0.212
-0.7,0.216
-0.7,0.264
-0.7,0.284
-0.701,0.335
-0.705,0.371
-0.709,0.374
-0.727,0.379
-0.737,0.386
-0.744,0.392
-0.742,0.427
-0.742,0.472
-0.742,0.532
-0.743,0.552
-0.745,0.557
-0.751,0.567
-0.753,0.573
-0.753,0.58
-0.752,0.597
-0.752,0.617
-0.752,0.628
-0.751,0.645
-0.751,0.65
-0.751,0.653
-0.75,0.653
-0.748,0.646
-0.744,0.641
-0.741,0.636
-0.736,0.631
-0.736,0.628
-0.735,0.622
-0.735,0.622
-0.735,0.623
-0.735,0.623
-0.735,0.623
-0.735,0.607
-0.735,0.591
-0.735,0.537
-0.735,0.496
-0.735,0.467
-0.74,0.451
-0.735,0.43
-0.735,0.421
-0.735,0.4
-0.735,0.395
-0.735,0.38
-0.735,0.338
-0.735,0.323
-0.735,0.277
-0.735,0.265
-0.735,0.266
-0.735,0.263
-0.735,0.25
-0.735,0.255
-0.735,0.256
-0.735,0.261
-0.735,0.272
-0.735,0.282
-0.735,0.29
-0.735,0.293
-0.735,0.293
-0.735,0.294
-0.735,0.294
-0.735,0.295
-0.735,0.295
-0.735,0.295
-0.735,0.295
-0.735,0.295
-0.735,0.295
-0.735,0.295
-0.735,0.295
-0.735,0.295
-0.735,0.296
-0.735,0.296
-0.735,0.295
-0.735,0.296
-0.735,0.296
-0.735,0.296
-0.735,0.296
-0.735,0.296
-0.735,0.296
-0.735,0.296
-0.735,0.308
-0.735,0.343
-0.735,0.388
-0.735,0.398
-0.735,0.405
-0.735,0.404
-0.735,0.397
-0.735,0.394
-0.735,0.394
-0.735,0.395
-0.735,0.395
-0.735,0.397
-0.735,0.398
-0.735,0.398
-0.735,0.398
-0.735,0.4
-0.735,0.407
-0.735,0.422
-0.729,0.447
-0.696,0.46
-0.624,0.486
-0.558,0.489
-0.55,0.49
-0.552,0.49
-0.555,0.492
-0.556,0.49
-0.568,0.489
-0.571,0.488
-0.575,0.482
-0.577,0.466
-0.577,0.458
-0.58,0.458
-0.577,0.45
-0.577,0.411
-0.577,0.392
-0.577,0.379
-0.577,0.342
-0.573,0.332
-0.54,0.312
-0.525,0.31
-0.513,0.283
-0.512,0.267
-0.518,0.266
-0.522,0.27
-0.534,0.285
-0.54,0.295
-0.593,0.31
-0.611,0.415
-0.614,0.464
-0.62,0.485
-0.625,0.502
-0.624,0.519
-0.625,0.526
-0.627,0.559
-0.629,0.58
-0.633,0.594
-0.634,0.599
-0.634,0.601
-0.635,0.6
-0.64,0.601
-0.645,0.599
-0.646,0.599
-0.651,0.598
-0.655,0.597
-0.666,0.592
-0.671,0.59
-0.679,0.584
-0.691,0.576
-0.7,0.576
-0.701,0.572
-0.7,0.572
-0.7,0.57
-0.698,0.57
-0.697,0.569
-0.697,0.571
-0.697,0.569
-0.697,0.57
-0.696,0.571
-0.696,0.57
-0.697,0.563
-0.697,0.546
-0.697,0.533
-0.697,0.51
-0.697,0.497
-0.697,0.464
-0.697,0.435
-0.696,0.405
-0.694,0.365
-0.694,0.347
-0.694,0.334
-0.694,0.314
-0.694,0.3
-0.692,0.282
-0.691,0.27
-0.685,0.253
-0.685,0.242
-0.684,0.233
-0.683,0.226
-0.683,0.221
-0.683,0.223
-0.683,0.242
-0.682,0.252
-0.682,0.328
-0.682,0.365
-0.682,0.409
-0.681,0.436
-0.68,0.447
-0.681,0.49
-0.681,0.507
-0.681,0.518
-0.681,0.551
-0.68,0.569
-0.68,0.571
-0.68,0.575
-0.68,0.573
-0.681,0.573
-0.68,0.572
-0.68,0.569
-0.68,0.559
-0.68,0.554
-0.68,0.541
-0.68,0.542
-0.68,0.517
-0.68,0.429
-0.68,0.404
-0.68,0.361
-0.68,0.336
-0.68,0.327
-0.68,0.318
-0.68,0.312
-0.68,0.308
-0.68,0.293
-0.68,0.294
-0.68,0.287
-0.68,0.287
-0.68,0.275
-0.68,0.272
-0.68,0.26
-0.68,0.259
-0.68,0.261
-0.68,0.255
-0.68,0.246
-0.681,0.24
-0.68,0.23
-0.68,0.22
-0.68,0.212
-0.68,0.205
-0.68,0.203
-0.68,0.19
-0.68,0.184
-0.68,0.177
-0.68,0.181
-0.68,0.18
-0.68,0.181
-0.68,0.181
-0.68,0.182
-0.68,0.182
-0.68,0.184
-0.68,0.184
-0.68,0.184
-0.68,0.182
-0.68,0.178
-0.68,0.178
-0.68,0.181
-0.68,0.19
-0.681,0.208
-0.68,0.212
-0.68,0.29
-0.68,0.325
-0.68,0.383
-0.68,0.419
-0.68,0.479
-0.68,0.531
-0.68,0.674
-0.68,0.71
-0.68,0.717
-0.68,0.724
-0.68,0.728
-0.68,0.74
-0.68,0.786
-0.68,0.797
-0.68,0.806
-0.681,0.807
-0.683,0.806
-0.691,0.807
-0.692,0.807
-0.694,0.807
-0.694,0.805
-0.695,0.801
-0.694,0.8
-0.694,0.787
-0.694,0.784
-0.694,0.698
-0.694,0.629
-0.694,0.583
-0.694,0.52
-0.691,0.463
-0.688,0.421
-0.689,0.398
-0.689,0.39
-0.688,0.389
-0.689,0.385
-0.689,0.387
-0.689,0.387
-0.689,0.389
-0.689,0.398
-0.689,0.404
-0.689,0.409
-0.689,0.415
-0.69,0.419
-0.692,0.509
-0.695,0.601
-0.696,0.627
-0.697,0.639
-0.701,0.627
-0.707,0.61
-0.708,0.61
-0.711,0.616
-0.711,0.623
-0.711,0.641
-0.713,0.642
-0.713,0.64
-0.713,0.612
-0.713,0.511
-0.713,0.454
-0.712,0.41
-0.711,0.407
-0.711,0.411
-0.71,0.429
-0.707,0.431
-0.706,0.52
-0.706,0.62
-0.706,0.647
-0.706,0.663
-0.707,0.667
-0.709,0.67
-0.711,0.672
-0.713,0.682
-0.713,0.694
-0.715,0.73
-0.714,0.745
-0.714,0.768
-0.714,0.771
-0.714,0.77
-0.715,0.762
-0.716,0.749
-0.716,0.731
-0.716,0.717
-0.716,0.659
-0.716,0.63
-0.714,0.574
-0.714,0.543
-0.714,0.497
-0.711,0.432
-0.711,0.414
-0.711,0.389
-0.711,0.37
-0.712,0.349
-0.712,0.338
-0.712,0.328
-0.712,0.315
-0.712,0.295
-0.712,0.291
-0.712,0.274
-0.712,0.276
-0.712,0.258
-0.712,0.247
-0.712,0.242
-0.712,0.24
-0.711,0.241
-0.711,0.235
-0.711,0.233
-0.71,0.231
-0.709,0.223
-0.709,0.208
-0.71,0.207
-0.711,0.208
-0.711,0.206
-0.711,0.203
-0.711,0.196
-0.709,0.197
-0.707,0.188
-0.698,0.182
-0.649,0.173
-0.593,0.165
-0.533,0.165
-0.537,0.154
-0.547,0.14
-0.554,0.111
-0.554,0.097
-0.555,0.082
-0.559,0.081
-0.559,0.083
-0.556,0.082
-0.558,0.083
-0.558,0.086
-0.558,0.087
-0.558,0.09
-0.558,0.092
-0.558,0.092
-0.56,0.092
-0.571,0.092
-0.58,0.092
-0.58,0.092
-0.58,0.092
-0.575,0.092
-0.564,0.09
-0.512,0.088
-0.471,0.063
-0.435,0.047
-0.429,0.045
-0.431,0.052
-0.43,0.051
-0.431,0.054
-0.428,0.056
-0.426,0.056
-0.426,0.052
-0.426,0.038
-0.43,0.037
-0.431,0.035
-0.433,0.024
-0.436,0.019
-0.435,0.03
-0.435,0.023
-0.434,0.002
-0.431,0.0
-0.423,-0.01
-0.406,-0.046
-0.363,-0.079
-0.331,-0.086
-0.318,-0.085
-0.318,-0.079
-0.321,-0.079
-0.325,-0.068
-0.326,-0.063
-0.33,-0.057
-0.33,-0.057
-0.33,-0.055
-0.33,-0.023
-0.329,0.0
-0.33,0.0
-0.329,0.0
-0.329,0.017
-0.328,0.025
-0.327,0.054
-0.327,0.057
-0.327,0.062
-0.327,0.06
-0.329,0.06
-0.345,0.06
-0.51,0.06
-0.565,0.059
-0.614,0.058
-0.621,0.061
-0.637,0.111
-0.645,0.152
-0.646,0.186
-0.646,0.228
-0.648,0.226
-0.651,0.224
-0.652,0.225
-0.652,0.224
-0.652,0.223
-0.654,0.222
-0.652,0.221
-0.652,0.222
-0.653,0.22
-0.655,0.217
-0.655,0.214
-0.656,0.211
-0.661,0.197
-0.66,0.195
-0.66,0.196
-0.658,0.196
-0.658,0.196
-0.655,0.183
-0.655,0.178
-0.655,0.168
-0.655,0.148
-0.656,0.143
-0.658,0.133
-0.659,0.12
-0.661,0.108
-0.664,0.103
-0.665,0.099
-0.666,0.098
-0.666,0.097
-0.666,0.093
-0.665,0.086
-0.664,0.09
-0.663,0.088
-0.663,0.083
-0.661,0.084
-0.662,0.084
-0.664,0.084
-0.655,0.086
-0.655,0.086
-0.656,0.086
-0.659,0.086
-0.66,0.086
-0.661,0.087
-0.671,0.088
-0.68,0.089
-0.696,0.094
-0.708,0.095
-0.725,0.106
-0.736,0.111
-0.748,0.113
-0.751,0.113
-0.75,0.114
-0.746,0.114
-0.744,0.114
-0.742,0.114
-0.742,0.114
-0.741,0.114
-0.739,0.115
-0.735,0.115
-0.735,0.115
-0.735,0.115
-0.735,0.115
-0.734,0.115
-0.734,0.115
-0.735,0.115
-0.734,0.115
-0.734,0.115
-0.734,0.115
-0.734,0.115
-0.734,0.115
-0.734,0.116
-0.734,0.115
-0.734,0.115
-0.732,0.109
-0.728,0.116
-0.726,0.116
-0.726,0.116
-0.728,0.116
-0.727,0.116
-0.726,0.116
-0.726,0.123
-0.722,0.143
-0.707,0.203
-0.689,0.259
-0.639,0.283
-0.632,0.296
-0.636,0.3
-0.638,0.303
-0.64,0.302
-0.651,0.306
-0.655,0.309
-0.655,0.307
-0.655,0.311
-0.655,0.31
-0.68,0.323
-0.688,0.333
-0.691,0.336
-0.691,0.33
-0.692,0.327
-0.692,0.323
-0.698,0.323
-0.708,0.323
-0.712,0.326
-0.717,0.325
-0.717,0.325
-0.719,0.321
-0.72,0.319
-0.719,0.306
-0.719,0.302
-0.719,0.302
-0.719,0.303
-0.72,0.303
-0.721,0.303
-0.723,0.302
-0.725,0.302
-0.729,0.302
-0.729,0.302
-0.732,0.302
-0.731,0.299
-0.732,0.295
-0.732,0.281
-0.732,0.278
-0.732,0.268
-0.731,0.257
-0.729,0.255
-0.728,0.249
-0.727,0.238
-0.727,0.236
-0.726,0.232
-0.726,0.231
-0.727,0.228
-0.726,0.229
-0.724,0.231
-0.723,0.228
-0.717,0.224
-0.707,0.225
-0.686,0.223
-0.687,0.215
-0.689,0.212
-0.692,0.21
-0.692,0.21
-0.691,0.218
-0.689,0.218
-0.686,0.22
-0.667,0.22
-0.66,0.219
-0.653,0.218
-0.652,0.218
-0.653,0.219
-0.653,0.218
-0.651,0.216
-0.644,0.217
-0.639,0.218
-0.617,0.218
-0.564,0.219
-0.506,0.221
-0.481,0.221
-0.466,0.223
-0.447,0.224
-0.443,0.223
-0.436,0.224
-0.411,0.228
-0.38,0.231
-0.372,0.235
-0.356,0.238
-0.348,0.238
-0.342,0.241
-0.341,0.238
-0.341,0.238
-0.342,0.238
-0.343,0.239
-0.343,0.239
-0.343,0.239
-0.344,0.239
-0.345,0.239
-0.345,0.239
-0.345,0.239
-0.345,0.239
-0.345,0.239
-0.345,0.239
-0.343,0.24
-0.343,0.239
-0.343,0.239
-0.343,0.24
-0.343,0.24
-0.343,0.24
-0.343,0.239
-0.356,0.242
-0.414,0.242
-0.506,0.248
-0.555,0.248
-0.559,0.248
-0.57,0.248
-0.574,0.249
-0.589,0.249
-0.604,0.254
-0.624,0.257
-0.63,0.259
-0.633,0.261
-0.636,0.261
-0.638,0.263
-0.636,0.263
-0.637,0.263
-0.64,0.263
-0.647,0.263
-0.655,0.262
-0.661,0.262
-0.674,0.263
-0.681,0.266
-0.694,0.295
-0.695,0.374
-0.703,0.414
-0.711,0.452
-0.735,0.469
-0.757,0.48
-0.781,0.482
-0.804,0.483
-0.812,0.486
-0.812,0.517
-0.812,0.535
-0.813,0.561
-0.813,0.582
-0.813,0.581
-0.813,0.576
-0.81,0.554
-0.804,0.554
-0.795,0.554
-0.795,0.539
-0.788,0.513
-0.747,0.466
-0.741,0.448
-0.739,0.417
-0.739,0.402
-0.741,0.376
-0.742,0.369
-0.744,0.361
-0.744,0.353
-0.744,0.358
-0.743,0.362
-0.742,0.374
-0.742,0.383
-0.742,0.384
-0.744,0.385
-0.753,0.381
-0.762,0.377
-0.762,0.377
-0.762,0.383
-0.776,0.385
-0.779,0.385
-0.781,0.396
-0.781,0.419
-0.781,0.431
-0.779,0.438
-0.774,0.443
-0.769,0.443
-0.767,0.439
-0.75,0.437
-0.737,0.435
-0.732,0.434
-0.721,0.425
-0.699,0.425
-0.684,0.424
-0.651,0.424
-0.646,0.424
-0.642,0.392
-0.637,0.366
-0.63,0.327
-0.627,0.313
-0.625,0.302
-0.626,0.294
-0.626,0.286
-0.626,0.282
-0.625,0.272
-0.625,0.266
-0.624,0.273
-0.624,0.269
-0.623,0.264
-0.624,0.265
-0.626,0.263
-0.625,0.255
-0.624,0.244
-0.621,0.241
-0.621,0.233
-0.621,0.239
-0.615,0.246
-0.605,0.257
-0.599,0.266
-0.573,0.278
-0.543,0.281
-0.481,0.31
-0.478,0.317
-0.481,0.319
-0.484,0.32
-0.485,0.321
-0.485,0.329
-0.485,0.342
-0.485,0.355
-0.486,0.364
-0.486,0.363
-0.486,0.366
-0.485,0.365
-0.484,0.364
-0.482,0.361
-0.481,0.36
-0.474,0.361
-0.463,0.361
-0.451,0.361
-0.445,0.364
-0.424,0.364
-0.408,0.369
-0.395,0.37
-0.388,0.366
-0.386,0.362
-0.385,0.36
-0.386,0.351
-0.387,0.344
-0.384,0.343
-0.375,0.344
-0.364,0.34
-0.352,0.295
-0.335,0.261
-0.331,0.268
-0.332,0.265
-0.332,0.268
-0.332,0.272
-0.332,0.278
-0.332,0.278
-0.332,0.271
-0.332,0.256
-0.329,0.256
-0.32,0.245
-0.312,0.235
-0.275,0.235
-0.25,0.23
-0.227,0.219
-0.218,0.213
-0.219,0.216
-0.22,0.214
-0.22,0.22
-0.221,0.218
-0.224,0.24
-0.224,0.246
-0.224,0.253
-0.225,0.255
-0.225,0.255
-0.226,0.257
-0.226,0.257
-0.228,0.258
-0.228,0.259
-0.231,0.259
-0.234,0.256
-0.242,0.249
-0.249,0.218
-0.254,0.202
-0.27,0.206
-0.295,0.209
-0.302,0.231
-0.315,0.247
-0.323,0.248
-0.343,0.312
-0.352,0.375
-0.388,0.381
-0.426,0.381
-0.44,0.366
-0.465,0.358
-0.482,0.346
-0.507,0.315
-0.516,0.255
-0.527,0.238
-0.537,0.216
-0.543,0.197
-0.545,0.193
-0.543,0.178
-0.543,0.176
-0.541,0.175
-0.539,0.17
-0.533,0.171
-0.522,0.173
-0.519,0.174
-0.519,0.175
-0.519,0.178
-0.519,0.184
-0.519,0.195
-0.519,0.207
-0.519,0.208
-0.516,0.209
-0.51,0.21
-0.509,0.21
-0.51,0.21
-0.512,0.21
-0.513,0.21
-0.513,0.21
-0.513,0.21
-0.513,0.21
-0.513,0.21
-0.513,0.21
-0.518,0.21
-0.524,0.21
-0.531,0.21
-0.537,0.21
-0.544,0.21
-0.549,0.21
-0.552,0.21
-0.553,0.21
-0.559,0.21
-0.562,0.21
-0.563,0.21
-0.565,0.21
-0.565,0.21
-0.564,0.21
-0.563,0.211
-0.562,0.211
-0.561,0.21
-0.562,0.21
-0.562,0.209
-0.566,0.209
-0.57,0.207
-0.571,0.207
-0.572,0.207
-0.576,0.208
-0.578,0.208
-0.589,0.209
-0.597,0.209
-0.601,0.208
-0.599,0.208
-0.599,0.208
-0.598,0.208
-0.597,0.209
-0.596,0.209
-0.595,0.21
-0.596,0.21
-0.596,0.21
-0.597,0.214
-0.605,0.297
-0.607,0.36
-0.611,0.37
-0.617,0.381
-0.623,0.389
-0.629,0.39
-0.642,0.393
-0.648,0.396
-0.657,0.402
-0.667,0.397
-0.671,0.39
-0.676,0.368
-0.681,0.37
-0.683,0.37
-0.687,0.37
-0.689,0.37
-0.691,0.37
-0.689,0.37
-0.689,0.37
-0.689,0.377
-0.688,0.379
-0.687,0.382
-0.686,0.39
-0.686,0.398
-0.685,0.405
-0.685,0.416
-0.685,0.436
-0.685,0.462
-0.685,0.473
-0.685,0.482
-0.689,0.484
-0.694,0.484
-0.699,0.484
-0.704,0.483
-0.714,0.482
-0.717,0.477
-0.72,0.468
-0.719,0.448
-0.72,0.449
-0.72,0.406
-0.717,0.38
-0.714,0.344
-0.712,0.324
-0.706,0.315
-0.704,0.296
-0.704,0.293
-0.704,0.285
-0.704,0.274
-0.704,0.259
-0.704,0.256
-0.704,0.261
-0.704,0.259
-0.704,0.267
-0.704,0.267
-0.704,0.268
-0.704,0.269
-0.704,0.269
-0.704,0.269
-0.704,0.27
-0.704,0.269
-0.702,0.242
-0.7,0.25
-0.697,0.235
-0.695,0.215
-0.68,0.201
-0.668,0.206
-0.646,0.198
-0.624,0.188
-0.616,0.178
-0.609,0.165
-0.602,0.17
-0.596,0.168
-0.59,0.16
-0.586,0.164
-0.584,0.161
-0.583,0.163
-0.584,0.166
-0.584,0.179
-0.585,0.199
-0.585,0.208
-0.586,0.234
-0.587,0.253
-0.589,0.253
-0.589,0.249
-0.605,0.238
-0.608,0.232
-0.626,0.231
-0.629,0.23
-0.638,0.231
-0.643,0.231
-0.648,0.231
-0.656,0.231
-0.664,0.231
-0.674,0.231
-0.684,0.231
-0.688,0.276
-0.695,0.317
-0.698,0.327
-0.699,0.336
-0.698,0.34
-0.698,0.34
-0.697,0.349
-0.697,0.354
-0.697,0.36
-0.696,0.364
-0.695,0.371
-0.695,0.387
-0.695,0.418
-0.695,0.435
-0.694,0.44
-0.694,0.444
-0.694,0.441
-0.693,0.423
-0.693,0.421
-0.693,0.42
-0.693,0.42
-0.693,0.42
-0.693,0.421
-0.693,0.42
-0.693,0.398
-0.693,0.385
-0.693,0.374
-0.692,0.356
-0.691,0.348
-0.688,0.345
-0.683,0.337
-0.678,0.322
-0.674,0.322
-0.674,0.302
-0.674,0.296
-0.674,0.277
-0.674,0.278
-0.674,0.272
-0.674,0.266
-0.671,0.254
-0.666,0.261
-0.66,0.264
-0.658,0.255
-0.658,0.249
-0.655,0.239
-0.655,0.234
-0.653,0.225
-0.653,0.225
-0.651,0.22
-0.649,0.216
-0.649,0.213
-0.647,0.207
-0.647,0.207
-0.649,0.199
-0.645,0.199
-0.645,0.2
-0.643,0.191
-0.641,0.19
-0.641,0.187
-0.64,0.19
-0.639,0.191
-0.634,0.191
-0.628,0.178
-0.624,0.164
-0.622,0.164
-0.617,0.165
-0.613,0.173
-0.61,0.177
-0.609,0.188
-0.609,0.199
-0.609,0.205
-0.61,0.209
-0.611,0.21
-0.614,0.211
-0.624,0.232
-0.63,0.246
-0.633,0.27
-0.634,0.28
-0.634,0.301
-0.634,0.321
-0.634,0.323
-0.634,0.324
-0.634,0.319
-0.634,0.317
-0.634,0.312
-0.634,0.306
-0.634,0.301
-0.634,0.298
-0.634,0.298
-0.634,0.298
-0.634,0.298
-0.635,0.297
-0.634,0.279
-0.634,0.272
-0.634,0.269
-0.634,0.271
-0.634,0.271
-0.626,0.271
-0.609,0.271
-0.578,0.271
-0.544,0.27
-0.528,0.268
-0.527,0.264
-0.528,0.257
-0.529,0.238
-0.529,0.246
-0.53,0.244
-0.53,0.238
-0.531,0.241
-0.531,0.24
-0.531,0.235
-0.531,0.238
-0.531,0.241
-0.533,0.242
-0.533,0.241
-0.533,0.239
-0.534,0.238
-0.535,0.23
-0.536,0.216
-0.549,0.208
-0.555,0.201
-0.57,0.191
-0.589,0.186
-0.59,0.182
-0.592,0.171
-0.59,0.167
-0.586,0.158
-0.578,0.157
-0.57,0.152
-0.519,0.137
-0.496,0.125
-0.493,0.118
-0.477,0.113
-0.468,0.125
-0.444,0.124
-0.402,0.124
-0.384,0.124
-0.343,0.121
-0.318,0.121
-0.296,0.123
-0.289,0.123
-0.273,0.128
-0.253,0.128
-0.246,0.129
-0.239,0.129
-0.237,0.129
-0.236,0.129
-0.236,0.129
-0.236,0.128
-0.236,0.124
-0.236,0.124
-0.236,0.124
-0.235,0.122
-0.236,0.121
-0.235,0.126
-0.236,0.127
-0.236,0.128
-0.236,0.129
-0.236,0.128
-0.236,0.126
-0.236,0.126
-0.236,0.128
-0.236,0.135
-0.236,0.137
-0.236,0.141
-0.237,0.143
-0.237,0.143
-0.237,0.144
-0.237,0.144
-0.237,0.147
-0.243,0.152
-0.256,0.156
-0.357,0.156
-0.437,0.157
-0.456,0.167
-0.466,0.195
-0.47,0.247
-0.47,0.251
-0.468,0.252
-0.466,0.254
-0.463,0.256
-0.458,0.26
-0.449,0.264
-0.441,0.268
-0.437,0.282
-0.41,0.28
-0.388,0.281
-0.379,0.28
-0.377,0.28
-0.376,0.281
-0.376,0.281
-0.375,0.281
-0.374,0.281
-0.375,0.281
-0.375,0.281
-0.375,0.281
-0.377,0.281
-0.382,0.281
-0.384,0.282
-0.385,0.282
-0.386,0.282
-0.386,0.283
-0.386,0.283
-0.386,0.284
-0.387,0.283
-0.386,0.283
-0.387,0.283
-0.386,0.28
-0.386,0.28
-0.386,0.276
-0.386,0.269
-0.386,0.262
-0.386,0.254
-0.386,0.253
-0.386,0.252
-0.387,0.252
-0.387,0.252
-0.387,0.253
-0.388,0.252
-0.388,0.252
-0.388,0.252
-0.387,0.252
-0.387,0.252
-0.388,0.252
-0.387,0.252
-0.387,0.252
-0.387,0.252
-0.387,0.252
-0.386,0.253
-0.386,0.252
-0.386,0.252
-0.387,0.253
-0.392,0.266
-0.395,0.287
-0.457,0.387
-0.472,0.385
-0.478,0.388
-0.487,0.385
-0.492,0.382
-0.49,0.374
-0.489,0.372
-0.489,0.372
-0.488,0.375
-0.487,0.38
-0.486,0.389
-0.485,0.424
-0.484,0.481
-0.482,0.499
-0.481,0.513
-0.479,0.512
-0.479,0.511
-0.479,0.503
-0.479,0.499
-0.479,0.492
-0.479,0.483
-0.479,0.48
-0.479,0.439
-0.479,0.398
-0.479,0.349
-0.476,0.321
-0.476,0.313
-0.476,0.3
-0.476,0.296
-0.476,0.268
-0.476,0.263
-0.476,0.257
-0.476,0.235
-0.475,0.234
-0.475,0.226
-0.475,0.224
-0.475,0.222
-0.475,0.218
-0.475,0.215
-0.475,0.201
-0.475,0.199
-0.475,0.18
-0.475,0.16
-0.476,0.162
-0.476,0.153
-0.476,0.141
-0.476,0.139
-0.475,0.135
-0.476,0.133
-0.477,0.13
-0.477,0.124
-0.479,0.116
-0.479,0.119
-0.479,0.106
-0.479,0.101
-0.479,0.106
-0.479,0.107
-0.479,0.111
-0.479,0.113
-0.479,0.116
-0.479,0.131
-0.479,0.139
-0.479,0.142
-0.479,0.146
-0.479,0.147
-0.478,0.147
-0.476,0.133
-0.475,0.24
-0.474,0.265
-0.479,0.276
-0.502,0.28
-0.544,0.283
-0.561,0.287
-0.573,0.285
-0.605,0.288
-0.608,0.297
-0.607,0.304
-0.608,0.315
-0.608,0.323
-0.608,0.327
-0.607,0.328
-0.616,0.327
-0.628,0.325
-0.667,0.325
-0.677,0.325
-0.685,0.322
-0.684,0.321
-0.683,0.317
-0.673,0.295
-0.667,0.294
-0.665,0.293
-0.664,0.28
-0.664,0.263
-0.664,0.24
-0.664,0.233
-0.664,0.238
-0.664,0.238
-0.664,0.236
-0.661,0.223
-0.661,0.203
-0.661,0.18
-0.661,0.169
-0.661,0.164
-0.661,0.155
-0.661,0.139
-0.661,0.129
-0.676,0.134
-0.694,0.142
-0.704,0.149
-0.711,0.159
-0.725,0.171
-0.73,0.189
-0.739,0.225
-0.745,0.24
-0.753,0.274
-0.757,0.291
-0.759,0.302
-0.759,0.315
-0.76,0.33
-0.761,0.343
-0.756,0.344
-0.753,0.349
-0.741,0.349
-0.726,0.362
-0.711,0.363
-0.701,0.364
-0.697,0.366
-0.689,0.36
-0.686,0.343
-0.679,0.337
-0.673,0.337
-0.67,0.301
-0.664,0.274
-0.665,0.235
-0.663,0.221
-0.662,0.192
-0.663,0.171
-0.663,0.144
-0.662,0.161
-0.663,0.161
-0.663,0.148
-0.661,0.146
-0.662,0.131
-0.663,0.132
-0.663,0.126
-0.663,0.128
-0.663,0.13
-0.663,0.131
-0.663,0.13
-0.663,0.126
-0.664,0.121
-0.666,0.12
-0.666,0.131
-0.667,0.128
-0.669,0.135
-0.677,0.135
-0.687,0.138
-0.689,0.139
-0.689,0.137
-0.69,0.137
-0.689,0.135
-0.69,0.124
-0.69,0.104
-0.69,0.11
-0.69,0.107
-0.69,0.098
-0.691,0.091
-0.69,0.088
-0.694,0.09
-0.697,0.088
-0.705,0.083
-0.723,0.079
-0.721,0.078
-0.728,0.064
-0.728,0.065
-0.729,0.06
-0.729,0.05
-0.729,0.052
-0.728,0.051
-0.721,0.051
-0.713,0.047
-0.713,0.048
-0.713,0.047
-0.7,0.048
-0.695,0.045
-0.692,0.048
-0.692,0.048
-0.682,0.048
-0.671,0.048
-0.667,0.046
-0.663,0.045
-0.657,0.041
-0.637,0.04
-0.632,0.042
-0.623,0.043
-0.614,0.046
-0.604,0.047
-0.586,0.047
-0.544,0.046
-0.51,0.047
-0.398,0.048
-0.272,0.049
-0.221,0.049
-0.219,0.049
-0.22,0.052
-0.223,0.072
-0.225,0.075
-0.239,0.098
-0.247,0.136
-0.248,0.141
-0.272,0.135
-0.311,0.132
-0.316,0.118
-0.317,0.119
-0.318,0.017
-0.318,-0.052
-0.317,-0.106
-0.317,-0.211
-0.319,-0.296
-0.333,-0.345
-0.343,-0.355
-0.345,-0.356
-0.35,-0.36
-0.356,-0.361
-0.356,-0.361
-0.36,-0.366
-0.363,-0.368
-0.37,-0.374
-0.372,-0.37
-0.369,-0.348
-0.369,-0.195
-0.367,-0.048
-0.372,-0.022
-0.382,0.0
-0.388,0.007
-0.422,0.062
-0.429,0.087
-0.432,0.153
-0.438,0.167
-0.441,0.189
-0.442,0.256
-0.445,0.288
-0.459,0.301
-0.463,0.317
-0.483,0.34
-0.502,0.367
-0.53,0.381
-0.544,0.428
-0.552,0.48
-0.561,0.486
-0.567,0.487
-0.571,0.485
-0.581,0.479
-0.606,0.463
-0.62,0.457
-0.643,0.411
-0.652,0.356
-0.677,0.275
-0.701,0.236
-0.711,0.237
-0.735,0.23
-0.744,0.22
-0.755,0.212
-0.757,0.202
-0.761,0.206
-0.761,0.194
-0.761,0.173
-0.761,0.154
-0.756,0.133
-0.751,0.121
-0.745,0.11
-0.744,0.098
-0.744,0.092
-0.744,0.088
-0.744,0.081
-0.744,0.075
-0.744,0.071
-0.744,0.073
-0.744,0.064
-0.743,0.066
-0.735,0.069
-0.729,0.071
-0.726,0.074
-0.725,0.074
-0.722,0.075
-0.713,0.075
-0.703,0.075
-0.674,0.074
-0.628,0.073
-0.612,0.07
-0.593,0.061
-0.593,0.058
-0.592,0.057
-0.593,0.058
-0.593,0.051
-0.594,0.037
-0.595,0.032
-0.595,0.03
-0.594,0.038
-0.593,0.039
-0.588,0.043
-0.572,0.046
-0.555,0.047
-0.533,0.049
-0.524,0.05
-0.526,0.051
-0.528,0.052
-0.533,0.054
-0.534,0.056
-0.534,0.056
-0.534,0.058
-0.534,0.058
-0.534,0.058
-0.534,0.058
-0.533,0.058
-0.533,0.058
-0.532,0.058
-0.531,0.06
-0.53,0.06
-0.528,0.059
-0.525,0.06
-0.514,0.06
-0.509,0.06
-0.49,0.06
-0.479,0.059
-0.464,0.061
-0.459,0.061
-0.446,0.061
-0.434,0.062
-0.427,0.063
-0.424,0.063
-0.422,0.063
-0.424,0.064
-0.423,0.063
-0.423,0.062
-0.424,0.061
-0.424,0.062
-0.423,0.061
-0.42,0.062
-0.417,0.062
-0.397,0.062
-0.379,0.061
-0.363,0.062
-0.357,0.061
-0.35,0.061
-0.35,0.058
-0.352,0.057
-0.353,0.057
-0.354,0.057
-0.355,0.057
-0.355,0.057
-0.355,0.058
-0.356,0.056
-0.355,0.056
-0.355,0.054
-0.355,0.054
-0.356,0.053
-0.356,0.054
-0.356,0.056
-0.355,0.057
-0.355,0.063
-0.356,0.065
-0.356,0.066
-0.356,0.067
-0.356,0.067
-0.357,0.067
-0.358,0.068
-0.358,0.067
-0.358,0.068
-0.358,0.069
-0.358,0.069
-0.359,0.069
-0.361,0.069
-0.372,0.126
-0.377,0.139
-0.484,0.186
-0.518,0.183
-0.533,0.205
-0.561,0.212
-0.571,0.22
-0.59,0.283
-0.598,0.307
-0.606,0.345
-0.62,0.358
-0.633,0.369
-0.635,0.368
-0.637,0.359
-0.636,0.357
-0.636,0.347
-0.635,0.343
-0.634,0.343
-0.632,0.343
-0.629,0.343
-0.629,0.343
-0.629,0.343
-0.629,0.343
-0.629,0.343
-0.624,0.343
-0.62,0.343
-0.617,0.343
-0.586,0.343
-0.558,0.343
-0.543,0.342
-0.541,0.343
-0.541,0.34
-0.543,0.34
-0.544,0.338
-0.544,0.34
-0.545,0.339
-0.545,0.338
-0.545,0.34
-0.544,0.339
-0.544,0.338
-0.546,0.331
-0.547,0.327
-0.547,0.312
-0.548,0.278
-0.552,0.253
-0.559,0.259
-0.561,0.256
-0.562,0.231
-0.562,0.246
-0.57,0.244
-0.575,0.254
-0.59,0.259
-0.6,0.261
-0.602,0.265
-0.61,0.278
-0.614,0.281
-0.617,0.281
-0.623,0.281
-0.624,0.281
-0.627,0.282
-0.626,0.282
-0.629,0.282
-0.626,0.282
-0.627,0.295
-0.627,0.298
-0.627,0.301
-0.627,0.304
-0.627,0.304
-0.627,0.303
-0.627,0.302
-0.627,0.302
-0.627,0.298
-0.628,0.297
-0.627,0.294
-0.627,0.294
-0.627,0.294
-0.626,0.294
-0.626,0.295
-0.626,0.297
-0.625,0.297
-0.626,0.296
-0.626,0.295
-0.626,0.293
-0.626,0.293
-0.626,0.293
-0.626,0.294
-0.625,0.297
-0.624,0.298
-0.624,0.312
-0.625,0.321
-0.626,0.341
-0.627,0.363
-0.647,0.37
-0.658,0.376
-0.696,0.425
-0.716,0.44
-0.72,0.497
-0.725,0.526
-0.728,0.557
-0.745,0.557
-0.747,0.558
-0.745,0.559
-0.744,0.559
-0.741,0.557
-0.731,0.529
-0.715,0.462
-0.698,0.414
-0.695,0.363
-0.696,0.341
-0.697,0.312
-0.697,0.28
-0.697,0.281
-0.698,0.237
-0.698,0.248
-0.698,0.245
-0.7,0.24
-0.7,0.23
-0.7,0.247
-0.7,0.267
-0.701,0.275
-0.703,0.281
-0.706,0.297
-0.708,0.35
-0.714,0.347
-0.717,0.35
-0.717,0.342
-0.717,0.334
-0.723,0.333
-0.726,0.333
-0.726,0.333
-0.726,0.333
-0.726,0.324
-0.726,0.325
-0.726,0.328
-0.726,0.33
-0.732,0.33
-0.737,0.338
-0.743,0.353
-0.743,0.354
-0.744,0.343
-0.744,0.343
-0.742,0.327
-0.742,0.297
-0.741,0.304
-0.74,0.306
-0.74,0.318
-0.74,0.321
-0.739,0.326
-0.738,0.328
-0.734,0.33
-0.732,0.33
-0.731,0.33
-0.731,0.33
-0.731,0.327
-0.73,0.323
-0.73,0.262
-0.73,0.242
-0.73,0.212
-0.73,0.188
-0.729,0.176
-0.729,0.201
-0.729,0.208
-0.729,0.237
-0.729,0.238
-0.729,0.273
-0.729,0.331
-0.729,0.364
-0.729,0.385
-0.729,0.411
-0.733,0.442
-0.739,0.534
-0.745,0.572
-0.748,0.624
-0.751,0.642
-0.751,0.648
-0.754,0.656
-0.753,0.667
-0.756,0.677
-0.759,0.683
-0.767,0.688
-0.767,0.704
-0.776,0.708
-0.789,0.7
-0.794,0.675
-0.8,0.64
-0.801,0.582
-0.8,0.549
-0.801,0.536
-0.801,0.542
-0.801,0.546
-0.801,0.546
-0.801,0.546
-0.8,0.47
-0.796,0.464
-0.794,0.461
-0.791,0.463
-0.788,0.472
-0.785,0.483
-0.785,0.501
-0.778,0.504
-0.753,0.504
-0.744,0.521
-0.742,0.559
-0.742,0.565
-0.741,0.573
-0.737,0.58
-0.732,0.587
-0.719,0.593
-0.719,0.593
-0.721,0.597
-0.723,0.604
-0.725,0.604
-0.726,0.61
-0.728,0.614
-0.735,0.62
-0.741,0.646
-0.741,0.661
-0.742,0.698
-0.742,0.723
-0.752,0.741
-0.756,0.742
-0.756,0.745
-0.757,0.746
-0.757,0.747
-0.756,0.747
-0.756,0.75
-0.756,0.749
-0.756,0.751
-0.755,0.751
-0.754,0.755
-0.754,0.758
-0.753,0.756
-0.751,0.756
-0.751,0.755
-0.75,0.755
-0.748,0.755
-0.748,0.753
-0.748,0.753
-0.748,0.752
-0.748,0.752
-0.748,0.752
-0.747,0.752
-0.746,0.753
-0.746,0.751
-0.746,0.752
-0.746,0.752
-0.746,0.751
-0.746,0.751
-0.746,0.75
-0.746,0.749
-0.746,0.747
-0.746,0.744
-0.746,0.74
-0.746,0.736
-0.746,0.734
-0.747,0.734
-0.744,0.734
-0.729,0.735
-0.711,0.737
-0.699,0.742
-0.695,0.747
-0.697,0.768
-0.697,0.782
-0.7,0.794
-0.702,0.816
-0.706,0.83
-0.712,0.84
-0.72,0.839
-0.721,0.836
-0.721,0.829
-0.721,0.82
-0.721,0.816
-0.724,0.816
-0.728,0.815
-0.731,0.815
-0.732,0.816
-0.732,0.816
-0.733,0.816
-0.733,0.815
-0.732,0.816
-0.733,0.816
-0.733,0.816
-0.734,0.815
-0.734,0.816
-0.732,0.817
-0.732,0.816
-0.732,0.816
-0.731,0.816
-0.729,0.816
-0.728,0.805
-0.726,0.799
-0.725,0.794
-0.724,0.794
-0.725,0.792
-0.725,0.759
-0.724,0.753
-0.724,0.735
-0.724,0.688
-0.725,0.666
-0.725,0.562
-0.724,0.549
-0.724,0.542
-0.724,0.541
-0.724,0.544
-0.724,0.541
-0.725,0.535
-0.724,0.523
-0.724,0.492
-0.724,0.475
-0.724,0.457
-0.725,0.452
-0.712,0.445
-0.695,0.441
-0.686,0.435
-0.686,0.444
-0.682,0.447
-0.68,0.448
-0.679,0.445
-0.675,0.449
-0.671,0.443
-0.67,0.422
-0.67,0.416
-0.67,0.372
-0.669,0.357
-0.669,0.324
-0.67,0.298
-0.67,0.275
-0.67,0.257
-0.671,0.247
-0.67,0.21
-0.669,0.206
-0.664,0.193
-0.651,0.17
-0.637,0.177
-0.618,0.182
-0.612,0.165
-0.612,0.165
-0.611,0.172
-0.612,0.164
-0.612,0.171
-0.608,0.166
-0.608,0.159
-0.6,0.168
-0.575,0.158
-0.552,0.144
-0.5,0.167
-0.473,0.168
-0.465,0.17
-0.445,0.173
-0.429,0.191
-0.416,0.202
-0.406,0.206
-0.389,0.21
-0.378,0.21
-0.339,0.21
-0.335,0.211
-0.312,0.211
-0.296,0.212
-0.289,0.212
-0.283,0.212
-0.279,0.213
-0.282,0.213
-0.282,0.212
-0.282,0.212
-0.282,0.212
-0.283,0.214
-0.283,0.214
-0.282,0.214
-0.283,0.214
-0.283,0.213
-0.284,0.213
-0.285,0.228
-0.287,0.291
-0.289,0.356
-0.289,0.379
-0.289,0.388
-0.289,0.404
-0.293,0.43
-0.304,0.434
-0.376,0.462
-0.468,0.492
-0.471,0.512
-0.477,0.568
-0.485,0.582
-0.482,0.591
-0.482,0.593
-0.493,0.595
-0.502,0.599
-0.504,0.597
-0.5,0.602
-0.5,0.601
-0.496,0.6
-0.493,0.601
-0.491,0.6
-0.492,0.601
-0.52,0.597
-0.541,0.593
-0.582,0.592
-0.596,0.593
-0.605,0.596
-0.627,0.601
-0.633,0.646
-0.635,0.674
-0.638,0.722
-0.654,0.741
-0.664,0.74
-0.668,0.738
-0.671,0.735
-0.676,0.73
-0.68,0.724
-0.686,0.717
-0.686,0.717
-0.7,0.717
-0.711,0.717
-0.723,0.714
-0.728,0.708
-0.738,0.7
-0.74,0.686
-0.742,0.689
-0.745,0.7
-0.747,0.71
-0.75,0.71
-0.75,0.771
-0.749,0.797
-0.75,0.806
-0.75,0.805
-0.748,0.803
-0.745,0.803
-0.744,0.803
-0.744,0.804
-0.744,0.803
-0.743,0.788
-0.743,0.78
-0.742,0.77
-0.741,0.723
-0.734,0.697
-0.732,0.648
-0.732,0.628
-0.732,0.597
-0.73,0.593
-0.729,0.582
-0.729,0.559
-0.729,0.536
-0.73,0.521
-0.73,0.518
-0.731,0.496
-0.731,0.496
-0.731,0.492
-0.731,0.464
-0.731,0.431
-0.731,0.43
-0.731,0.426
-0.731,0.432
-0.731,0.43
-0.731,0.43
-0.731,0.431
-0.731,0.43
-0.731,0.435
-0.731,0.435
-0.73,0.437
-0.73,0.437
-0.73,0.439
-0.729,0.441
-0.729,0.443
-0.726,0.445
-0.72,0.444
-0.71,0.445
-0.695,0.442
-0.671,0.44
-0.655,0.407
-0.646,0.399
-0.645,0.379
-0.644,0.37
-0.643,0.37
-0.643,0.366
-0.643,0.338
-0.643,0.344
-0.643,0.319
-0.643,0.309
-0.643,0.314
-0.643,0.304
-0.643,0.32
-0.643,0.319
-0.643,0.327
-0.645,0.329
-0.645,0.327
-0.645,0.328
-0.646,0.33
-0.645,0.33
-0.647,0.332
-0.648,0.332
-0.648,0.333
-0.648,0.34
-0.649,0.34
-0.651,0.342
-0.658,0.343
-0.663,0.345
-0.664,0.353
-0.664,0.361
-0.665,0.364
-0.665,0.392
-0.665,0.415
-0.665,0.434
-0.665,0.439
-0.666,0.438
-0.669,0.44
-0.671,0.44
-0.677,0.443
-0.682,0.443
-0.683,0.477
-0.683,0.518
-0.684,0.561
-0.684,0.571
-0.684,0.578
-0.684,0.58
-0.685,0.582
-0.685,0.586
-0.686,0.59
-0.689,0.595
-0.693,0.621
-0.711,0.63
-0.719,0.653
-0.732,0.684
-0.732,0.693
-0.732,0.704
-0.732,0.706
-0.732,0.715
-0.733,0.745
-0.732,0.766
-0.734,0.803
-0.739,0.826
-0.739,0.837
-0.746,0.839
-0.748,0.847
-0.756,0.854
-0.76,0.852
-0.772,0.852
-0.773,0.85
-0.776,0.851
-0.78,0.852
-0.782,0.851
-0.783,0.85
-0.787,0.85
-0.787,0.848
-0.788,0.846
-0.787,0.842
-0.788,0.841
-0.788,0.826
-0.788,0.826
-0.787,0.806
-0.785,0.796
-0.785,0.786
-0.781,0.786
-0.78,0.784
-0.778,0.777
-0.777,0.764
-0.777,0.754
-0.776,0.742
-0.776,0.74
-0.776,0.732
-0.775,0.706
-0.774,0.689
-0.773,0.683
-0.773,0.657
-0.773,0.629
-0.772,0.609
-0.77,0.574
-0.769,0.558
-0.767,0.546
-0.767,0.532
-0.767,0.531
-0.753,0.526
-0.733,0.521
-0.73,0.498
-0.728,0.457
-0.729,0.444
-0.729,0.42
-0.729,0.404
-0.728,0.408
-0.727,0.424
-0.725,0.438
-0.714,0.437
-0.704,0.469
-0.701,0.52
-0.689,0.535
-0.677,0.538
-0.669,0.54
-0.664,0.541
-0.661,0.54
-0.658,0.541
-0.657,0.541
-0.656,0.537
-0.649,0.516
-0.647,0.515
-0.634,0.476
-0.616,0.413
-0.596,0.384
-0.586,0.358
-0.578,0.355
-0.574,0.345
-0.565,0.324
-0.56,0.313
-0.55,0.317
-0.543,0.298
-0.538,0.297
-0.535,0.276
-0.534,0.239
-0.533,0.244
-0.527,0.226
-0.519,0.219
-0.504,0.205
-0.497,0.195
-0.478,0.168
-0.47,0.17
-0.462,0.155
-0.46,0.148
-0.459,0.137
-0.457,0.144
-0.456,0.146
-0.454,0.152
-0.453,0.161
-0.452,0.165
-0.448,0.165
-0.445,0.115
-0.438,0.097
-0.427,0.114
-0.425,0.103
-0.418,0.114
-0.415,0.118
-0.414,0.121
-0.414,0.12
-0.414,0.119
-0.413,0.118
-0.41,0.118
-0.403,0.118
-0.386,0.118
-0.379,0.118
-0.363,0.126
-0.341,0.131
-0.335,0.141
-0.334,0.155
-0.335,0.152
-0.343,0.209
-0.353,0.212
-0.358,0.221
-0.407,0.222
-0.466,0.22
-0.509,0.225
-0.518,0.242
-0.537,0.277
-0.536,0.29
-0.538,0.293
-0.539,0.298
-0.546,0.301
-0.559,0.3
-0.564,0.314
-0.583,0.312
-0.596,0.334
-0.601,0.33
-0.604,0.34
-0.602,0.347
-0.601,0.35
-0.601,0.353
-0.599,0.351
-0.599,0.342
-0.599,0.329
-0.599,0.327
-0.599,0.327
-0.6,0.324
-0.602,0.324
-0.606,0.323
-0.608,0.325
-0.614,0.334
-0.614,0.414
-0.623,0.474
-0.631,0.51
-0.632,0.547
-0.639,0.558
-0.638,0.567
-0.637,0.569
-0.636,0.574
-0.635,0.573
-0.633,0.572
-0.63,0.556
-0.629,0.55
-0.63,0.547
-0.63,0.429
-0.631,0.431
-0.63,0.421
-0.628,0.429
-0.626,0.428
-0.62,0.428
-0.605,0.432
-0.585,0.426
-0.564,0.385
-0.557,0.377
-0.553,0.368
-0.551,0.342
-0.55,0.315
-0.55,0.315
-0.552,0.303
-0.551,0.297
-0.552,0.28
-0.553,0.272
-0.554,0.268
-0.555,0.269
-0.554,0.272
-0.555,0.271
-0.555,0.285
-0.555,0.291
-0.556,0.295
-0.556,0.312
-0.556,0.32
-0.556,0.324
-0.556,0.389
-0.556,0.425
-0.556,0.435
-0.556,0.448
-0.555,0.451
-0.555,0.458
-0.555,0.471
-0.556,0.49
-0.556,0.495
-0.556,0.492
-0.556,0.467
-0.558,0.458
-0.562,0.362
-0.574,0.316
-0.574,0.249
-0.591,0.194
-0.611,0.206
-0.62,0.189
-0.623,0.175
-0.627,0.154
-0.627,0.159
-0.629,0.152
-0.629,0.151
-0.627,0.131
-0.629,0.134
-0.627,0.136
-0.627,0.142
-0.627,0.148
-0.627,0.16
-0.627,0.167
-0.626,0.173
-0.625,0.175
-0.624,0.184
-0.625,0.203
-0.625,0.212
-0.624,0.211
-0.624,0.211
-0.624,0.21
-0.624,0.208
-0.626,0.215
-0.628,0.255
-0.641,0.283
-0.645,0.313
-0.654,0.338
-0.657,0.348
-0.675,0.348
-0.683,0.348
-0.685,0.347
-0.686,0.346
-0.685,0.345
-0.684,0.34
-0.683,0.335
-0.682,0.334
-0.68,0.33
-0.679,0.326
-0.679,0.326
-0.68,0.326
-0.679,0.327
-0.678,0.323
-0.677,0.319
-0.676,0.317
-0.675,0.317
-0.674,0.317
-0.674,0.318
-0.674,0.319
-0.673,0.319
-0.672,0.319
-0.672,0.319
-0.672,0.316
-0.671,0.312
-0.671,0.249
-0.671,0.231
-0.67,0.243
-0.67,0.244
-0.669,0.244
-0.669,0.237
-0.668,0.24
-0.668,0.257
-0.668,0.276
-0.668,0.278
-0.668,0.25
-0.669,0.318
-0.669,0.358
-0.669,0.367
-0.669,0.387
-0.669,0.417
-0.669,0.437
-0.669,0.455
-0.668,0.504
-0.669,0.536
-0.669,0.587
-0.669,0.598
-0.669,0.596
-0.669,0.595
-0.669,0.593
-0.67,0.587
-0.67,0.583
-0.67,0.584
-0.672,0.584
-0.673,0.584
-0.676,0.584
-0.676,0.584
-0.676,0.584
-0.679,0.578
-0.679,0.572
-0.679,0.57
-0.679,0.572
-0.679,0.571
-0.679,0.571
-0.679,0.572
-0.679,0.546
-0.677,0.509
-0.677,0.465
-0.676,0.432
-0.676,0.401
-0.676,0.381
-0.676,0.367
-0.675,0.349
-0.674,0.346
-0.672,0.348
-0.671,0.357
-0.67,0.369
-0.667,0.378
-0.663,0.388
-0.662,0.389
-0.662,0.389
-0.662,0.389
-0.663,0.389
-0.662,0.39
-0.663,0.389
-0.662,0.397
-0.663,0.407
-0.663,0.411
-0.663,0.414
-0.662,0.427
-0.662,0.433
-0.662,0.46
-0.662,0.469
-0.662,0.464
-0.662,0.475
-0.662,0.487
-0.662,0.519
-0.662,0.542
-0.662,0.552
-0.662,0.565
-0.661,0.563
-0.662,0.566
-0.662,0.57
-0.662,0.596
-0.662,0.627
-0.662,0.666
-0.662,0.69
-0.663,0.711
-0.67,0.708
-0.677,0.708
-0.694,0.707
-0.703,0.708
-0.711,0.706
-0.717,0.705
-0.718,0.705
-0.721,0.702
-0.723,0.699
-0.722,0.695
-0.722,0.685
-0.722,0.68
-0.721,0.679
-0.72,0.679
-0.719,0.68
-0.717,0.68
-0.716,0.664
-0.714,0.657
-0.714,0.653
-0.713,0.658
-0.712,0.657
-0.712,0.659
-0.711,0.659
-0.711,0.66
-0.71,0.669
-0.71,0.679
-0.708,0.681
-0.706,0.722
-0.706,0.745
-0.706,0.779
-0.707,0.792
-0.707,0.801
-0.707,0.828
-0.707,0.837
-0.707,0.847
-0.705,0.845
-0.705,0.841
-0.705,0.833
-0.705,0.83
-0.705,0.829
-0.705,0.828
-0.706,0.828
-0.706,0.828
-0.707,0.827
-0.706,0.827
-0.706,0.827
-0.706,0.824
-0.707,0.824
-0.707,0.824
-0.707,0.824
-0.707,0.824
-0.707,0.824
-0.707,0.803
-0.707,0.786
-0.707,0.726
-0.707,0.707
-0.707,0.688
-0.707,0.641
-0.707,0.614
-0.707,0.616
-0.707,0.612
-0.707,0.563
-0.707,0.563
-0.707,0.518
-0.707,0.508
-0.707,0.501
-0.706,0.505
-0.706,0.494
-0.705,0.463
-0.705,0.465
-0.705,0.43
-0.705,0.428
-0.704,0.397
-0.704,0.392
-0.704,0.379
-0.704,0.368
-0.704,0.335
-0.703,0.317
-0.704,0.312
-0.704,0.312
-0.704,0.302
-0.703,0.302
-0.703,0.289
-0.703,0.277
-0.703,0.233
-0.703,0.225
-0.702,0.253
-0.702,0.261
-0.703,0.249
-0.703,0.236
-0.703,0.225
-0.703,0.223
-0.703,0.211
-0.702,0.197
-0.702,0.193
-0.702,0.187
-0.702,0.169
-0.703,0.176
-0.702,0.165
-0.702,0.158
-0.703,0.167
-0.702,0.165
-0.702,0.161
-0.702,0.166
-0.703,0.172
-0.702,0.171
-0.702,0.171
-0.703,0.156
-0.703,0.148
-0.702,0.151
-0.702,0.145
-0.702,0.143
-0.702,0.109
-0.702,0.12
-0.702,0.124
-0.702,0.131
-0.702,0.139
-0.702,0.148
-0.702,0.16
-0.702,0.16
-0.702,0.16
-0.702,0.151
-0.702,0.128
-0.702,0.092
-0.702,0.1
-0.702,0.127
-0.702,0.119
-0.702,0.11
-0.702,0.101
-0.702,0.104
-0.702,0.108
-0.702,0.12
-0.702,0.124
-0.702,0.142
-0.702,0.157
-0.702,0.159
-0.702,0.163
-0.702,0.175
-0.702,0.235
-0.702,0.247
-0.702,0.262
-0.702,0.325
-0.702,0.343
-0.702,0.347
-0.702,0.348
-0.702,0.348
-0.702,0.349
-0.702,0.349
-0.702,0.349
-0.702,0.349
-0.702,0.348
-0.702,0.348
-0.702,0.349
-0.702,0.348
-0.702,0.349
-0.702,0.348
-0.702,0.349
-0.702,0.348
-0.702,0.347
-0.702,0.345
-0.702,0.344
-0.702,0.342
-0.702,0.34
-0.702,0.34
-0.702,0.338
-0.702,0.339
-0.702,0.342
-0.702,0.346
-0.702,0.347
-0.702,0.347
-0.703,0.365
-0.704,0.377
-0.705,0.398
-0.707,0.398
-0.708,0.398
-0.71,0.402
-0.711,0.399
-0.713,0.398
-0.714,0.402
-0.715,0.417
-0.718,0.443
-0.72,0.476
-0.726,0.52
-0.729,0.525
-0.729,0.55
-0.731,0.556
-0.734,0.558
-0.734,0.559
-0.738,0.557
-0.738,0.558
-0.741,0.557
-0.742,0.561
-0.744,0.567
-0.747,0.568
-0.747,0.577
-0.749,0.588
-0.75,0.589
-0.753,0.589
-0.756,0.595
-0.758,0.597
-0.757,0.598
-0.762,0.599
-0.763,0.598
-0.77,0.595
-0.769,0.584
-0.769,0.576
-0.769,0.564
-0.769,0.565
-0.769,0.566
-0.767,0.543
-0.766,0.524
-0.765,0.454
-0.765,0.428
-0.763,0.414
-0.762,0.39
-0.762,0.352
-0.76,0.299
-0.76,0.281
-0.76,0.285
-0.76,0.236
-0.759,0.23
-0.759,0.259
-0.758,0.303
-0.757,0.306
-0.757,0.331
-0.756,0.418
-0.754,0.444
-0.754,0.471
-0.753,0.49
-0.752,0.514
-0.752,0.597
-0.752,0.618
-0.752,0.642
-0.752,0.676
-0.752,0.675
-0.752,0.675
-0.752,0.674
-0.752,0.673
-0.752,0.672
-0.752,0.672
-0.752,0.673
-0.752,0.671
-0.752,0.667
-0.752,0.664
-0.752,0.659
-0.753,0.657
-0.752,0.656
-0.752,0.659
-0.752,0.663
-0.752,0.663
-0.752,0.663
-0.752,0.66
-0.752,0.657
-0.752,0.647
-0.752,0.647
-0.752,0.64
-0.752,0.609
-0.752,0.594
-0.752,0.586
-0.752,0.543
-0.752,0.52
-0.752,0.519
-0.752,0.494
-0.752,0.475
-0.752,0.461
-0.753,0.434
-0.753,0.432
-0.753,0.43
-0.753,0.432
-0.753,0.431
-0.753,0.432
-0.753,0.428
-0.753,0.434
-0.754,0.432
-0.754,0.434
-0.754,0.432
-0.755,0.434
-0.756,0.436
-0.756,0.437
-0.757,0.439
-0.757,0.439
-0.758,0.44
-0.759,0.441
-0.759,0.44
-0.759,0.441
-0.76,0.442
-0.761,0.444
-0.762,0.448
-0.763,0.448
-0.765,0.45
-0.766,0.45
-0.768,0.451
-0.775,0.45
-0.778,0.451
-0.781,0.446
-0.782,0.442
-0.783,0.439
-0.785,0.439
-0.788,0.439
-0.79,0.439
-0.791,0.442
-0.791,0.443
-0.792,0.446
-0.793,0.449
-0.792,0.454
-0.793,0.473
-0.791,0.475
-0.791,0.474
-0.79,0.475
-0.79,0.476
-0.791,0.477
-0.791,0.477
-0.791,0.478
-0.792,0.479
-0.791,0.484
-0.791,0.514
-0.791,0.536
-0.792,0.574
-0.79,0.583
-0.79,0.591
-0.79,0.591
-0.788,0.595
-0.787,0.611
-0.786,0.631
-0.785,0.656
-0.785,0.681
-0.785,0.691
-0.785,0.703
-0.785,0.706
-0.785,0.719
-0.785,0.724
-0.785,0.734
-0.785,0.741
-0.785,0.746
-0.785,0.749
-0.786,0.751
-0.785,0.755
-0.785,0.756
-0.785,0.756
-0.79,0.755
-0.785,0.756
-0.785,0.756
-0.785,0.757
-0.785,0.758
-0.785,0.758
-0.785,0.759
-0.785,0.763
-0.785,0.763
-0.785,0.762
-0.785,0.761
-0.785,0.76
-0.785,0.76
-0.785,0.758
-0.785,0.758
-0.785,0.758
-0.785,0.757
-0.785,0.757
-0.785,0.756
-0.785,0.756
-0.785,0.756
-0.784,0.756
-0.784,0.757
-0.784,0.756
-0.783,0.756
-0.783,0.756
-0.782,0.756
-0.782,0.756
-0.782,0.756
-0.782,0.755
-0.782,0.755
-0.781,0.753
-0.78,0.754
-0.779,0.753
-0.779,0.751
-0.776,0.747
-0.776,0.747
-0.775,0.747
-0.773,0.748
-0.772,0.748
-0.771,0.749
-0.772,0.749
-0.771,0.748
-0.754,0.748
-0.739,0.747
-0.729,0.743
-0.728,0.731
-0.727,0.731
-0.728,0.692
-0.729,0.644
-0.729,0.565
-0.73,0.535
-0.73,0.509
-0.73,0.501
-0.729,0.514
-0.731,0.524
-0.731,0.537
-0.732,0.541
-0.732,0.557
-0.732,0.671
-0.734,0.722
-0.734,0.737
-0.734,0.753
-0.734,0.796
-0.734,0.839
-0.735,0.873
-0.734,0.91
-0.735,0.944
-0.736,0.961
-0.737,0.978
-0.739,1.0
-0.739,1.0
-0.741,1.0
-0.741,1.0
-0.742,1.0
-0.743,1.0
-0.744,1.0
-0.744,1.0
-0.744,0.969
-0.744,0.928
-0.744,0.829
-0.744,0.807
-0.744,0.779
-0.744,0.764
-0.744,0.762
-0.744,0.754
-0.744,0.751
-0.744,0.713
-0.744,0.697
-0.744,0.666
-0.744,0.621
-0.744,0.578
-0.744,0.548
-0.744,0.501
-0.744,0.469
-0.744,0.449
-0.744,0.449
-0.744,0.429
-0.744,0.407
-0.744,0.405
-0.744,0.383
-0.744,0.374
-0.744,0.368
-0.744,0.307
-0.744,0.295
-0.744,0.267
-0.744,0.262
-0.743,0.276
-0.744,0.28
-0.744,0.285
-0.744,0.292
-0.744,0.295
-0.744,0.298
-0.744,0.31
-0.744,0.313
-0.744,0.347
-0.744,0.41
-0.744,0.419
-0.744,0.422
-0.744,0.424
-0.744,0.426
-0.744,0.428
-0.744,0.434
-0.744,0.449
-0.744,0.471
-0.744,0.485
-0.744,0.487
-0.744,0.491
-0.744,0.49
-0.744,0.491
-0.744,0.491
-0.744,0.49
-0.744,0.491
-0.744,0.491
-0.744,0.491
-0.744,0.494
-0.744,0.495
-0.744,0.495
-0.744,0.495
-0.744,0.494
-0.744,0.495
-0.744,0.496
-0.744,0.497
-0.744,0.496
-0.744,0.497
-0.744,0.497
-0.744,0.497
-0.744,0.497
-0.744,0.497
-0.744,0.497
-0.744,0.497
-0.743,0.496
-0.744,0.495
-0.744,0.494
-0.743,0.492
-0.744,0.491
-0.744,0.489
-0.742,0.488
-0.744,0.484
-0.743,0.473
-0.744,0.463
-0.744,0.463
-0.743,0.445
-0.744,0.443
-0.743,0.444
-0.743,0.445
-0.743,0.445
-0.744,0.445
-0.744,0.446
-0.744,0.445
-0.744,0.445
