valence,arousal
0.0,0.101
0.0,0.101
0.0,0.101
0.0,0.101
0.0,0.101
0.0,0.101
0.0,0.101
0.0,0.101
0.0,0.101
0.0,0.101
0.0,0.101
0.0,0.101
0.0,0.101
0.0,0.101
0.0,0.101
0.0,0.101
0.0,0.101
0.0,0.101
0.0,0.101
0.0,0.101
0.0,0.101
0.0,0.101
0.0,0.101
0.0,0.101
0.0,0.101
0.0,0.101
0.0,0.101
0.0,0.101
0.0,0.101
0.0,0.101
0.0,0.101
0.0,0.101
0.0,0.101
0.0,0.101
0.0,0.101
0.0,0.101
0.0,0.101
0.0,0.101
0.0,0.101
0.0,0.101
0.0,0.101
0.0,0.101
0.0,0.101
0.0,0.101
0.0,0.101
0.0,0.101
0.0,0.101
0.0,0.101
0.0,0.101
0.0,0.101
0.0,0.093
0.0,0.093
0.0,0.093
0.0,0.093
0.0,0.077
0.0,0.077
0.0,0.077
0.0,0.069
0.0,0.069
0.0,0.069
0.0,0.069
0.0,0.069
0.0,0.069
0.0,0.069
0.0,0.069
0.0,0.069
0.0,0.069
0.0,0.069
0.0,0.069
0.0,0.062
0.0,0.046
0.0,0.038
0.0,0.038
0.0,0.038
0.0,0.03
0.0,0.03
0.0,0.03
0.0,0.03
0.0,0.03
0.006,0.062
0.046,0.062
0.038,0.062
0.062,0.062
0.077,0.062
0.101,0.069
0.125,0.069
0.133,0.077
0.133,0.077
0.133,0.077
0.133,0.077
0.133,0.077
0.133,0.077
0.133,0.077
0.133,0.077
0.133,0.077
0.133,0.077
0.133,0.077
0.133,0.077
0.133,0.077
0.133,0.077
0.133,0.077
0.133,0.077
0.133,0.077
0.133,0.077
0.133,0.077
0.133,0.077
0.133,0.077
0.133,0.077
0.133,0.077
0.133,0.077
0.133,0.077
0.133,0.077
0.133,0.077
0.133,0.077
0.133,0.077
0.133,0.077
0.133,0.077
0.133,0.077
0.133,0.077
0.14,0.077
0.14,0.077
0.14,0.077
0.117,0.077
0.117,0.077
0.117,0.077
0.164,0.077
0.172,0.077
0.172,0.077
0.172,0.077
0.172,0.077
0.172,0.077
0.133,0.077
0.125,0.077
0.125,0.077
0.125,0.077
0.125,0.077
0.125,0.077
0.125,0.077
0.125,0.077
0.117,0.077
0.085,0.077
0.062,0.077
0.054,0.077
0.038,0.077
0.014,0.077
0.014,0.077
0.014,0.077
0.014,0.077
0.014,0.077
0.014,0.077
0.014,0.077
0.014,0.077
0.014,0.077
0.014,0.077
0.014,0.077
0.0,0.077
0.0,0.077
0.0,0.077
0.0,0.077
0.0,0.077
0.0,0.077
0.0,0.077
0.0,0.077
0.0,0.093
0.0,0.093
0.0,0.093
0.0,0.093
0.0,0.093
0.0,0.093
0.0,0.093
0.0,0.093
0.0,0.093
0.0,0.093
0.0,0.093
0.0,0.093
0.0,0.093
0.0,0.093
0.0,0.093
0.0,0.093
0.0,0.093
0.0,0.093
0.0,0.093
0.0,0.093
0.0,0.093
0.0,0.093
0.0,0.093
0.0,0.093
0.0,0.093
0.0,0.093
0.0,0.093
0.0,0.093
0.0,0.093
0.0,0.093
0.0,0.093
0.014,0.093
0.054,0.093
0.054,0.093
0.062,0.093
0.062,0.093
0.093,0.093
0.077,0.093
0.093,0.093
0.117,0.093
0.125,0.125
0.133,0.156
0.133,0.188
0.133,0.196
0.133,0.196
0.133,0.196
0.133,0.196
0.133,0.196
0.077,0.156
0.062,0.125
0.046,0.101
0.046,0.093
0.038,0.093
0.077,0.093
0.046,0.093
0.054,0.093
0.022,0.093
0.022,0.093
0.022,0.093
0.022,0.093
0.0,0.093
0.0,0.093
0.0,0.093
0.0,0.093
0.0,0.093
0.0,0.093
0.0,0.093
0.0,0.093
0.0,0.093
0.0,0.093
0.0,0.093
0.0,0.093
0.0,0.093
0.0,0.093
0.0,0.093
0.0,0.093
0.0,0.093
0.0,0.093
0.0,0.093
0.0,0.093
0.0,0.093
0.0,0.077
0.0,0.077
0.0,0.069
0.022,0.069
0.0,0.069
0.022,0.069
0.022,0.062
0.038,0.062
0.014,0.062
0.046,0.062
0.077,0.062
0.046,0.062
0.054,0.062
0.046,0.062
0.077,0.046
0.054,0.046
0.054,0.038
0.077,0.038
0.077,0.03
0.077,0.03
0.077,0.03
0.077,0.03
0.077,0.03
0.077,0.03
0.077,0.03
0.077,0.03
0.077,0.03
0.077,0.03
0.077,0.03
0.077,0.03
0.077,0.069
0.077,0.093
0.077,0.156
0.077,0.156
0.077,0.156
0.077,0.156
0.077,0.156
0.077,0.109
0.077,0.101
0.077,0.077
0.077,0.069
0.077,0.046
0.077,0.038
0.077,0.038
0.077,0.038
0.085,0.038
0.062,0.038
0.085,0.038
0.085,0.038
0.085,0.03
0.085,0.03
0.046,0.03
0.038,0.03
0.022,0.03
0.022,0.03
0.038,0.03
0.014,0.03
0.022,0.03
0.038,0.03
0.038,0.006
0.006,0.0
0.006,0.0
0.046,0.0
0.054,0.0
0.062,0.0
0.077,0.0
0.117,0.0
0.14,0.03
0.133,0.077
0.133,0.093
0.101,0.101
0.077,0.125
0.038,0.125
0.038,0.125
0.046,0.125
0.022,0.125
0.0,0.101
0.0,0.077
0.0,0.03
0.0,0.006
0.0,0.006
0.0,0.0
0.0,0.0
0.0,0.0
0.0,0.0
0.0,0.0
0.0,0.0
0.0,0.0
0.0,0.0
0.0,0.0
0.0,0.0
0.0,0.0
0.0,0.0
0.0,0.0
0.0,0.0
0.0,0.0
0.0,0.0
0.0,0.03
0.0,0.03
0.0,0.03
0.0,0.03
0.0,0.03
0.0,0.03
0.0,0.03
0.0,0.03
0.0,0.03
0.0,0.03
0.0,0.03
0.0,0.03
0.0,0.03
0.0,0.03
0.0,0.03
0.0,0.03
0.0,0.03
0.0,0.03
0.0,0.03
0.0,0.03
0.0,0.03
0.0,0.03
0.0,0.03
0.0,0.03
0.0,0.03
0.0,0.03
0.0,0.03
0.0,0.03
0.0,0.03
0.0,0.03
0.0,0.03
0.0,0.03
0.0,0.03
0.0,0.03
0.0,0.03
0.0,0.03
0.0,0.03
0.0,0.03
0.0,0.03
0.0,0.03
0.0,0.03
0.0,0.03
0.0,0.03
0.0,0.03
0.0,0.03
0.0,0.03
0.0,0.006
0.0,0.006
0.0,0.006
0.0,0.006
0.0,0.006
0.0,0.006
0.0,0.006
0.0,0.006
0.0,0.006
0.0,0.006
0.0,0.006
0.0,0.006
0.0,0.006
0.0,0.006
0.0,0.006
0.0,0.006
0.0,0.006
0.0,0.006
0.0,0.006
0.0,0.006
0.0,0.006
0.0,0.006
0.0,0.006
0.0,0.0
-0.031,0.0
-0.119,0.0
-0.191,0.0
-0.191,0.0
-0.191,0.038
-0.191,0.077
-0.191,0.101
-0.191,0.101
-0.191,0.101
-0.191,0.109
-0.191,0.109
-0.191,0.109
-0.191,0.125
-0.191,0.148
-0.191,0.156
-0.191,0.156
-0.191,0.156
-0.191,0.156
-0.191,0.156
-0.191,0.164
-0.207,0.164
-0.207,0.164
-0.207,0.164
-0.207,0.164
-0.207,0.164
-0.231,0.164
-0.143,0.164
-0.055,0.164
0.0,0.164
0.0,0.164
0.0,0.164
0.0,0.164
0.0,0.164
0.0,0.164
0.0,0.164
0.0,0.164
0.0,0.133
0.0,0.125
0.0,0.148
0.0,0.148
0.0,0.125
0.0,0.125
0.0,0.109
0.0,0.109
0.0,0.109
0.0,0.101
0.0,0.093
0.0,0.093
0.0,0.093
0.0,0.093
0.0,0.077
0.0,0.069
0.0,0.069
0.0,0.069
0.0,0.062
0.0,0.062
0.0,0.062
0.0,0.062
0.0,0.062
0.0,0.062
0.0,0.062
-0.119,0.133
-0.159,0.156
-0.159,0.156
-0.207,0.164
-0.263,0.196
-0.263,0.227
-0.279,0.227
-0.295,0.275
-0.319,0.282
-0.263,0.282
-0.295,0.259
-0.279,0.196
-0.279,0.133
-0.207,0.077
-0.143,0.03
-0.015,0.03
0.0,0.014
0.0,0.014
0.0,0.014
0.0,0.014
0.0,0.014
0.0,0.014
0.0,0.014
0.0,0.014
0.0,0.014
0.0,0.014
0.0,0.014
0.0,0.014
0.0,0.014
0.0,0.014
0.0,0.014
0.0,0.038
0.0,0.038
0.0,0.038
0.0,0.038
0.0,0.038
0.0,0.038
0.0,0.038
0.0,0.038
0.0,0.038
0.0,0.038
0.0,0.038
0.0,0.038
0.0,0.038
0.0,0.038
0.0,0.038
0.0,0.038
0.0,0.038
0.0,0.038
0.0,0.038
0.0,0.038
0.0,0.038
0.0,0.038
0.0,0.038
0.0,0.038
0.0,0.038
0.0,0.038
0.0,0.038
0.0,0.038
0.0,0.038
0.0,0.038
0.0,0.038
0.0,0.038
0.0,0.038
-0.071,0.038
-0.143,0.038
-0.191,0.038
-0.231,0.069
-0.247,0.101
-0.231,0.133
-0.207,0.133
-0.231,0.148
-0.231,0.125
-0.231,0.125
-0.231,0.125
-0.231,0.125
-0.231,0.125
-0.231,0.125
-0.231,0.125
-0.231,0.125
-0.231,0.125
-0.231,0.125
-0.231,0.125
-0.231,0.125
-0.231,0.125
-0.247,0.125
-0.247,0.125
-0.247,0.125
-0.247,0.125
-0.247,0.125
-0.247,0.125
-0.247,0.125
-0.247,0.125
-0.247,0.125
-0.247,0.125
-0.247,0.125
-0.247,0.125
-0.247,0.125
-0.247,0.125
-0.247,0.125
-0.247,0.125
-0.247,0.125
-0.247,0.109
-0.231,0.109
-0.191,0.109
-0.159,0.101
-0.159,0.101
-0.159,0.101
-0.143,0.101
-0.175,0.101
-0.175,0.101
-0.175,0.101
-0.175,0.101
-0.175,0.101
-0.175,0.101
-0.175,0.101
-0.175,0.101
-0.175,0.125
-0.175,0.148
-0.175,0.156
-0.175,0.188
-0.175,0.219
-0.143,0.227
-0.031,0.227
0.0,0.227
0.0,0.227
0.0,0.227
0.062,0.227
0.038,0.227
0.077,0.227
0.077,0.227
0.125,0.243
0.164,0.243
0.172,0.243
0.172,0.251
0.172,0.251
0.172,0.251
0.172,0.251
0.172,0.251
0.172,0.251
0.172,0.251
0.172,0.251
0.172,0.251
0.172,0.227
0.14,0.211
0.117,0.196
0.085,0.196
0.054,0.188
0.062,0.188
0.046,0.188
0.0,0.188
0.0,0.18
0.0,0.18
0.0,0.18
0.0,0.18
0.0,0.18
0.0,0.18
0.0,0.18
0.0,0.18
0.0,0.164
0.0,0.164
0.0,0.164
0.0,0.156
0.0,0.156
0.0,0.148
0.0,0.148
0.0,0.125
0.0,0.125
0.0,0.125
0.0,0.125
0.0,0.125
0.0,0.109
0.0,0.109
0.0,0.109
0.0,0.109
0.0,0.109
0.0,0.109
0.0,0.109
0.0,0.109
0.0,0.109
0.0,0.109
0.0,0.109
0.0,0.109
0.0,0.109
0.0,0.109
0.0,0.109
0.0,0.109
0.0,0.109
0.0,0.109
0.0,0.109
0.0,0.101
0.0,0.101
0.0,0.101
0.0,0.101
0.0,0.101
0.0,0.093
0.0,0.093
0.0,0.093
0.0,0.093
0.0,0.093
0.0,0.093
0.0,0.093
0.0,0.077
0.0,0.077
0.0,0.069
0.0,0.038
0.0,0.038
0.0,0.03
0.0,0.03
0.0,0.03
0.0,0.03
0.0,0.03
0.0,0.03
0.0,0.03
0.0,0.014
0.0,0.014
0.0,0.014
0.0,0.014
0.0,0.014
0.0,0.014
0.0,0.014
0.0,0.014
0.0,0.014
0.0,0.014
0.0,0.014
0.0,0.014
0.0,0.014
0.0,0.014
0.0,0.014
0.0,0.014
0.0,0.014
0.0,0.014
0.0,0.014
0.0,0.014
0.0,0.014
0.0,0.014
0.0,0.014
0.0,0.014
0.0,0.014
0.0,0.014
0.0,0.014
0.0,0.014
0.006,0.014
0.006,0.014
0.006,0.014
0.006,0.014
0.006,0.046
0.006,0.069
-0.087,0.164
-0.087,0.18
-0.119,0.18
-0.159,0.188
-0.175,0.196
-0.207,0.227
-0.295,0.243
-0.295,0.251
-0.295,0.251
-0.295,0.251
-0.295,0.251
-0.295,0.251
-0.295,0.251
-0.295,0.251
-0.295,0.251
-0.295,0.251
-0.295,0.251
-0.295,0.251
-0.295,0.251
-0.295,0.251
-0.295,0.251
-0.319,0.251
-0.295,0.251
-0.295,0.251
-0.295,0.251
-0.295,0.251
-0.295,0.251
-0.279,0.251
-0.263,0.251
-0.247,0.251
-0.247,0.227
-0.231,0.227
-0.231,0.219
-0.231,0.219
-0.231,0.211
-0.231,0.196
-0.231,0.196
-0.231,0.188
-0.231,0.188
-0.231,0.18
-0.231,0.164
-0.231,0.133
-0.279,0.125
-0.231,0.101
-0.191,0.093
-0.159,0.077
-0.119,0.077
-0.087,0.069
-0.031,0.062
-0.031,0.046
0.0,0.038
0.0,0.03
0.0,0.03
0.0,0.03
0.0,0.014
0.0,0.014
0.0,0.014
0.0,0.014
0.0,0.014
0.0,0.014
0.0,0.014
0.0,0.014
0.0,0.014
0.0,0.014
0.0,0.014
0.0,0.014
0.0,0.014
0.0,0.014
0.0,0.014
0.0,0.014
0.0,0.014
0.0,0.014
0.0,0.014
0.0,0.014
0.0,0.006
0.0,0.006
-0.103,0.006
-0.119,0.006
-0.143,0.006
-0.143,0.006
-0.143,0.006
-0.143,0.006
-0.143,0.006
-0.143,0.006
-0.175,0.006
-0.175,0.006
-0.175,0.006
-0.143,0.006
-0.143,0.006
-0.143,0.006
-0.143,0.006
-0.143,0.006
-0.143,0.006
-0.143,0.006
-0.143,0.006
-0.143,0.006
-0.143,0.006
-0.143,0.006
-0.143,0.006
-0.143,0.006
-0.143,0.006
-0.143,0.006
-0.175,0.006
-0.175,0.006
-0.159,0.006
-0.191,0.006
-0.191,0.006
-0.191,0.006
-0.207,0.006
-0.207,0.006
-0.207,0.006
-0.207,0.062
-0.207,0.062
-0.207,0.148
-0.207,0.148
-0.207,0.148
-0.207,0.148
-0.207,0.125
-0.207,0.109
-0.207,0.093
-0.207,0.062
-0.207,0.014
-0.207,0.006
-0.207,0.006
-0.207,0.006
-0.207,0.006
-0.207,0.006
-0.207,0.006
-0.207,0.006
-0.207,0.006
-0.207,0.006
-0.207,0.006
-0.207,0.006
-0.207,0.006
-0.159,0.006
-0.143,0.006
-0.119,0.006
-0.143,0.006
-0.143,0.006
-0.143,0.006
-0.087,0.006
-0.087,0.006
-0.103,0.006
-0.071,0.006
-0.103,0.006
-0.103,0.006
-0.055,0.006
-0.015,0.006
0.0,0.006
0.0,0.006
0.0,0.006
0.0,0.006
0.0,0.006
0.0,0.006
0.0,0.006
0.0,0.006
0.0,0.006
0.0,0.006
0.0,0.006
0.0,0.006
0.0,0.006
0.0,0.006
0.0,0.006
0.0,0.006
0.0,0.006
0.0,0.006
0.0,0.006
0.0,0.006
0.0,0.006
0.0,0.006
0.0,0.006
0.0,0.006
0.0,0.006
0.0,0.006
-0.015,0.006
-0.071,0.006
-0.087,0.006
-0.103,0.006
-0.103,0.006
-0.103,0.006
-0.087,0.006
-0.087,0.006
-0.087,0.006
-0.087,0.006
-0.087,0.006
-0.087,0.006
-0.087,0.006
-0.087,0.006
-0.087,0.006
-0.087,0.006
-0.087,0.006
-0.087,0.006
-0.087,0.006
-0.087,0.006
-0.087,0.006
-0.087,0.006
-0.087,0.006
-0.087,0.006
-0.087,0.006
-0.087,0.006
-0.087,0.006
-0.087,0.006
-0.087,0.006
-0.087,0.006
-0.087,0.006
-0.087,0.006
-0.087,0.006
-0.087,0.006
-0.087,0.006
-0.087,0.006
-0.087,0.006
-0.087,0.006
-0.087,0.006
-0.087,0.006
-0.119,0.006
-0.119,0.006
-0.119,0.006
-0.119,0.006
-0.119,0.006
-0.119,0.006
-0.119,0.006
-0.119,0.006
-0.119,0.006
-0.119,0.006
-0.119,0.006
-0.119,0.006
-0.119,0.006
-0.119,0.006
-0.119,0.006
-0.071,0.006
0.0,0.006
0.0,0.006
0.0,0.006
0.0,0.006
0.0,0.006
0.0,0.006
-0.015,0.006
-0.103,0.006
-0.103,0.006
-0.143,0.006
-0.159,0.006
-0.175,0.006
-0.175,0.006
-0.191,0.006
-0.191,0.006
-0.191,0.006
-0.159,0.006
-0.159,0.006
-0.159,0.006
-0.159,0.006
-0.159,0.006
-0.143,0.006
-0.143,0.006
-0.119,0.006
-0.119,0.006
-0.119,0.006
-0.103,0.062
-0.103,0.077
-0.103,0.125
-0.103,0.125
-0.103,0.125
-0.103,0.125
-0.055,0.125
-0.031,0.125
0.0,0.125
0.0,0.125
0.0,0.125
0.0,0.125
0.0,0.125
-0.031,0.125
-0.119,0.133
-0.175,0.196
-0.263,0.211
-0.263,0.219
-0.263,0.219
-0.263,0.227
-0.263,0.243
-0.263,0.243
-0.263,0.243
-0.263,0.243
-0.263,0.243
-0.263,0.243
-0.263,0.243
-0.263,0.243
-0.263,0.243
-0.231,0.243
-0.159,0.243
-0.143,0.243
-0.103,0.219
-0.071,0.211
-0.055,0.211
-0.015,0.196
-0.015,0.196
0.0,0.188
-0.015,0.188
-0.015,0.18
-0.015,0.18
0.0,0.101
0.0,0.093
0.0,0.077
0.0,0.077
0.0,0.077
0.0,0.069
0.0,0.069
0.0,0.069
0.0,0.069
0.0,0.109
-0.119,0.227
-0.175,0.306
-0.207,0.306
-0.191,0.306
-0.191,0.33
-0.207,0.361
-0.207,0.369
-0.207,0.369
-0.207,0.369
-0.207,0.369
-0.207,0.377
-0.207,0.377
-0.207,0.377
-0.207,0.393
-0.207,0.401
-0.207,0.401
-0.207,0.401
-0.207,0.401
-0.207,0.401
-0.207,0.377
-0.207,0.377
-0.207,0.361
-0.207,0.346
-0.207,0.346
-0.207,0.346
-0.207,0.346
-0.207,0.346
-0.207,0.338
-0.207,0.338
-0.207,0.33
-0.207,0.33
-0.207,0.33
-0.207,0.33
-0.207,0.33
-0.207,0.314
-0.207,0.306
-0.207,0.306
-0.207,0.298
-0.207,0.275
-0.207,0.275
-0.207,0.259
-0.207,0.259
-0.231,0.259
-0.263,0.259
-0.263,0.259
-0.295,0.259
-0.335,0.259
-0.335,0.259
-0.319,0.259
-0.319,0.259
-0.319,0.259
-0.319,0.259
-0.319,0.259
-0.319,0.259
-0.319,0.259
-0.319,0.259
-0.319,0.259
-0.351,0.259
-0.351,0.259
-0.351,0.259
-0.351,0.259
-0.351,0.259
-0.351,0.259
-0.351,0.259
-0.351,0.259
-0.351,0.259
-0.351,0.259
-0.351,0.259
-0.351,0.251
-0.351,0.251
-0.351,0.251
-0.351,0.251
-0.351,0.251
-0.351,0.251
-0.351,0.251
-0.351,0.243
-0.351,0.243
-0.351,0.243
-0.351,0.227
-0.351,0.219
-0.351,0.219
-0.351,0.219
-0.351,0.219
-0.351,0.219
-0.351,0.219
-0.351,0.211
-0.351,0.211
-0.351,0.211
-0.351,0.18
-0.351,0.18
-0.351,0.18
-0.351,0.164
-0.351,0.164
-0.351,0.164
-0.295,0.164
-0.279,0.164
-0.263,0.156
-0.231,0.156
-0.191,0.148
-0.191,0.148
-0.191,0.148
-0.191,0.148
-0.175,0.148
-0.207,0.148
-0.207,0.133
-0.175,0.133
-0.175,0.133
-0.191,0.133
-0.175,0.133
-0.143,0.125
-0.103,0.109
-0.103,0.101
-0.087,0.101
-0.087,0.093
-0.087,0.077
-0.087,0.069
-0.119,0.062
-0.119,0.062
-0.119,0.046
-0.119,0.038
-0.087,0.038
-0.087,0.038
-0.087,0.038
-0.087,0.038
-0.087,0.038
-0.087,0.038
-0.087,0.038
-0.087,0.038
-0.087,0.038
-0.087,0.038
-0.087,0.038
-0.087,0.038
-0.087,0.038
-0.087,0.038
-0.087,0.038
-0.087,0.038
-0.087,0.038
-0.087,0.038
-0.087,0.038
-0.087,0.038
-0.087,0.038
-0.087,0.038
-0.087,0.038
-0.087,0.038
-0.087,0.038
-0.087,0.038
-0.087,0.038
-0.087,0.038
-0.087,0.038
-0.087,0.038
-0.087,0.038
-0.087,0.038
-0.087,0.038
-0.087,0.038
-0.087,0.038
-0.087,0.038
-0.087,0.038
-0.087,0.038
-0.087,0.038
-0.087,0.038
-0.087,0.038
-0.087,0.038
-0.087,0.038
-0.087,0.038
-0.087,0.038
-0.087,0.038
-0.087,0.038
-0.087,0.038
-0.087,0.038
-0.087,0.038
-0.087,0.038
-0.087,0.038
-0.087,0.038
-0.087,0.038
-0.087,0.038
-0.087,0.038
-0.087,0.038
-0.087,0.062
-0.087,0.101
-0.087,0.101
-0.087,0.101
-0.087,0.101
-0.087,0.101
-0.087,0.101
-0.087,0.101
-0.087,0.101
-0.103,0.101
-0.055,0.101
-0.015,0.101
0.0,0.101
0.0,0.077
0.0,0.062
0.0,0.046
0.0,0.03
0.0,0.03
0.0,0.03
0.0,0.03
0.0,0.03
0.0,0.03
0.0,0.03
0.0,0.03
0.0,0.03
0.0,0.03
0.0,0.03
0.0,0.03
0.0,0.03
0.0,0.03
0.0,0.03
0.0,0.03
0.0,0.03
0.0,0.03
0.0,0.03
0.0,0.03
0.0,0.03
0.0,0.03
0.0,0.03
0.0,0.03
0.0,0.03
0.0,0.03
0.0,0.03
0.0,0.03
0.0,0.03
0.0,0.03
0.0,0.03
0.0,0.03
0.0,0.03
0.0,0.03
0.0,0.03
0.0,0.03
0.006,0.03
0.006,0.03
0.014,0.03
0.014,0.03
0.014,0.03
0.014,0.03
0.014,0.03
0.0,0.03
0.054,0.03
0.062,0.03
0.038,0.03
0.054,0.03
0.054,0.03
0.054,0.03
0.054,0.03
0.054,0.03
0.054,0.03
0.054,0.03
0.054,0.03
0.054,0.03
0.054,0.03
0.054,0.03
0.054,0.03
0.054,0.03
0.054,0.03
0.054,0.03
0.054,0.03
0.054,0.03
0.054,0.03
0.054,0.03
0.062,0.03
0.062,0.03
0.062,0.03
0.062,0.03
0.077,0.03
0.077,0.03
0.077,0.03
0.077,0.03
0.077,0.03
0.054,0.03
0.085,0.03
0.085,0.03
0.093,0.03
0.093,0.03
0.093,0.03
0.093,0.03
0.093,0.03
0.093,0.03
0.093,0.03
0.093,0.03
0.093,0.03
0.093,0.03
0.093,0.03
0.062,0.03
0.038,0.03
0.054,0.03
0.046,0.03
0.006,0.03
0.022,0.03
0.006,0.03
0.0,0.03
0.0,0.03
0.0,0.03
0.0,0.03
0.0,0.03
0.0,0.03
0.0,0.03
0.0,0.03
0.0,0.03
0.0,0.03
0.0,0.03
0.0,0.03
0.0,0.03
0.0,0.03
0.0,0.03
0.0,0.03
0.0,0.03
0.0,0.03
0.0,0.03
0.0,0.03
0.0,0.03
0.0,0.03
0.0,0.03
0.0,0.03
0.0,0.03
0.0,0.03
0.0,0.03
0.0,0.03
0.0,0.03
0.0,0.03
0.0,0.03
0.0,0.03
0.0,0.03
0.0,0.03
0.0,0.03
0.0,0.03
0.0,0.03
0.0,0.03
0.0,0.03
0.0,0.03
0.0,0.03
0.0,0.03
0.0,0.03
0.0,0.03
0.0,0.03
0.0,0.03
0.0,0.03
0.0,0.03
0.0,0.03
0.0,0.03
0.0,0.03
0.0,0.03
0.0,0.03
0.0,0.03
0.0,0.03
0.0,0.03
0.0,0.03
0.0,0.03
0.0,0.03
0.0,0.03
0.0,0.03
0.0,0.03
0.0,0.03
0.0,0.03
0.0,0.03
0.0,0.03
0.0,0.03
0.0,0.03
-0.015,0.03
-0.031,0.03
-0.031,0.03
-0.031,0.03
-0.071,0.03
-0.071,0.03
-0.087,0.03
-0.087,0.03
-0.087,0.03
-0.087,0.03
-0.087,0.03
-0.087,0.03
-0.087,0.03
-0.087,0.03
-0.087,0.03
-0.087,0.03
-0.087,0.03
-0.087,0.03
-0.087,0.03
-0.087,0.03
-0.087,0.03
-0.087,0.03
-0.087,0.03
-0.087,0.03
-0.087,0.03
-0.087,0.03
-0.087,0.03
-0.087,0.03
-0.055,0.03
-0.031,0.03
0.0,0.03
0.0,0.03
0.0,0.03
-0.015,0.03
0.0,0.03
0.0,0.03
0.0,0.03
0.0,0.03
0.0,0.03
0.0,0.03
0.0,0.03
0.0,0.03
0.0,0.03
0.0,0.03
0.0,0.03
0.0,0.03
0.0,0.03
0.0,0.03
0.0,0.03
0.0,0.03
0.0,0.03
0.0,0.03
0.0,0.03
0.0,0.03
0.0,0.03
0.0,0.03
0.0,0.03
0.0,0.03
0.0,0.03
0.0,0.03
0.0,0.03
0.0,0.03
0.0,0.03
0.0,0.03
0.0,0.03
0.0,0.03
0.0,0.03
0.0,0.03
0.0,0.03
0.0,0.03
0.0,0.03
0.0,0.03
0.0,0.03
0.0,0.03
0.0,0.03
0.0,0.03
0.0,0.03
0.0,0.03
0.0,0.03
0.0,0.03
0.0,0.03
0.0,0.03
0.0,0.03
0.0,0.062
0.0,0.069
0.0,0.069
0.0,0.164
0.0,0.18
0.0,0.219
0.0,0.227
0.0,0.243
0.0,0.219
0.0,0.148
0.0,0.077
0.0,0.038
0.0,0.014
0.0,0.014
0.0,0.014
0.0,0.006
0.0,0.006
0.0,0.006
0.0,0.006
0.0,0.006
0.0,0.006
0.0,0.006
0.0,0.006
0.0,0.006
0.0,0.006
0.0,0.006
0.0,0.006
0.0,0.006
0.0,0.006
0.0,0.006
0.0,0.006
0.0,0.006
0.0,0.006
0.0,0.006
0.0,0.006
0.0,0.006
0.0,0.006
0.0,0.03
0.0,0.03
0.0,0.03
0.0,0.03
0.0,0.03
0.0,0.03
0.0,0.03
0.0,0.03
0.0,0.03
0.0,0.03
0.0,0.03
0.0,0.03
0.0,0.03
0.0,0.03
0.0,0.03
0.0,0.03
0.0,0.03
0.0,0.03
0.0,0.03
0.0,0.03
0.0,0.03
0.0,0.03
0.0,0.03
0.0,0.03
0.0,0.03
0.0,0.03
0.0,0.03
0.0,0.03
0.0,0.03
0.0,0.03
0.0,0.03
0.0,0.03
0.0,0.03
0.0,0.03
0.0,0.03
0.0,0.03
0.0,0.03
0.0,0.03
0.0,0.03
0.0,0.03
0.0,0.03
0.0,0.03
0.0,0.03
0.0,0.03
0.0,0.03
0.0,0.03
0.0,0.03
0.0,0.03
0.0,0.03
0.0,0.03
0.0,0.03
0.0,0.03
0.0,0.03
0.0,0.03
0.0,0.03
0.0,0.03
0.0,0.03
0.0,0.03
0.0,0.03
0.0,0.03
0.0,0.03
0.0,0.03
0.0,0.03
0.0,0.03
0.0,0.03
0.0,0.03
0.0,0.03
0.0,0.03
0.0,0.03
0.0,0.03
0.0,0.03
0.0,0.03
0.0,0.03
0.0,0.03
0.0,0.03
0.0,0.03
0.0,0.03
0.0,0.03
0.0,0.03
0.0,0.03
0.0,0.03
0.0,0.03
0.0,0.03
0.0,0.03
0.0,0.03
0.0,0.03
0.0,0.03
0.0,0.03
0.0,0.03
0.0,0.03
0.0,0.03
0.0,0.03
0.0,0.03
0.0,0.03
0.0,0.03
0.0,0.03
0.0,0.03
0.0,0.03
0.0,0.03
0.0,0.03
0.0,0.03
0.0,0.03
0.0,0.03
0.0,0.03
0.0,0.03
0.0,0.03
0.0,0.03
0.0,0.03
0.0,0.03
0.0,0.038
0.0,0.062
0.0,0.133
0.0,0.219
0.0,0.251
0.0,0.33
0.0,0.377
-0.031,0.393
-0.119,0.417
-0.119,0.448
-0.159,0.448
-0.191,0.456
-0.191,0.456
-0.191,0.456
-0.191,0.424
-0.191,0.417
-0.191,0.417
-0.191,0.417
-0.207,0.417
-0.207,0.417
-0.207,0.417
-0.175,0.417
-0.087,0.417
-0.103,0.417
-0.055,0.417
-0.015,0.417
-0.015,0.417
-0.015,0.417
-0.031,0.401
0.0,0.369
-0.015,0.338
0.0,0.314
0.0,0.306
0.0,0.282
0.0,0.243
0.0,0.211
0.0,0.164
0.0,0.156
0.0,0.148
0.0,0.125
0.0,0.109
0.0,0.101
0.0,0.101
0.0,0.093
0.0,0.093
0.0,0.093
0.0,0.093
0.0,0.077
0.0,0.077
0.0,0.077
0.0,0.077
0.0,0.077
0.0,0.077
0.0,0.077
0.0,0.077
0.0,0.077
0.0,0.077
0.0,0.077
0.0,0.077
0.0,0.077
0.0,0.077
0.0,0.077
0.0,0.077
0.0,0.077
0.0,0.077
0.0,0.077
0.0,0.077
0.0,0.077
0.0,0.077
0.0,0.077
0.0,0.077
0.0,0.077
0.0,0.077
0.0,0.077
0.0,0.077
0.0,0.077
0.0,0.077
0.0,0.077
0.0,0.069
0.0,0.069
0.0,0.069
0.0,0.069
0.0,0.069
0.0,0.069
0.0,0.069
0.0,0.069
0.0,0.069
0.0,0.069
0.0,0.069
0.0,0.069
0.0,0.069
0.0,0.069
0.0,0.069
0.0,0.069
0.0,0.069
0.0,0.069
0.0,0.069
0.0,0.069
0.0,0.069
0.0,0.069
0.0,0.069
0.0,0.069
0.0,0.069
0.0,0.069
0.0,0.069
0.0,0.069
0.0,0.069
0.0,0.069
0.0,0.069
0.0,0.069
0.0,0.069
0.0,0.069
0.0,0.069
0.0,0.069
0.0,0.069
0.0,0.069
0.0,0.069
0.0,0.069
0.0,0.069
0.0,0.069
0.0,0.069
0.0,0.069
0.0,0.069
0.0,0.069
0.0,0.069
0.0,0.069
0.0,0.069
0.0,0.069
0.0,0.069
0.0,0.069
0.0,0.069
0.0,0.069
0.0,0.069
0.0,0.069
0.0,0.069
0.0,0.069
0.0,0.069
0.0,0.069
0.0,0.069
0.0,0.069
0.0,0.069
0.0,0.069
0.0,0.069
0.0,0.069
0.0,0.069
0.0,0.069
0.0,0.069
0.0,0.069
0.0,0.069
0.0,0.069
0.0,0.069
0.0,0.069
0.0,0.069
0.0,0.069
0.0,0.069
0.0,0.093
0.0,0.18
0.0,0.211
0.0,0.282
0.0,0.282
0.0,0.314
0.0,0.338
0.0,0.361
0.054,0.361
0.054,0.369
0.046,0.369
0.054,0.361
0.054,0.361
0.054,0.361
0.054,0.33
0.054,0.282
0.054,0.251
0.054,0.227
0.054,0.227
0.054,0.227
0.054,0.251
0.054,0.259
0.022,0.259
0.006,0.259
0.0,0.259
0.0,0.259
0.0,0.227
0.0,0.219
0.0,0.196
0.0,0.188
0.0,0.188
0.0,0.164
0.0,0.125
0.0,0.125
0.0,0.109
0.0,0.093
0.0,0.093
0.0,0.093
0.0,0.093
0.0,0.093
0.0,0.093
0.0,0.093
0.0,0.093
0.0,0.093
0.0,0.093
0.0,0.093
0.0,0.093
0.0,0.093
0.0,0.093
0.0,0.093
0.0,0.093
0.0,0.093
0.0,0.093
0.0,0.093
0.0,0.077
0.0,0.077
0.0,0.077
0.0,0.077
0.0,0.077
0.0,0.077
0.0,0.077
0.0,0.077
0.0,0.077
0.0,0.077
0.0,0.077
-0.031,0.077
-0.103,0.077
-0.103,0.077
-0.175,0.077
-0.175,0.077
-0.175,0.077
-0.175,0.077
-0.175,0.077
-0.175,0.077
-0.175,0.101
-0.175,0.18
-0.175,0.227
-0.175,0.227
-0.175,0.227
-0.175,0.227
-0.175,0.188
-0.175,0.164
-0.071,0.109
-0.055,0.077
0.0,0.077
0.0,0.069
0.0,0.069
0.0,0.069
0.0,0.069
0.0,0.069
0.0,0.069
0.0,0.069
0.0,0.069
0.0,0.069
0.0,0.069
0.0,0.069
0.0,0.069
0.0,0.069
0.0,0.069
0.0,0.069
0.0,0.069
0.0,0.069
0.0,0.069
0.0,0.069
0.0,0.069
0.0,0.069
0.0,0.069
0.0,0.069
0.0,0.069
0.0,0.069
0.0,0.069
0.0,0.069
0.0,0.069
0.0,0.069
0.0,0.069
0.0,0.069
0.0,0.069
0.0,0.069
0.0,0.069
0.0,0.069
0.0,0.069
0.0,0.069
0.0,0.069
-0.031,0.069
-0.103,0.069
-0.143,0.069
-0.119,0.069
-0.175,0.069
-0.191,0.069
-0.207,0.069
-0.207,0.069
-0.263,0.069
-0.263,0.069
-0.231,0.125
-0.247,0.164
-0.279,0.211
-0.279,0.243
-0.247,0.251
-0.247,0.251
-0.247,0.251
-0.247,0.251
-0.247,0.251
-0.247,0.211
-0.247,0.18
-0.247,0.148
-0.247,0.109
-0.247,0.093
-0.247,0.093
-0.247,0.077
-0.247,0.069
-0.247,0.069
-0.247,0.069
-0.247,0.069
-0.247,0.069
-0.247,0.069
-0.247,0.069
-0.247,0.069
-0.247,0.069
-0.247,0.069
-0.247,0.069
-0.247,0.069
-0.247,0.069
-0.247,0.069
-0.247,0.069
-0.247,0.069
-0.247,0.069
-0.247,0.069
-0.247,0.069
-0.247,0.069
-0.247,0.069
-0.279,0.069
-0.279,0.069
-0.279,0.069
-0.279,0.069
-0.279,0.069
-0.279,0.069
-0.247,0.069
-0.231,0.069
-0.247,0.069
-0.191,0.069
-0.191,0.069
-0.191,0.069
-0.231,0.069
-0.231,0.069
-0.207,0.069
-0.207,0.069
-0.231,0.069
-0.231,0.069
-0.207,0.069
-0.191,0.069
-0.191,0.069
-0.191,0.069
-0.191,0.069
-0.191,0.069
-0.191,0.069
-0.191,0.069
-0.191,0.069
-0.191,0.069
-0.191,0.069
-0.191,0.069
-0.191,0.069
-0.191,0.069
-0.191,0.069
-0.191,0.069
-0.191,0.069
-0.191,0.069
-0.191,0.069
-0.191,0.069
-0.191,0.069
-0.191,0.069
-0.191,0.069
-0.191,0.069
-0.191,0.069
-0.191,0.069
-0.191,0.069
-0.191,0.069
-0.191,0.069
-0.191,0.069
-0.191,0.069
-0.191,0.069
-0.191,0.069
-0.191,0.069
-0.191,0.156
-0.191,0.219
-0.191,0.227
-0.159,0.243
-0.103,0.243
-0.055,0.243
-0.031,0.243
-0.071,0.243
-0.071,0.243
-0.071,0.243
-0.071,0.243
-0.071,0.243
-0.071,0.243
-0.071,0.243
-0.071,0.243
-0.071,0.243
-0.071,0.243
-0.071,0.243
-0.071,0.243
-0.071,0.243
-0.015,0.243
0.0,0.243
-0.031,0.243
-0.031,0.243
-0.031,0.243
0.0,0.243
0.0,0.243
0.0,0.243
0.0,0.243
0.0,0.243
0.0,0.243
0.0,0.243
0.0,0.243
0.0,0.243
0.0,0.243
0.0,0.243
0.0,0.219
-0.015,0.219
-0.087,0.219
-0.119,0.219
-0.119,0.211
-0.119,0.196
-0.119,0.18
-0.103,0.18
-0.103,0.164
-0.103,0.148
-0.103,0.125
-0.103,0.125
-0.103,0.109
-0.103,0.101
0.0,0.101
-0.015,0.101
0.0,0.093
0.0,0.093
0.0,0.093
0.0,0.093
0.0,0.093
0.0,0.093
0.0,0.093
0.0,0.093
0.0,0.093
0.0,0.093
0.0,0.077
0.0,0.077
0.0,0.077
0.0,0.077
0.0,0.077
0.0,0.077
0.0,0.077
0.0,0.156
0.0,0.211
0.0,0.298
-0.031,0.314
-0.071,0.33
-0.103,0.393
-0.119,0.424
-0.119,0.424
-0.119,0.424
-0.143,0.393
-0.143,0.369
-0.143,0.369
-0.143,0.369
-0.143,0.369
-0.143,0.369
-0.143,0.369
-0.143,0.369
-0.143,0.369
-0.143,0.369
-0.143,0.369
-0.143,0.361
-0.119,0.361
-0.071,0.361
-0.071,0.346
-0.031,0.346
0.0,0.338
0.0,0.338
0.0,0.338
0.0,0.338
0.0,0.338
0.0,0.338
0.0,0.338
0.0,0.33
0.0,0.314
0.0,0.306
0.0,0.298
0.0,0.282
0.014,0.282
0.156,0.275
0.267,0.275
0.306,0.259
0.314,0.259
0.322,0.282
0.322,0.306
0.282,0.314
0.243,0.33
0.211,0.33
0.156,0.338
0.054,0.338
0.038,0.306
0.046,0.275
0.022,0.196
0.006,0.148
0.046,0.069
0.038,0.046
0.006,0.038
0.006,0.03
0.006,0.03
0.0,0.03
0.0,0.03
0.0,0.03
0.0,0.03
0.0,0.03
0.0,0.03
0.022,0.03
0.022,0.03
0.0,0.03
0.0,0.014
0.0,0.014
0.0,0.014
0.0,0.014
0.0,0.014
0.0,0.014
0.0,0.006
0.0,0.006
0.0,0.006
0.0,0.006
0.0,0.077
0.0,0.282
0.0,0.464
-0.159,0.48
-0.231,0.432
-0.319,0.393
-0.295,0.275
-0.295,0.219
-0.295,0.188
-0.295,0.148
-0.295,0.109
-0.295,0.101
-0.295,0.077
-0.295,0.077
-0.295,0.077
-0.295,0.062
-0.295,0.046
-0.295,0.046
-0.295,0.038
-0.295,0.038
-0.295,0.03
-0.295,0.03
-0.295,0.03
-0.295,0.03
-0.295,0.03
-0.295,0.03
-0.295,0.03
-0.295,0.03
-0.295,0.069
-0.159,0.069
-0.055,0.219
-0.071,0.314
-0.015,0.377
0.0,0.401
0.0,0.401
0.0,0.417
0.0,0.417
0.0,0.417
-0.119,0.417
-0.175,0.417
-0.247,0.417
-0.247,0.417
-0.247,0.417
-0.247,0.417
-0.247,0.417
-0.247,0.417
-0.247,0.417
-0.247,0.417
-0.247,0.417
-0.247,0.417
-0.247,0.417
-0.247,0.417
-0.247,0.417
-0.247,0.417
-0.247,0.417
-0.247,0.417
-0.247,0.417
-0.247,0.417
-0.247,0.417
-0.247,0.417
-0.247,0.417
-0.247,0.417
-0.247,0.417
-0.247,0.417
-0.247,0.417
-0.263,0.417
-0.263,0.417
-0.263,0.417
-0.263,0.417
-0.263,0.417
-0.263,0.417
-0.263,0.417
-0.263,0.417
-0.263,0.417
-0.231,0.417
-0.231,0.417
-0.263,0.417
-0.231,0.417
-0.263,0.417
-0.279,0.424
-0.279,0.424
-0.279,0.424
-0.295,0.424
-0.263,0.424
-0.263,0.424
-0.263,0.424
-0.263,0.424
-0.263,0.424
-0.263,0.424
-0.263,0.432
-0.263,0.432
-0.295,0.448
-0.295,0.448
-0.295,0.448
-0.295,0.448
-0.295,0.448
-0.295,0.448
-0.295,0.448
-0.295,0.448
-0.295,0.448
-0.295,0.448
-0.295,0.448
-0.295,0.448
-0.295,0.448
-0.295,0.448
-0.295,0.448
-0.295,0.448
-0.295,0.448
-0.295,0.448
-0.295,0.424
-0.295,0.424
-0.295,0.417
-0.295,0.417
-0.295,0.417
-0.295,0.417
-0.295,0.417
-0.295,0.417
-0.295,0.417
-0.295,0.417
-0.295,0.417
-0.295,0.417
-0.295,0.417
-0.295,0.417
-0.295,0.417
-0.295,0.417
-0.295,0.417
-0.295,0.417
-0.295,0.417
-0.295,0.417
-0.295,0.417
-0.295,0.417
-0.295,0.393
-0.295,0.393
-0.295,0.393
-0.295,0.393
-0.295,0.369
-0.295,0.369
-0.295,0.369
-0.295,0.369
-0.295,0.361
-0.295,0.346
-0.295,0.298
-0.295,0.282
-0.295,0.282
-0.295,0.282
-0.295,0.275
-0.295,0.275
-0.279,0.275
-0.279,0.275
-0.279,0.275
-0.263,0.275
-0.279,0.275
-0.319,0.275
-0.295,0.275
-0.295,0.275
-0.319,0.275
-0.319,0.275
-0.335,0.275
-0.335,0.275
-0.351,0.275
-0.351,0.314
-0.351,0.33
-0.335,0.346
-0.351,0.361
-0.383,0.393
-0.407,0.424
-0.423,0.424
-0.423,0.424
-0.423,0.432
-0.423,0.432
-0.423,0.432
-0.423,0.432
-0.423,0.432
-0.423,0.432
-0.423,0.432
-0.423,0.401
-0.423,0.401
-0.423,0.393
-0.423,0.369
-0.423,0.314
-0.423,0.306
-0.423,0.259
-0.295,0.219
-0.159,0.164
-0.055,0.109
-0.015,0.062
0.0,0.006
0.0,0.0
0.0,0.0
0.0,0.0
0.0,0.0
0.0,0.0
0.0,0.0
0.0,0.0
0.0,0.0
0.0,0.0
0.0,0.0
0.0,0.0
0.0,0.0
0.0,0.0
0.0,0.0
0.0,0.0
0.0,0.0
0.0,0.0
0.0,0.0
0.0,0.0
0.0,0.0
0.0,0.0
0.0,0.0
0.0,0.0
0.0,0.0
0.0,0.0
0.0,0.0
0.0,0.0
0.0,0.0
0.0,0.0
0.0,0.0
0.0,0.0
-0.055,0.0
-0.175,0.0
-0.191,0.0
-0.207,0.0
-0.207,0.0
-0.207,0.0
-0.263,0.0
-0.263,0.0
-0.263,0.0
-0.279,0.0
-0.279,0.03
-0.279,0.038
-0.279,0.125
-0.279,0.133
-0.279,0.133
-0.295,0.133
-0.295,0.133
-0.319,0.133
-0.319,0.133
-0.319,0.133
-0.295,0.133
-0.319,0.133
-0.319,0.109
-0.319,0.109
-0.351,0.109
-0.351,0.109
-0.351,0.109
-0.351,0.109
-0.367,0.109
-0.367,0.109
-0.367,0.109
-0.367,0.109
-0.383,0.109
-0.383,0.109
-0.383,0.109
-0.383,0.109
-0.383,0.109
-0.351,0.109
-0.351,0.109
-0.351,0.109
-0.351,0.109
-0.351,0.109
-0.351,0.101
-0.351,0.101
-0.351,0.101
-0.351,0.101
-0.295,0.093
-0.175,0.093
-0.087,0.093
-0.055,0.093
-0.031,0.093
-0.031,0.093
-0.031,0.093
-0.031,0.093
-0.031,0.093
-0.031,0.093
0.0,0.093
0.0,0.093
0.0,0.093
0.0,0.093
0.0,0.093
0.0,0.093
0.0,0.093
0.0,0.093
0.0,0.093
0.0,0.093
0.0,0.093
0.0,0.077
0.0,0.077
0.0,0.077
0.0,0.077
0.0,0.077
0.0,0.069
0.0,0.069
0.0,0.069
0.0,0.069
0.0,0.069
0.0,0.069
0.0,0.062
0.0,0.062
0.0,0.062
0.0,0.062
0.0,0.062
0.0,0.062
0.0,0.062
0.0,0.062
0.0,0.046
0.0,0.046
0.0,0.046
0.0,0.038
0.0,0.038
0.0,0.038
0.0,0.038
0.0,0.038
0.0,0.038
0.0,0.038
0.0,0.038
0.0,0.038
0.0,0.038
0.0,0.038
0.0,0.038
0.0,0.038
0.0,0.03
0.0,0.03
0.0,0.03
0.0,0.03
0.0,0.03
0.0,0.03
0.0,0.03
0.0,0.03
0.0,0.03
0.0,0.03
0.0,0.03
0.0,0.03
0.0,0.03
0.0,0.03
0.0,0.03
0.0,0.03
0.0,0.03
0.0,0.03
0.0,0.03
0.0,0.03
0.0,0.03
0.0,0.03
0.0,0.03
0.0,0.03
0.0,0.03
0.0,0.03
0.0,0.03
0.0,0.03
0.0,0.03
0.0,0.014
0.0,0.014
0.0,0.014
0.0,0.014
0.0,0.014
0.0,0.014
0.0,0.014
0.0,0.014
0.0,0.014
0.0,0.014
0.0,0.014
0.0,0.014
0.0,0.014
0.0,0.014
0.0,0.014
0.0,0.014
0.0,0.014
0.0,0.014
0.0,0.014
0.0,0.014
0.0,0.014
0.0,0.014
0.0,0.014
0.0,0.014
0.0,0.014
0.0,0.014
0.0,0.014
0.0,0.014
0.0,0.014
0.0,0.014
0.0,0.014
0.0,0.014
0.0,0.014
0.0,0.014
0.0,0.014
0.0,0.014
0.0,0.014
0.0,0.014
0.0,0.014
0.0,0.014
0.0,0.014
0.0,0.014
0.0,0.014
0.0,0.014
0.0,0.014
0.0,0.014
0.0,0.014
0.0,0.014
0.0,0.014
0.0,0.014
0.0,0.014
0.0,0.014
0.0,0.006
0.0,0.006
0.0,0.006
0.0,0.006
0.0,0.006
-0.143,0.03
-0.231,0.101
-0.279,0.148
-0.247,0.148
-0.247,0.148
-0.247,0.148
-0.247,0.148
-0.247,0.148
-0.247,0.125
-0.247,0.125
-0.247,0.101
-0.247,0.101
-0.247,0.077
-0.247,0.077
-0.279,0.062
-0.279,0.038
-0.279,0.03
-0.295,0.03
-0.295,0.03
-0.295,0.014
-0.295,0.014
-0.295,0.006
-0.295,0.006
-0.295,0.006
-0.319,0.006
-0.295,0.006
-0.319,0.006
-0.319,0.006
-0.335,0.006
-0.351,0.006
-0.351,0.006
-0.351,0.006
-0.319,0.006
-0.319,0.006
-0.351,0.006
-0.351,0.006
-0.351,0.006
-0.351,0.006
-0.351,0.006
-0.351,0.006
-0.351,0.006
-0.351,0.006
-0.351,0.006
-0.351,0.006
-0.351,0.006
-0.351,0.006
-0.351,0.006
-0.351,0.006
-0.351,0.006
-0.351,0.006
-0.351,0.006
-0.351,0.006
-0.351,0.006
-0.351,0.006
-0.351,0.006
-0.351,0.006
-0.351,0.006
-0.351,0.006
-0.351,0.006
-0.351,0.006
-0.351,0.006
-0.351,0.006
-0.351,0.006
-0.351,0.006
-0.351,0.006
-0.351,0.006
-0.351,0.006
-0.351,0.006
-0.351,0.006
-0.351,0.006
-0.351,0.006
-0.351,0.006
-0.351,0.006
-0.351,0.006
-0.351,0.006
-0.351,0.006
-0.351,0.03
-0.351,0.03
-0.351,0.03
-0.279,0.03
-0.279,0.03
-0.263,0.03
-0.247,0.03
-0.263,0.03
-0.247,0.03
-0.279,0.03
-0.279,0.03
-0.247,0.03
-0.247,0.03
-0.231,0.03
-0.231,0.03
-0.231,0.03
-0.231,0.03
-0.231,0.03
-0.231,0.038
-0.231,0.038
-0.279,0.038
-0.231,0.038
-0.119,0.038
-0.055,0.038
-0.015,0.038
0.0,0.038
0.0,0.038
0.0,0.038
0.0,0.038
0.0,0.038
0.0,0.038
0.0,0.038
0.0,0.038
0.0,0.038
0.0,0.038
0.0,0.038
0.0,0.038
0.0,0.038
0.0,0.038
0.0,0.038
0.0,0.038
0.0,0.038
0.0,0.038
0.0,0.038
0.0,0.038
0.0,0.038
0.0,0.038
0.0,0.038
0.0,0.038
-0.015,0.038
-0.031,0.038
-0.031,0.038
-0.015,0.038
-0.015,0.038
-0.071,0.038
-0.071,0.038
-0.071,0.038
-0.071,0.038
-0.087,0.038
-0.087,0.038
-0.087,0.038
-0.087,0.038
-0.087,0.038
-0.103,0.038
-0.103,0.038
-0.103,0.038
-0.103,0.038
-0.103,0.038
-0.119,0.038
-0.119,0.038
-0.119,0.038
-0.119,0.038
-0.087,0.038
-0.119,0.038
-0.119,0.038
-0.119,0.038
-0.119,0.038
-0.119,0.038
-0.119,0.038
-0.119,0.038
-0.119,0.038
-0.119,0.038
-0.119,0.038
-0.119,0.038
-0.119,0.038
-0.119,0.038
-0.119,0.038
-0.119,0.038
-0.143,0.038
-0.119,0.038
-0.143,0.038
-0.143,0.038
-0.143,0.038
-0.143,0.038
-0.119,0.038
-0.143,0.038
-0.143,0.038
-0.143,0.038
-0.143,0.038
-0.143,0.038
-0.143,0.038
-0.143,0.038
-0.119,0.038
-0.143,0.038
-0.143,0.038
-0.143,0.038
-0.143,0.038
-0.143,0.038
-0.143,0.038
-0.143,0.038
-0.143,0.038
-0.143,0.038
-0.143,0.038
-0.143,0.038
-0.119,0.038
-0.071,0.038
0.0,0.038
-0.031,0.038
0.0,0.038
0.0,0.038
0.0,0.038
-0.015,0.038
0.0,0.038
0.0,0.038
0.0,0.038
0.0,0.038
0.0,0.038
-0.015,0.038
-0.015,0.038
-0.015,0.038
-0.015,0.038
0.0,0.038
0.0,0.038
0.0,0.038
0.0,0.038
0.0,0.038
0.0,0.038
0.0,0.038
0.0,0.038
0.0,0.038
0.0,0.038
0.0,0.038
0.0,0.038
0.0,0.038
0.0,0.038
0.0,0.038
0.0,0.038
0.0,0.038
0.0,0.038
0.0,0.038
0.0,0.038
0.0,0.038
0.0,0.038
0.0,0.038
0.0,0.038
0.0,0.038
0.0,0.038
0.0,0.038
0.0,0.038
0.0,0.038
0.0,0.038
0.0,0.038
0.0,0.038
0.0,0.014
0.0,0.014
0.0,0.038
0.0,0.038
0.0,0.038
0.0,0.038
0.0,0.038
0.0,0.038
0.0,0.014
0.0,0.014
0.0,0.006
0.0,0.0
0.0,0.0
-0.031,0.0
-0.119,0.0
-0.159,0.0
-0.191,0.109
-0.207,0.148
-0.263,0.148
-0.279,0.148
-0.279,0.148
-0.319,0.148
-0.335,0.148
-0.351,0.156
-0.367,0.156
-0.367,0.156
-0.367,0.156
-0.383,0.164
-0.351,0.18
-0.351,0.18
-0.351,0.18
-0.351,0.18
-0.351,0.18
-0.351,0.18
-0.351,0.18
-0.351,0.18
-0.351,0.18
-0.351,0.18
-0.351,0.18
-0.351,0.18
-0.351,0.18
-0.351,0.18
-0.351,0.18
-0.351,0.18
-0.351,0.18
-0.351,0.18
-0.351,0.18
-0.351,0.18
-0.351,0.18
-0.351,0.18
-0.351,0.18
-0.351,0.18
-0.351,0.18
-0.351,0.18
-0.351,0.18
-0.351,0.148
-0.351,0.148
-0.351,0.125
-0.351,0.109
-0.247,0.101
-0.175,0.077
-0.087,0.069
-0.055,0.038
-0.015,0.038
-0.031,0.03
0.0,0.03
0.0,0.03
0.0,0.014
0.0,0.014
0.0,0.014
0.0,0.014
0.0,0.006
0.0,0.006
0.0,0.006
0.0,0.006
0.0,0.006
0.0,0.0
0.0,0.0
0.0,0.0
0.0,0.0
0.0,0.0
0.0,0.0
0.0,0.0
0.0,0.0
0.0,0.0
0.0,0.0
0.0,0.0
0.0,0.0
0.0,0.0
0.0,0.0
0.0,0.0
0.0,0.0
0.0,0.0
0.0,0.0
0.0,0.0
0.0,0.0
0.0,0.0
0.0,0.0
0.0,0.0
0.0,0.0
0.0,0.0
0.0,0.0
-0.015,0.0
-0.015,0.0
-0.015,0.0
-0.015,0.0
-0.015,0.0
-0.015,0.0
-0.015,0.0
-0.015,0.0
-0.031,0.0
-0.055,0.0
-0.159,0.0
-0.159,0.038
-0.207,0.148
-0.279,0.211
-0.351,0.219
-0.439,0.219
-0.471,0.243
-0.471,0.243
-0.495,0.243
-0.495,0.251
-0.511,0.251
-0.471,0.251
-0.471,0.251
-0.471,0.251
-0.495,0.251
-0.495,0.259
-0.495,0.259
-0.511,0.259
-0.511,0.259
-0.511,0.259
-0.511,0.259
-0.511,0.259
-0.511,0.259
-0.511,0.259
-0.511,0.227
-0.511,0.18
-0.511,0.133
-0.511,0.077
-0.511,0.038
-0.511,0.006
-0.511,0.0
-0.511,0.0
-0.511,0.0
-0.511,0.0
-0.511,0.0
-0.511,0.0
-0.511,0.0
-0.511,0.0
-0.511,0.0
-0.511,0.0
-0.511,0.0
-0.495,0.0
-0.511,0.0
-0.455,0.0
-0.439,0.0
-0.351,0.0
-0.407,0.0
-0.383,0.0
-0.351,0.0
-0.383,0.0
-0.367,0.0
-0.367,0.0
-0.367,0.0
-0.351,0.0
-0.351,0.0
-0.351,0.0
-0.335,0.0
-0.335,0.0
-0.335,0.0
-0.335,0.0
-0.367,0.0
-0.335,0.0
-0.319,0.0
-0.367,0.0
-0.319,0.0
-0.319,0.0
-0.319,0.0
-0.319,0.0
-0.335,0.0
-0.335,0.0
-0.335,0.0
-0.335,0.0
-0.335,0.0
-0.319,0.0
-0.295,0.0
-0.319,0.0
-0.247,0.0
-0.295,0.0
-0.263,0.0
-0.295,0.0
-0.263,0.0
-0.295,0.0
-0.263,0.0
-0.247,0.0
-0.247,0.0
-0.247,0.0
-0.279,0.0
-0.279,0.0
-0.279,0.0
-0.247,0.0
-0.247,0.0
-0.247,0.0
-0.247,0.0
-0.279,0.0
-0.207,0.0
-0.191,0.0
-0.159,0.0
-0.087,0.0
-0.071,0.0
-0.071,0.03
-0.071,0.093
-0.071,0.164
-0.015,0.18
-0.015,0.18
-0.015,0.18
-0.015,0.188
-0.015,0.188
-0.015,0.188
-0.015,0.188
-0.015,0.164
-0.015,0.164
0.0,0.164
-0.015,0.164
0.0,0.164
-0.015,0.164
0.0,0.164
-0.015,0.164
0.0,0.164
-0.015,0.164
-0.015,0.164
-0.015,0.164
-0.015,0.164
-0.015,0.164
0.0,0.164
0.0,0.164
0.0,0.164
0.0,0.164
0.0,0.164
0.0,0.164
0.0,0.164
0.0,0.164
0.0,0.164
0.0,0.164
0.0,0.164
0.0,0.164
0.0,0.211
0.0,0.219
0.0,0.219
-0.015,0.219
-0.015,0.219
-0.015,0.219
-0.015,0.219
-0.015,0.219
-0.015,0.219
-0.015,0.219
-0.015,0.219
-0.015,0.219
-0.015,0.18
-0.015,0.148
-0.015,0.101
-0.015,0.062
-0.015,0.046
-0.015,0.062
-0.015,0.038
-0.015,0.038
-0.015,0.038
-0.015,0.038
-0.015,0.038
-0.015,0.03
-0.015,0.03
-0.015,0.03
-0.015,0.03
-0.015,0.03
-0.015,0.03
-0.015,0.03
-0.015,0.03
-0.015,0.03
-0.015,0.03
-0.015,0.03
-0.015,0.03
-0.015,0.03
-0.015,0.03
-0.015,0.03
-0.015,0.03
-0.015,0.03
-0.015,0.03
-0.015,0.03
-0.015,0.03
-0.015,0.03
-0.015,0.03
-0.015,0.03
-0.015,0.03
-0.015,0.03
-0.015,0.03
-0.015,0.03
-0.015,0.03
-0.015,0.03
-0.015,0.03
-0.015,0.03
-0.015,0.014
-0.015,0.014
-0.015,0.014
-0.015,0.014
-0.015,0.014
-0.015,0.014
-0.015,0.014
-0.015,0.014
-0.015,0.014
-0.015,0.014
-0.015,0.014
-0.015,0.014
-0.015,0.014
-0.015,0.014
-0.015,0.014
-0.015,0.014
-0.015,0.014
-0.015,0.014
-0.015,0.014
-0.015,0.014
-0.015,0.014
-0.015,0.014
-0.015,0.014
-0.015,0.014
-0.015,0.014
-0.015,0.014
-0.015,0.014
-0.015,0.014
-0.015,0.014
-0.015,0.014
-0.015,0.014
-0.015,0.014
-0.015,0.014
-0.015,0.014
-0.015,0.014
-0.015,0.014
-0.015,0.014
-0.015,0.014
-0.015,0.014
-0.015,0.014
-0.015,0.014
-0.015,0.014
-0.015,0.014
-0.015,0.014
-0.015,0.014
-0.015,0.014
-0.015,0.014
-0.015,0.014
-0.015,0.014
-0.015,0.014
-0.015,0.014
-0.015,0.014
-0.015,0.014
-0.015,0.014
-0.015,0.014
-0.015,0.014
-0.015,0.014
-0.015,0.014
-0.015,0.014
-0.015,0.014
-0.015,0.093
-0.015,0.243
-0.015,0.259
-0.015,0.275
-0.015,0.275
-0.119,0.275
-0.175,0.275
-0.191,0.275
-0.191,0.275
-0.207,0.275
-0.207,0.275
-0.207,0.275
-0.207,0.275
-0.207,0.275
-0.207,0.275
-0.207,0.275
-0.207,0.275
-0.207,0.275
-0.207,0.275
-0.207,0.275
-0.207,0.275
-0.207,0.275
-0.207,0.275
-0.207,0.275
-0.207,0.275
-0.207,0.275
-0.207,0.275
-0.207,0.275
-0.207,0.275
-0.207,0.275
-0.207,0.275
-0.207,0.275
-0.207,0.275
-0.207,0.275
-0.207,0.275
-0.207,0.275
-0.207,0.275
-0.207,0.275
-0.207,0.275
-0.207,0.275
-0.207,0.275
-0.207,0.275
-0.207,0.275
-0.207,0.275
-0.207,0.275
-0.207,0.275
-0.207,0.275
-0.207,0.275
-0.207,0.275
-0.207,0.275
-0.207,0.275
-0.207,0.275
-0.207,0.275
-0.207,0.275
-0.231,0.275
-0.279,0.275
-0.351,0.275
-0.319,0.298
-0.351,0.306
-0.367,0.314
-0.335,0.361
-0.383,0.377
-0.383,0.393
-0.423,0.401
-0.471,0.401
-0.527,0.401
-0.543,0.401
-0.559,0.401
-0.559,0.401
-0.559,0.401
-0.583,0.401
-0.583,0.401
-0.559,0.401
-0.583,0.401
-0.583,0.432
-0.583,0.48
-0.583,0.488
-0.583,0.488
-0.583,0.495
-0.583,0.495
-0.599,0.495
-0.599,0.495
-0.631,0.495
-0.647,0.495
-0.703,0.495
-0.687,0.495
-0.671,0.495
-0.703,0.495
-0.703,0.495
-0.703,0.495
-0.703,0.495
-0.703,0.495
-0.703,0.495
-0.703,0.495
-0.703,0.495
-0.703,0.495
-0.703,0.495
-0.703,0.495
-0.703,0.495
-0.703,0.495
-0.703,0.495
-0.703,0.495
-0.703,0.495
-0.703,0.495
-0.703,0.495
-0.703,0.495
-0.703,0.495
-0.703,0.495
-0.703,0.495
-0.703,0.495
-0.703,0.495
-0.703,0.495
-0.703,0.495
-0.703,0.495
-0.703,0.495
-0.703,0.495
-0.703,0.495
-0.703,0.495
-0.703,0.495
-0.703,0.495
-0.703,0.495
-0.703,0.495
-0.703,0.511
-0.703,0.511
-0.703,0.511
-0.703,0.567
-0.703,0.598
-0.703,0.606
-0.687,0.606
-0.559,0.614
-0.495,0.614
-0.407,0.614
-0.351,0.614
-0.383,0.614
-0.351,0.614
-0.351,0.614
-0.351,0.614
-0.351,0.614
-0.351,0.614
-0.351,0.614
-0.351,0.614
-0.351,0.614
-0.351,0.614
-0.351,0.614
-0.351,0.614
-0.351,0.614
-0.351,0.614
-0.351,0.614
-0.351,0.614
-0.383,0.614
-0.319,0.614
-0.367,0.614
-0.351,0.614
-0.351,0.614
-0.319,0.614
-0.319,0.614
-0.319,0.614
-0.351,0.614
-0.367,0.614
-0.335,0.614
-0.351,0.614
-0.351,0.614
-0.295,0.614
-0.279,0.614
-0.247,0.614
-0.231,0.614
-0.247,0.614
-0.191,0.614
-0.175,0.614
-0.175,0.614
-0.175,0.614
-0.175,0.614
-0.175,0.614
-0.175,0.614
-0.207,0.614
-0.207,0.614
-0.207,0.614
-0.207,0.614
-0.231,0.63
-0.231,0.63
-0.247,0.63
-0.263,0.63
-0.231,0.63
-0.263,0.63
-0.279,0.638
-0.319,0.638
-0.335,0.638
-0.335,0.638
-0.351,0.638
-0.351,0.638
-0.383,0.638
-0.351,0.638
-0.383,0.638
-0.383,0.638
-0.351,0.638
-0.351,0.638
-0.351,0.638
-0.351,0.638
-0.351,0.638
-0.383,0.638
-0.383,0.638
-0.351,0.638
-0.383,0.638
-0.383,0.638
-0.383,0.638
-0.383,0.638
-0.383,0.638
-0.383,0.638
-0.383,0.638
-0.383,0.638
-0.383,0.638
-0.383,0.551
-0.383,0.495
-0.383,0.448
-0.383,0.306
-0.383,0.188
-0.351,0.164
-0.351,0.164
-0.351,0.164
-0.351,0.164
-0.351,0.164
-0.351,0.164
-0.351,0.164
-0.319,0.164
-0.263,0.164
-0.263,0.164
-0.247,0.164
-0.231,0.164
-0.191,0.164
-0.191,0.164
-0.175,0.164
-0.175,0.164
-0.159,0.164
-0.159,0.164
-0.159,0.164
-0.159,0.164
-0.159,0.164
-0.159,0.156
-0.159,0.156
-0.159,0.156
-0.159,0.156
-0.143,0.156
-0.143,0.156
-0.143,0.156
-0.143,0.156
-0.143,0.156
-0.143,0.156
-0.143,0.156
-0.143,0.156
-0.143,0.156
-0.143,0.156
-0.143,0.156
-0.143,0.156
-0.143,0.156
-0.143,0.156
-0.143,0.156
-0.143,0.156
-0.143,0.156
-0.143,0.156
-0.143,0.156
-0.143,0.156
-0.143,0.18
-0.143,0.18
-0.143,0.243
-0.143,0.33
-0.143,0.346
-0.143,0.424
-0.143,0.48
-0.175,0.488
-0.247,0.495
-0.279,0.495
-0.351,0.511
-0.367,0.519
-0.367,0.519
-0.367,0.519
-0.383,0.519
-0.383,0.519
-0.383,0.519
-0.383,0.519
-0.383,0.519
-0.383,0.519
-0.383,0.519
-0.383,0.519
-0.383,0.519
-0.383,0.519
-0.383,0.519
-0.383,0.519
-0.383,0.519
-0.383,0.48
-0.383,0.417
-0.383,0.424
-0.383,0.424
-0.383,0.424
-0.383,0.424
-0.407,0.424
-0.383,0.424
-0.407,0.424
-0.423,0.424
-0.439,0.424
-0.471,0.424
-0.471,0.424
-0.495,0.401
-0.471,0.369
-0.455,0.338
-0.455,0.298
-0.455,0.282
-0.455,0.259
-0.455,0.259
-0.455,0.259
-0.455,0.259
-0.455,0.251
-0.455,0.243
-0.423,0.243
-0.383,0.227
-0.351,0.227
-0.335,0.219
-0.335,0.219
-0.351,0.211
-0.295,0.211
-0.279,0.211
-0.319,0.211
-0.279,0.196
-0.263,0.196
-0.207,0.188
-0.263,0.188
-0.191,0.211
-0.191,0.243
-0.191,0.306
-0.191,0.346
-0.191,0.369
-0.279,0.48
-0.319,0.527
-0.471,0.551
-0.471,0.551
-0.471,0.551
-0.471,0.551
-0.471,0.551
-0.471,0.551
-0.471,0.488
-0.471,0.417
-0.471,0.314
-0.471,0.227
-0.471,0.18
-0.495,0.133
-0.455,0.133
-0.383,0.109
-0.335,0.109
-0.295,0.109
-0.319,0.109
-0.279,0.109
-0.263,0.109
-0.207,0.109
-0.175,0.109
-0.191,0.109
-0.191,0.109
-0.191,0.109
-0.159,0.109
-0.159,0.109
-0.159,0.109
-0.159,0.109
-0.159,0.109
-0.191,0.109
-0.159,0.109
-0.159,0.109
-0.159,0.109
-0.159,0.109
-0.159,0.109
-0.159,0.109
-0.159,0.109
-0.159,0.109
-0.191,0.109
-0.159,0.109
-0.159,0.109
-0.159,0.109
-0.159,0.109
-0.159,0.109
-0.159,0.109
-0.159,0.109
-0.159,0.109
-0.159,0.109
-0.159,0.109
-0.159,0.109
-0.159,0.109
-0.159,0.109
-0.159,0.109
-0.159,0.109
-0.143,0.101
-0.143,0.101
-0.087,0.101
-0.103,0.101
-0.119,0.101
-0.119,0.093
-0.119,0.093
-0.119,0.093
-0.119,0.077
-0.119,0.077
-0.119,0.069
-0.119,0.069
-0.119,0.069
-0.119,0.069
-0.119,0.069
-0.119,0.069
-0.119,0.069
-0.119,0.069
-0.159,0.062
-0.143,0.062
-0.191,0.062
-0.191,0.062
-0.191,0.062
-0.191,0.062
-0.191,0.062
-0.191,0.062
-0.191,0.062
-0.191,0.062
-0.191,0.062
-0.191,0.062
-0.191,0.062
-0.191,0.062
-0.207,0.062
-0.279,0.062
-0.319,0.062
-0.319,0.101
-0.319,0.133
-0.319,0.133
-0.319,0.148
-0.335,0.211
-0.335,0.227
-0.335,0.306
-0.335,0.306
-0.335,0.306
-0.335,0.33
-0.335,0.33
-0.335,0.33
-0.335,0.338
-0.335,0.401
-0.335,0.424
-0.335,0.432
-0.335,0.448
-0.335,0.456
-0.335,0.495
-0.335,0.567
-0.351,0.567
-0.367,0.574
-0.455,0.574
-0.495,0.574
-0.471,0.574
-0.495,0.574
-0.495,0.574
-0.495,0.574
-0.495,0.574
-0.495,0.574
-0.511,0.574
-0.511,0.574
-0.511,0.574
-0.511,0.574
-0.471,0.574
-0.383,0.574
-0.367,0.574
-0.351,0.551
-0.335,0.519
-0.279,0.488
-0.279,0.448
-0.231,0.448
-0.231,0.448
-0.231,0.432
-0.247,0.401
-0.247,0.377
-0.247,0.346
-0.207,0.306
-0.191,0.259
-0.191,0.227
-0.191,0.219
-0.175,0.219
-0.175,0.219
-0.175,0.211
-0.175,0.196
-0.175,0.211
-0.175,0.196
-0.175,0.188
-0.175,0.188
-0.175,0.188
-0.175,0.188
-0.175,0.188
-0.175,0.188
-0.175,0.188
-0.175,0.188
-0.175,0.188
-0.175,0.188
-0.175,0.188
-0.175,0.188
-0.175,0.188
-0.175,0.188
-0.175,0.188
-0.175,0.188
-0.175,0.188
-0.175,0.188
-0.175,0.188
-0.175,0.188
-0.175,0.188
-0.175,0.188
-0.175,0.188
-0.175,0.188
-0.175,0.188
-0.175,0.188
-0.175,0.188
-0.175,0.18
-0.175,0.164
-0.175,0.156
-0.175,0.156
-0.175,0.156
-0.175,0.156
-0.175,0.156
-0.175,0.156
-0.175,0.148
-0.175,0.148
-0.175,0.148
-0.175,0.148
-0.175,0.227
-0.175,0.275
-0.175,0.282
-0.175,0.282
-0.175,0.338
-0.207,0.393
-0.247,0.417
-0.279,0.417
-0.263,0.432
-0.295,0.448
-0.279,0.448
-0.295,0.448
-0.295,0.448
-0.319,0.448
-0.295,0.448
-0.335,0.448
-0.335,0.448
-0.335,0.448
-0.335,0.448
-0.335,0.448
-0.335,0.448
-0.335,0.448
-0.335,0.448
-0.335,0.448
-0.335,0.448
-0.335,0.448
-0.335,0.448
-0.335,0.448
-0.335,0.448
-0.335,0.448
-0.335,0.448
-0.335,0.448
-0.335,0.448
-0.335,0.448
-0.335,0.448
-0.335,0.448
-0.335,0.448
-0.335,0.448
-0.247,0.448
-0.207,0.448
-0.207,0.448
-0.191,0.424
-0.191,0.369
-0.191,0.306
-0.191,0.251
-0.295,0.211
-0.351,0.148
-0.383,0.109
-0.407,0.093
-0.383,0.093
-0.407,0.093
-0.423,0.077
-0.407,0.077
-0.407,0.077
-0.423,0.125
-0.439,0.164
-0.455,0.219
-0.471,0.251
-0.471,0.259
-0.495,0.275
-0.471,0.275
-0.471,0.275
-0.471,0.275
-0.471,0.275
-0.471,0.275
-0.495,0.275
-0.495,0.275
-0.471,0.275
-0.471,0.275
-0.471,0.275
-0.471,0.275
-0.471,0.275
-0.471,0.275
-0.471,0.275
-0.471,0.275
-0.471,0.275
-0.471,0.275
-0.471,0.275
-0.471,0.275
-0.471,0.275
-0.439,0.275
-0.439,0.275
-0.423,0.275
-0.423,0.275
-0.407,0.275
-0.383,0.275
-0.383,0.275
-0.407,0.275
-0.351,0.275
-0.279,0.275
-0.279,0.275
-0.319,0.275
-0.295,0.275
-0.319,0.275
-0.295,0.275
-0.319,0.275
-0.319,0.275
-0.295,0.275
-0.295,0.275
-0.295,0.275
-0.295,0.275
-0.295,0.275
-0.279,0.275
-0.319,0.275
-0.295,0.275
-0.295,0.275
-0.295,0.275
-0.295,0.275
-0.295,0.275
-0.279,0.275
