valence,arousal
-0.1035,0.1055
-0.1035,0.1055
-0.1035,0.1055
-0.1155,0.1055
-0.1035,0.1055
-0.1035,0.1055
-0.1035,0.1055
-0.1035,0.1055
-0.1035,0.1055
-0.1155,0.1055
-0.1235,0.1055
-0.1315,0.1055
-0.1395,0.1055
-0.1395,0.1055
-0.1395,0.1055
-0.1395,0.1175
-0.1395,0.1175
-0.1395,0.1055
-0.1395,0.1175
-0.1395,0.1175
-0.1395,0.1175
-0.1395,0.1175
-0.1395,0.1175
-0.1395,0.1175
-0.1395,0.1175
-0.1395,0.1175
-0.1395,0.1175
-0.1395,0.1125
-0.1395,0.0895
-0.1395,0.0835
-0.1395,0.0835
-0.1395,0.0835
-0.1395,0.0835
-0.1395,0.076
-0.1395,0.067
-0.1395,0.056
-0.1395,0.044
-0.1395,0.056
-0.1395,0.056
-0.1395,0.056
-0.1395,0.044
-0.1395,0.044
-0.1395,0.044
-0.1475,0.044
-0.1475,0.044
-0.1315,0.032
-0.1475,0.032
-0.1315,0.032
-0.1315,0.032
-0.1315,0.032
-0.1315,0.032
-0.1315,0.024
-0.1475,0.024
-0.1475,0.0125
-0.1475,0.0125
-0.1475,-0.008
-0.0955,-0.0115
-0.0275,-0.023
0.0,-0.023
-0.0075,-0.02
0.0,-0.0145
0.0,-0.0265
0.0,-0.0265
0.0,-0.0265
0.0,-0.015
0.0,-0.0265
0.0,-0.0235
0.0,-0.0265
0.0,-0.018
0.0,-0.015
0.0,-0.015
0.0,-0.015
0.0,-0.015
0.0,-0.015
0.0,-0.015
0.0,-0.015
0.0,-0.019
0.0,-0.019
0.0,-0.019
0.0,-0.019
0.0,-0.019
0.0,-0.019
0.0,-0.0035
0.0,0.0165
0.0,0.036
0.0425,0.044
0.0625,0.044
0.1175,0.052
0.145,0.052
0.161,0.0635
0.161,0.0635
0.1805,0.0595
0.1805,0.0595
0.1805,0.0595
0.1805,0.0595
0.1805,0.0715
0.1805,0.0715
0.1995,0.0715
0.2115,0.0715
0.1915,0.0715
0.1795,0.0715
0.16,0.0735
0.1365,0.0795
0.1485,0.0795
0.168,0.0825
0.18,0.0795
0.192,0.0795
0.192,0.0795
0.192,0.0795
0.1955,0.0795
0.1955,0.0795
0.1955,0.0795
0.1955,0.0795
0.1955,0.0995
0.1955,0.064
0.1955,0.06
0.1955,0.052
0.1955,0.064
0.2075,0.0605
0.188,0.064
0.18,0.052
0.1685,0.052
0.1645,0.044
0.172,0.036
0.172,0.048
0.172,0.048
0.172,0.048
0.168,0.048
0.16,0.036
0.156,0.036
0.152,0.0325
0.1405,0.0285
0.1285,0.0245
0.1165,0.0245
0.1205,0.0245
0.1365,0.0245
0.1365,0.0245
0.1405,0.036
0.1205,0.036
0.1325,0.044
0.1095,0.044
0.1095,0.044
0.1095,0.044
0.1095,0.044
0.1095,0.044
0.1095,0.044
0.1095,0.0165
0.1095,0.0125
0.1095,0.0125
0.1095,0.0085
0.1095,0.0085
0.1095,0.0085
0.1095,0.0085
0.1095,0.0085
0.1095,0.0085
0.1095,0.0085
0.1095,0.0045
0.1095,-0.003
0.1095,-0.007
0.1095,-0.007
0.1095,-0.007
0.1095,-0.007
0.1095,-0.007
0.1095,-0.007
0.1095,-0.007
0.1095,-0.007
0.1095,-0.007
0.1095,-0.007
0.1095,-0.007
0.1095,-0.007
0.1095,-0.007
0.1095,-0.007
0.1095,-0.007
0.082,-0.007
0.0565,-0.007
0.0505,-0.007
0.0505,-0.007
0.0505,-0.007
0.0505,-0.007
0.0385,-0.011
0.019,-0.015
0.011,-0.015
0.0,-0.015
0.0,-0.027
0.0,-0.034
0.0,-0.034
0.0,-0.0455
0.0,-0.0815
0.0,-0.1055
0.007,-0.1175
0.007,-0.1175
0.007,-0.1175
0.007,-0.1175
0.007,-0.1175
0.007,-0.1175
0.007,-0.1175
0.007,-0.1175
0.007,-0.1175
0.007,-0.1295
0.007,-0.1415
0.007,-0.1415
0.007,-0.1415
0.007,-0.1415
0.007,-0.1415
0.007,-0.1415
0.007,-0.1415
0.007,-0.1415
0.007,-0.1415
0.007,-0.1415
0.007,-0.1415
0.007,-0.1415
0.007,-0.1415
0.007,-0.1415
0.007,-0.1415
0.007,-0.1415
0.007,-0.1415
0.007,-0.1455
0.007,-0.1455
0.007,-0.1455
0.007,-0.1455
0.007,-0.1455
0.007,-0.1455
0.007,-0.1455
0.007,-0.1455
0.007,-0.1455
0.007,-0.1455
0.007,-0.1455
0.007,-0.1455
0.007,-0.1455
0.007,-0.1455
0.007,-0.1455
0.007,-0.1455
0.007,-0.1455
0.007,-0.1335
0.007,-0.1335
0.007,-0.1295
0.007,-0.1215
0.007,-0.1215
0.007,-0.1175
0.007,-0.1175
0.007,-0.1095
0.007,-0.1095
0.007,-0.1095
0.007,-0.1095
0.007,-0.1095
0.007,-0.1095
0.007,-0.1095
0.007,-0.1055
0.007,-0.1055
0.007,-0.1055
0.007,-0.1055
0.007,-0.1055
0.007,-0.1055
0.007,-0.1055
0.007,-0.119
0.007,-0.125
0.007,-0.125
0.007,-0.125
0.007,-0.125
0.007,-0.125
0.007,-0.125
0.007,-0.125
0.007,-0.125
0.007,-0.125
0.007,-0.125
0.007,-0.125
0.007,-0.125
0.007,-0.125
0.007,-0.125
0.007,-0.125
0.007,-0.125
0.007,-0.113
0.007,-0.077
0.007,-0.069
0.007,-0.065
0.007,-0.0535
0.007,-0.0535
0.007,-0.0535
0.011,-0.0425
0.011,-0.0345
0.011,-0.0345
0.011,-0.0345
0.019,-0.0345
0.007,-0.0265
0.007,-0.011
0.007,-0.011
0.007,-0.003
0.019,0.0165
0.0385,0.0165
0.0665,0.0165
0.0625,0.0165
0.0625,0.0225
0.0625,0.0165
0.0625,0.0165
0.0625,0.0165
0.0625,0.0165
0.0625,0.0165
0.0625,0.0165
0.0625,0.0165
0.0625,0.0225
0.0845,0.0165
0.119,0.005
0.1325,-0.003
0.1555,-0.011
0.1645,-0.023
0.19,-0.023
0.201,-0.027
0.2035,-0.039
0.2035,-0.039
0.2035,-0.039
0.2035,-0.039
0.2035,-0.039
0.2035,-0.039
0.2035,-0.039
0.192,-0.039
0.192,-0.039
0.198,-0.039
0.195,-0.039
0.192,-0.039
0.2105,-0.043
0.2215,-0.043
0.2345,-0.043
0.2375,-0.043
0.235,-0.043
0.241,-0.043
0.235,-0.043
0.235,-0.031
0.235,-0.019
0.2315,-0.0115
0.243,-0.0035
0.243,0.0005
0.243,0.0005
0.269,0.0005
0.255,0.0005
0.267,0.0005
0.255,0.0005
0.267,0.0005
0.267,0.0205
0.267,0.0085
0.267,0.0185
0.267,0.0245
0.267,0.0245
0.267,0.0445
0.27,0.064
0.267,0.064
0.2705,0.068
0.2705,0.08
0.2795,0.08
0.2705,0.08
0.2735,0.08
0.2705,0.08
0.2705,0.08
0.2705,0.08
0.2735,0.08
0.2735,0.088
0.2705,0.088
0.2705,0.088
0.2705,0.1
0.2705,0.102
0.282,0.102
0.2765,0.102
0.2765,0.102
0.2705,0.102
0.2705,0.102
0.282,0.102
0.247,0.102
0.2315,0.121
0.243,0.121
0.2265,0.1365
0.227,0.1495
0.243,0.1525
0.243,0.1525
0.243,0.1525
0.251,0.1525
0.257,0.1605
0.251,0.1605
0.251,0.1605
0.263,0.1605
0.2745,0.1605
0.2865,0.1605
0.303,0.1605
0.314,0.1635
0.318,0.1605
0.318,0.1605
0.318,0.1605
0.318,0.1605
0.318,0.1605
0.318,0.1605
0.3335,0.1605
0.3335,0.1605
0.3375,0.1605
0.3375,0.1605
0.3375,0.1605
0.3375,0.1605
0.3375,0.164
0.3375,0.164
0.3375,0.164
0.3375,0.164
0.3375,0.164
0.3375,0.164
0.3375,0.164
0.3375,0.164
0.3375,0.173
0.3375,0.164
0.3375,0.1445
0.3375,0.1445
0.3375,0.152
0.3375,0.148
0.3375,0.148
0.3375,0.16
0.3375,0.154
0.3375,0.16
0.3375,0.16
0.3375,0.16
0.3375,0.16
0.3375,0.16
0.3375,0.16
0.3375,0.16
0.3405,0.16
0.3375,0.16
0.3375,0.16
0.3375,0.16
0.3375,0.16
0.3375,0.16
0.3375,0.16
0.3375,0.16
0.3375,0.16
0.3375,0.16
0.3375,0.165
0.3375,0.16
0.326,0.16
0.326,0.16
0.332,0.163
0.326,0.1585
0.326,0.1645
0.318,0.1605
0.306,0.1605
0.31,0.1605
0.302,0.1605
0.31,0.1605
0.314,0.1605
0.314,0.1545
0.314,0.1605
0.314,0.1515
0.314,0.1605
0.314,0.168
0.3295,0.18
0.3215,0.186
0.3335,0.2195
0.3335,0.239
0.3335,0.255
0.3335,0.263
0.3375,0.263
0.3375,0.271
0.3375,0.271
0.3375,0.271
0.3375,0.2745
0.3375,0.2885
0.3375,0.302
0.3415,0.321
0.357,0.3335
0.373,0.3335
0.3885,0.3335
0.3885,0.3445
0.377,0.3415
0.397,0.3415
0.397,0.3455
0.397,0.3455
0.397,0.3455
0.397,0.3455
0.397,0.3455
0.405,0.3455
0.405,0.3455
0.405,0.3455
0.405,0.3455
0.401,0.3455
0.397,0.3455
0.3775,0.3485
0.3775,0.3455
0.3655,0.3485
0.3495,0.3455
0.3575,0.3485
0.3495,0.3455
0.3455,0.3455
0.342,0.3455
0.342,0.3455
0.344,0.3455
0.326,0.3455
0.342,0.3455
0.342,0.3455
0.342,0.3455
0.3495,0.3455
0.381,0.3455
0.389,0.3455
0.389,0.3455
0.397,0.3455
0.397,0.3455
0.389,0.3455
0.397,0.3455
0.397,0.3455
0.397,0.3455
0.385,0.3515
0.385,0.3455
0.385,0.357
0.385,0.357
0.385,0.357
0.385,0.357
0.385,0.357
0.385,0.357
0.385,0.365
0.385,0.368
0.391,0.377
0.385,0.385
0.385,0.3935
0.385,0.388
0.385,0.385
0.385,0.385
0.385,0.385
0.385,0.385
0.385,0.385
0.385,0.3965
0.385,0.385
0.385,0.385
0.365,0.3965
0.371,0.3965
0.357,0.377
0.357,0.357
0.3455,0.357
0.3245,0.3535
0.2905,0.3455
0.2785,0.3335
0.251,0.3335
0.231,0.3295
0.2195,0.326
0.1915,0.318
0.19,0.318
0.184,0.318
0.172,0.318
0.1525,0.318
0.1405,0.318
0.1405,0.318
0.1285,0.318
0.1405,0.318
0.1285,0.2905
0.1405,0.259
0.1405,0.239
0.1285,0.2275
0.1285,0.2275
0.1285,0.2275
0.1285,0.2195
0.1285,0.2075
0.125,0.188
0.125,0.18
0.125,0.171
0.125,0.1605
0.125,0.1485
0.125,0.1485
0.125,0.1545
0.117,0.1485
0.117,0.1485
0.117,0.1485
0.109,0.1485
0.109,0.1485
0.109,0.1485
0.109,0.1485
0.109,0.1485
0.109,0.1485
0.109,0.1485
0.103,0.1485
0.097,0.1485
0.097,0.1485
0.097,0.1485
0.097,0.1485
0.097,0.1405
0.097,0.1405
0.097,0.1405
0.097,0.1405
0.097,0.1405
0.1,0.1405
0.097,0.1405
0.097,0.1325
0.097,0.1325
0.097,0.1325
0.0895,0.1325
0.0895,0.1325
0.0895,0.1325
0.0895,0.1325
0.0895,0.1325
0.0895,0.1325
0.0815,0.1325
0.0815,0.1325
0.0815,0.1325
0.0815,0.1325
0.0815,0.1325
0.0815,0.1325
0.0815,0.1325
0.0775,0.1325
0.0895,0.1325
0.0775,0.1325
0.0895,0.1325
0.0895,0.1325
0.0895,0.1325
0.0895,0.1325
0.0895,0.1325
0.0895,0.1325
0.0895,0.1325
0.0895,0.1445
0.0895,0.1445
0.0895,0.1325
0.0775,0.1325
0.0775,0.1325
0.0695,0.1325
0.0695,0.1285
0.062,0.1245
0.062,0.1245
0.0695,0.1245
0.0695,0.1205
0.0695,0.1245
0.0695,0.1245
0.0695,0.113
0.0695,0.113
0.0695,0.113
0.0695,0.113
0.0695,0.113
0.0695,0.113
0.0695,0.109
0.0695,0.101
0.0695,0.101
0.058,0.101
0.058,0.089
0.058,0.085
0.058,0.082
0.058,0.082
0.058,0.087
0.058,0.09
0.058,0.09
0.058,0.09
0.058,0.09
0.058,0.09
0.058,0.09
0.058,0.09
0.058,0.09
0.058,0.0865
0.058,0.0785
0.058,0.0785
0.058,0.0745
0.058,0.0745
0.058,0.0745
0.058,0.0745
0.058,0.0745
0.058,0.0745
0.058,0.0745
0.058,0.0745
0.058,0.0805
0.058,0.0745
0.058,0.0775
0.058,0.0745
0.058,0.0745
0.058,0.0745
0.058,0.0745
0.058,0.0775
0.058,0.094
0.058,0.094
0.058,0.097
0.058,0.094
0.058,0.094
0.058,0.086
0.058,0.098
0.058,0.092
0.058,0.082
0.058,0.074
0.058,0.074
0.058,0.074
0.058,0.07
0.058,0.07
0.058,0.062
0.058,0.058
0.058,0.058
0.058,0.052
0.058,0.0365
0.058,0.0305
0.058,0.0225
0.058,0.0135
0.058,0.0105
0.058,0.0065
0.058,0.0065
0.058,-0.0015
0.058,-0.0175
0.058,-0.0175
0.058,-0.037
0.058,-0.037
0.058,-0.037
0.058,-0.037
0.058,-0.037
0.058,-0.037
0.058,-0.013
0.058,-0.005
0.058,0.007
0.054,0.019
0.05,0.019
0.05,0.023
0.05,0.023
0.05,0.031
0.05,0.043
0.05,0.053
0.038,0.055
0.038,0.0585
0.034,0.0505
0.034,0.0505
0.034,0.0695
0.034,0.0695
0.034,0.0815
0.034,0.089
0.034,0.113
0.034,0.117
0.034,0.1205
0.062,0.1205
0.0775,0.1205
0.0935,0.1205
0.101,0.1205
0.113,0.1205
0.125,0.1205
0.129,0.1285
0.129,0.1285
0.129,0.1285
0.133,0.1285
0.117,0.1205
0.129,0.1205
0.133,0.1205
0.133,0.1205
0.133,0.1205
0.133,0.1205
0.133,0.1345
0.133,0.1285
0.133,0.1285
0.133,0.1285
0.133,0.1285
0.133,0.1315
0.133,0.1285
0.113,0.1285
0.109,0.1285
0.101,0.1285
0.113,0.1285
0.113,0.1345
0.113,0.1285
0.101,0.14
0.101,0.1285
0.101,0.1285
0.101,0.1345
0.101,0.1285
0.101,0.1285
0.101,0.1285
0.101,0.1285
0.101,0.1345
0.101,0.1285
0.101,0.117
0.101,0.109
0.101,0.105
0.101,0.097
0.101,0.103
0.101,0.1085
0.101,0.097
0.101,0.1085
0.101,0.1085
0.101,0.1085
0.101,0.1085
0.101,0.1085
0.101,0.1085
0.101,0.1085
0.101,0.1085
0.101,0.1085
0.0975,0.1085
0.0935,0.1085
0.0815,0.101
0.0735,0.104
0.062,0.101
0.0735,0.101
0.054,0.107
0.034,0.11
0.034,0.104
0.031,0.101
0.031,0.113
0.042,0.101
0.031,0.113
0.031,0.113
0.031,0.101
0.031,0.101
0.031,0.097
0.031,0.097
0.031,0.097
0.031,0.097
0.031,0.103
0.031,0.109
0.031,0.1
0.031,0.109
0.031,0.117
0.031,0.117
0.031,0.113
0.031,0.109
0.031,0.109
0.031,0.101
0.031,0.101
0.031,0.104
0.031,0.101
0.031,0.101
0.031,0.101
0.031,0.101
0.031,0.101
0.031,0.103
0.031,0.097
0.031,0.097
0.031,0.097
0.031,0.103
0.031,0.097
0.031,0.091
0.031,0.085
0.031,0.085
0.031,0.085
0.031,0.085
0.031,0.073
0.031,0.07
0.031,0.0645
0.031,0.0585
0.031,0.0585
0.031,0.0585
0.031,0.0585
0.031,0.0585
0.031,0.0585
0.031,0.0585
0.031,0.055
0.031,0.047
0.031,0.043
0.031,0.035
0.031,0.047
0.031,0.035
0.031,0.035
0.031,0.035
0.031,0.035
0.031,0.031
0.031,0.031
0.031,0.031
0.031,0.031
0.031,0.031
0.031,0.031
0.031,0.031
0.031,0.031
0.031,0.04
0.031,0.031
0.031,0.031
0.031,0.031
0.031,0.031
0.031,0.031
0.031,0.04
0.031,0.037
0.031,0.031
0.031,0.031
0.031,0.0425
0.031,0.055
0.031,0.0615
0.031,0.0585
0.031,0.0585
0.031,0.0845
0.031,0.0855
0.031,0.0895
0.031,0.0895
0.031,0.0855
0.031,0.0655
0.031,0.077
0.031,0.075
0.031,0.0675
0.031,0.0735
0.031,0.0555
0.031,0.0425
0.031,0.0425
0.031,0.0425
0.031,0.0425
0.031,0.0425
0.031,0.0425
0.031,0.0425
0.031,0.0465
0.031,0.0465
0.031,0.0465
0.031,0.0465
0.031,0.0465
0.031,0.0465
0.031,0.0465
0.031,0.0465
0.031,0.0465
0.031,0.0465
0.031,0.0465
0.031,0.0465
0.031,0.0465
0.031,0.0465
0.031,0.0465
0.031,0.0465
0.031,0.0465
0.031,0.0465
0.031,0.0445
0.031,0.0445
0.031,0.0325
0.031,0.0385
0.031,0.0325
0.031,0.0325
0.031,0.0325
0.031,0.0245
0.031,0.0245
0.031,0.0245
0.042,0.0245
0.042,0.0245
0.042,0.0245
0.042,0.0245
0.042,0.0245
0.042,0.0245
0.05,0.0245
0.058,0.0245
0.0735,0.0245
0.0735,0.0245
0.0775,0.0125
0.0775,0.0125
0.0775,0.0125
0.0775,-0.001
0.0775,-0.027
0.0775,-0.027
0.0775,-0.034
0.0815,-0.028
0.0815,-0.0375
0.0815,-0.0735
0.0815,-0.1055
0.0895,-0.1295
0.0775,-0.1775
0.0775,-0.1855
0.0775,-0.1855
0.0775,-0.1855
0.0775,-0.1855
0.0775,-0.1855
0.0775,-0.1855
0.0775,-0.1855
0.0775,-0.1855
0.0775,-0.1875
0.0775,-0.181
0.0775,-0.173
0.0775,-0.173
0.0775,-0.173
0.0775,-0.173
0.0775,-0.173
0.0775,-0.173
0.0775,-0.173
0.0775,-0.173
0.0775,-0.173
0.0775,-0.173
0.0775,-0.173
0.0775,-0.173
0.0775,-0.173
0.0775,-0.173
0.0775,-0.169
0.0775,-0.169
0.0775,-0.169
0.0775,-0.169
0.0775,-0.161
0.062,-0.161
0.058,-0.161
0.054,-0.169
0.054,-0.153
0.05,-0.153
0.038,-0.153
0.054,-0.153
0.054,-0.153
0.054,-0.153
0.019,-0.153
0.022,-0.153
0.011,-0.153
0.011,-0.153
0.011,-0.153
0.011,-0.153
0.011,-0.149
0.011,-0.149
0.011,-0.149
0.011,-0.149
0.011,-0.149
0.011,-0.149
0.011,-0.149
0.011,-0.149
0.011,-0.161
0.011,-0.149
0.011,-0.149
0.011,-0.149
0.011,-0.149
0.011,-0.149
0.011,-0.149
0.011,-0.152
0.011,-0.149
0.011,-0.149
0.011,-0.149
0.011,-0.152
0.011,-0.161
0.011,-0.161
0.011,-0.161
0.0,-0.161
0.0,-0.161
0.0,-0.161
0.0,-0.161
0.0,-0.161
0.0,-0.161
0.0,-0.161
0.0,-0.161
0.0,-0.161
0.0,-0.161
0.0,-0.169
0.0,-0.169
0.0,-0.169
0.0,-0.181
0.0,-0.181
0.0,-0.181
0.0,-0.181
0.0,-0.181
0.0,-0.173
0.0,-0.145
0.0,-0.101
0.0,-0.077
0.0,-0.0735
0.0,-0.0735
0.0,-0.0735
0.0,-0.0705
0.0,-0.0545
0.0,-0.0705
0.0,-0.0625
0.019,-0.0625
0.003,-0.0545
0.027,-0.0505
0.031,-0.0505
0.031,-0.0345
0.031,-0.0345
0.0465,-0.0345
0.0465,-0.0345
0.0505,-0.0345
0.0505,-0.0345
0.0505,-0.0345
0.0505,-0.0345
0.0385,-0.0345
0.0385,-0.0305
0.0385,-0.0505
0.0385,-0.0505
0.0385,-0.0505
0.0385,-0.0505
0.0505,-0.0545
0.0505,-0.0585
0.0505,-0.0585
0.0505,-0.0585
0.0505,-0.0585
0.0505,-0.064
0.0505,-0.0615
0.0505,-0.07
0.0505,-0.067
0.0505,-0.07
0.0505,-0.07
0.0505,-0.086
0.0505,-0.09
0.0505,-0.099
0.0505,-0.11
0.0505,-0.11
0.0505,-0.11
0.0505,-0.1215
0.0505,-0.1295
0.0505,-0.1295
0.0505,-0.1295
0.0505,-0.1295
0.0505,-0.1295
0.0505,-0.1295
0.0505,-0.1415
0.0505,-0.1415
0.0505,-0.1415
0.0505,-0.1415
0.0505,-0.1415
0.0505,-0.1415
0.0505,-0.1495
0.0505,-0.1495
0.0505,-0.1495
0.0505,-0.1495
0.0505,-0.134
0.0505,-0.1455
0.0505,-0.134
0.0505,-0.134
0.0505,-0.1455
0.0505,-0.134
0.0505,-0.134
0.0505,-0.134
0.0505,-0.134
0.0505,-0.1455
0.0505,-0.134
0.0505,-0.134
0.0505,-0.134
0.0505,-0.134
0.0505,-0.134
0.0505,-0.13
0.0505,-0.13
0.0505,-0.13
0.0505,-0.13
0.0505,-0.13
0.0505,-0.13
0.0505,-0.13
0.0505,-0.1415
0.0505,-0.1415
0.0505,-0.1415
0.0505,-0.1415
0.0505,-0.1415
0.0505,-0.1495
0.0505,-0.1495
0.0505,-0.1495
0.0505,-0.1495
0.0505,-0.1495
0.0505,-0.161
0.0505,-0.161
0.0505,-0.161
0.0505,-0.161
0.0505,-0.161
0.0505,-0.161
0.0505,-0.173
0.0505,-0.167
0.0505,-0.173
0.0505,-0.173
0.0505,-0.173
0.0505,-0.173
0.0505,-0.173
0.0505,-0.1735
0.0505,-0.185
0.0505,-0.1815
0.0505,-0.1815
0.0505,-0.193
0.0505,-0.193
0.0505,-0.1775
0.0505,-0.186
0.0505,-0.189
0.0505,-0.2045
0.0505,-0.193
0.0505,-0.193
0.0505,-0.193
0.0505,-0.193
0.0505,-0.2045
0.0505,-0.2045
0.0505,-0.2085
0.0505,-0.2125
0.0505,-0.2125
0.0505,-0.201
0.0505,-0.201
0.0505,-0.201
0.0505,-0.201
0.0505,-0.201
0.0505,-0.201
0.0505,-0.201
0.0505,-0.201
0.0505,-0.201
0.0505,-0.201
0.0505,-0.201
0.0505,-0.201
0.0505,-0.201
0.0505,-0.204
0.0505,-0.213
0.0505,-0.213
0.0505,-0.201
0.0505,-0.213
0.0505,-0.213
0.0505,-0.213
0.0505,-0.213
0.0505,-0.207
0.0505,-0.21
0.0505,-0.204
0.0505,-0.201
0.0505,-0.207
0.0505,-0.213
0.0505,-0.213
0.0505,-0.213
0.0505,-0.213
0.027,-0.213
0.0385,-0.21
0.023,-0.213
0.019,-0.213
0.011,-0.215
0.023,-0.221
0.011,-0.221
0.011,-0.221
0.019,-0.221
0.007,-0.221
0.003,-0.221
0.003,-0.221
0.011,-0.221
0.0,-0.221
0.0,-0.221
0.0,-0.221
0.0,-0.221
0.0,-0.221
0.0,-0.221
0.0,-0.221
0.0,-0.221
0.0,-0.221
0.0,-0.221
0.0,-0.221
0.0,-0.221
0.0,-0.221
0.0,-0.221
0.0,-0.221
0.0,-0.221
0.0,-0.221
0.0,-0.221
0.0,-0.221
0.0,-0.221
0.0,-0.221
-0.0075,-0.221
-0.0075,-0.221
0.0,-0.221
0.0,-0.221
0.0,-0.221
0.0,-0.221
0.0,-0.221
-0.0075,-0.221
-0.0075,-0.221
-0.0075,-0.221
-0.0075,-0.221
-0.0075,-0.221
-0.0075,-0.221
-0.0155,-0.221
-0.0155,-0.221
-0.0155,-0.221
-0.0155,-0.221
-0.0275,-0.221
-0.0275,-0.221
-0.0355,-0.213
-0.0355,-0.213
-0.0355,-0.213
-0.0355,-0.213
-0.0355,-0.213
-0.0355,-0.213
-0.0355,-0.213
-0.0355,-0.213
-0.0355,-0.213
-0.0355,-0.213
-0.0355,-0.213
-0.0355,-0.213
-0.0355,-0.213
-0.0355,-0.213
-0.0355,-0.213
-0.0355,-0.213
-0.0355,-0.213
-0.0355,-0.213
-0.0355,-0.213
-0.0355,-0.213
-0.0355,-0.213
-0.0355,-0.213
-0.0355,-0.213
-0.0355,-0.213
-0.0355,-0.213
-0.0355,-0.213
-0.0355,-0.213
-0.0355,-0.213
-0.0355,-0.213
-0.0355,-0.213
-0.0355,-0.213
-0.0355,-0.213
-0.0355,-0.213
-0.0355,-0.213
-0.0355,-0.213
-0.0355,-0.213
-0.0355,-0.213
-0.0355,-0.213
-0.0355,-0.213
-0.0355,-0.213
-0.0355,-0.213
-0.0355,-0.213
-0.0355,-0.213
-0.0355,-0.213
-0.0355,-0.213
-0.0355,-0.213
-0.0355,-0.213
-0.0355,-0.213
-0.0355,-0.213
-0.0355,-0.213
-0.0355,-0.213
-0.0355,-0.213
-0.0355,-0.213
-0.0355,-0.213
-0.0355,-0.213
-0.0355,-0.213
-0.0355,-0.213
-0.0355,-0.213
-0.0355,-0.213
-0.0355,-0.213
-0.0355,-0.213
-0.0355,-0.213
-0.0355,-0.213
-0.0355,-0.213
-0.0355,-0.213
-0.0355,-0.213
-0.0355,-0.213
-0.0355,-0.213
-0.0355,-0.213
-0.0355,-0.213
-0.0355,-0.213
-0.0355,-0.213
-0.0355,-0.213
-0.0355,-0.213
-0.0355,-0.213
-0.0355,-0.213
-0.0355,-0.213
-0.0355,-0.213
-0.0355,-0.213
-0.0355,-0.213
-0.0355,-0.213
-0.0355,-0.213
-0.0355,-0.213
-0.0355,-0.213
-0.0355,-0.213
-0.0355,-0.213
-0.0355,-0.213
-0.0355,-0.213
-0.0355,-0.2245
-0.0355,-0.2285
-0.0355,-0.2365
-0.0355,-0.2525
-0.0355,-0.2555
-0.0355,-0.2555
-0.0355,-0.2555
-0.0355,-0.2555
-0.0355,-0.2555
-0.0355,-0.2435
-0.0355,-0.247
-0.0355,-0.255
-0.0355,-0.267
-0.0355,-0.271
-0.0355,-0.271
-0.0355,-0.271
-0.0355,-0.271
-0.0355,-0.259
-0.0355,-0.247
-0.0355,-0.2435
-0.0355,-0.2435
-0.0355,-0.2435
-0.0355,-0.2355
-0.0355,-0.2355
-0.0355,-0.2355
-0.0355,-0.2355
-0.0355,-0.2355
-0.0355,-0.2355
-0.0355,-0.2355
-0.0355,-0.2045
-0.0355,-0.197
-0.0355,-0.2045
-0.0355,-0.2125
-0.0355,-0.197
-0.0355,-0.197
-0.0355,-0.197
-0.0355,-0.193
-0.0355,-0.1815
-0.0355,-0.1815
-0.0355,-0.1535
-0.0355,-0.0785
-0.0355,-0.0705
-0.0355,-0.0665
-0.0355,-0.0725
-0.0325,-0.0845
-0.0385,-0.101
-0.0295,-0.1255
-0.0285,-0.1415
-0.021,-0.1495
-0.021,-0.165
-0.0015,-0.181
-0.0015,-0.192
0.0105,-0.192
0.0185,-0.184
0.0185,-0.1875
0.0305,-0.2195
0.0465,-0.2355
0.0825,-0.2675
0.0745,-0.2915
0.09,-0.3035
0.09,-0.3635
0.09,-0.3715
0.09,-0.3805
0.09,-0.3875
0.09,-0.3875
0.09,-0.3875
0.09,-0.3955
0.09,-0.384
0.09,-0.384
0.09,-0.364
0.09,-0.364
0.09,-0.348
0.09,-0.336
0.09,-0.328
0.09,-0.324
0.09,-0.324
0.09,-0.324
0.09,-0.324
0.09,-0.324
0.09,-0.324
0.09,-0.324
0.09,-0.324
0.07,-0.324
0.0505,-0.324
0.0505,-0.324
0.0415,-0.324
0.0385,-0.324
0.0445,-0.324
0.031,-0.324
0.031,-0.324
0.011,-0.324
0.0,-0.324
0.002,-0.324
-0.0075,-0.324
0.0,-0.324
0.002,-0.324
-0.0075,-0.324
-0.0075,-0.324
-0.0075,-0.324
-0.0075,-0.324
-0.0075,-0.324
-0.0155,-0.316
-0.0155,-0.316
-0.0155,-0.316
-0.0275,-0.316
-0.0155,-0.316
-0.0275,-0.302
-0.0155,-0.298
-0.0275,-0.284
-0.0155,-0.284
-0.0155,-0.284
-0.0155,-0.284
-0.0275,-0.284
-0.0155,-0.284
-0.0155,-0.284
-0.0155,-0.284
-0.0155,-0.284
-0.0275,-0.284
-0.0275,-0.284
-0.0155,-0.296
-0.0075,-0.296
0.0,-0.296
0.0,-0.296
0.0,-0.296
0.0,-0.296
0.0,-0.296
0.0,-0.296
0.0,-0.296
0.0,-0.296
0.0,-0.296
0.0,-0.296
0.0,-0.296
0.0,-0.296
0.0,-0.296
0.0,-0.296
0.0,-0.296
0.0,-0.296
0.0,-0.296
0.0,-0.296
0.0,-0.296
0.0,-0.296
0.0,-0.296
0.0,-0.28
0.0,-0.28
0.0,-0.252
0.0,-0.24
0.0,-0.236
0.0,-0.236
0.0,-0.224
0.0,-0.204
0.0,-0.1525
0.0,-0.1525
0.007,-0.1495
0.027,-0.1335
0.078,-0.106
0.082,-0.0825
0.094,-0.0665
0.1255,-0.047
0.145,-0.031
0.166,-0.015
0.176,-0.0075
0.227,-0.0075
0.247,-0.0075
0.2545,-0.0075
0.2745,-0.0075
0.294,0.0005
0.302,0.012
0.302,0.012
0.2945,0.012
0.2885,0.012
0.31,0.012
0.2945,0.012
0.3025,0.012
0.3025,0.012
0.3055,0.012
0.291,0.012
0.286,0.012
0.2945,0.012
0.2905,0.012
0.2905,0.012
0.2905,0.012
0.2925,0.012
0.2985,0.012
0.2985,0.012
0.318,0.02
0.318,0.024
0.318,0.024
0.318,0.024
0.318,0.024
0.318,0.024
0.318,0.024
0.318,0.024
0.314,0.024
0.314,0.024
0.314,0.024
0.314,0.008
0.3255,0.0045
0.3375,0.0045
0.3455,0.0005
0.3455,-0.0075
0.3455,-0.0075
0.3455,-0.0075
0.3455,-0.0075
0.3375,-0.0075
0.3375,-0.0075
0.3455,-0.0075
0.3455,-0.0075
0.3455,-0.0075
0.3455,-0.0075
0.3455,-0.0075
0.3455,-0.0075
0.3455,-0.0075
0.3455,-0.0075
0.3455,-0.0075
0.3455,-0.0075
0.3455,-0.0115
0.3455,-0.0115
0.3455,-0.0115
0.3455,-0.0115
0.3455,-0.0115
0.3455,-0.0115
0.3455,-0.0115
0.3455,-0.0115
0.3455,-0.0115
0.3455,-0.0115
0.3455,-0.0115
0.3455,-0.0115
0.3455,-0.0115
0.3375,-0.0115
0.3375,-0.0115
0.3345,-0.0115
0.3345,-0.0115
0.3375,-0.0115
0.3375,-0.0115
0.3255,-0.0115
0.3375,-0.0115
0.3255,-0.0115
0.3315,-0.0115
0.3255,-0.0115
0.3255,-0.0115
0.3375,-0.0115
0.3345,-0.0115
0.3345,-0.0115
0.3285,-0.0115
0.3375,-0.0115
0.3375,-0.0115
0.3345,-0.0155
0.3345,-0.0155
0.3375,-0.024
0.3315,-0.027
0.3375,-0.027
0.3375,-0.027
0.3375,-0.027
0.3375,-0.027
0.3345,-0.027
0.3375,-0.027
0.3375,-0.027
0.3375,-0.027
0.3375,-0.027
0.3375,-0.031
0.3375,-0.035
0.3375,-0.035
0.3375,-0.035
0.3375,-0.035
0.3375,-0.035
0.3315,-0.035
0.3375,-0.035
0.3315,-0.035
0.3255,-0.035
0.3255,-0.035
0.3375,-0.035
0.3345,-0.035
0.3255,-0.035
0.3285,-0.035
0.3315,-0.035
0.3315,-0.035
0.3255,-0.035
0.3345,-0.039
0.3255,-0.039
0.3255,-0.039
0.3255,-0.039
0.3315,-0.047
0.3255,-0.047
0.3335,-0.047
0.3335,-0.047
0.3335,-0.047
0.3335,-0.047
0.3335,-0.047
0.3335,-0.047
0.3335,-0.0505
0.317,-0.0505
0.306,-0.0505
0.298,-0.0665
0.298,-0.0765
0.295,-0.0705
0.2865,-0.0705
0.31,-0.0705
0.322,-0.0585
0.322,-0.0505
0.33,-0.047
0.322,0.0055
0.3295,0.0675
0.3295,0.0915
0.3385,0.0915
0.397,0.0915
0.4165,0.139
0.4245,0.1565
0.436,0.1925
0.444,0.2005
0.4895,0.2195
0.523,0.2315
0.535,0.251
0.543,0.2665
0.543,0.2865
0.543,0.302
0.543,0.306
0.5465,0.318
0.535,0.318
0.5665,0.318
0.5665,0.318
0.5665,0.318
0.578,0.314
0.5665,0.314
0.5665,0.314
0.582,0.314
0.5745,0.314
0.578,0.3335
0.5745,0.3535
0.5745,0.3615
0.5745,0.3615
0.5745,0.373
0.586,0.385
0.586,0.389
0.586,0.4005
0.586,0.4085
0.589,0.4085
0.586,0.4085
0.586,0.4145
0.586,0.4005
0.586,0.4005
0.586,0.4125
0.586,0.4085
0.586,0.409
0.586,0.401
0.586,0.401
0.586,0.401
0.586,0.401
0.586,0.401
0.586,0.397
0.586,0.397
0.5745,0.4
0.5465,0.4085
0.5425,0.4085
0.5425,0.4085
0.507,0.4085
0.4995,0.4285
0.4995,0.4285
0.4995,0.4305
0.4915,0.4365
0.4875,0.4365
0.4875,0.4365
0.4935,0.4365
0.4995,0.4365
0.4995,0.4365
0.4875,0.4325
0.4875,0.4325
0.4835,0.4325
0.4795,0.4325
0.4715,0.4325
0.4675,0.4325
0.4675,0.4325
0.4675,0.4325
0.4675,0.4325
0.4675,0.4325
0.4675,0.4325
0.4675,0.4325
0.4675,0.4355
0.4675,0.4325
0.4675,0.4325
0.4675,0.4325
0.4675,0.4205
0.4675,0.405
0.4675,0.38
0.4675,0.365
0.46,0.3535
0.46,0.314
0.444,0.316
0.444,0.298
0.444,0.271
0.444,0.271
0.452,0.271
0.448,0.271
0.436,0.251
0.436,0.243
0.436,0.2315
0.436,0.2315
0.436,0.2255
0.444,0.2235
0.432,0.2175
0.444,0.2115
0.432,0.2115
0.432,0.2115
0.45,0.204
0.432,0.204
0.432,0.204
0.432,0.2195
0.432,0.247
0.432,0.247
0.432,0.251
0.432,0.259
0.432,0.259
0.432,0.251
0.432,0.243
0.432,0.231
0.438,0.2195
0.432,0.2225
0.432,0.2195
0.432,0.2195
0.432,0.2315
0.432,0.2315
0.432,0.2315
0.432,0.2375
0.432,0.2315
0.4235,0.2315
0.4125,0.2315
0.4005,0.2315
0.4005,0.2315
0.4005,0.2235
0.4005,0.2235
0.4005,0.2235
0.3985,0.2115
0.3925,0.176
0.3925,0.156
0.3925,0.1445
0.3925,0.1365
0.3925,0.1325
0.3925,0.1325
0.3925,0.1285
0.3925,0.1285
0.3925,0.1285
0.3925,0.1205
0.3925,0.1085
0.3925,0.1205
0.3925,0.144
0.3925,0.1405
0.3925,0.164
0.3925,0.1685
0.4125,0.183
0.428,0.188
0.432,0.188
0.452,0.188
0.4955,0.188
0.503,0.192
0.503,0.184
0.503,0.184
0.503,0.173
0.4875,0.173
0.4875,0.1765
0.4875,0.1765
0.4875,0.1765
0.4875,0.1765
0.4875,0.1765
0.4875,0.1765
0.4875,0.1765
0.4875,0.1765
0.4875,0.1765
0.4875,0.1765
0.4875,0.1765
0.4875,0.1765
0.4875,0.1765
0.4875,0.1765
0.4875,0.1765
0.4875,0.1765
0.4955,0.1765
0.4955,0.1765
0.5075,0.1765
0.5075,0.1765
0.5095,0.1985
0.5155,0.227
0.5155,0.2465
0.5155,0.2495
0.5155,0.2665
0.5155,0.2665
0.5155,0.2665
0.5155,0.2725
0.5155,0.286
0.5155,0.286
0.5155,0.286
0.5155,0.298
0.5155,0.298
0.5155,0.298
0.5155,0.298
0.5155,0.298
0.5155,0.298
0.5155,0.298
0.5155,0.306
0.4915,0.306
0.46,0.306
0.4525,0.306
0.4365,0.2905
0.4325,0.2825
0.4245,0.2745
0.4245,0.267
0.4365,0.263
0.4245,0.255
0.4365,0.255
0.4365,0.255
0.4365,0.255
0.4365,0.263
0.4365,0.251
0.4365,0.247
0.4365,0.2315
0.4405,0.2275
0.4365,0.2275
0.4245,0.2275
0.4245,0.2235
0.417,0.2155
0.405,0.2155
0.413,0.2155
0.393,0.2115
0.393,0.2115
0.3815,0.2115
0.393,0.2115
0.3775,0.2115
0.3775,0.2115
0.3775,0.2075
0.3735,0.188
0.3735,0.176
0.3655,0.1605
0.3655,0.1605
0.3655,0.1605
0.3655,0.1565
0.3655,0.1525
0.3655,0.1525
0.3655,0.1485
0.3655,0.1405
0.3495,0.1525
0.3495,0.1525
0.3495,0.1525
0.346,0.1565
0.346,0.1565
0.342,0.1565
0.342,0.1565
0.338,0.1565
0.342,0.1565
0.346,0.1405
0.346,0.1405
0.33,0.1365
0.33,0.1485
0.33,0.1525
0.33,0.1525
0.326,0.1525
0.326,0.1525
0.326,0.1525
0.326,0.1525
0.326,0.1525
0.326,0.1525
0.322,0.1525
0.318,0.1525
0.322,0.1525
0.3105,0.1525
0.3065,0.1525
0.3025,0.1525
0.3025,0.1525
0.3105,0.1525
0.3105,0.1525
0.3105,0.1525
0.3105,0.1525
0.3105,0.1525
0.3105,0.1525
0.3105,0.1365
0.3105,0.1365
0.3105,0.1365
0.3105,0.1365
0.318,0.1365
0.318,0.1365
0.318,0.1165
0.318,0.1165
0.318,0.1195
0.318,0.1165
0.318,0.1165
0.318,0.1165
0.322,0.1165
0.322,0.1165
0.33,0.1165
0.33,0.1165
0.33,0.1165
0.338,0.1165
0.338,0.1165
0.342,0.1165
0.33,0.1165
0.33,0.1165
0.33,0.1165
0.33,0.109
0.33,0.121
0.342,0.121
0.342,0.115
0.342,0.123
0.342,0.133
0.342,0.1445
0.342,0.1485
0.342,0.1485
0.342,0.1485
0.342,0.1485
0.342,0.1485
0.342,0.1485
0.342,0.1485
0.342,0.1485
0.342,0.156
0.342,0.156
0.342,0.156
0.342,0.156
0.342,0.156
0.342,0.156
0.342,0.156
0.342,0.156
0.342,0.156
0.342,0.156
0.342,0.156
0.342,0.156
0.342,0.156
0.342,0.156
0.342,0.156
0.342,0.156
0.342,0.156
0.342,0.156
0.342,0.156
0.342,0.156
0.342,0.156
0.342,0.156
0.342,0.156
0.342,0.156
0.342,0.156
0.342,0.156
0.342,0.156
0.342,0.156
0.342,0.156
0.342,0.156
0.342,0.156
0.322,0.156
0.322,0.156
0.322,0.156
0.322,0.156
0.322,0.156
0.314,0.156
0.314,0.156
0.314,0.156
0.314,0.156
0.314,0.156
0.314,0.1795
0.314,0.1795
0.302,0.168
0.302,0.168
0.302,0.168
0.302,0.168
0.302,0.168
0.302,0.168
0.302,0.1795
0.302,0.176
0.302,0.1585
0.302,0.1525
0.302,0.1525
0.302,0.1525
0.302,0.1525
0.302,0.1525
0.302,0.1525
0.302,0.1555
0.302,0.1525
0.302,0.1525
0.302,0.1525
0.302,0.1525
0.302,0.1525
0.302,0.1525
0.302,0.1525
0.302,0.1525
0.302,0.1585
0.302,0.1525
0.302,0.1585
0.302,0.1645
0.302,0.1645
0.302,0.1645
0.302,0.1645
0.302,0.172
0.302,0.172
0.302,0.172
0.302,0.172
0.302,0.172
0.302,0.172
0.302,0.172
0.302,0.172
0.302,0.172
0.302,0.172
0.302,0.172
0.302,0.172
0.302,0.172
0.302,0.172
0.302,0.172
0.302,0.172
0.302,0.172
0.302,0.172
0.302,0.172
0.302,0.172
0.302,0.172
0.302,0.172
0.302,0.172
0.302,0.172
0.302,0.172
0.302,0.172
0.302,0.172
0.302,0.172
0.302,0.172
0.302,0.172
0.302,0.172
0.302,0.184
0.302,0.192
0.302,0.192
0.302,0.201
0.302,0.2035
0.302,0.2035
0.302,0.2035
0.302,0.2035
0.302,0.2035
0.302,0.2035
0.302,0.2035
0.302,0.2115
0.302,0.2115
0.302,0.2115
0.302,0.2115
0.302,0.2115
0.302,0.2115
0.302,0.2115
0.302,0.2115
0.302,0.2115
0.302,0.2115
0.302,0.2115
0.302,0.2115
0.302,0.2115
0.302,0.2115
0.302,0.2115
0.302,0.2115
0.302,0.2115
0.302,0.2115
0.302,0.2115
0.302,0.2115
0.302,0.2115
0.302,0.2115
0.302,0.2115
0.302,0.2115
0.302,0.2115
0.302,0.2115
0.302,0.2115
0.302,0.2115
0.302,0.2115
0.302,0.2115
0.302,0.2115
0.302,0.2115
0.302,0.2115
0.302,0.2115
0.302,0.2115
0.302,0.2115
0.302,0.2115
0.302,0.2115
0.302,0.2115
0.302,0.2115
0.302,0.2115
0.302,0.2115
0.2905,0.2115
0.2825,0.2115
0.2685,0.2115
0.251,0.2115
0.231,0.2115
0.2195,0.2115
0.1915,0.2115
0.18,0.2115
0.1525,0.2115
0.1405,0.2115
0.1205,0.2115
0.109,0.2115
0.101,0.2115
0.101,0.2115
0.101,0.2115
0.089,0.2115
0.089,0.2115
0.089,0.2115
0.089,0.2115
0.095,0.2115
0.089,0.2115
0.101,0.2115
0.101,0.2115
0.101,0.2115
0.109,0.2115
0.109,0.2115
0.109,0.2115
0.109,0.2115
0.109,0.2115
0.109,0.2115
0.109,0.2115
0.109,0.2115
0.109,0.192
0.109,0.195
0.109,0.184
0.109,0.172
0.109,0.172
0.109,0.1645
0.109,0.1645
0.109,0.1645
0.109,0.1525
0.109,0.1525
0.109,0.1525
0.109,0.1525
0.109,0.1525
0.109,0.1525
0.109,0.1525
0.109,0.1525
0.109,0.1525
0.109,0.1485
0.109,0.1405
0.109,0.1405
0.109,0.1325
0.109,0.1325
0.109,0.1285
0.109,0.1405
0.109,0.1325
0.109,0.1205
0.109,0.1205
0.109,0.1245
0.109,0.113
0.109,0.113
0.1205,0.113
0.1205,0.113
0.1405,0.113
0.1405,0.113
0.1405,0.113
0.1525,0.113
0.176,0.113
0.1795,0.113
0.2005,0.113
0.2005,0.113
0.1975,0.113
0.1915,0.101
0.2035,0.0955
0.2035,0.0895
0.2035,0.0895
0.2035,0.0895
0.2035,0.0895
0.2035,0.0845
0.2035,0.0815
0.2075,0.0815
0.2075,0.0815
0.2075,0.0815
0.2075,0.0775
0.2155,0.0805
0.2245,0.0775
0.235,0.0865
0.235,0.0775
0.223,0.0805
0.223,0.0835
0.223,0.089
0.235,0.089
0.249,0.089
0.243,0.089
0.243,0.089
0.243,0.089
0.243,0.089
0.231,0.089
0.231,0.089
0.231,0.089
0.231,0.089
0.243,0.089
0.243,0.089
0.237,0.089
0.243,0.089
0.243,0.089
0.243,0.089
0.243,0.089
0.243,0.089
0.243,0.089
0.243,0.089
0.243,0.089
0.243,0.089
0.243,0.089
0.243,0.089
0.243,0.089
0.243,0.089
0.243,0.089
0.243,0.089
0.245,0.089
0.239,0.089
0.239,0.089
0.239,0.089
0.239,0.089
0.2315,0.089
0.2275,0.089
0.2155,0.089
0.2115,0.095
0.2075,0.089
0.2075,0.089
0.196,0.089
0.195,0.089
0.192,0.089
0.198,0.089
0.192,0.089
0.192,0.089
0.188,0.089
0.192,0.089
0.18,0.089
0.18,0.089
0.18,0.089
0.18,0.089
0.18,0.089
0.18,0.089
0.18,0.089
0.18,0.089
0.18,0.089
0.186,0.089
0.18,0.089
0.182,0.095
0.176,0.089
0.176,0.089
0.188,0.1085
0.188,0.1125
0.188,0.1205
0.188,0.1165
0.188,0.1365
0.191,0.152
0.188,0.156
0.191,0.156
0.188,0.156
0.188,0.156
0.188,0.156
0.188,0.156
0.188,0.156
0.192,0.156
0.192,0.159
0.192,0.156
0.196,0.156
0.196,0.156
0.196,0.156
0.196,0.156
0.196,0.168
0.196,0.156
0.196,0.156
0.196,0.156
0.196,0.159
0.196,0.164
0.196,0.17
0.196,0.164
0.196,0.164
0.196,0.168
0.196,0.168
0.196,0.177
0.196,0.168
0.199,0.168
0.196,0.168
0.196,0.168
0.196,0.168
0.196,0.168
0.196,0.168
0.196,0.168
0.196,0.168
0.196,0.168
0.196,0.168
0.196,0.168
0.196,0.168
0.196,0.168
0.196,0.168
0.196,0.168
0.196,0.168
0.196,0.168
0.196,0.168
0.196,0.168
0.196,0.168
0.196,0.171
0.196,0.168
0.196,0.171
0.196,0.168
0.196,0.174
0.196,0.168
0.196,0.171
0.199,0.168
0.196,0.174
0.196,0.168
0.202,0.174
0.196,0.168
0.196,0.168
0.196,0.168
0.196,0.174
0.196,0.168
0.196,0.168
0.196,0.156
0.199,0.152
0.196,0.1365
0.199,0.1325
0.196,0.1165
0.196,0.1165
0.196,0.1125
0.196,0.1125
0.196,0.1125
0.196,0.101
0.196,0.1125
0.196,0.101
0.196,0.103
0.196,0.093
0.196,0.089
0.196,0.073
0.196,0.07
0.199,0.07
0.196,0.0665
0.196,0.0665
0.196,0.0585
0.196,0.0405
0.18,0.0305
0.18,0.0225
0.176,0.0225
0.188,0.0185
0.176,0.0185
0.176,0.0185
0.194,0.0305
0.188,0.0305
0.188,0.0225
0.188,0.0225
0.188,0.0185
0.178,0.0185
0.172,0.0185
0.172,0.0185
0.169,0.0185
0.169,0.0105
0.169,0.0105
0.149,0.0105
0.141,0.0105
0.141,0.0115
0.1295,0.0025
0.1235,-0.0115
0.1215,-0.0175
0.1095,-0.0145
0.102,-0.0175
0.09,-0.0175
0.082,-0.0215
0.073,-0.0215
0.0545,-0.0215
0.0545,-0.0215
0.043,-0.0095
0.043,-0.002
0.035,-0.002
0.035,0.01
0.035,0.01
0.035,0.022
0.023,0.022
0.0035,0.022
0.0035,0.026
0.0155,0.026
0.0035,0.026
0.0035,0.026
-0.0085,0.026
-0.0165,0.046
-0.0275,0.1
-0.0275,0.126
-0.0275,0.1365
-0.0275,0.1565
-0.0515,0.18
-0.0515,0.196
-0.0515,0.2155
-0.0515,0.2315
-0.0515,0.2315
-0.0595,0.235
-0.0715,0.235
-0.0955,0.235
-0.1315,0.235
-0.1315,0.235
-0.1315,0.243
-0.1315,0.243
-0.1315,0.243
-0.1315,0.243
-0.1395,0.2095
-0.1475,0.2035
-0.1575,0.2035
-0.1705,0.1955
-0.1755,0.1955
-0.1755,0.1955
-0.1645,0.1835
-0.1645,0.1605
-0.1645,0.1605
-0.1645,0.1605
-0.1645,0.1605
-0.1645,0.1565
-0.1645,0.1525
-0.1645,0.1485
-0.1645,0.1485
-0.1645,0.1485
-0.1645,0.1485
-0.1645,0.1485
-0.1645,0.1485
-0.1645,0.1485
-0.1205,0.1485
-0.1045,0.1485
-0.0765,0.1485
-0.0685,0.168
-0.0605,0.171
-0.0605,0.18
-0.0485,0.18
-0.0485,0.18
-0.0405,0.18
-0.0325,0.18
0.0035,0.18
0.011,0.18
0.031,0.168
0.046,0.168
0.0625,0.168
0.082,0.1565
0.082,0.1565
0.09,0.1485
0.09,0.1485
0.09,0.1485
0.102,0.1365
0.113,0.1365
0.125,0.1365
0.1405,0.129
0.1485,0.129
0.1525,0.129
0.1525,0.129
0.1525,0.129
0.1525,0.129
0.1525,0.129
0.1525,0.129
0.1525,0.129
0.1525,0.129
0.1525,0.129
0.1405,0.105
0.129,0.101
0.125,0.109
0.113,0.1085
0.105,0.1115
0.102,0.105
0.102,0.105
0.102,0.105
0.102,0.117
0.102,0.117
0.102,0.117
0.102,0.117
0.102,0.117
0.102,0.117
0.0865,0.109
0.102,0.109
0.102,0.109
0.102,0.109
0.102,0.101
0.102,0.101
0.102,0.101
0.102,0.101
0.084,0.101
0.082,0.097
0.085,0.097
0.073,0.097
0.073,0.097
0.0785,0.093
0.0695,0.093
0.0775,0.093
0.0695,0.093
0.0455,0.093
0.0455,0.093
0.0575,0.089
0.0575,0.089
0.05,0.0815
0.038,0.0815
0.03,0.0815
0.03,0.0775
0.03,0.0775
0.011,0.0775
0.0,0.0775
0.0,0.0775
-0.0075,0.0775
-0.0155,0.0775
-0.0275,0.0825
-0.0515,0.0815
-0.0435,0.0815
-0.0595,0.0895
-0.0515,0.0755
-0.0515,0.0695
-0.0515,0.0615
-0.0515,0.0585
-0.0515,0.0695
-0.0515,0.0585
-0.0515,0.0585
-0.0515,0.0585
-0.0515,0.055
-0.0515,0.043
-0.0595,0.035
-0.0595,0.023
-0.0595,0.029
-0.0595,0.023
-0.0715,0.023
-0.0715,0.023
-0.0715,0.023
-0.0715,0.035
-0.0715,0.055
-0.0875,0.0585
-0.0875,0.0615
-0.0715,0.0815
-0.0355,0.0855
0.007,0.097
0.0,0.097
0.031,0.097
0.021,0.097
0.0505,0.097
0.0465,0.101
0.0465,0.104
0.0505,0.101
0.0665,0.101
0.0665,0.101
0.0665,0.101
0.0665,0.101
0.0665,0.101
0.0665,0.0815
0.0665,0.0775
0.0665,0.0775
0.0665,0.0585
0.0665,0.0585
0.0665,0.0585
0.0665,0.0585
0.0665,0.0585
0.0665,0.07
0.0665,0.0645
0.0665,0.07
0.0665,0.07
0.0665,0.07
0.0465,0.07
0.031,0.07
0.023,0.0665
0.011,0.0665
0.009,0.07
0.007,0.07
0.003,0.082
0.003,0.073
0.003,0.07
0.003,0.082
0.003,0.082
0.003,0.082
0.008,0.082
0.003,0.0785
0.0,0.0785
0.0,0.0665
0.0,0.0665
0.0,0.0665
0.0,0.0545
0.0,0.0345
0.0,0.0345
0.0,0.0345
0.0,0.0345
0.0,0.06
0.0,0.062
0.0,0.062
0.0,0.074
0.0,0.074
0.0,0.082
0.0,0.082
0.0,0.094
0.0,0.126
0.0,0.141
0.0,0.141
0.0,0.144
0.0,0.148
0.0,0.148
0.019,0.168
0.0385,0.184
0.0505,0.192
0.0625,0.2035
0.0665,0.2075
0.093,0.2135
0.113,0.2355
0.1245,0.239
0.1245,0.239
0.1365,0.239
0.1445,0.2275
0.156,0.2115
0.156,0.2075
0.156,0.2075
0.156,0.2
0.156,0.2
0.164,0.2
0.176,0.2
0.176,0.2
0.176,0.2
0.18,0.2
0.18,0.2
0.176,0.2
0.184,0.185
0.188,0.18
0.188,0.186
0.176,0.18
0.176,0.18
0.182,0.18
0.176,0.18
0.176,0.18
0.176,0.188
0.176,0.188
0.176,0.196
0.176,0.196
0.176,0.196
0.176,0.196
0.176,0.196
0.176,0.196
0.176,0.196
0.176,0.196
0.176,0.2075
0.176,0.2135
0.176,0.2115
0.168,0.2215
0.1325,0.2155
0.1285,0.2155
0.121,0.2155
0.101,0.2185
0.101,0.2155
0.105,0.2215
0.093,0.2
0.093,0.191
0.101,0.18
0.117,0.172
0.117,0.169
0.117,0.175
0.1205,0.169
0.1085,0.169
0.1085,0.169
0.101,0.175
0.085,0.169
0.081,0.175
0.078,0.169
0.078,0.169
0.078,0.169
0.078,0.169
0.078,0.169
0.078,0.169
0.078,0.169
0.078,0.169
0.078,0.169
0.078,0.158
0.0625,0.141
0.0425,0.1295
0.031,0.1295
0.027,0.1295
0.023,0.1295
0.019,0.1215
0.019,0.1215
0.019,0.1215
0.007,0.1095
0.003,0.102
0.003,0.102
0.003,0.099
0.003,0.09
0.003,0.09
0.003,0.09
0.003,0.09
0.003,0.09
0.003,0.09
0.003,0.09
0.003,0.09
0.003,0.09
0.003,0.09
0.003,0.09
0.003,0.109
0.003,0.113
0.003,0.113
0.003,0.113
0.003,0.113
0.003,0.113
0.003,0.113
0.003,0.113
0.003,0.113
0.003,0.105
0.008,0.109
0.003,0.109
0.003,0.109
0.0425,0.109
0.0465,0.109
0.0675,0.109
0.0505,0.082
0.0625,0.073
0.0625,0.07
0.0625,0.07
0.0625,0.082
0.0625,0.079
0.0625,0.082
0.0625,0.082
0.0625,0.09
0.0625,0.09
0.0625,0.09
0.0625,0.09
0.0625,0.09
0.0625,0.09
0.0625,0.09
0.0625,0.09
0.0625,0.09
0.0625,0.09
0.0625,0.09
0.0625,0.09
0.0625,0.09
0.0625,0.09
0.0625,0.09
0.0625,0.09
0.0625,0.09
0.0645,0.09
0.0625,0.09
0.0625,0.09
0.0735,0.09
0.0815,0.09
0.0815,0.09
0.0815,0.09
0.0815,0.09
0.0815,0.09
0.0935,0.09
0.0935,0.09
0.101,0.09
0.113,0.09
0.113,0.09
0.121,0.09
0.121,0.09
0.1325,0.09
0.1355,0.09
0.1325,0.09
0.1345,0.09
0.1405,0.09
0.1405,0.09
0.1405,0.09
0.1405,0.09
0.1405,0.09
0.1405,0.09
0.1405,0.09
0.1435,0.09
0.1465,0.09
0.1525,0.097
0.1525,0.101
0.1525,0.09
0.1525,0.117
0.1525,0.121
0.16,0.1285
0.16,0.117
0.16,0.117
0.16,0.117
0.16,0.117
0.16,0.117
0.16,0.117
0.16,0.117
0.16,0.117
0.16,0.117
0.16,0.117
0.16,0.117
0.16,0.117
0.16,0.117
0.16,0.117
0.16,0.117
0.16,0.129
0.16,0.1365
0.16,0.1565
0.16,0.168
0.16,0.188
0.16,0.196
0.16,0.196
0.16,0.196
0.152,0.192
0.1285,0.192
0.1365,0.192
0.1285,0.188
0.101,0.188
0.084,0.176
0.0685,0.169
0.0655,0.169
0.0655,0.169
0.0655,0.169
0.0655,0.169
0.0575,0.149
0.0575,0.1295
0.0575,0.1325
0.0455,0.1215
0.0455,0.1215
0.038,0.1215
0.038,0.1215
0.034,0.1215
0.034,0.1215
0.031,0.1215
0.025,0.09
0.019,0.09
0.019,0.082
0.019,0.082
0.019,0.082
0.011,0.082
0.011,0.082
0.011,0.082
0.011,0.082
0.005,0.082
0.0,0.082
0.0,0.082
0.0,0.07
0.0,0.07
0.0,0.07
0.0,0.0645
0.0,0.0585
0.0,0.0585
0.0,0.0585
0.0,0.0505
0.0,0.0505
0.0,0.0505
0.0,0.0505
0.0,0.0505
0.0,0.0505
0.0,0.0505
0.0,0.0505
0.0,0.0505
0.0,0.0505
0.0,0.0505
0.0,0.0505
0.0,0.0505
0.005,0.0505
0.0,0.0505
0.0,0.0505
0.0,0.0505
0.0,0.0505
0.0,0.0505
0.0,0.0505
0.0,0.0555
0.0,0.0585
0.0,0.0585
0.005,0.0585
0.0,0.0585
0.0,0.0585
