valence,arousal
0.0,0.0
0.0,0.0
0.0,0.0
0.0,0.0
0.0,0.0
0.0,0.0
0.0,0.0
0.0,0.0
0.0,0.0
0.0,0.0
0.0,0.0
0.0,0.0
0.0,0.022
0.0,0.062
0.0,0.062
0.0,0.085
0.0,0.14
0.0,0.133
0.0,0.156
0.0,0.156
0.0,0.172
0.0,0.172
0.0,0.172
0.0,0.172
0.0,0.172
0.0,0.172
0.0,0.172
0.0,0.172
0.0,0.172
0.0,0.172
0.0,0.172
0.0,0.188
0.0,0.196
0.0,0.196
0.0,0.196
0.014,0.196
0.046,0.196
0.085,0.196
0.101,0.196
0.109,0.196
0.109,0.196
0.109,0.196
0.109,0.196
0.109,0.196
0.109,0.196
0.109,0.196
0.109,0.196
0.109,0.196
0.109,0.196
0.117,0.196
0.117,0.196
0.117,0.196
0.117,0.196
0.117,0.196
0.117,0.196
0.117,0.196
0.117,0.196
0.117,0.196
0.117,0.196
0.117,0.196
0.117,0.196
0.117,0.196
0.117,0.172
0.117,0.196
0.117,0.196
0.117,0.204
0.117,0.204
0.117,0.204
0.117,0.204
0.117,0.204
0.117,0.204
0.117,0.204
0.117,0.204
0.117,0.204
0.117,0.204
0.117,0.204
0.117,0.204
0.117,0.204
0.117,0.204
0.117,0.172
0.117,0.204
0.117,0.211
0.117,0.211
0.117,0.211
0.117,0.204
0.117,0.204
0.117,0.204
0.117,0.204
0.117,0.227
0.117,0.204
0.117,0.196
0.117,0.227
0.117,0.204
0.117,0.227
0.117,0.227
0.117,0.227
0.117,0.227
0.117,0.227
0.117,0.227
0.117,0.227
0.117,0.227
0.117,0.227
0.117,0.227
0.117,0.204
0.117,0.172
0.117,0.093
0.117,0.101
0.117,0.093
0.117,0.117
0.117,0.117
0.133,0.117
0.133,0.117
0.14,0.117
0.14,0.117
0.14,0.117
0.14,0.117
0.14,0.117
0.14,0.117
0.14,0.117
0.14,0.117
0.14,0.117
0.14,0.117
0.14,0.117
0.14,0.117
0.14,0.117
0.14,0.117
0.14,0.117
0.14,0.117
0.14,0.117
0.14,0.117
0.14,0.14
0.14,0.164
0.14,0.227
0.14,0.235
0.14,0.235
0.14,0.251
0.14,0.251
0.14,0.251
0.14,0.251
0.14,0.251
0.14,0.251
0.14,0.251
0.14,0.251
0.14,0.251
0.14,0.251
0.14,0.251
0.14,0.251
0.14,0.251
0.14,0.251
0.14,0.251
0.14,0.251
0.14,0.251
0.14,0.251
0.14,0.251
0.14,0.251
0.14,0.251
0.14,0.251
0.101,0.251
0.085,0.251
0.077,0.251
0.069,0.251
0.069,0.251
0.069,0.251
0.069,0.251
0.054,0.251
0.054,0.251
0.054,0.251
0.054,0.251
0.054,0.227
0.054,0.196
0.054,0.196
0.054,0.196
0.054,0.196
0.054,0.196
0.054,0.196
0.054,0.196
0.054,0.196
0.054,0.196
0.054,0.196
0.046,0.172
0.022,0.172
0.0,0.172
0.0,0.172
0.0,0.172
-0.007,0.172
-0.047,0.172
-0.071,0.172
-0.103,0.172
-0.143,0.172
-0.175,0.172
-0.175,0.172
-0.191,0.172
-0.199,0.172
-0.199,0.172
-0.199,0.172
-0.199,0.172
-0.199,0.172
-0.199,0.196
-0.199,0.196
-0.199,0.243
-0.199,0.251
-0.199,0.243
-0.199,0.235
-0.199,0.235
-0.199,0.235
-0.199,0.235
-0.199,0.235
-0.199,0.235
-0.199,0.235
-0.199,0.235
-0.199,0.235
-0.199,0.235
-0.199,0.235
-0.199,0.235
-0.199,0.235
-0.199,0.235
-0.199,0.235
-0.199,0.235
-0.199,0.235
-0.199,0.235
-0.199,0.235
-0.199,0.235
-0.199,0.235
-0.199,0.235
-0.199,0.235
-0.199,0.235
-0.199,0.235
-0.199,0.235
-0.199,0.235
-0.199,0.235
-0.223,0.235
-0.223,0.235
-0.263,0.235
-0.279,0.235
-0.279,0.235
-0.287,0.235
-0.287,0.235
-0.287,0.235
-0.303,0.235
-0.303,0.235
-0.311,0.235
-0.311,0.235
-0.311,0.235
-0.311,0.235
-0.311,0.235
-0.311,0.235
-0.311,0.235
-0.311,0.235
-0.311,0.235
-0.311,0.235
-0.311,0.235
-0.311,0.235
-0.311,0.235
-0.311,0.235
-0.311,0.227
-0.311,0.211
-0.311,0.204
-0.327,0.188
-0.327,0.196
-0.327,0.172
-0.327,0.172
-0.303,0.172
-0.287,0.172
-0.287,0.172
-0.279,0.164
-0.279,0.164
-0.255,0.164
-0.239,0.164
-0.239,0.164
-0.239,0.164
-0.223,0.196
-0.223,0.211
-0.215,0.211
-0.215,0.204
-0.215,0.235
-0.215,0.235
-0.215,0.235
-0.215,0.235
-0.215,0.235
-0.215,0.235
-0.199,0.235
-0.191,0.235
-0.175,0.211
-0.167,0.211
-0.167,0.211
-0.167,0.204
-0.167,0.133
-0.167,0.125
-0.167,0.117
-0.167,0.093
-0.127,0.093
-0.127,0.085
-0.127,0.085
-0.127,0.077
-0.127,0.077
-0.127,0.077
-0.127,0.125
-0.119,0.172
-0.119,0.235
-0.103,0.235
-0.103,0.243
-0.103,0.196
-0.103,0.164
-0.103,0.14
-0.103,0.125
-0.103,0.085
-0.031,0.077
0.0,0.038
0.0,0.022
0.0,0.046
0.0,0.046
0.0,0.046
0.0,0.022
0.0,0.022
0.0,0.022
0.0,0.022
0.0,0.022
0.0,0.022
0.0,0.022
0.0,0.022
0.0,0.038
0.0,0.164
0.0,0.188
0.0,0.204
0.0,0.204
0.0,0.204
0.0,0.204
0.0,0.204
0.0,0.227
0.0,0.243
0.0,0.251
0.006,0.251
0.014,0.251
0.022,0.267
0.022,0.275
0.022,0.282
0.022,0.282
0.0,0.282
0.0,0.282
-0.055,0.282
-0.103,0.282
-0.127,0.282
-0.127,0.282
-0.127,0.282
-0.127,0.282
-0.127,0.282
-0.127,0.282
-0.095,0.282
-0.031,0.282
-0.031,0.282
-0.023,0.282
-0.023,0.282
-0.007,0.282
-0.007,0.282
-0.007,0.282
-0.007,0.282
-0.007,0.282
-0.007,0.282
-0.007,0.282
-0.007,0.282
-0.007,0.282
-0.007,0.282
-0.007,0.282
-0.007,0.282
-0.007,0.282
-0.007,0.282
-0.007,0.282
-0.007,0.204
-0.007,0.188
-0.007,0.156
-0.007,0.085
-0.007,0.077
-0.007,0.077
-0.055,0.077
-0.095,0.077
-0.143,0.062
-0.151,0.062
-0.167,0.062
-0.167,0.062
-0.167,0.062
-0.167,0.077
-0.167,0.188
-0.167,0.243
-0.167,0.29
-0.167,0.29
-0.167,0.29
-0.167,0.29
-0.167,0.227
-0.175,0.204
-0.175,0.14
-0.175,0.117
-0.175,0.093
-0.191,0.093
-0.215,0.093
-0.223,0.093
-0.239,0.093
-0.255,0.093
-0.255,0.14
-0.255,0.156
-0.255,0.164
-0.255,0.164
-0.255,0.211
-0.255,0.227
-0.255,0.243
-0.255,0.251
-0.255,0.251
-0.255,0.251
-0.255,0.251
-0.255,0.251
-0.255,0.251
-0.255,0.251
-0.255,0.251
-0.255,0.251
-0.255,0.251
-0.255,0.251
-0.255,0.251
-0.255,0.251
-0.255,0.251
-0.255,0.251
-0.255,0.251
-0.255,0.251
-0.255,0.251
-0.255,0.282
-0.255,0.282
-0.255,0.29
-0.255,0.29
-0.255,0.29
-0.255,0.29
-0.255,0.29
-0.255,0.29
-0.255,0.29
-0.255,0.29
-0.255,0.29
-0.255,0.29
-0.255,0.29
-0.255,0.29
-0.255,0.29
-0.255,0.29
-0.255,0.29
-0.255,0.29
-0.255,0.29
-0.255,0.29
-0.255,0.29
-0.255,0.29
-0.255,0.29
-0.255,0.29
-0.255,0.29
-0.255,0.29
-0.255,0.29
-0.255,0.29
-0.199,0.227
-0.127,0.204
-0.103,0.196
-0.047,0.172
-0.023,0.196
0.0,0.211
0.0,0.211
0.069,0.211
0.077,0.211
0.109,0.211
0.164,0.211
0.188,0.211
0.219,0.211
0.235,0.211
0.235,0.211
0.235,0.211
0.235,0.211
0.235,0.211
0.235,0.156
0.235,0.133
0.235,0.085
0.235,0.054
0.235,0.038
0.14,0.038
0.101,0.038
0.077,0.022
0.038,0.054
0.022,0.006
0.022,0.006
0.014,0.0
0.006,0.0
0.006,0.0
0.006,0.0
0.006,0.0
0.006,0.085
0.006,0.14
0.006,0.196
0.006,0.204
0.006,0.204
0.006,0.204
0.0,0.204
0.0,0.204
0.0,0.204
0.0,0.227
0.0,0.227
0.0,0.227
0.0,0.227
0.077,0.133
0.109,0.093
0.109,0.085
0.109,0.077
0.14,0.093
0.148,0.29
0.164,0.377
0.188,0.385
0.188,0.361
0.188,0.29
0.188,0.188
0.188,0.14
0.188,0.133
0.188,0.117
0.188,0.117
0.188,0.125
0.188,0.101
0.188,0.101
0.188,0.101
0.188,0.101
0.188,0.101
0.204,0.172
0.211,0.235
0.251,0.282
0.275,0.267
0.282,0.267
0.282,0.267
0.298,0.267
0.298,0.251
0.298,0.211
0.298,0.172
0.298,0.133
0.298,0.093
0.298,0.062
0.298,0.085
0.298,0.046
0.298,0.046
0.298,0.038
0.298,0.038
0.298,0.038
0.298,0.038
0.298,0.038
0.298,0.022
0.298,0.022
0.298,0.022
0.298,0.022
0.298,0.022
0.164,0.014
0.054,0.014
0.022,0.0
0.038,0.0
0.038,0.0
0.038,0.0
0.038,0.0
0.038,0.0
0.014,0.0
0.014,0.0
0.014,0.0
0.014,0.0
0.014,0.0
0.014,0.0
0.014,0.0
0.0,0.0
0.0,0.0
0.0,0.0
0.0,0.0
0.0,0.0
0.0,0.0
0.0,0.0
0.0,0.0
0.0,0.0
0.0,0.0
0.0,0.0
0.0,0.0
0.0,0.0
0.0,0.0
0.0,0.0
0.0,0.0
0.0,0.0
0.0,0.0
0.0,0.0
0.0,0.0
0.0,0.0
0.0,-0.047
0.0,-0.119
0.0,-0.127
0.0,-0.127
0.0,-0.151
0.0,-0.175
0.0,-0.199
0.0,-0.383
0.0,-0.407
0.0,-0.423
0.0,-0.431
0.0,-0.431
0.0,-0.447
0.0,-0.447
0.0,-0.447
0.0,-0.447
0.0,-0.447
0.0,-0.447
0.0,-0.447
0.0,-0.447
0.0,-0.447
0.0,-0.447
0.0,-0.447
0.0,-0.447
0.0,-0.447
0.0,-0.455
0.0,-0.455
0.0,-0.455
0.0,-0.455
0.0,-0.455
0.0,-0.455
0.0,-0.455
0.0,-0.455
0.0,-0.431
0.0,-0.455
0.0,-0.455
0.0,-0.471
0.0,-0.479
0.0,-0.479
0.0,-0.495
0.0,-0.495
0.0,-0.503
0.0,-0.503
0.0,-0.503
0.0,-0.527
0.0,-0.543
0.0,-0.543
0.0,-0.543
0.0,-0.551
0.0,-0.551
0.0,-0.551
0.0,-0.551
0.0,-0.551
0.0,-0.551
0.0,-0.551
0.0,-0.551
0.0,-0.551
0.0,-0.551
0.0,-0.567
0.0,-0.575
0.0,-0.591
0.0,-0.599
0.0,-0.599
0.0,-0.615
0.0,-0.615
0.0,-0.615
0.0,-0.615
0.0,-0.615
0.0,-0.615
0.0,-0.615
0.0,-0.615
0.0,-0.615
0.0,-0.615
0.0,-0.615
0.0,-0.615
0.0,-0.615
0.0,-0.615
0.0,-0.615
0.0,-0.615
0.0,-0.615
0.0,-0.615
0.0,-0.615
0.0,-0.615
0.0,-0.615
0.0,-0.615
0.0,-0.615
0.0,-0.615
0.0,-0.615
0.0,-0.615
0.0,-0.615
0.0,-0.615
0.0,-0.615
0.0,-0.615
0.0,-0.615
0.0,-0.615
0.0,-0.615
0.0,-0.615
0.0,-0.615
0.0,-0.615
0.0,-0.615
0.0,-0.615
0.0,-0.615
0.0,-0.615
0.0,-0.615
0.0,-0.615
0.0,-0.615
0.0,-0.615
0.0,-0.615
0.0,-0.615
0.0,-0.615
0.0,-0.615
0.0,-0.615
0.0,-0.615
0.0,-0.615
0.0,-0.615
0.0,-0.615
0.0,-0.615
0.0,-0.615
0.0,-0.615
0.0,-0.615
0.0,-0.615
0.0,-0.615
0.0,-0.615
0.0,-0.615
0.0,-0.615
0.0,-0.615
0.0,-0.615
0.0,-0.615
0.0,-0.615
0.0,-0.615
0.0,-0.615
0.0,-0.615
0.0,-0.615
0.0,-0.615
0.0,-0.615
0.0,-0.615
0.0,-0.615
0.0,-0.615
0.0,-0.615
0.0,-0.615
0.0,-0.615
0.0,-0.615
0.0,-0.615
0.0,-0.615
0.0,-0.615
0.0,-0.615
0.0,-0.615
0.0,-0.615
0.0,-0.615
0.0,-0.615
0.0,-0.615
-0.007,-0.615
-0.023,-0.615
-0.023,-0.615
-0.031,-0.615
-0.031,-0.615
-0.047,-0.615
-0.055,-0.615
-0.071,-0.615
-0.079,-0.615
-0.079,-0.615
-0.095,-0.615
-0.095,-0.615
-0.095,-0.615
-0.095,-0.615
-0.095,-0.615
-0.095,-0.615
-0.095,-0.615
-0.095,-0.615
-0.095,-0.615
-0.095,-0.615
-0.095,-0.615
-0.095,-0.615
-0.095,-0.615
-0.095,-0.615
-0.095,-0.615
-0.095,-0.615
-0.095,-0.615
-0.095,-0.615
-0.095,-0.615
-0.095,-0.615
-0.095,-0.615
-0.095,-0.615
-0.095,-0.615
-0.095,-0.615
-0.095,-0.615
-0.095,-0.615
-0.095,-0.615
-0.095,-0.615
-0.095,-0.615
-0.095,-0.615
-0.095,-0.615
-0.095,-0.615
-0.095,-0.615
-0.095,-0.615
-0.095,-0.615
-0.095,-0.615
-0.095,-0.615
-0.095,-0.615
-0.095,-0.615
-0.095,-0.615
-0.095,-0.615
-0.095,-0.615
-0.095,-0.615
-0.095,-0.615
-0.095,-0.615
-0.095,-0.615
-0.095,-0.615
-0.095,-0.567
-0.095,-0.239
-0.095,-0.103
-0.095,0.0
-0.095,0.0
-0.095,0.0
-0.095,0.0
-0.095,0.0
-0.095,0.0
-0.095,0.0
-0.095,0.0
-0.095,0.0
-0.095,0.0
-0.103,0.0
-0.119,0.0
-0.119,0.0
-0.119,0.0
-0.119,0.0
-0.119,0.0
-0.119,0.0
-0.119,0.0
-0.119,0.0
-0.119,0.0
-0.119,0.0
-0.119,0.0
-0.119,0.0
-0.119,0.0
-0.119,0.0
-0.119,0.0
-0.119,0.0
-0.119,0.0
-0.119,0.0
-0.119,0.0
-0.119,0.0
-0.119,0.0
-0.119,0.006
-0.119,0.038
-0.127,0.046
-0.127,0.046
-0.127,0.046
-0.127,0.046
-0.127,0.046
-0.127,0.046
-0.127,0.046
-0.127,0.046
-0.127,0.014
-0.127,0.0
-0.127,-0.023
-0.127,-0.055
-0.127,-0.143
-0.127,-0.151
-0.127,-0.151
-0.127,-0.151
-0.127,-0.151
-0.127,-0.151
-0.127,-0.151
-0.079,-0.151
-0.031,-0.151
-0.023,-0.127
-0.007,-0.103
-0.007,-0.031
-0.007,-0.007
-0.007,0.0
-0.007,0.0
-0.007,0.0
-0.007,0.054
-0.007,0.093
-0.007,0.133
0.0,0.133
0.0,0.164
0.0,0.172
0.0,0.172
0.0,0.172
0.0,0.172
0.0,0.172
0.0,0.172
0.0,0.172
0.0,0.172
0.014,0.172
0.038,0.172
0.046,0.172
0.046,0.172
0.077,0.14
0.085,0.133
0.133,0.133
0.164,0.133
0.172,0.133
0.18,0.133
0.18,0.133
0.18,0.133
0.148,0.101
0.14,0.085
0.133,0.085
0.117,0.085
0.109,0.085
0.109,0.085
0.109,0.085
0.109,0.085
0.101,0.077
0.101,0.077
0.101,0.046
0.101,0.038
0.101,0.022
0.101,0.022
0.085,0.014
0.077,0.006
0.054,0.0
0.046,0.0
0.046,0.0
0.046,0.0
0.046,0.0
0.038,-0.031
0.038,-0.055
0.022,-0.143
0.014,-0.175
0.014,-0.223
0.014,-0.303
0.014,-0.335
0.014,-0.383
0.014,-0.383
0.014,-0.383
0.014,-0.383
0.014,-0.383
0.014,-0.383
0.014,-0.399
0.014,-0.407
0.014,-0.407
0.014,-0.407
0.0,-0.407
0.0,-0.407
0.0,-0.407
-0.031,-0.407
-0.071,-0.407
-0.119,-0.407
-0.127,-0.423
-0.127,-0.311
-0.143,-0.071
-0.143,0.0
-0.143,0.0
-0.143,0.0
-0.143,0.0
-0.143,0.0
-0.143,0.0
-0.143,0.014
-0.143,0.046
-0.143,0.046
-0.143,0.054
-0.143,0.054
-0.143,0.062
-0.143,0.077
-0.143,0.085
-0.143,0.117
-0.143,0.164
-0.143,0.164
-0.119,0.164
-0.119,0.164
-0.119,0.164
-0.119,0.164
-0.103,0.14
-0.095,0.14
-0.079,0.14
-0.079,0.14
-0.079,0.14
-0.079,0.14
-0.079,0.14
-0.079,0.14
-0.079,0.14
-0.079,0.14
-0.079,0.14
-0.079,0.14
-0.079,0.14
-0.079,0.14
-0.079,0.14
-0.079,0.133
-0.079,0.133
-0.079,0.133
-0.079,0.125
-0.079,0.117
-0.079,0.117
-0.079,0.117
-0.079,0.117
-0.127,0.117
-0.127,0.117
-0.127,0.117
-0.127,0.117
-0.127,0.117
-0.127,0.117
-0.127,0.117
-0.127,0.117
-0.127,0.101
-0.127,0.093
-0.127,0.077
-0.127,0.022
-0.127,0.006
-0.127,0.0
-0.127,0.0
-0.127,0.0
-0.127,0.0
-0.127,-0.023
-0.127,-0.079
-0.127,-0.127
-0.127,-0.199
-0.127,-0.303
-0.127,-0.431
-0.127,-0.447
-0.127,-0.455
-0.127,-0.471
-0.127,-0.503
-0.127,-0.503
-0.127,-0.519
-0.127,-0.503
-0.127,-0.503
-0.127,-0.527
-0.127,-0.527
-0.127,-0.527
-0.127,-0.519
-0.127,-0.543
-0.127,-0.543
-0.127,-0.543
-0.127,-0.543
-0.127,-0.543
-0.127,-0.543
-0.127,-0.543
-0.127,-0.543
-0.127,-0.543
-0.127,-0.543
-0.127,-0.543
-0.127,-0.543
-0.127,-0.543
-0.127,-0.543
-0.127,-0.543
-0.127,-0.543
-0.127,-0.543
-0.127,-0.543
-0.127,-0.543
-0.127,-0.543
-0.127,-0.543
-0.127,-0.543
-0.127,-0.543
-0.127,-0.543
-0.127,-0.543
-0.127,-0.543
-0.127,-0.543
-0.127,-0.543
-0.127,-0.543
-0.127,-0.543
-0.127,-0.543
-0.127,-0.543
-0.103,-0.543
-0.103,-0.543
-0.079,-0.543
-0.103,-0.543
-0.079,-0.543
-0.079,-0.543
-0.079,-0.543
-0.079,-0.543
-0.079,-0.543
-0.079,-0.543
-0.079,-0.543
-0.079,-0.543
-0.079,-0.543
-0.079,-0.543
-0.079,-0.543
-0.079,-0.543
-0.079,-0.543
-0.079,-0.543
-0.079,-0.543
-0.079,-0.543
-0.079,-0.543
-0.079,-0.543
-0.079,-0.543
-0.079,-0.543
-0.079,-0.543
-0.079,-0.543
-0.079,-0.543
-0.079,-0.543
-0.079,-0.543
-0.079,-0.543
-0.079,-0.543
-0.079,-0.519
-0.079,-0.503
-0.079,-0.447
-0.031,-0.407
0.0,-0.279
0.054,-0.263
0.054,-0.263
0.054,-0.263
0.054,-0.263
0.054,-0.263
0.054,-0.263
0.054,-0.263
0.054,-0.263
0.054,-0.215
0.069,-0.143
0.069,-0.127
0.077,-0.127
0.077,-0.127
0.101,-0.103
0.101,-0.079
0.101,-0.031
0.101,0.0
0.101,0.0
0.101,0.0
0.101,0.0
0.101,0.0
0.101,0.0
0.101,0.0
0.101,0.0
0.101,0.0
0.101,0.014
0.101,0.022
0.101,0.046
0.101,0.046
0.101,0.062
0.101,0.062
0.101,0.085
0.101,0.093
0.101,0.093
0.101,0.093
0.109,0.093
0.109,0.093
0.109,0.093
0.109,0.093
0.109,0.093
0.109,0.093
0.109,0.093
0.109,0.093
0.109,0.093
0.109,0.093
0.109,0.093
0.109,0.093
0.109,0.093
0.109,0.093
0.085,0.054
0.085,0.054
0.077,0.046
0.077,0.006
0.077,0.006
0.077,0.0
0.077,0.0
0.077,0.0
0.077,0.0
0.077,0.0
0.077,-0.023
0.069,-0.047
0.069,-0.119
0.077,-0.143
0.077,-0.175
0.054,-0.175
0.054,-0.175
0.046,-0.191
0.022,-0.199
0.014,-0.239
0.014,-0.223
0.014,-0.263
0.006,-0.279
0.006,-0.287
0.006,-0.287
0.006,-0.287
0.006,-0.311
0.0,-0.327
0.0,-0.327
0.0,-0.327
0.0,-0.327
0.0,-0.327
0.0,-0.327
0.0,-0.327
0.0,-0.327
0.0,-0.327
0.0,-0.327
0.0,-0.327
0.0,-0.327
0.0,-0.327
0.0,-0.327
0.0,-0.327
0.0,-0.327
0.0,-0.327
0.0,-0.327
0.0,-0.327
0.0,-0.327
0.0,-0.327
0.0,-0.327
0.0,-0.327
0.0,-0.327
0.0,-0.327
0.0,-0.327
0.0,-0.327
0.0,-0.327
0.0,-0.327
0.0,-0.327
0.0,-0.327
0.0,-0.327
0.0,-0.327
0.0,-0.327
0.0,-0.327
0.0,-0.327
0.0,-0.327
0.0,-0.327
0.0,-0.335
0.0,-0.335
0.0,-0.335
0.0,-0.335
0.0,-0.335
0.0,-0.335
0.0,-0.335
0.0,-0.335
0.0,-0.335
0.0,-0.335
-0.007,-0.335
-0.007,-0.335
-0.007,-0.335
-0.007,-0.351
-0.007,-0.351
-0.007,-0.359
-0.007,-0.359
-0.023,-0.375
-0.023,-0.375
-0.023,-0.375
-0.023,-0.375
-0.023,-0.375
-0.023,-0.375
-0.023,-0.383
-0.023,-0.383
0.0,-0.383
0.0,-0.383
0.0,-0.383
0.0,-0.383
0.0,-0.399
0.0,-0.399
0.0,-0.399
0.0,-0.399
0.0,-0.399
0.0,-0.399
0.0,-0.399
0.0,-0.399
0.0,-0.399
0.0,-0.399
0.0,-0.399
0.0,-0.399
0.0,-0.399
0.0,-0.399
0.0,-0.399
0.0,-0.399
0.0,-0.399
0.0,-0.399
0.0,-0.399
0.0,-0.431
0.0,-0.479
0.0,-0.687
0.0,-0.879
0.0,-1.0
0.0,-1.0
0.0,-1.0
0.0,-1.0
0.0,-1.0
0.0,-1.0
0.0,-1.0
0.0,-1.0
0.0,-1.0
0.0,-1.0
0.0,-1.0
0.0,-1.0
0.0,-1.0
0.0,-1.0
0.0,-1.0
0.0,-1.0
0.0,-1.0
0.0,-1.0
0.0,-1.0
0.0,-1.0
0.0,-1.0
0.0,-1.0
0.0,-1.0
0.0,-1.0
0.0,-1.0
0.0,-1.0
0.0,-1.0
0.0,-1.0
0.0,-1.0
0.0,-1.0
0.0,-1.0
0.0,-1.0
0.0,-1.0
0.0,-1.0
0.0,-1.0
0.0,-1.0
0.0,-1.0
0.0,-1.0
0.0,-1.0
0.0,-1.0
0.0,-1.0
0.0,-1.0
0.0,-1.0
0.0,-1.0
0.0,-1.0
0.0,-1.0
0.0,-1.0
0.0,-1.0
0.0,-1.0
0.0,-1.0
-0.023,-1.0
-0.071,-1.0
-0.103,-1.0
-0.119,-1.0
-0.119,-1.0
-0.119,-1.0
-0.119,-1.0
-0.119,-1.0
-0.119,-1.0
-0.119,-1.0
-0.119,-1.0
-0.119,-1.0
-0.119,-1.0
-0.119,-1.0
-0.119,-1.0
-0.119,-1.0
-0.119,-1.0
-0.119,-1.0
-0.119,-1.0
-0.119,-1.0
-0.119,-1.0
-0.119,-1.0
-0.119,-1.0
-0.119,-1.0
-0.119,-1.0
-0.119,-1.0
-0.119,-1.0
-0.119,-1.0
-0.119,-1.0
-0.119,-1.0
-0.119,-1.0
-0.119,-1.0
-0.119,-1.0
-0.119,-1.0
-0.119,-1.0
-0.119,-1.0
-0.119,-1.0
-0.119,-1.0
-0.119,-1.0
-0.119,-1.0
-0.119,-1.0
-0.119,-0.759
-0.119,-0.119
-0.119,-0.047
-0.119,-0.007
-0.119,-0.007
-0.119,0.0
-0.119,0.014
-0.119,0.117
-0.119,0.211
-0.119,0.235
-0.119,0.235
-0.119,0.235
-0.119,0.235
-0.119,0.235
-0.119,0.235
-0.119,0.235
-0.119,0.235
-0.119,0.235
-0.119,0.235
-0.119,0.235
-0.119,0.235
-0.119,0.235
-0.119,0.14
-0.127,0.14
-0.127,0.077
-0.127,0.022
-0.127,0.0
-0.127,0.0
-0.127,0.0
-0.127,0.0
-0.127,0.0
-0.127,0.0
-0.127,0.0
-0.127,0.0
-0.127,0.0
-0.127,0.0
-0.127,0.0
-0.127,0.0
-0.127,0.0
-0.127,0.0
-0.127,0.0
-0.127,0.0
-0.127,0.0
-0.127,0.0
-0.127,0.0
-0.127,0.0
-0.127,0.0
-0.143,-0.007
-0.143,-0.047
-0.143,-0.047
-0.143,-0.071
-0.143,-0.079
-0.143,-0.119
-0.143,-0.119
-0.143,-0.127
-0.143,-0.127
-0.143,-0.143
-0.143,-0.143
-0.143,-0.151
-0.143,-0.191
-0.143,-0.215
-0.143,-0.279
-0.143,-0.287
-0.143,-0.359
-0.143,-0.375
-0.143,-0.383
-0.143,-0.383
-0.143,-0.383
-0.143,-0.399
-0.143,-0.399
-0.143,-0.399
-0.143,-0.399
-0.143,-0.399
-0.143,-0.399
-0.143,-0.399
-0.143,-0.399
-0.143,-0.399
-0.143,-0.399
-0.143,-0.399
-0.143,-0.399
-0.143,-0.399
-0.143,-0.399
-0.143,-0.399
-0.143,-0.399
-0.143,-0.399
-0.151,-0.399
-0.151,-0.399
-0.167,-0.279
-0.167,-0.127
-0.175,-0.071
-0.175,-0.023
-0.175,0.0
-0.175,0.0
-0.175,0.0
-0.191,0.006
-0.191,0.014
-0.199,0.014
-0.215,0.046
-0.215,0.085
-0.215,0.093
-0.215,0.125
-0.223,0.125
-0.223,0.133
-0.263,0.133
-0.303,0.133
-0.311,0.133
-0.311,0.133
-0.311,0.133
-0.311,0.133
-0.311,0.133
-0.311,0.133
-0.311,0.133
-0.311,0.133
-0.311,0.133
-0.311,0.133
-0.311,0.133
-0.311,0.133
-0.311,0.133
-0.311,0.133
-0.311,0.14
-0.311,0.14
-0.311,0.172
-0.311,0.188
-0.311,0.196
-0.311,0.227
-0.311,0.243
-0.311,0.243
-0.311,0.243
-0.311,0.243
-0.311,0.243
-0.311,0.251
-0.311,0.282
-0.311,0.282
-0.311,0.306
-0.311,0.314
-0.311,0.314
-0.311,0.314
-0.311,0.314
-0.311,0.314
-0.311,0.314
-0.311,0.314
-0.311,0.314
-0.311,0.314
-0.311,0.322
-0.311,0.322
-0.311,0.322
-0.311,0.322
-0.311,0.322
-0.311,0.322
-0.311,0.322
-0.311,0.322
-0.311,0.338
-0.311,0.338
-0.311,0.361
-0.311,0.361
-0.311,0.361
-0.311,0.361
-0.311,0.361
-0.311,0.361
-0.311,0.361
-0.311,0.361
-0.311,0.361
-0.311,0.361
-0.311,0.361
-0.311,0.361
-0.311,0.361
-0.311,0.361
-0.311,0.361
-0.311,0.361
-0.311,0.361
-0.311,0.361
-0.311,0.361
-0.311,0.361
-0.311,0.361
-0.311,0.361
-0.311,0.361
-0.327,0.306
-0.327,0.306
-0.311,0.251
-0.311,0.243
-0.311,0.235
-0.311,0.235
-0.311,0.227
-0.311,0.227
-0.311,0.211
-0.311,0.172
-0.311,0.156
-0.311,0.156
-0.311,0.156
-0.311,0.156
-0.311,0.156
-0.311,0.156
-0.311,0.14
-0.311,0.14
-0.311,0.14
-0.311,0.14
-0.311,0.14
-0.311,0.14
-0.311,0.14
-0.311,0.14
-0.311,0.14
-0.311,0.14
-0.311,0.14
-0.311,0.14
-0.311,0.14
-0.311,0.14
-0.311,0.14
-0.311,0.14
-0.287,0.14
-0.263,0.14
-0.255,0.14
-0.223,0.14
-0.223,0.14
-0.223,0.14
-0.223,0.14
-0.223,0.14
-0.223,0.14
-0.223,0.14
-0.223,0.14
-0.223,0.14
-0.255,0.14
-0.223,0.14
-0.223,0.14
-0.215,0.14
-0.239,0.14
-0.215,0.14
-0.215,0.14
-0.215,0.14
-0.199,0.14
-0.199,0.14
-0.199,0.14
-0.199,0.14
-0.199,0.14
-0.199,0.14
-0.191,0.14
-0.191,0.14
-0.215,0.14
-0.215,0.14
-0.191,0.14
-0.191,0.14
-0.191,0.14
-0.191,0.14
-0.191,0.14
-0.191,0.14
-0.191,0.14
-0.191,0.14
-0.191,0.14
-0.191,0.14
-0.191,0.14
-0.191,0.14
-0.191,0.14
-0.191,0.14
-0.191,0.14
-0.191,0.14
-0.191,0.14
-0.191,0.14
-0.191,0.14
-0.191,0.14
-0.191,0.14
-0.191,0.14
-0.191,0.14
-0.191,0.14
-0.191,0.14
-0.191,0.14
-0.191,0.14
-0.191,0.14
-0.191,0.14
-0.191,0.14
-0.191,0.14
-0.191,0.14
-0.191,0.14
-0.191,0.14
-0.191,0.14
-0.191,0.14
-0.191,0.14
-0.191,0.14
-0.191,0.14
-0.191,0.14
-0.191,0.14
-0.191,0.14
-0.191,0.14
-0.191,0.14
-0.191,0.14
-0.191,0.14
-0.191,0.14
-0.191,0.14
-0.191,0.14
-0.191,0.14
-0.191,0.14
-0.191,0.14
-0.191,0.14
-0.191,0.14
-0.191,0.14
-0.191,0.14
-0.191,0.14
-0.191,0.14
-0.191,0.14
-0.191,0.14
-0.191,0.14
-0.191,0.14
-0.191,0.14
-0.191,0.14
-0.191,0.14
-0.191,0.14
-0.191,0.14
-0.191,0.14
-0.191,0.14
-0.191,0.14
-0.191,0.14
-0.191,0.14
-0.191,0.14
-0.191,0.14
-0.191,0.14
-0.191,0.14
-0.191,0.14
-0.191,0.14
-0.191,0.14
-0.191,0.14
-0.191,0.14
-0.191,0.14
-0.191,0.14
-0.191,0.14
-0.191,0.14
-0.191,0.14
-0.191,0.14
-0.191,0.14
-0.191,0.14
-0.191,0.14
-0.191,0.14
-0.191,0.125
-0.191,0.093
-0.191,0.093
-0.191,0.085
-0.191,0.085
-0.191,0.085
-0.191,0.085
-0.191,0.077
-0.191,0.077
-0.191,0.054
-0.191,0.014
-0.191,0.014
-0.191,0.006
-0.191,0.0
-0.191,0.0
-0.191,0.0
-0.191,0.0
-0.191,0.0
-0.191,0.0
-0.191,0.0
-0.191,0.0
-0.191,0.0
-0.191,0.0
-0.191,0.0
-0.191,0.0
-0.191,0.0
-0.191,0.0
-0.191,0.0
-0.191,0.0
-0.191,0.0
-0.191,0.0
-0.191,0.0
-0.191,0.0
-0.191,0.0
-0.191,0.0
-0.191,0.0
-0.191,0.0
-0.191,0.0
-0.191,0.0
-0.191,0.0
-0.191,0.0
-0.191,0.0
-0.191,0.0
-0.191,0.0
-0.191,0.0
-0.191,0.0
-0.191,0.0
-0.191,0.0
-0.191,0.0
-0.191,0.0
-0.191,0.0
-0.191,0.0
-0.191,0.0
-0.191,0.0
-0.191,0.0
-0.191,0.0
-0.191,0.0
-0.191,0.0
-0.191,0.0
-0.191,0.0
-0.191,0.0
-0.191,0.0
-0.191,0.0
-0.191,0.0
-0.191,0.0
-0.191,0.0
-0.191,0.0
-0.191,0.0
-0.191,0.0
-0.191,0.0
-0.191,0.0
-0.191,0.0
-0.191,0.0
-0.191,0.0
-0.191,0.0
-0.191,0.0
-0.191,0.0
-0.191,0.0
-0.191,0.0
-0.191,0.0
-0.215,0.038
-0.263,0.14
-0.279,0.14
-0.287,0.156
-0.311,0.164
-0.335,0.235
-0.375,0.243
-0.407,0.243
-0.431,0.267
-0.455,0.346
-0.455,0.432
-0.455,0.488
-0.455,0.495
-0.471,0.495
-0.471,0.503
-0.495,0.511
-0.495,0.527
-0.519,0.527
-0.527,0.527
-0.543,0.527
-0.543,0.527
-0.551,0.535
-0.575,0.574
-0.591,0.614
-0.591,0.606
-0.591,0.645
-0.599,0.645
-0.599,0.677
-0.599,0.724
-0.615,0.732
-0.631,0.701
-0.639,0.724
-0.639,0.732
-0.663,0.732
-0.639,0.732
-0.639,0.732
-0.639,0.732
-0.639,0.732
-0.663,0.732
-0.663,0.732
-0.663,0.732
-0.663,0.732
-0.663,0.732
-0.663,0.74
-0.679,0.74
-0.687,0.74
-0.687,0.74
-0.687,0.756
-0.687,0.756
-0.687,0.756
-0.687,0.764
-0.687,0.764
-0.687,0.764
-0.687,0.764
-0.687,0.74
-0.687,0.74
-0.687,0.764
-0.687,0.764
-0.687,0.764
-0.687,0.764
-0.687,0.764
-0.703,0.764
-0.703,0.764
-0.703,0.764
-0.703,0.764
-0.703,0.764
-0.703,0.764
-0.703,0.764
-0.703,0.764
-0.703,0.764
-0.703,0.764
-0.703,0.772
-0.703,0.772
-0.703,0.772
-0.703,0.772
-0.703,0.772
-0.703,0.772
-0.703,0.772
-0.703,0.772
-0.703,0.772
-0.703,0.772
-0.703,0.772
-0.703,0.772
-0.703,0.772
-0.703,0.795
-0.703,0.835
-0.703,0.851
-0.679,0.851
-0.655,0.851
-0.639,0.851
-0.631,0.866
-0.631,0.866
-0.631,0.866
-0.631,0.866
-0.655,0.866
-0.655,0.866
-0.655,0.866
-0.655,0.866
-0.655,0.866
-0.655,0.866
-0.655,0.866
-0.655,0.866
-0.655,0.866
-0.655,0.866
-0.655,0.866
-0.655,0.866
-0.655,0.866
-0.655,0.866
-0.655,0.866
-0.655,0.866
-0.655,0.874
-0.655,0.922
-0.655,0.929
-0.655,0.929
-0.655,0.929
-0.655,0.929
-0.655,0.929
-0.655,0.929
-0.655,0.929
-0.655,0.929
-0.655,0.945
-0.655,0.914
-0.655,0.866
-0.655,0.835
-0.655,0.811
-0.655,0.843
-0.655,0.835
-0.655,0.803
-0.655,0.78
-0.631,0.772
-0.631,0.756
-0.631,0.772
-0.631,0.772
-0.631,0.74
-0.631,0.732
-0.655,0.732
-0.655,0.732
-0.655,0.732
-0.655,0.732
-0.655,0.732
-0.655,0.732
-0.655,0.732
-0.655,0.732
-0.655,0.732
-0.655,0.732
-0.655,0.732
-0.655,0.732
-0.655,0.732
-0.655,0.732
-0.655,0.732
-0.655,0.732
-0.655,0.732
-0.655,0.732
-0.655,0.732
-0.655,0.732
-0.655,0.732
-0.655,0.732
-0.655,0.732
-0.655,0.732
-0.655,0.732
-0.655,0.732
-0.655,0.732
-0.655,0.732
-0.655,0.732
-0.655,0.732
-0.655,0.732
-0.655,0.732
-0.655,0.732
-0.655,0.732
-0.655,0.732
-0.655,0.732
-0.655,0.732
-0.655,0.732
-0.655,0.732
-0.655,0.732
-0.655,0.732
-0.655,0.732
-0.655,0.732
-0.655,0.732
-0.655,0.732
-0.655,0.732
-0.655,0.732
-0.655,0.732
-0.655,0.732
-0.655,0.732
-0.655,0.732
-0.655,0.732
-0.655,0.795
-0.655,0.811
-0.655,0.874
-0.631,0.914
-0.631,0.914
-0.631,0.914
-0.631,0.914
-0.631,0.914
-0.631,0.914
-0.631,0.914
-0.631,0.914
-0.631,0.914
-0.631,0.914
-0.631,0.914
-0.631,0.914
-0.631,0.914
-0.631,0.914
-0.631,0.914
-0.631,0.914
-0.631,0.914
-0.631,0.914
-0.631,0.914
-0.631,0.914
-0.631,0.914
-0.631,0.914
-0.631,0.914
-0.631,0.914
-0.631,0.914
-0.631,0.914
-0.631,0.914
-0.631,0.914
-0.631,0.914
-0.631,0.914
-0.631,0.914
-0.631,0.914
-0.631,0.914
-0.631,0.914
-0.631,0.914
-0.631,0.914
-0.631,0.914
-0.631,0.914
-0.631,0.914
-0.631,0.914
-0.631,0.914
-0.631,0.914
-0.631,0.914
-0.599,0.914
-0.591,0.914
-0.575,0.914
-0.567,0.914
-0.527,0.914
-0.503,0.914
-0.503,0.914
-0.503,0.914
-0.495,0.914
-0.495,0.914
-0.495,0.914
-0.495,0.914
-0.495,0.914
-0.495,0.914
-0.479,0.914
-0.503,0.914
-0.503,0.914
-0.503,0.914
-0.503,0.914
-0.479,0.914
-0.479,0.914
-0.479,0.914
-0.479,0.914
-0.479,0.914
-0.479,0.914
-0.479,0.914
-0.479,0.914
-0.471,0.914
-0.455,0.914
-0.455,0.914
-0.455,0.914
-0.455,0.914
-0.455,0.914
-0.455,0.914
-0.455,0.914
-0.455,0.914
-0.455,0.914
-0.455,0.914
-0.455,0.914
-0.455,0.914
-0.455,0.914
-0.455,0.914
-0.455,0.914
-0.455,0.914
-0.455,0.914
-0.455,0.914
-0.455,0.914
-0.455,0.914
-0.447,0.914
-0.471,0.914
-0.471,0.914
-0.471,0.914
-0.471,0.914
-0.471,0.914
-0.471,0.914
-0.471,0.914
-0.447,0.914
-0.431,0.914
-0.431,0.914
-0.407,0.914
-0.407,0.914
-0.407,0.914
-0.407,0.914
-0.407,0.914
-0.407,0.914
-0.407,0.914
-0.407,0.914
-0.407,0.914
-0.407,0.914
-0.407,0.914
-0.407,0.914
-0.407,0.914
-0.407,0.914
-0.407,0.914
-0.407,0.914
-0.407,0.914
-0.407,0.914
-0.407,0.914
-0.407,0.914
-0.407,0.914
-0.407,0.914
-0.407,0.914
-0.407,0.914
-0.407,0.914
-0.407,0.914
-0.407,0.914
-0.407,0.914
-0.407,0.914
-0.407,0.914
-0.407,0.914
-0.407,0.914
-0.407,0.914
-0.407,0.914
-0.407,0.914
-0.407,0.914
-0.407,0.914
-0.407,0.914
-0.407,0.914
-0.407,0.914
-0.407,0.914
-0.407,0.914
-0.407,0.914
-0.407,0.914
-0.407,0.914
-0.407,0.914
-0.407,0.914
-0.407,0.914
-0.407,0.914
-0.407,0.914
-0.407,0.914
-0.407,0.914
-0.407,0.914
-0.407,0.914
-0.407,0.914
-0.407,0.914
-0.407,0.914
-0.407,0.914
-0.407,0.914
-0.407,0.914
-0.407,0.914
-0.407,0.914
-0.407,0.914
-0.407,0.914
-0.407,0.914
-0.407,0.914
-0.407,0.914
-0.407,0.914
-0.407,0.914
-0.407,0.914
-0.407,0.914
-0.407,0.914
-0.407,0.914
-0.407,0.914
-0.407,0.914
-0.407,0.914
-0.407,0.914
-0.407,0.914
-0.407,0.914
-0.407,0.914
-0.407,0.914
-0.407,0.914
-0.407,0.914
-0.407,0.914
-0.407,0.914
-0.407,0.914
-0.407,0.914
-0.407,0.914
-0.447,0.914
-0.471,0.914
-0.471,0.914
-0.479,0.89
-0.479,0.89
-0.479,0.89
-0.495,0.89
-0.495,0.89
-0.503,0.89
-0.503,0.89
-0.527,0.89
-0.527,0.89
-0.527,0.89
-0.567,0.89
-0.567,0.866
-0.575,0.827
-0.575,0.803
-0.551,0.803
-0.575,0.795
-0.575,0.78
-0.575,0.78
-0.575,0.803
-0.591,0.803
-0.567,0.803
-0.567,0.78
-0.567,0.78
-0.567,0.78
-0.567,0.78
-0.567,0.78
-0.567,0.78
-0.567,0.78
-0.567,0.78
-0.567,0.78
-0.567,0.78
-0.567,0.78
-0.567,0.78
-0.567,0.78
-0.567,0.78
-0.567,0.78
-0.567,0.78
-0.551,0.78
-0.551,0.78
-0.543,0.78
-0.543,0.78
-0.543,0.78
-0.543,0.78
-0.543,0.78
-0.527,0.78
-0.527,0.78
-0.527,0.78
-0.527,0.78
-0.527,0.78
-0.527,0.78
-0.527,0.78
-0.527,0.78
-0.527,0.78
-0.527,0.78
-0.527,0.78
-0.527,0.78
-0.503,0.78
-0.495,0.78
-0.471,0.78
-0.471,0.78
-0.455,0.78
-0.479,0.78
-0.455,0.78
-0.471,0.772
-0.447,0.732
-0.431,0.716
-0.431,0.685
-0.431,0.716
-0.431,0.685
-0.431,0.685
-0.431,0.685
-0.431,0.701
-0.431,0.661
-0.431,0.677
-0.431,0.685
-0.431,0.677
-0.423,0.677
-0.423,0.653
-0.407,0.645
-0.407,0.638
-0.407,0.638
-0.407,0.638
-0.407,0.638
-0.407,0.638
-0.407,0.638
-0.407,0.638
-0.503,0.661
-0.567,0.701
-0.631,0.74
-0.631,0.795
-0.639,0.827
-0.679,0.803
-0.711,0.843
-0.735,0.851
-0.775,0.866
-0.823,0.843
-0.831,0.843
-0.831,0.843
-0.831,0.843
-0.831,0.843
-0.831,0.843
-0.831,0.843
-0.831,0.843
-0.831,0.843
-0.831,0.866
-0.831,0.866
-0.831,0.866
-0.831,0.874
-0.799,0.874
-0.799,0.882
-0.783,0.906
-0.775,0.953
-0.775,0.985
-0.775,0.993
-0.775,0.993
-0.775,0.993
-0.775,0.993
-0.775,0.993
-0.775,0.993
-0.775,0.993
-0.775,0.993
-0.775,0.993
-0.775,0.993
-0.775,0.993
-0.775,0.993
-0.775,0.993
-0.775,0.993
-0.775,0.993
-0.775,0.993
-0.775,0.993
-0.775,0.993
-0.775,0.993
-0.775,0.993
-0.775,0.993
-0.775,0.993
-0.775,0.993
-0.775,0.993
-0.775,0.993
-0.775,0.993
-0.775,0.993
-0.775,0.993
-0.775,0.993
-0.775,0.993
-0.775,0.993
-0.775,0.993
-0.775,0.993
-0.775,0.993
-0.807,0.993
-0.823,0.993
-0.823,0.993
-0.847,0.993
-0.847,0.993
-0.847,0.993
-0.847,0.993
-0.847,0.993
-0.855,0.993
-0.855,0.993
-0.855,0.993
-0.855,0.993
-0.831,0.993
-0.831,0.993
-0.855,0.993
-0.871,0.993
-0.879,0.993
-0.903,0.993
-0.903,0.993
-0.903,0.993
-0.903,0.993
-0.903,0.993
-0.903,0.993
-0.903,0.993
-0.903,0.993
-0.903,0.993
-0.903,0.993
-0.903,0.993
-0.903,0.993
-0.903,0.993
-0.831,0.993
-0.807,0.993
-0.799,0.993
-0.783,0.993
-0.783,0.993
-0.783,0.993
-0.783,0.993
-0.783,0.993
-0.775,0.993
-0.775,0.945
-0.759,0.882
-0.759,0.882
-0.759,0.882
-0.759,0.882
-0.759,0.882
-0.759,0.882
-0.759,0.882
-0.751,0.882
-0.735,0.882
-0.703,0.882
-0.655,0.882
-0.591,0.882
-0.591,0.874
-0.591,0.874
-0.591,0.835
-0.591,0.827
-0.591,0.811
-0.591,0.772
-0.591,0.764
-0.591,0.764
-0.591,0.764
-0.591,0.74
-0.591,0.756
-0.591,0.716
-0.591,0.701
-0.591,0.724
-0.591,0.701
-0.591,0.701
-0.591,0.693
-0.591,0.661
-0.591,0.653
-0.591,0.653
-0.591,0.677
-0.591,0.645
-0.591,0.638
-0.591,0.653
-0.591,0.622
-0.591,0.653
-0.591,0.645
-0.591,0.622
-0.591,0.614
-0.591,0.638
-0.591,0.606
-0.591,0.582
-0.591,0.582
-0.591,0.606
-0.591,0.606
-0.591,0.59
-0.591,0.614
-0.591,0.622
-0.591,0.59
-0.591,0.59
-0.591,0.614
-0.591,0.614
-0.591,0.614
-0.591,0.614
-0.591,0.614
-0.591,0.614
-0.591,0.614
-0.591,0.614
-0.591,0.614
-0.591,0.614
-0.591,0.614
-0.591,0.614
-0.591,0.614
-0.591,0.614
-0.591,0.614
-0.591,0.614
-0.591,0.614
-0.591,0.614
-0.591,0.614
-0.591,0.614
-0.591,0.614
-0.591,0.614
-0.591,0.614
-0.591,0.614
-0.591,0.614
-0.591,0.614
-0.591,0.614
-0.591,0.614
-0.591,0.614
-0.591,0.614
-0.591,0.614
-0.591,0.614
-0.591,0.614
-0.591,0.614
-0.591,0.614
-0.591,0.614
-0.591,0.614
-0.591,0.614
-0.591,0.614
-0.591,0.614
-0.591,0.614
-0.591,0.614
-0.591,0.614
-0.591,0.614
-0.591,0.614
-0.591,0.59
-0.591,0.614
-0.591,0.614
-0.591,0.614
-0.591,0.614
-0.591,0.614
-0.591,0.614
-0.591,0.614
-0.591,0.614
-0.591,0.614
-0.591,0.614
-0.591,0.622
-0.591,0.638
-0.591,0.645
-0.591,0.661
-0.591,0.677
-0.591,0.653
-0.591,0.653
-0.591,0.685
-0.591,0.693
-0.591,0.661
-0.591,0.661
-0.591,0.677
-0.591,0.685
-0.591,0.661
-0.591,0.661
-0.591,0.677
-0.591,0.693
-0.591,0.693
-0.591,0.701
-0.591,0.701
-0.591,0.677
-0.591,0.701
-0.591,0.701
-0.591,0.701
-0.591,0.701
-0.591,0.677
-0.591,0.693
-0.591,0.701
-0.591,0.701
-0.591,0.701
-0.591,0.701
-0.591,0.701
-0.591,0.701
-0.591,0.701
-0.591,0.701
-0.591,0.701
-0.591,0.701
-0.591,0.701
-0.591,0.701
-0.591,0.701
-0.591,0.701
-0.591,0.701
-0.591,0.701
-0.591,0.701
-0.591,0.701
-0.591,0.701
-0.591,0.701
-0.591,0.701
-0.591,0.701
-0.591,0.701
-0.591,0.701
-0.591,0.701
-0.591,0.701
-0.591,0.701
-0.591,0.701
-0.591,0.701
-0.591,0.701
-0.591,0.701
-0.591,0.701
-0.591,0.701
-0.591,0.701
-0.591,0.701
-0.591,0.701
-0.591,0.701
-0.591,0.701
-0.591,0.701
-0.591,0.701
-0.591,0.701
-0.591,0.701
-0.591,0.701
-0.591,0.701
-0.591,0.701
-0.591,0.701
-0.591,0.701
-0.591,0.701
-0.591,0.701
-0.591,0.701
-0.591,0.701
-0.591,0.701
-0.591,0.701
-0.591,0.701
-0.591,0.701
-0.591,0.701
-0.591,0.701
-0.591,0.701
-0.591,0.701
-0.591,0.701
-0.591,0.701
-0.591,0.701
-0.591,0.701
-0.591,0.701
-0.591,0.701
-0.591,0.638
-0.591,0.653
-0.591,0.638
-0.591,0.638
-0.591,0.638
-0.591,0.638
-0.591,0.614
-0.591,0.614
-0.591,0.582
-0.591,0.582
-0.591,0.606
-0.591,0.606
-0.591,0.606
-0.591,0.606
-0.591,0.606
-0.591,0.606
-0.591,0.606
-0.591,0.582
-0.591,0.582
-0.591,0.582
-0.591,0.582
-0.591,0.582
-0.591,0.582
-0.591,0.582
-0.591,0.582
-0.591,0.582
-0.591,0.582
-0.591,0.582
-0.591,0.606
-0.591,0.606
-0.591,0.606
-0.591,0.606
-0.591,0.606
-0.591,0.606
-0.591,0.606
-0.591,0.606
-0.591,0.606
-0.591,0.606
-0.591,0.606
-0.591,0.606
-0.591,0.606
-0.591,0.606
-0.591,0.606
-0.591,0.606
-0.591,0.606
-0.591,0.606
-0.591,0.606
-0.591,0.606
-0.591,0.606
-0.591,0.606
-0.591,0.606
-0.591,0.606
-0.591,0.606
-0.591,0.606
-0.591,0.606
-0.591,0.606
-0.591,0.606
-0.591,0.606
-0.591,0.606
-0.591,0.574
-0.591,0.574
-0.591,0.574
-0.591,0.543
-0.591,0.535
-0.575,0.567
-0.575,0.543
-0.567,0.543
-0.543,0.543
-0.519,0.543
-0.503,0.543
-0.479,0.543
-0.471,0.543
-0.471,0.543
-0.471,0.543
-0.455,0.543
-0.455,0.543
-0.455,0.543
-0.455,0.543
-0.455,0.543
-0.455,0.543
-0.479,0.543
-0.455,0.543
-0.455,0.543
-0.455,0.527
-0.455,0.527
-0.455,0.543
-0.455,0.543
-0.455,0.543
-0.455,0.543
-0.447,0.543
-0.407,0.543
-0.407,0.543
-0.407,0.543
-0.407,0.574
-0.407,0.582
-0.479,0.59
-0.575,0.622
-0.615,0.772
-0.663,0.78
-0.703,0.78
-0.735,0.74
-0.735,0.661
-0.751,0.693
-0.759,0.653
-0.783,0.645
-0.799,0.653
-0.799,0.645
-0.799,0.645
-0.799,0.645
-0.799,0.677
-0.807,0.677
-0.807,0.677
-0.807,0.677
-0.807,0.677
-0.807,0.677
-0.807,0.677
-0.807,0.677
-0.807,0.677
-0.807,0.677
-0.807,0.677
-0.807,0.677
-0.807,0.677
-0.807,0.677
-0.807,0.677
-0.807,0.677
-0.807,0.677
-0.807,0.677
-0.807,0.677
-0.807,0.677
-0.807,0.677
-0.807,0.677
-0.807,0.677
-0.807,0.677
-0.807,0.677
-0.807,0.677
-0.783,0.677
-0.735,0.677
-0.679,0.677
-0.663,0.677
-0.655,0.677
-0.655,0.677
-0.639,0.677
-0.639,0.677
-0.639,0.677
-0.639,0.677
-0.639,0.677
-0.639,0.677
-0.639,0.677
-0.631,0.677
-0.631,0.677
-0.631,0.677
-0.615,0.677
-0.599,0.677
-0.591,0.677
-0.567,0.677
-0.567,0.677
-0.551,0.677
-0.551,0.677
-0.551,0.677
-0.543,0.677
-0.543,0.677
-0.543,0.677
-0.543,0.677
-0.543,0.677
-0.519,0.677
-0.503,0.677
-0.503,0.677
-0.503,0.677
-0.503,0.653
-0.503,0.653
-0.503,0.653
-0.503,0.653
-0.503,0.653
-0.503,0.653
-0.503,0.653
-0.503,0.677
-0.575,0.653
-0.599,0.645
-0.687,0.645
-0.687,0.606
-0.687,0.606
-0.687,0.59
-0.687,0.622
-0.687,0.59
-0.687,0.59
-0.687,0.622
-0.687,0.614
-0.687,0.582
-0.687,0.567
-0.687,0.59
-0.687,0.551
-0.687,0.551
-0.687,0.567
-0.687,0.574
-0.687,0.551
-0.687,0.567
-0.687,0.567
-0.687,0.567
-0.687,0.574
-0.687,0.574
-0.687,0.574
-0.687,0.543
-0.687,0.567
-0.687,0.543
-0.687,0.543
-0.687,0.567
-0.687,0.535
-0.687,0.535
-0.687,0.535
-0.663,0.567
-0.679,0.567
-0.679,0.567
-0.679,0.567
-0.679,0.567
-0.679,0.567
-0.639,0.567
-0.631,0.535
-0.615,0.551
-0.599,0.527
-0.591,0.535
-0.591,0.503
-0.575,0.488
-0.575,0.488
-0.575,0.488
-0.575,0.472
-0.575,0.44
-0.575,0.432
-0.575,0.432
-0.575,0.417
-0.551,0.393
-0.543,0.417
-0.471,0.393
-0.455,0.385
-0.479,0.377
-0.455,0.377
-0.455,0.353
-0.455,0.29
-0.447,0.211
-0.447,0.196
-0.431,0.196
-0.455,0.196
-0.455,0.196
-0.455,0.196
-0.455,0.196
-0.455,0.196
-0.455,0.196
-0.455,0.196
-0.455,0.196
-0.455,0.196
-0.455,0.196
-0.455,0.196
-0.455,0.227
-0.455,0.235
-0.455,0.243
-0.455,0.243
-0.455,0.243
-0.455,0.243
-0.455,0.243
-0.455,0.243
-0.455,0.243
-0.455,0.243
-0.455,0.243
-0.455,0.243
-0.455,0.243
-0.455,0.243
-0.455,0.243
-0.455,0.243
-0.455,0.243
-0.455,0.243
-0.455,0.243
-0.455,0.243
-0.455,0.243
-0.455,0.243
-0.455,0.243
-0.455,0.243
-0.455,0.243
-0.455,0.243
-0.431,0.243
-0.431,0.243
-0.431,0.243
-0.431,0.243
-0.431,0.243
-0.431,0.243
-0.431,0.243
-0.431,0.243
-0.431,0.243
-0.431,0.243
-0.431,0.243
-0.431,0.243
-0.431,0.243
-0.431,0.243
-0.431,0.243
-0.431,0.243
-0.431,0.243
-0.431,0.243
-0.431,0.243
-0.431,0.243
-0.431,0.243
-0.431,0.243
-0.431,0.243
-0.423,0.243
-0.423,0.243
-0.423,0.243
-0.423,0.243
-0.423,0.243
-0.423,0.243
-0.423,0.243
-0.423,0.243
-0.423,0.243
-0.407,0.243
-0.407,0.243
-0.407,0.243
-0.407,0.243
-0.407,0.243
-0.407,0.243
-0.407,0.243
-0.407,0.243
-0.407,0.243
-0.407,0.243
-0.407,0.243
-0.431,0.243
-0.431,0.243
-0.407,0.243
-0.407,0.243
-0.407,0.243
-0.407,0.243
-0.407,0.243
-0.407,0.243
-0.407,0.243
-0.407,0.243
-0.407,0.243
-0.407,0.243
-0.407,0.243
-0.407,0.243
-0.407,0.243
-0.407,0.243
-0.407,0.243
-0.407,0.243
-0.407,0.243
-0.407,0.243
-0.407,0.243
-0.407,0.243
-0.431,0.243
-0.431,0.243
-0.431,0.243
-0.431,0.267
-0.431,0.275
-0.431,0.275
-0.431,0.275
-0.431,0.275
-0.431,0.275
-0.431,0.275
-0.431,0.275
-0.431,0.275
-0.431,0.275
-0.431,0.275
-0.431,0.275
-0.431,0.275
-0.431,0.275
-0.431,0.275
-0.431,0.275
-0.431,0.275
-0.407,0.275
-0.407,0.275
-0.407,0.275
-0.407,0.275
-0.407,0.275
-0.407,0.275
-0.407,0.243
-0.407,0.211
-0.399,0.196
-0.399,0.188
-0.375,0.188
-0.359,0.188
-0.335,0.188
-0.327,0.164
-0.327,0.164
-0.327,0.156
-0.327,0.133
-0.327,0.117
-0.327,0.117
-0.327,0.117
-0.327,0.101
-0.327,0.101
-0.327,0.101
-0.327,0.101
-0.327,0.101
-0.327,0.101
-0.327,0.101
-0.327,0.101
-0.327,0.101
-0.327,0.101
-0.327,0.101
-0.327,0.101
-0.311,0.133
-0.311,0.164
-0.303,0.164
-0.303,0.172
-0.303,0.188
-0.303,0.196
-0.303,0.196
-0.303,0.196
-0.303,0.196
-0.303,0.196
-0.303,0.204
-0.303,0.227
-0.303,0.235
-0.303,0.243
-0.303,0.243
-0.303,0.243
-0.303,0.243
-0.303,0.243
-0.303,0.243
-0.303,0.243
-0.303,0.243
-0.303,0.243
-0.303,0.251
-0.303,0.251
-0.303,0.251
-0.303,0.251
-0.303,0.251
-0.303,0.251
-0.303,0.251
-0.303,0.251
-0.303,0.251
-0.303,0.251
-0.303,0.251
-0.303,0.251
-0.303,0.251
-0.303,0.251
-0.303,0.251
-0.303,0.251
-0.303,0.251
-0.303,0.251
-0.303,0.251
-0.303,0.251
-0.303,0.251
-0.303,0.251
-0.303,0.251
-0.303,0.251
-0.303,0.251
-0.303,0.251
-0.303,0.251
-0.303,0.251
-0.303,0.251
-0.303,0.251
-0.303,0.251
-0.303,0.251
-0.303,0.251
-0.303,0.251
-0.303,0.251
-0.327,0.251
-0.327,0.251
-0.359,0.251
-0.375,0.251
-0.375,0.251
-0.383,0.251
-0.383,0.251
-0.383,0.251
-0.383,0.251
-0.383,0.251
-0.383,0.251
-0.383,0.251
-0.383,0.251
-0.383,0.251
-0.383,0.251
-0.383,0.251
-0.383,0.251
-0.383,0.251
-0.383,0.251
-0.383,0.251
-0.383,0.251
-0.383,0.251
-0.383,0.251
-0.383,0.251
-0.383,0.251
-0.383,0.251
-0.383,0.251
-0.383,0.251
-0.383,0.251
-0.383,0.251
-0.383,0.251
-0.383,0.251
-0.383,0.251
-0.383,0.251
-0.383,0.251
-0.383,0.251
-0.383,0.251
-0.383,0.251
-0.383,0.251
-0.383,0.251
-0.383,0.251
-0.383,0.251
-0.383,0.251
-0.383,0.251
-0.383,0.251
-0.383,0.251
-0.383,0.251
-0.383,0.251
-0.383,0.251
-0.383,0.251
-0.383,0.251
-0.383,0.251
-0.383,0.251
-0.383,0.251
-0.383,0.251
-0.383,0.251
-0.383,0.251
-0.383,0.251
-0.383,0.251
-0.383,0.251
-0.383,0.251
-0.383,0.251
-0.383,0.251
-0.383,0.251
-0.383,0.251
-0.383,0.251
-0.383,0.251
-0.383,0.251
-0.383,0.251
-0.383,0.251
-0.383,0.251
-0.383,0.251
-0.383,0.251
-0.383,0.251
-0.383,0.251
-0.383,0.251
-0.383,0.251
-0.383,0.251
-0.383,0.251
-0.383,0.251
-0.383,0.251
-0.383,0.251
-0.383,0.251
-0.383,0.251
-0.383,0.251
-0.383,0.251
-0.383,0.251
-0.383,0.251
-0.383,0.251
-0.383,0.251
-0.383,0.251
-0.383,0.251
-0.383,0.251
-0.383,0.251
-0.383,0.251
-0.383,0.251
-0.383,0.251
-0.383,0.251
-0.383,0.251
-0.383,0.251
-0.383,0.251
-0.383,0.251
-0.383,0.251
-0.383,0.251
-0.383,0.251
-0.383,0.251
-0.383,0.251
-0.383,0.251
-0.383,0.251
-0.383,0.251
-0.383,0.251
-0.383,0.251
-0.383,0.251
-0.383,0.251
-0.383,0.251
-0.383,0.251
-0.383,0.251
-0.383,0.251
-0.383,0.251
-0.383,0.251
-0.383,0.251
-0.383,0.251
-0.383,0.251
-0.383,0.251
-0.383,0.251
-0.383,0.251
-0.383,0.251
-0.383,0.251
-0.383,0.251
-0.383,0.251
-0.383,0.251
-0.383,0.251
-0.383,0.251
-0.383,0.251
-0.383,0.251
-0.383,0.251
-0.383,0.251
-0.383,0.251
-0.383,0.251
-0.383,0.251
-0.383,0.251
-0.383,0.251
-0.383,0.251
-0.383,0.251
-0.383,0.251
-0.383,0.251
-0.383,0.251
-0.383,0.251
-0.383,0.251
-0.383,0.251
-0.383,0.251
-0.383,0.251
-0.383,0.251
-0.383,0.251
-0.383,0.251
-0.383,0.251
-0.383,0.251
-0.383,0.251
-0.383,0.251
-0.383,0.251
-0.383,0.251
-0.383,0.251
-0.383,0.251
-0.383,0.251
-0.383,0.251
-0.383,0.251
-0.383,0.251
-0.383,0.251
-0.383,0.251
-0.383,0.251
-0.383,0.251
-0.383,0.251
-0.383,0.251
-0.383,0.251
-0.383,0.251
-0.383,0.251
-0.383,0.251
-0.383,0.251
-0.383,0.251
-0.383,0.251
-0.383,0.251
-0.383,0.251
-0.383,0.251
-0.383,0.251
-0.383,0.251
-0.383,0.251
-0.383,0.251
-0.383,0.251
-0.383,0.251
-0.383,0.251
-0.383,0.251
-0.383,0.251
-0.383,0.251
-0.383,0.251
-0.383,0.251
-0.383,0.251
-0.383,0.251
-0.383,0.251
-0.383,0.251
-0.383,0.251
-0.383,0.251
-0.383,0.251
-0.383,0.251
-0.383,0.251
-0.383,0.251
-0.383,0.251
-0.383,0.251
-0.383,0.251
-0.383,0.251
-0.383,0.251
-0.383,0.251
-0.383,0.251
-0.383,0.251
-0.359,0.251
-0.335,0.251
-0.335,0.251
-0.327,0.251
-0.327,0.251
-0.327,0.251
-0.327,0.251
-0.327,0.251
-0.327,0.251
-0.327,0.251
-0.327,0.251
-0.327,0.251
-0.327,0.251
-0.327,0.251
-0.327,0.251
-0.327,0.251
-0.327,0.251
-0.327,0.251
-0.327,0.251
-0.327,0.251
-0.327,0.251
-0.311,0.251
-0.311,0.251
-0.311,0.251
-0.311,0.251
-0.311,0.251
-0.311,0.251
-0.311,0.251
-0.303,0.251
-0.303,0.251
-0.303,0.251
-0.303,0.251
-0.303,0.251
-0.303,0.251
-0.303,0.251
-0.303,0.251
-0.303,0.251
-0.303,0.251
-0.303,0.251
-0.303,0.251
-0.303,0.251
-0.303,0.251
-0.303,0.251
-0.303,0.251
-0.287,0.251
-0.279,0.251
-0.287,0.251
-0.263,0.211
-0.263,0.188
-0.263,0.188
-0.263,0.172
-0.263,0.172
-0.263,0.172
-0.263,0.172
-0.263,0.172
-0.263,0.172
-0.263,0.172
-0.263,0.172
-0.263,0.172
-0.263,0.172
-0.263,0.164
-0.263,0.164
-0.263,0.164
-0.263,0.164
-0.263,0.164
-0.263,0.164
-0.263,0.164
-0.263,0.164
-0.263,0.164
-0.263,0.164
-0.263,0.156
-0.263,0.156
-0.263,0.156
-0.263,0.156
-0.263,0.156
-0.263,0.156
-0.263,0.156
-0.263,0.14
-0.263,0.14
-0.263,0.14
-0.263,0.14
-0.263,0.14
-0.263,0.14
-0.263,0.14
-0.263,0.14
-0.263,0.14
-0.263,0.14
-0.263,0.14
-0.263,0.14
-0.263,0.133
-0.263,0.133
-0.263,0.133
-0.263,0.133
-0.263,0.133
-0.263,0.133
-0.263,0.133
-0.263,0.133
-0.263,0.133
-0.263,0.133
-0.263,0.133
-0.263,0.133
-0.263,0.133
-0.263,0.133
-0.263,0.133
-0.263,0.133
-0.263,0.133
-0.263,0.133
-0.263,0.133
-0.263,0.133
-0.263,0.133
-0.263,0.133
-0.263,0.133
-0.263,0.133
-0.263,0.133
-0.263,0.133
-0.263,0.133
-0.263,0.133
-0.263,0.133
-0.263,0.133
-0.263,0.133
-0.263,0.133
-0.263,0.133
-0.263,0.133
-0.263,0.133
-0.263,0.133
-0.263,0.133
-0.263,0.133
-0.263,0.133
-0.263,0.133
-0.263,0.133
-0.263,0.133
-0.263,0.133
-0.263,0.133
-0.263,0.133
-0.263,0.133
-0.263,0.133
-0.263,0.133
-0.263,0.133
-0.263,0.133
-0.263,0.133
-0.263,0.133
-0.263,0.133
-0.263,0.133
-0.263,0.133
-0.263,0.133
-0.263,0.133
-0.263,0.133
-0.263,0.133
-0.263,0.133
-0.255,0.125
-0.239,0.125
-0.239,0.125
-0.223,0.125
-0.223,0.125
-0.215,0.125
-0.215,0.125
-0.215,0.125
-0.215,0.125
-0.215,0.125
-0.215,0.125
-0.215,0.125
-0.215,0.125
-0.215,0.125
-0.215,0.125
-0.215,0.125
-0.215,0.125
-0.215,0.125
-0.215,0.125
-0.215,0.125
-0.215,0.125
-0.215,0.125
-0.215,0.125
-0.215,0.125
-0.215,0.125
-0.215,0.125
-0.215,0.125
-0.215,0.125
-0.215,0.125
-0.215,0.125
-0.215,0.125
-0.215,0.125
-0.215,0.125
-0.215,0.125
-0.215,0.125
-0.215,0.125
-0.215,0.125
-0.215,0.125
-0.215,0.125
-0.215,0.125
-0.215,0.125
-0.215,0.125
-0.215,0.125
-0.215,0.125
-0.215,0.125
-0.215,0.125
-0.215,0.125
-0.215,0.125
-0.215,0.125
-0.215,0.125
-0.215,0.125
-0.215,0.125
-0.215,0.125
-0.215,0.125
-0.215,0.125
-0.215,0.125
-0.215,0.125
-0.215,0.125
-0.215,0.125
-0.215,0.125
-0.215,0.125
-0.215,0.125
-0.215,0.125
-0.215,0.125
-0.215,0.125
-0.215,0.125
-0.215,0.125
-0.215,0.125
-0.215,0.125
-0.215,0.125
-0.215,0.125
-0.215,0.125
-0.215,0.125
-0.215,0.125
-0.215,0.125
-0.215,0.125
-0.215,0.125
-0.215,0.125
-0.215,0.125
-0.215,0.125
-0.215,0.125
-0.215,0.125
-0.215,0.125
-0.215,0.125
-0.215,0.125
-0.215,0.125
-0.215,0.125
-0.215,0.125
-0.215,0.125
-0.215,0.125
-0.215,0.125
-0.215,0.125
-0.215,0.125
-0.215,0.125
-0.215,0.125
-0.215,0.125
-0.215,0.125
-0.215,0.125
-0.215,0.125
-0.215,0.125
-0.215,0.125
-0.215,0.125
-0.215,0.125
-0.215,0.125
-0.215,0.125
-0.215,0.125
-0.215,0.125
-0.215,0.125
-0.215,0.125
-0.215,0.125
-0.215,0.125
-0.215,0.125
-0.215,0.125
-0.215,0.125
-0.215,0.125
-0.215,0.125
-0.215,0.125
-0.215,0.125
-0.215,0.125
-0.215,0.125
-0.239,0.125
-0.239,0.125
-0.239,0.125
-0.239,0.117
-0.239,0.117
-0.239,0.117
-0.239,0.117
-0.239,0.117
-0.239,0.117
-0.239,0.117
-0.239,0.117
-0.239,0.117
-0.239,0.117
-0.239,0.117
-0.239,0.117
-0.239,0.117
-0.239,0.117
-0.239,0.117
-0.239,0.117
-0.239,0.117
-0.239,0.117
-0.239,0.117
-0.239,0.117
-0.239,0.117
-0.239,0.117
-0.239,0.117
-0.239,0.117
-0.239,0.117
-0.239,0.117
-0.239,0.117
-0.239,0.117
-0.239,0.117
-0.239,0.117
-0.239,0.117
-0.239,0.117
-0.239,0.117
-0.239,0.117
-0.239,0.117
-0.239,0.117
-0.239,0.117
-0.239,0.117
-0.239,0.117
-0.239,0.117
-0.239,0.117
-0.239,0.117
-0.239,0.117
-0.239,0.117
-0.239,0.117
-0.239,0.117
-0.239,0.117
-0.239,0.117
-0.239,0.117
-0.239,0.117
-0.239,0.117
-0.239,0.117
-0.239,0.117
-0.239,0.117
-0.239,0.117
-0.239,0.117
-0.239,0.117
-0.239,0.117
-0.239,0.117
-0.239,0.117
-0.239,0.117
-0.239,0.117
-0.239,0.117
-0.239,0.117
-0.239,0.117
-0.239,0.117
-0.239,0.117
-0.263,0.117
-0.303,0.117
-0.303,0.117
-0.311,0.117
-0.311,0.117
-0.311,0.117
-0.311,0.117
-0.311,0.117
-0.311,0.117
-0.311,0.117
-0.327,0.117
-0.327,0.117
-0.327,0.117
-0.327,0.117
-0.327,0.117
-0.327,0.117
-0.327,0.117
-0.327,0.117
-0.327,0.117
-0.327,0.117
-0.327,0.117
-0.327,0.117
-0.327,0.117
-0.327,0.117
-0.327,0.117
-0.327,0.117
-0.327,0.117
-0.327,0.117
-0.327,0.117
-0.327,0.117
-0.327,0.117
-0.327,0.117
-0.327,0.117
-0.327,0.117
-0.327,0.117
-0.327,0.117
-0.327,0.117
-0.327,0.117
-0.327,0.117
-0.327,0.117
-0.327,0.117
-0.327,0.117
-0.327,0.117
-0.327,0.117
-0.327,0.117
-0.327,0.188
-0.327,0.196
-0.327,0.196
-0.327,0.196
-0.327,0.204
-0.327,0.227
-0.327,0.227
-0.327,0.227
-0.327,0.235
-0.327,0.243
-0.327,0.243
-0.327,0.267
-0.327,0.29
-0.327,0.306
-0.359,0.306
-0.407,0.306
-0.447,0.306
-0.455,0.306
-0.455,0.306
-0.455,0.306
-0.455,0.306
-0.455,0.306
-0.455,0.306
-0.471,0.306
-0.471,0.314
-0.479,0.29
-0.479,0.29
-0.495,0.29
-0.495,0.29
-0.495,0.29
-0.495,0.29
-0.495,0.29
-0.495,0.29
-0.495,0.29
-0.495,0.29
-0.495,0.29
-0.495,0.29
-0.495,0.29
-0.495,0.29
-0.495,0.29
-0.495,0.29
-0.495,0.29
-0.495,0.29
-0.495,0.29
-0.495,0.29
-0.495,0.29
-0.495,0.29
-0.495,0.29
-0.495,0.29
-0.495,0.29
-0.495,0.29
-0.495,0.29
-0.495,0.29
-0.495,0.29
-0.495,0.29
-0.495,0.29
-0.495,0.29
-0.495,0.29
-0.495,0.29
-0.495,0.29
-0.495,0.29
-0.495,0.29
-0.495,0.29
-0.495,0.29
-0.495,0.29
-0.495,0.29
-0.495,0.29
-0.495,0.29
-0.495,0.29
-0.495,0.29
-0.495,0.29
-0.495,0.29
-0.495,0.29
-0.495,0.29
-0.495,0.29
-0.495,0.29
-0.495,0.29
-0.495,0.29
-0.495,0.29
-0.495,0.29
-0.495,0.29
-0.495,0.29
-0.495,0.29
-0.495,0.29
-0.495,0.29
-0.495,0.29
-0.495,0.29
-0.495,0.29
-0.495,0.29
-0.495,0.29
-0.495,0.29
-0.495,0.29
-0.495,0.29
-0.495,0.29
-0.495,0.29
-0.495,0.29
-0.495,0.29
-0.495,0.29
-0.495,0.29
-0.495,0.29
-0.495,0.29
-0.495,0.29
-0.495,0.29
-0.495,0.29
-0.495,0.29
-0.495,0.29
-0.495,0.29
-0.495,0.29
-0.495,0.29
-0.495,0.29
-0.495,0.29
-0.495,0.29
-0.495,0.29
-0.495,0.29
-0.495,0.29
-0.495,0.29
-0.495,0.29
-0.495,0.29
-0.495,0.29
-0.495,0.29
-0.495,0.29
-0.495,0.29
-0.495,0.29
-0.495,0.29
-0.495,0.29
-0.495,0.29
-0.495,0.29
-0.495,0.29
-0.471,0.29
-0.471,0.29
-0.471,0.29
-0.447,0.29
-0.447,0.29
-0.431,0.29
-0.431,0.29
-0.447,0.29
-0.423,0.29
-0.423,0.29
-0.423,0.29
-0.423,0.29
-0.423,0.29
-0.423,0.29
-0.407,0.29
-0.407,0.29
-0.407,0.29
-0.407,0.29
-0.407,0.29
-0.407,0.29
-0.407,0.29
-0.407,0.29
-0.399,0.29
-0.399,0.29
-0.399,0.29
-0.399,0.29
-0.399,0.29
-0.399,0.29
-0.383,0.29
-0.383,0.29
-0.383,0.29
-0.383,0.29
-0.383,0.29
-0.383,0.29
-0.399,0.29
-0.375,0.29
-0.375,0.29
-0.375,0.29
-0.375,0.29
-0.375,0.29
-0.375,0.29
-0.375,0.29
-0.375,0.29
-0.359,0.29
-0.359,0.29
-0.359,0.29
-0.375,0.29
-0.375,0.29
-0.351,0.29
-0.351,0.29
-0.335,0.29
-0.335,0.29
-0.327,0.29
-0.351,0.29
-0.327,0.29
-0.311,0.29
-0.311,0.29
-0.311,0.29
-0.303,0.29
-0.303,0.29
-0.287,0.29
-0.287,0.29
-0.287,0.29
-0.287,0.29
-0.287,0.29
-0.287,0.29
-0.287,0.29
-0.287,0.29
-0.287,0.29
-0.287,0.29
-0.287,0.29
-0.287,0.29
-0.287,0.29
-0.287,0.29
-0.287,0.267
-0.287,0.251
-0.287,0.243
-0.287,0.235
-0.311,0.227
-0.311,0.227
-0.311,0.235
-0.311,0.204
-0.311,0.196
-0.311,0.196
-0.311,0.188
-0.311,0.188
-0.311,0.188
-0.311,0.188
-0.311,0.188
-0.311,0.188
-0.287,0.188
-0.287,0.188
-0.279,0.172
-0.279,0.164
-0.223,0.164
-0.215,0.164
-0.215,0.164
-0.215,0.164
-0.215,0.14
-0.215,0.133
-0.215,0.133
-0.215,0.133
-0.199,0.125
-0.199,0.101
-0.191,0.101
-0.191,0.093
-0.191,0.093
-0.191,0.093
-0.191,0.093
-0.191,0.093
-0.191,0.085
-0.191,0.085
-0.191,0.077
-0.191,0.054
-0.191,0.046
-0.191,0.038
-0.191,0.038
-0.191,0.038
-0.191,0.038
-0.191,0.038
-0.175,0.038
-0.175,0.038
-0.167,0.038
-0.167,0.038
-0.167,0.038
-0.167,0.038
-0.167,0.038
-0.167,0.038
-0.167,0.038
-0.167,0.038
-0.167,0.038
-0.167,0.038
-0.167,0.038
-0.167,0.038
-0.167,0.038
-0.167,0.038
-0.167,0.038
-0.167,0.038
-0.167,0.038
-0.167,0.038
-0.167,0.038
-0.167,0.038
-0.167,0.038
-0.167,0.038
-0.167,0.038
-0.167,0.038
-0.167,0.038
-0.167,0.038
-0.167,0.038
-0.167,0.038
-0.167,0.038
-0.167,0.038
-0.167,0.038
-0.167,0.038
-0.167,0.038
-0.167,0.038
-0.167,0.038
-0.167,0.038
-0.167,0.038
-0.167,0.038
-0.167,0.038
-0.167,0.038
-0.167,0.038
-0.167,0.038
-0.167,0.038
-0.167,0.038
-0.167,0.038
-0.167,0.038
-0.167,0.038
-0.167,0.038
-0.167,0.038
-0.167,0.038
-0.167,0.038
-0.167,0.038
-0.167,0.038
-0.167,0.038
-0.167,0.038
-0.167,0.038
-0.167,0.038
-0.167,0.038
-0.167,0.038
-0.167,0.038
-0.167,0.038
-0.167,0.038
-0.167,0.038
-0.167,0.038
-0.167,0.038
-0.167,0.038
-0.167,0.038
-0.167,0.038
-0.167,0.038
-0.167,0.038
-0.167,0.038
-0.167,0.038
-0.167,0.038
-0.167,0.038
-0.167,0.038
-0.167,0.038
-0.167,0.038
-0.167,0.038
-0.167,0.038
-0.167,0.038
-0.167,0.038
-0.167,0.038
-0.167,0.038
-0.167,0.038
-0.167,0.038
-0.167,0.038
-0.167,0.038
-0.167,0.038
-0.167,0.038
-0.167,0.038
-0.167,0.038
-0.167,0.038
-0.167,0.038
-0.167,0.038
-0.167,0.038
-0.167,0.038
-0.167,0.038
-0.167,0.038
-0.167,0.038
-0.167,0.038
-0.167,0.038
-0.167,0.038
-0.167,0.038
-0.167,0.038
-0.167,0.038
-0.167,0.038
-0.167,0.038
-0.167,0.038
-0.167,0.038
-0.167,0.038
-0.167,0.038
-0.167,0.038
-0.167,0.038
-0.167,0.038
-0.167,0.038
-0.167,0.038
-0.167,0.038
-0.167,0.038
-0.167,0.077
-0.191,0.125
-0.239,0.172
-0.311,0.188
-0.351,0.196
-0.383,0.235
-0.399,0.243
-0.423,0.251
-0.447,0.251
-0.447,0.227
-0.447,0.196
-0.447,0.164
-0.447,0.133
-0.447,0.093
-0.447,0.054
-0.447,0.054
-0.455,0.054
-0.471,0.054
-0.471,0.054
-0.495,0.054
-0.519,0.054
-0.551,0.054
-0.591,0.054
-0.599,0.054
-0.631,0.125
-0.679,0.172
-0.703,0.188
-0.703,0.227
-0.703,0.235
-0.703,0.235
-0.703,0.243
-0.703,0.243
-0.679,0.164
-0.591,0.125
-0.527,0.077
-0.495,0.038
-0.447,0.014
-0.423,0.006
-0.423,0.006
-0.407,0.006
-0.399,0.006
-0.399,0.006
-0.399,0.006
-0.399,0.006
-0.399,0.006
-0.423,0.006
-0.423,0.006
-0.423,0.006
-0.423,0.006
-0.423,0.006
-0.423,0.006
-0.423,0.006
-0.423,0.006
-0.423,0.006
-0.423,0.038
-0.423,0.077
-0.423,0.093
-0.423,0.125
-0.423,0.14
-0.423,0.164
-0.423,0.172
-0.423,0.172
-0.423,0.172
-0.423,0.188
-0.423,0.188
-0.423,0.188
-0.423,0.188
-0.423,0.188
-0.423,0.188
-0.423,0.188
-0.423,0.188
-0.423,0.196
-0.423,0.196
-0.423,0.196
-0.423,0.204
-0.423,0.204
-0.423,0.211
-0.423,0.227
-0.423,0.235
-0.423,0.235
-0.423,0.235
-0.423,0.243
-0.423,0.267
-0.423,0.275
-0.423,0.275
-0.423,0.282
-0.431,0.282
-0.447,0.29
-0.455,0.29
-0.455,0.306
-0.471,0.306
-0.479,0.314
-0.479,0.322
-0.503,0.322
-0.503,0.338
-0.527,0.346
-0.543,0.346
-0.567,0.346
-0.567,0.346
-0.575,0.346
-0.575,0.346
-0.575,0.346
-0.575,0.346
-0.575,0.346
-0.575,0.346
-0.575,0.346
-0.591,0.346
-0.591,0.346
-0.591,0.346
-0.567,0.346
-0.567,0.346
-0.567,0.346
-0.567,0.346
-0.567,0.346
-0.567,0.346
-0.567,0.346
-0.567,0.346
-0.567,0.346
-0.567,0.346
-0.567,0.346
-0.567,0.346
-0.567,0.346
-0.567,0.346
-0.567,0.346
-0.567,0.346
-0.567,0.346
-0.567,0.346
-0.567,0.346
-0.567,0.346
-0.567,0.346
-0.567,0.346
-0.567,0.346
-0.567,0.346
-0.567,0.346
-0.567,0.346
-0.567,0.346
-0.567,0.346
-0.567,0.346
-0.567,0.346
-0.567,0.346
-0.567,0.346
-0.567,0.346
-0.551,0.346
-0.543,0.346
-0.543,0.346
-0.543,0.346
-0.543,0.346
-0.543,0.346
-0.527,0.346
-0.527,0.346
-0.503,0.346
-0.495,0.346
-0.479,0.346
-0.471,0.346
-0.471,0.346
-0.455,0.346
-0.455,0.346
-0.455,0.346
-0.455,0.346
-0.455,0.346
-0.455,0.346
-0.455,0.346
-0.455,0.346
-0.471,0.346
-0.455,0.346
-0.447,0.346
-0.431,0.346
-0.407,0.346
-0.407,0.346
-0.407,0.346
-0.407,0.346
-0.407,0.346
-0.407,0.346
-0.407,0.346
-0.399,0.346
-0.383,0.346
-0.375,0.346
-0.375,0.346
-0.335,0.346
-0.335,0.346
-0.327,0.346
-0.311,0.346
-0.303,0.346
-0.303,0.361
-0.303,0.361
-0.303,0.361
-0.303,0.361
-0.287,0.361
-0.287,0.361
-0.287,0.361
-0.279,0.361
-0.279,0.361
-0.279,0.361
-0.263,0.361
-0.263,0.361
-0.263,0.361
-0.263,0.361
-0.263,0.361
-0.263,0.361
-0.263,0.361
-0.263,0.361
-0.263,0.361
-0.263,0.361
-0.263,0.361
-0.263,0.361
-0.263,0.361
-0.263,0.361
-0.263,0.361
-0.263,0.361
-0.263,0.361
-0.263,0.361
-0.263,0.361
-0.263,0.361
-0.263,0.361
-0.263,0.361
-0.263,0.361
-0.263,0.361
-0.255,0.361
-0.255,0.361
-0.239,0.361
-0.239,0.361
-0.223,0.361
-0.223,0.361
-0.223,0.361
-0.223,0.361
-0.223,0.361
-0.223,0.361
-0.223,0.361
-0.223,0.361
-0.223,0.322
-0.223,0.346
-0.223,0.314
-0.215,0.338
-0.215,0.338
-0.215,0.306
-0.215,0.306
-0.215,0.306
-0.215,0.29
-0.199,0.29
-0.199,0.306
-0.191,0.306
-0.191,0.29
-0.175,0.306
-0.175,0.306
-0.167,0.306
-0.143,0.306
-0.143,0.282
-0.143,0.282
-0.127,0.275
-0.127,0.275
-0.127,0.267
-0.127,0.267
-0.127,0.267
-0.127,0.251
-0.127,0.243
-0.127,0.235
-0.127,0.235
-0.127,0.235
-0.127,0.235
-0.127,0.227
-0.127,0.227
-0.127,0.227
-0.127,0.227
-0.127,0.235
-0.127,0.211
-0.127,0.211
-0.127,0.211
-0.127,0.235
-0.127,0.235
-0.127,0.235
-0.127,0.235
-0.127,0.235
-0.127,0.235
-0.127,0.235
-0.127,0.235
-0.127,0.211
-0.127,0.211
-0.127,0.211
-0.127,0.211
-0.127,0.211
-0.127,0.211
-0.127,0.204
-0.127,0.204
-0.127,0.204
-0.127,0.204
-0.127,0.204
-0.127,0.204
-0.127,0.196
-0.127,0.196
-0.127,0.196
-0.127,0.196
-0.127,0.196
-0.127,0.196
-0.127,0.196
-0.127,0.196
-0.127,0.196
-0.127,0.243
-0.127,0.282
-0.127,0.306
-0.127,0.306
-0.127,0.322
-0.127,0.322
-0.127,0.346
-0.127,0.346
-0.127,0.346
-0.127,0.353
-0.127,0.353
-0.127,0.353
-0.127,0.353
-0.127,0.353
-0.127,0.353
-0.127,0.353
-0.127,0.353
-0.127,0.353
-0.127,0.353
-0.127,0.377
-0.127,0.377
-0.127,0.377
-0.127,0.385
-0.127,0.385
-0.127,0.385
-0.127,0.385
-0.127,0.385
-0.127,0.385
-0.127,0.385
-0.127,0.385
-0.127,0.385
-0.127,0.385
-0.127,0.385
-0.127,0.385
-0.127,0.385
-0.127,0.385
-0.127,0.385
-0.127,0.385
-0.127,0.361
-0.127,0.338
-0.127,0.322
-0.127,0.314
-0.127,0.306
-0.127,0.29
-0.127,0.282
-0.127,0.282
-0.127,0.282
-0.127,0.306
-0.127,0.282
-0.127,0.282
-0.127,0.282
-0.127,0.282
-0.127,0.282
-0.127,0.282
-0.127,0.282
-0.127,0.282
-0.127,0.282
-0.127,0.282
-0.127,0.275
-0.127,0.275
-0.127,0.267
-0.127,0.251
-0.127,0.282
-0.127,0.282
-0.127,0.282
-0.127,0.282
-0.127,0.282
-0.127,0.282
-0.127,0.282
-0.127,0.282
-0.127,0.282
-0.127,0.282
-0.127,0.282
-0.127,0.282
-0.127,0.29
-0.127,0.306
-0.127,0.306
-0.127,0.306
-0.127,0.338
-0.127,0.346
-0.127,0.338
-0.127,0.338
-0.127,0.338
-0.127,0.338
-0.127,0.338
-0.127,0.338
-0.151,0.338
-0.167,0.338
-0.175,0.338
-0.175,0.338
-0.175,0.338
-0.175,0.338
-0.175,0.314
-0.175,0.275
-0.175,0.227
-0.175,0.227
-0.175,0.211
-0.191,0.172
-0.191,0.156
-0.191,0.14
-0.191,0.14
-0.191,0.101
-0.191,0.093
-0.191,0.085
-0.191,0.085
-0.191,0.077
-0.191,0.062
-0.191,0.046
-0.191,0.038
-0.191,0.038
-0.191,0.038
-0.191,0.022
-0.191,0.022
-0.191,0.0
-0.191,0.0
-0.191,0.0
-0.191,0.0
-0.191,0.0
-0.191,0.0
-0.191,0.0
-0.191,0.0
-0.191,0.0
-0.191,0.0
-0.191,0.0
-0.191,0.0
-0.191,0.0
-0.191,0.0
-0.191,0.0
-0.191,0.0
-0.191,0.0
-0.191,0.0
-0.191,0.022
-0.191,0.022
-0.191,0.038
-0.191,0.054
-0.191,0.062
-0.191,0.062
-0.191,0.062
-0.191,0.062
-0.191,0.062
-0.191,0.062
-0.191,0.062
-0.191,0.062
-0.191,0.062
-0.191,0.062
-0.191,0.062
-0.191,0.062
-0.191,0.062
-0.191,0.062
-0.191,0.062
-0.191,0.062
-0.191,0.062
-0.191,0.093
-0.191,0.133
-0.191,0.164
-0.191,0.164
-0.191,0.172
-0.191,0.172
-0.191,0.172
-0.191,0.172
-0.199,0.172
-0.215,0.172
-0.239,0.172
-0.239,0.172
-0.255,0.172
-0.255,0.172
-0.279,0.172
-0.303,0.172
-0.311,0.172
-0.311,0.172
-0.311,0.172
-0.311,0.172
-0.311,0.172
-0.311,0.172
-0.311,0.196
-0.311,0.196
-0.311,0.196
-0.311,0.196
-0.311,0.196
-0.311,0.196
-0.311,0.196
-0.311,0.196
-0.311,0.196
-0.263,0.196
-0.239,0.196
-0.215,0.196
-0.215,0.196
-0.215,0.196
-0.215,0.196
-0.215,0.196
-0.215,0.196
-0.199,0.196
-0.191,0.196
-0.175,0.196
-0.167,0.196
-0.167,0.196
-0.167,0.196
-0.167,0.196
-0.175,0.196
-0.175,0.196
-0.175,0.196
-0.175,0.196
-0.151,0.196
-0.151,0.196
-0.151,0.196
-0.151,0.196
-0.151,0.196
-0.151,0.196
-0.151,0.196
-0.151,0.196
-0.151,0.196
-0.151,0.196
-0.151,0.196
-0.151,0.196
-0.151,0.196
-0.151,0.196
-0.151,0.196
-0.151,0.196
-0.151,0.196
-0.151,0.196
-0.151,0.196
-0.151,0.196
-0.151,0.196
-0.151,0.196
-0.151,0.196
-0.151,0.196
-0.151,0.196
-0.151,0.196
-0.151,0.196
-0.151,0.196
-0.151,0.196
-0.151,0.196
-0.151,0.204
-0.151,0.204
-0.151,0.204
-0.151,0.204
-0.151,0.204
-0.151,0.211
-0.151,0.211
-0.151,0.227
-0.151,0.196
-0.151,0.196
-0.151,0.196
-0.151,0.196
-0.151,0.196
-0.151,0.227
-0.151,0.227
-0.151,0.227
-0.151,0.227
-0.151,0.227
-0.151,0.204
-0.151,0.204
-0.151,0.204
-0.151,0.227
-0.151,0.204
-0.151,0.227
-0.151,0.204
-0.151,0.227
-0.151,0.211
-0.151,0.235
-0.151,0.251
-0.151,0.267
-0.151,0.267
-0.151,0.267
-0.151,0.267
-0.151,0.267
-0.151,0.267
-0.151,0.267
-0.151,0.267
-0.151,0.251
-0.151,0.275
-0.151,0.275
-0.151,0.275
-0.151,0.275
-0.151,0.275
-0.151,0.275
-0.151,0.282
-0.151,0.282
-0.151,0.282
-0.151,0.282
-0.151,0.282
-0.175,0.282
-0.215,0.29
-0.263,0.306
-0.287,0.306
-0.287,0.306
-0.287,0.314
-0.287,0.314
-0.287,0.338
-0.287,0.361
-0.303,0.361
-0.303,0.401
-0.303,0.417
-0.303,0.424
-0.303,0.424
-0.303,0.424
-0.303,0.424
-0.303,0.424
-0.303,0.424
-0.303,0.424
-0.303,0.424
-0.303,0.424
-0.311,0.424
-0.327,0.424
-0.335,0.424
-0.351,0.424
-0.351,0.424
-0.351,0.424
-0.351,0.424
-0.351,0.424
-0.351,0.424
-0.351,0.424
-0.351,0.424
-0.351,0.424
-0.351,0.424
-0.351,0.424
-0.351,0.424
-0.351,0.424
-0.351,0.424
-0.351,0.424
-0.351,0.424
-0.351,0.424
-0.351,0.424
-0.351,0.424
-0.351,0.424
-0.351,0.424
-0.351,0.424
-0.351,0.424
-0.351,0.424
-0.351,0.424
-0.351,0.424
-0.327,0.424
-0.327,0.424
-0.303,0.377
-0.279,0.346
-0.279,0.346
-0.255,0.306
-0.255,0.29
-0.239,0.275
-0.239,0.235
-0.223,0.172
-0.239,0.156
-0.239,0.133
-0.215,0.101
-0.199,0.093
-0.199,0.085
-0.215,0.077
-0.191,0.077
-0.191,0.077
-0.175,0.077
-0.175,0.077
-0.175,0.062
-0.167,0.062
-0.151,0.062
-0.151,0.062
-0.143,0.054
-0.127,0.054
-0.127,0.054
-0.127,0.054
-0.127,0.077
-0.127,0.156
-0.119,0.164
-0.119,0.204
-0.119,0.251
-0.119,0.282
-0.119,0.29
-0.119,0.306
-0.119,0.306
-0.119,0.306
-0.119,0.306
-0.119,0.306
-0.119,0.306
-0.119,0.306
-0.119,0.306
-0.119,0.306
-0.167,0.306
-0.151,0.306
-0.151,0.306
-0.151,0.306
-0.191,0.306
-0.191,0.306
-0.191,0.306
-0.191,0.306
-0.191,0.306
-0.199,0.306
-0.199,0.306
-0.199,0.306
-0.199,0.306
-0.199,0.306
-0.199,0.306
-0.199,0.306
-0.215,0.306
-0.223,0.306
-0.223,0.306
-0.223,0.306
-0.223,0.267
-0.223,0.243
-0.223,0.235
-0.223,0.227
-0.239,0.227
-0.239,0.227
-0.239,0.227
-0.239,0.227
-0.239,0.227
-0.239,0.227
-0.239,0.227
-0.239,0.227
-0.239,0.227
-0.239,0.227
-0.239,0.227
-0.239,0.235
-0.239,0.196
-0.239,0.196
-0.239,0.196
-0.239,0.196
-0.239,0.196
-0.239,0.196
-0.239,0.196
-0.239,0.196
-0.239,0.204
-0.239,0.243
-0.239,0.267
-0.239,0.251
-0.239,0.275
-0.239,0.275
-0.239,0.275
-0.239,0.275
-0.239,0.282
-0.239,0.282
-0.239,0.282
-0.239,0.282
-0.239,0.282
-0.239,0.282
-0.239,0.282
-0.239,0.282
-0.239,0.282
-0.239,0.282
-0.239,0.282
-0.239,0.282
-0.175,0.282
-0.175,0.282
-0.143,0.282
-0.119,0.282
-0.119,0.282
-0.119,0.282
-0.119,0.282
-0.119,0.282
-0.119,0.282
-0.119,0.282
-0.119,0.282
-0.119,0.282
-0.119,0.282
-0.119,0.282
-0.103,0.282
-0.103,0.282
-0.103,0.282
-0.103,0.282
-0.103,0.29
-0.103,0.29
-0.103,0.29
-0.103,0.29
-0.103,0.306
-0.175,0.306
-0.199,0.306
-0.223,0.306
-0.223,0.306
-0.223,0.251
-0.223,0.196
-0.223,0.14
-0.223,0.101
-0.223,0.077
-0.223,0.077
-0.223,0.077
-0.239,0.085
-0.239,0.054
-0.239,0.054
-0.239,0.054
-0.239,0.054
-0.215,0.054
-0.191,0.046
-0.167,0.046
-0.143,0.046
-0.143,0.046
-0.143,0.046
-0.127,0.046
-0.127,0.077
-0.127,0.077
-0.127,0.085
-0.127,0.093
-0.127,0.101
-0.127,0.117
-0.127,0.125
-0.127,0.125
-0.127,0.125
-0.127,0.125
-0.127,0.125
-0.127,0.125
-0.127,0.125
-0.127,0.125
-0.127,0.125
-0.127,0.125
-0.127,0.125
-0.127,0.125
-0.127,0.125
-0.127,0.125
-0.127,0.125
-0.127,0.125
-0.127,0.133
-0.127,0.14
-0.127,0.164
-0.127,0.204
-0.127,0.211
-0.127,0.235
-0.127,0.235
-0.127,0.235
-0.151,0.235
-0.151,0.235
-0.191,0.235
-0.191,0.235
-0.199,0.235
-0.215,0.235
-0.215,0.235
-0.223,0.235
-0.223,0.235
-0.223,0.235
-0.223,0.235
-0.223,0.235
-0.223,0.235
-0.223,0.235
-0.223,0.235
-0.223,0.235
-0.223,0.235
-0.223,0.196
-0.223,0.188
-0.223,0.164
-0.223,0.14
-0.223,0.14
-0.223,0.133
-0.223,0.125
-0.223,0.093
-0.223,0.093
-0.223,0.085
-0.223,0.085
-0.223,0.077
-0.239,0.077
-0.239,0.077
-0.239,0.077
-0.239,0.077
-0.239,0.077
-0.215,0.077
-0.191,0.077
-0.175,0.077
-0.175,0.077
-0.167,0.077
-0.167,0.077
-0.167,0.077
-0.151,0.077
-0.151,0.062
-0.127,0.054
-0.119,0.046
-0.119,0.046
-0.119,0.046
-0.119,0.046
-0.119,0.046
-0.119,0.046
-0.119,0.046
-0.119,0.046
-0.119,0.046
-0.119,0.046
-0.119,0.046
-0.119,0.046
-0.119,0.046
-0.119,0.046
-0.119,0.046
-0.119,0.046
-0.119,0.046
-0.119,0.038
-0.119,0.038
-0.119,0.038
-0.119,0.038
-0.119,0.038
-0.119,0.038
-0.119,0.038
-0.119,0.038
-0.119,0.038
-0.119,0.038
-0.119,0.038
-0.119,0.038
-0.119,0.038
-0.119,0.038
-0.119,0.038
-0.119,0.038
-0.119,0.038
-0.119,0.038
-0.119,0.038
-0.119,0.038
-0.119,0.038
-0.103,0.093
-0.103,0.125
-0.095,0.133
-0.079,0.133
-0.055,0.133
-0.007,0.133
0.0,0.133
0.0,0.14
0.038,0.14
0.077,0.156
0.077,0.156
0.101,0.164
0.133,0.164
0.14,0.164
0.164,0.172
0.14,0.172
0.14,0.172
0.14,0.172
0.14,0.172
0.172,0.172
0.172,0.172
0.18,0.172
0.18,0.172
0.18,0.172
0.18,0.172
0.18,0.172
0.18,0.172
0.18,0.172
0.18,0.188
0.18,0.196
0.18,0.204
0.18,0.204
0.18,0.204
0.18,0.211
0.18,0.211
0.18,0.227
0.18,0.204
0.18,0.204
0.18,0.204
0.18,0.204
0.18,0.227
0.18,0.227
0.18,0.227
0.18,0.227
0.18,0.227
0.18,0.227
0.18,0.227
0.18,0.227
0.18,0.227
0.18,0.227
0.18,0.227
0.18,0.227
0.18,0.227
0.18,0.227
0.18,0.227
0.18,0.227
0.18,0.227
0.18,0.227
0.18,0.227
0.18,0.227
0.18,0.227
0.18,0.227
0.148,0.227
0.117,0.227
0.117,0.227
0.133,0.227
0.133,0.227
0.109,0.227
0.109,0.227
0.109,0.227
0.109,0.227
0.109,0.227
0.109,0.227
0.109,0.227
0.109,0.227
0.101,0.227
0.101,0.227
0.085,0.227
0.085,0.227
0.085,0.227
0.077,0.227
0.077,0.227
0.077,0.227
0.077,0.227
0.077,0.227
0.077,0.227
0.077,0.227
0.077,0.267
0.077,0.29
0.077,0.338
0.077,0.338
0.077,0.314
0.077,0.338
0.069,0.338
0.069,0.338
0.069,0.338
0.069,0.338
0.109,0.338
0.109,0.338
0.117,0.338
0.117,0.338
0.133,0.282
0.133,0.267
0.133,0.227
0.133,0.196
0.133,0.204
0.133,0.196
0.133,0.227
0.14,0.227
0.14,0.196
0.14,0.196
0.14,0.188
0.14,0.172
0.148,0.172
0.148,0.172
0.148,0.172
0.148,0.172
0.148,0.172
0.148,0.172
0.148,0.172
0.148,0.172
0.148,0.172
0.148,0.172
0.148,0.204
0.148,0.243
0.148,0.251
0.148,0.251
0.148,0.275
0.148,0.282
0.148,0.282
0.148,0.282
0.148,0.282
0.148,0.282
0.164,0.282
0.172,0.282
0.172,0.29
0.172,0.29
0.172,0.29
0.172,0.29
0.172,0.29
0.172,0.29
0.172,0.29
0.172,0.29
0.172,0.29
0.172,0.29
0.172,0.29
0.172,0.29
0.172,0.29
0.172,0.29
0.172,0.29
0.172,0.29
0.172,0.29
0.172,0.29
0.172,0.29
0.172,0.29
0.172,0.29
0.172,0.29
0.172,0.29
0.172,0.29
0.172,0.29
0.101,0.29
0.069,0.29
0.022,0.29
0.0,0.306
0.0,0.306
0.0,0.314
0.0,0.314
-0.023,0.314
0.0,0.314
0.0,0.346
-0.023,0.353
-0.023,0.353
-0.023,0.353
-0.023,0.353
-0.023,0.353
0.054,0.353
0.101,0.353
0.117,0.353
0.117,0.353
0.133,0.353
0.14,0.353
0.14,0.353
0.164,0.353
0.172,0.353
0.172,0.353
0.172,0.353
0.172,0.353
0.172,0.353
0.172,0.353
0.172,0.353
0.172,0.353
0.172,0.353
0.172,0.353
0.172,0.353
0.172,0.353
0.172,0.338
0.172,0.314
0.172,0.282
0.172,0.235
0.172,0.227
0.172,0.235
0.172,0.204
0.172,0.235
0.172,0.204
0.172,0.196
0.172,0.196
0.172,0.188
0.172,0.188
0.172,0.211
0.172,0.211
0.172,0.211
0.172,0.243
0.172,0.251
0.172,0.282
0.172,0.306
0.172,0.322
0.172,0.346
0.172,0.346
0.172,0.353
0.172,0.353
0.172,0.353
0.172,0.353
0.172,0.353
0.172,0.353
0.172,0.353
0.172,0.353
0.172,0.353
0.172,0.353
0.172,0.353
0.172,0.353
0.172,0.353
0.172,0.353
0.172,0.353
0.172,0.353
0.172,0.353
0.133,0.353
0.133,0.353
0.109,0.353
0.109,0.353
0.109,0.353
0.109,0.353
0.085,0.353
0.085,0.353
0.109,0.353
0.109,0.353
0.109,0.306
0.109,0.29
0.109,0.235
0.109,0.235
0.109,0.235
0.109,0.235
0.109,0.235
0.109,0.235
0.109,0.235
0.109,0.235
0.109,0.235
0.085,0.235
0.085,0.235
0.085,0.235
0.085,0.235
0.085,0.235
0.085,0.227
0.109,0.227
0.148,0.227
0.164,0.275
0.172,0.29
0.172,0.314
0.18,0.322
0.204,0.346
0.243,0.346
0.219,0.353
0.219,0.353
0.219,0.353
0.219,0.353
0.219,0.353
0.219,0.353
0.219,0.353
0.219,0.353
0.219,0.353
0.219,0.353
0.219,0.353
0.219,0.353
0.219,0.353
0.219,0.353
0.219,0.353
0.219,0.353
0.219,0.353
0.117,0.353
0.038,0.353
0.014,0.353
0.006,0.322
0.006,0.196
