valence,arousal
0.0603333333333,0.133666666667
0.0603333333333,0.133666666667
0.0863333333333,0.133666666667
0.107666666667,0.133666666667
0.157333333333,0.133666666667
0.183666666667,0.133666666667
0.191666666667,0.133666666667
0.194333333333,0.133666666667
0.197,0.133666666667
0.231,0.133666666667
0.239,0.133666666667
0.220666666667,0.133666666667
0.220666666667,0.133666666667
0.215333333333,0.133666666667
0.212666666667,0.133666666667
0.212666666667,0.133666666667
0.207333333333,0.133666666667
0.207333333333,0.133666666667
0.234,0.133666666667
0.247,0.133666666667
0.247,0.133666666667
0.247,0.133666666667
0.247,0.141333333333
0.247,0.146666666667
0.249666666667,0.167666666667
0.249666666667,0.183666666667
0.249666666667,0.194
0.249666666667,0.194
0.252333333333,0.219666666667
0.26,0.219666666667
0.264666666667,0.225
0.267333333333,0.225
0.272666666667,0.225
0.272666666667,0.225
0.280666666667,0.225
0.283333333333,0.225
0.286,0.225
0.296333333333,0.225
0.304333333333,0.225
0.307,0.225
0.307,0.233
0.307,0.246
0.307,0.246
0.307,0.251333333333
0.307,0.251333333333
0.307,0.251333333333
0.307,0.251333333333
0.312333333333,0.233
0.312333333333,0.225
0.312333333333,0.225
0.312333333333,0.225
0.312333333333,0.243
0.312333333333,0.245333333333
0.312333333333,0.237666666667
0.332666666667,0.251
0.351,0.256333333333
0.359,0.256333333333
0.32,0.256333333333
0.359,0.237666666667
0.359,0.251
0.359,0.235333333333
0.359,0.227333333333
0.359,0.219666666667
0.359,0.201666666667
0.359,0.235333333333
0.359,0.256333333333
0.335333333333,0.253666666667
0.317,0.261333333333
0.285333333333,0.245666666667
0.267,0.224666666667
0.256333333333,0.214
0.246,0.211666666667
0.248333333333,0.201333333333
0.240666666667,0.209
0.23,0.209
0.196,0.18
0.169666666667,0.172
0.146,0.164
0.146,0.159
0.146,0.167
0.146,0.167
0.146,0.167
0.146,0.167
0.146,0.167
0.146,0.167
0.146,0.159
0.146,0.159
0.159,0.159
0.169666666667,0.164333333333
0.175,0.174666666667
0.18,0.185333333333
0.182666666667,0.193333333333
0.203666666667,0.193333333333
0.196,0.193333333333
0.203666666667,0.193333333333
0.203666666667,0.172333333333
0.209,0.172333333333
0.227333333333,0.172333333333
0.232666666667,0.172333333333
0.235333333333,0.172333333333
0.246,0.172333333333
0.256333333333,0.174666666667
0.267,0.174666666667
0.277333333333,0.177333333333
0.277333333333,0.203666666667
0.277333333333,0.211333333333
0.277333333333,0.211333333333
0.277333333333,0.216666666667
0.277333333333,0.216666666667
0.277333333333,0.182666666667
0.277333333333,0.182666666667
0.277333333333,0.182666666667
0.277333333333,0.177333333333
0.277333333333,0.169333333333
0.277333333333,0.164666666667
0.277333333333,0.164666666667
0.277333333333,0.164666666667
0.277333333333,0.164666666667
0.277333333333,0.164666666667
0.277333333333,0.17
0.277333333333,0.180333333333
0.277333333333,0.201666666667
0.277333333333,0.224666666667
0.277333333333,0.238
0.277333333333,0.238
0.277333333333,0.245666666667
0.277333333333,0.245666666667
0.277333333333,0.245666666667
0.277333333333,0.245666666667
0.277333333333,0.245666666667
0.277333333333,0.251
0.277333333333,0.259
0.277333333333,0.264333333333
0.277333333333,0.277333333333
0.277333333333,0.285333333333
0.277333333333,0.293
0.277333333333,0.293
0.277333333333,0.272
0.277333333333,0.272
0.277333333333,0.264333333333
0.277333333333,0.251
0.277333333333,0.235
0.277333333333,0.222
0.277333333333,0.216666666667
0.277333333333,0.209
0.277333333333,0.206333333333
0.277333333333,0.203666666667
0.277333333333,0.222
0.277333333333,0.217
0.277333333333,0.211666666667
0.277333333333,0.209
0.277333333333,0.214
0.277333333333,0.211666666667
0.277333333333,0.219666666667
0.277333333333,0.217
0.277333333333,0.217
0.277333333333,0.217
0.277333333333,0.211666666667
0.277333333333,0.211666666667
0.277333333333,0.211666666667
0.277333333333,0.209
0.277333333333,0.206333333333
0.277333333333,0.224666666667
0.277333333333,0.224666666667
0.277333333333,0.224666666667
0.277333333333,0.224666666667
0.277333333333,0.224666666667
0.277333333333,0.232666666667
0.277333333333,0.232666666667
0.277333333333,0.232666666667
0.277333333333,0.232666666667
0.277333333333,0.243333333333
0.277333333333,0.248333333333
0.277333333333,0.248333333333
0.277333333333,0.248333333333
0.277333333333,0.256333333333
0.267,0.266666666667
0.251333333333,0.272
0.235333333333,0.272
0.235333333333,0.277333333333
0.232666666667,0.277333333333
0.222333333333,0.277333333333
0.198666666667,0.277333333333
0.190666666667,0.277333333333
0.190666666667,0.277333333333
0.185333333333,0.277333333333
0.18,0.279666666667
0.172333333333,0.282333333333
0.164333333333,0.282333333333
0.161666666667,0.295666666667
0.156333333333,0.295666666667
0.156333333333,0.295666666667
0.156333333333,0.295666666667
0.156333333333,0.295666666667
0.156333333333,0.295666666667
0.156333333333,0.267
0.156333333333,0.261666666667
0.156333333333,0.253666666667
0.156333333333,0.248333333333
0.156333333333,0.267
0.156333333333,0.267
0.156333333333,0.267
0.156333333333,0.248333333333
0.156333333333,0.235333333333
0.156333333333,0.23
0.156333333333,0.23
0.156333333333,0.23
0.172333333333,0.240666666667
0.177666666667,0.240666666667
0.151333333333,0.232666666667
0.172,0.232666666667
0.141,0.232666666667
0.151666666667,0.232666666667
0.157,0.232666666667
0.157,0.211666666667
0.157,0.211666666667
0.157,0.211666666667
0.172333333333,0.219666666667
0.185333333333,0.238
0.166666666667,0.238
0.172,0.238
0.182666666667,0.238
0.175333333333,0.238
0.178,0.238
0.188333333333,0.246
0.216666666667,0.246
0.214,0.246
0.196,0.235333333333
0.196,0.214333333333
0.175,0.198666666667
0.178333333333,0.198666666667
0.204,0.185333333333
0.196333333333,0.185333333333
0.178333333333,0.172333333333
0.178333333333,0.164333333333
0.204,0.164333333333
0.204,0.161666666667
0.204,0.161666666667
0.204,0.161666666667
0.204,0.161666666667
0.204,0.153666666667
0.206666666667,0.153666666667
0.181,0.153666666667
0.181,0.151333333333
0.181,0.151333333333
0.181,0.151333333333
0.199,0.151333333333
0.207,0.151333333333
0.209333333333,0.151333333333
0.212,0.151333333333
0.217333333333,0.151333333333
0.217333333333,0.172333333333
0.261666666667,0.172333333333
0.269333333333,0.169666666667
0.256333333333,0.169666666667
0.248333333333,0.148666666667
0.217333333333,0.148666666667
0.217333333333,0.148666666667
0.217333333333,0.146
0.217333333333,0.146
0.217333333333,0.146
0.207,0.146
0.201666666667,0.140666666667
0.196333333333,0.140666666667
0.198666666667,0.140666666667
0.204,0.140666666667
0.266666666667,0.140666666667
0.245666666667,0.140666666667
0.243333333333,0.140666666667
0.222333333333,0.140666666667
0.224666666667,0.140666666667
0.206333333333,0.140666666667
0.214333333333,0.140666666667
0.232666666667,0.140666666667
0.211666666667,0.153666666667
0.198666666667,0.161666666667
0.172333333333,0.185333333333
0.172333333333,0.193333333333
0.211666666667,0.195666666667
0.219666666667,0.195666666667
0.227333333333,0.195666666667
0.227333333333,0.195666666667
0.227333333333,0.195666666667
0.227333333333,0.195666666667
0.227333333333,0.195666666667
0.227333333333,0.203666666667
0.227333333333,0.203666666667
0.227333333333,0.203666666667
0.227333333333,0.185333333333
0.222,0.18
0.222,0.18
0.222,0.18
0.222,0.18
0.222,0.18
0.222,0.18
0.222,0.18
0.232666666667,0.182666666667
0.243,0.190666666667
0.261333333333,0.198333333333
0.277333333333,0.209
0.287666666667,0.237666666667
0.301,0.248333333333
0.308666666667,0.256333333333
0.311333333333,0.256333333333
0.311333333333,0.256333333333
0.319333333333,0.256333333333
0.319333333333,0.253666666667
0.319333333333,0.253666666667
0.319333333333,0.253666666667
0.322,0.253666666667
0.322,0.253666666667
0.327333333333,0.253666666667
0.327333333333,0.253666666667
0.327333333333,0.253666666667
0.327333333333,0.253666666667
0.327333333333,0.253666666667
0.327333333333,0.272
0.332333333333,0.272
0.337666666667,0.272
0.337666666667,0.253333333333
0.337666666667,0.245666666667
0.337666666667,0.240333333333
0.337666666667,0.240333333333
0.337666666667,0.240333333333
0.337666666667,0.240333333333
0.337666666667,0.240333333333
0.337666666667,0.240333333333
0.337666666667,0.240333333333
0.337666666667,0.258666666667
0.337666666667,0.258666666667
0.337666666667,0.258666666667
0.337666666667,0.266666666667
0.337666666667,0.258666666667
0.337666666667,0.258666666667
0.337666666667,0.258666666667
0.337666666667,0.258666666667
0.337666666667,0.258666666667
0.337666666667,0.264
0.33,0.266666666667
0.33,0.266666666667
0.322,0.266666666667
0.308666666667,0.269333333333
0.301,0.266666666667
0.301,0.266666666667
0.290333333333,0.266666666667
0.285,0.266666666667
0.295666666667,0.266666666667
0.296,0.266666666667
0.303666666667,0.266666666667
0.285,0.266666666667
0.285,0.266666666667
0.285,0.266666666667
0.285,0.253333333333
0.285,0.240333333333
0.285,0.219333333333
0.285,0.208666666667
0.277,0.206
0.269333333333,0.201
0.256,0.201
0.253333333333,0.195666666667
0.253333333333,0.190333333333
0.253333333333,0.182333333333
0.248,0.18
0.248,0.185333333333
0.248,0.18
0.248,0.177333333333
0.248,0.177333333333
0.248,0.177333333333
0.248,0.177333333333
0.248,0.177333333333
0.248,0.177333333333
0.248,0.174666666667
0.248,0.174666666667
0.248,0.174666666667
0.248,0.156333333333
0.248,0.132666666667
0.248,0.114666666667
0.248,0.078
0.248,0.0936666666667
0.248,0.0883333333333
0.245666666667,0.0883333333333
0.245666666667,0.0963333333333
0.245666666667,0.083
0.245666666667,0.083
0.245666666667,0.083
0.245666666667,0.083
0.245666666667,0.0876666666667
0.245666666667,0.0853333333333
0.245666666667,0.0853333333333
0.245666666667,0.0853333333333
0.245666666667,0.0853333333333
0.245666666667,0.0853333333333
0.245666666667,0.0853333333333
0.245666666667,0.0853333333333
0.245666666667,0.103666666667
0.245666666667,0.103666666667
0.245666666667,0.103666666667
0.243,0.103666666667
0.243,0.103666666667
0.243,0.101
0.243,0.101
0.201,0.101
0.174666666667,0.101
0.148333333333,0.101
0.145666666667,0.101
0.127666666667,0.101
0.125,0.0983333333333
0.125,0.0983333333333
0.119666666667,0.0983333333333
0.119666666667,0.0983333333333
0.117333333333,0.0983333333333
0.114666666667,0.093
0.109333333333,0.093
0.117333333333,0.093
0.117333333333,0.093
0.117333333333,0.093
0.117333333333,0.093
0.117333333333,0.093
0.117333333333,0.093
0.117333333333,0.093
0.117333333333,0.093
0.117333333333,0.093
0.117333333333,0.0903333333333
0.117333333333,0.0903333333333
0.109333333333,0.0903333333333
0.109333333333,0.0876666666667
0.109333333333,0.0876666666667
0.109333333333,0.0876666666667
0.109333333333,0.0876666666667
0.109333333333,0.0876666666667
0.109333333333,0.0876666666667
0.109333333333,0.0876666666667
0.109333333333,0.0823333333333
0.109333333333,0.0903333333333
0.109333333333,0.0903333333333
0.109333333333,0.0903333333333
0.109333333333,0.0903333333333
0.109333333333,0.0903333333333
0.109333333333,0.0903333333333
0.109333333333,0.0903333333333
0.0963333333333,0.0903333333333
0.091,0.0903333333333
0.091,0.0903333333333
0.091,0.0903333333333
0.091,0.0903333333333
0.091,0.0903333333333
0.091,0.0903333333333
0.091,0.0903333333333
0.091,0.0903333333333
0.091,0.0903333333333
0.091,0.0903333333333
0.091,0.0903333333333
0.091,0.0903333333333
0.091,0.0903333333333
0.091,0.103666666667
0.109333333333,0.116666666667
0.109333333333,0.138
0.114,0.145666666667
0.114,0.145666666667
0.114,0.145666666667
0.114,0.145666666667
0.114,0.148333333333
0.114,0.148333333333
0.122,0.153666666667
0.122,0.156333333333
0.122,0.135333333333
0.122,0.132666666667
0.122,0.132666666667
0.122,0.125
0.122,0.127333333333
0.122,0.127333333333
0.127333333333,0.127333333333
0.124666666667,0.119666666667
0.124666666667,0.119666666667
0.124666666667,0.127333333333
0.124666666667,0.127333333333
0.124666666667,0.127333333333
0.122,0.127333333333
0.116666666667,0.145666666667
0.116666666667,0.145666666667
0.114,0.145666666667
0.106333333333,0.145666666667
0.101,0.145666666667
0.0903333333333,0.145666666667
0.088,0.145666666667
0.0826666666667,0.145666666667
0.0826666666667,0.145666666667
0.0826666666667,0.145666666667
0.0826666666667,0.145666666667
0.0826666666667,0.145666666667
0.0826666666667,0.145666666667
0.0826666666667,0.145666666667
0.0826666666667,0.145666666667
0.0826666666667,0.145666666667
0.075,0.145666666667
0.075,0.145666666667
0.075,0.145666666667
0.075,0.151
0.075,0.151
0.075,0.151
0.075,0.151
0.075,0.151
0.075,0.151
0.075,0.151
0.075,0.151
0.075,0.151
0.075,0.151
0.075,0.151
0.075,0.151
0.075,0.151
0.075,0.151
0.075,0.151
0.075,0.151
0.096,0.151
0.096,0.151
0.096,0.151
0.0826666666667,0.151
0.0833333333333,0.151
0.0833333333333,0.151
0.0833333333333,0.151
0.0833333333333,0.132666666667
0.0833333333333,0.13
0.0833333333333,0.122
0.0833333333333,0.119666666667
0.0833333333333,0.101333333333
0.0833333333333,0.101333333333
0.0833333333333,0.101333333333
0.0833333333333,0.0986666666667
0.0806666666667,0.0986666666667
0.0806666666667,0.0986666666667
0.0806666666667,0.0986666666667
0.0806666666667,0.0986666666667
0.0806666666667,0.0986666666667
0.0806666666667,0.127333333333
0.0806666666667,0.151
0.0806666666667,0.159
0.0806666666667,0.164333333333
0.0886666666667,0.167
0.083,0.167
0.0986666666667,0.159
0.104,0.167
0.125,0.167
0.127666666667,0.167
0.135666666667,0.167
0.135666666667,0.156333333333
0.135666666667,0.143333333333
0.135666666667,0.140666666667
0.135666666667,0.138
0.135666666667,0.13
0.135666666667,0.13
0.135666666667,0.127333333333
0.135666666667,0.122
0.125,0.122
0.106666666667,0.119666666667
0.0986666666667,0.119666666667
0.104,0.117
0.0936666666667,0.117
0.0936666666667,0.114333333333
0.0936666666667,0.109
0.0936666666667,0.109
0.0936666666667,0.109
0.0936666666667,0.109
0.0936666666667,0.106333333333
0.0936666666667,0.106333333333
0.0936666666667,0.106333333333
0.0936666666667,0.103666666667
0.0936666666667,0.103666666667
0.0936666666667,0.103666666667
0.0936666666667,0.101
0.0936666666667,0.101
0.0936666666667,0.101
0.0936666666667,0.096
0.0936666666667,0.096
0.0936666666667,0.096
0.0936666666667,0.096
0.0936666666667,0.096
0.0936666666667,0.0933333333333
0.0936666666667,0.0933333333333
0.0936666666667,0.0933333333333
0.0936666666667,0.0933333333333
0.0936666666667,0.101
0.0936666666667,0.103666666667
0.0936666666667,0.106333333333
0.0936666666667,0.109
0.0936666666667,0.109
0.0936666666667,0.109
0.0936666666667,0.109
0.0936666666667,0.109
0.0936666666667,0.109
0.0883333333333,0.109
0.0883333333333,0.0906666666667
0.0883333333333,0.08
0.0883333333333,0.08
0.0883333333333,0.0773333333333
0.0883333333333,0.0773333333333
0.0883333333333,0.0773333333333
0.0883333333333,0.0773333333333
0.0883333333333,0.0773333333333
0.0883333333333,0.0773333333333
0.0883333333333,0.0773333333333
0.0883333333333,0.0773333333333
0.0883333333333,0.0773333333333
0.0883333333333,0.0773333333333
0.0883333333333,0.0773333333333
0.0883333333333,0.0773333333333
0.0883333333333,0.0773333333333
0.0883333333333,0.0773333333333
0.0883333333333,0.0773333333333
0.0883333333333,0.0773333333333
0.0883333333333,0.0773333333333
0.0883333333333,0.0773333333333
0.0883333333333,0.0773333333333
0.0883333333333,0.0773333333333
0.0883333333333,0.0773333333333
0.0883333333333,0.0773333333333
0.0883333333333,0.0773333333333
0.0883333333333,0.096
0.0883333333333,0.106333333333
0.0883333333333,0.106333333333
0.0856666666667,0.109
0.0856666666667,0.109
0.0856666666667,0.114333333333
0.0856666666667,0.114333333333
0.0856666666667,0.114333333333
0.0856666666667,0.114333333333
0.0856666666667,0.114333333333
0.0856666666667,0.114333333333
0.0856666666667,0.114333333333
0.0856666666667,0.114333333333
0.0856666666667,0.114333333333
0.0856666666667,0.114333333333
0.0856666666667,0.117
0.0856666666667,0.117
0.0856666666667,0.119666666667
0.0856666666667,0.119666666667
0.0856666666667,0.119666666667
0.0856666666667,0.119666666667
0.0856666666667,0.119666666667
0.0856666666667,0.119666666667
0.0856666666667,0.119666666667
0.0856666666667,0.119666666667
0.0856666666667,0.119666666667
0.0856666666667,0.119666666667
0.0856666666667,0.101
0.0856666666667,0.101
0.0856666666667,0.0933333333333
0.0856666666667,0.0933333333333
0.0856666666667,0.0933333333333
0.0856666666667,0.0933333333333
0.0856666666667,0.0933333333333
0.0856666666667,0.0933333333333
0.0856666666667,0.0933333333333
0.0856666666667,0.0933333333333
0.0856666666667,0.0933333333333
0.103666666667,0.0933333333333
0.103666666667,0.0933333333333
0.122,0.0933333333333
0.101,0.0933333333333
0.0956666666667,0.0933333333333
0.0956666666667,0.0933333333333
0.0876666666667,0.0933333333333
0.0876666666667,0.0933333333333
0.0876666666667,0.0933333333333
0.0876666666667,0.0933333333333
0.0876666666667,0.0933333333333
0.0876666666667,0.0933333333333
0.0876666666667,0.0956666666667
0.083,0.0956666666667
0.083,0.116666666667
0.083,0.116666666667
0.083,0.116666666667
0.083,0.116666666667
0.083,0.116666666667
0.083,0.116666666667
0.083,0.116666666667
0.083,0.116666666667
0.0803333333333,0.116666666667
0.0803333333333,0.116666666667
0.0803333333333,0.116666666667
0.0803333333333,0.116666666667
0.0803333333333,0.116666666667
0.0803333333333,0.116666666667
0.0803333333333,0.116666666667
0.0803333333333,0.116666666667
0.0803333333333,0.116666666667
0.0803333333333,0.116666666667
0.0803333333333,0.116666666667
0.0803333333333,0.116666666667
0.0803333333333,0.116666666667
0.0803333333333,0.116666666667
0.0803333333333,0.116666666667
0.0803333333333,0.116666666667
0.0803333333333,0.116666666667
0.0803333333333,0.116666666667
0.093,0.116666666667
0.093,0.116666666667
0.093,0.116666666667
0.093,0.116666666667
0.093,0.116666666667
0.093,0.116666666667
0.093,0.116666666667
0.093,0.122
0.093,0.122
0.093,0.122
0.093,0.122
0.093,0.122
0.093,0.122
0.0876666666667,0.122
0.0876666666667,0.122
0.0876666666667,0.122
0.0876666666667,0.122
0.0956666666667,0.122
0.0956666666667,0.122
0.0956666666667,0.103666666667
0.0876666666667,0.0956666666667
0.0876666666667,0.091
0.0876666666667,0.099
0.0956666666667,0.099
0.0876666666667,0.099
0.0876666666667,0.099
0.0876666666667,0.099
0.0876666666667,0.099
0.0876666666667,0.099
0.0876666666667,0.099
0.0956666666667,0.099
0.0956666666667,0.099
0.0956666666667,0.099
0.0956666666667,0.099
0.0956666666667,0.099
0.0956666666667,0.099
0.0876666666667,0.099
0.0876666666667,0.099
0.0876666666667,0.099
0.0876666666667,0.099
0.0876666666667,0.099
0.0876666666667,0.099
0.0773333333333,0.099
0.075,0.099
0.075,0.099
0.075,0.099
0.0696666666667,0.099
0.0696666666667,0.099
0.0696666666667,0.099
0.0616666666667,0.101666666667
0.057,0.133
0.0673333333333,0.154
0.0806666666667,0.154
0.101666666667,0.162
0.112,0.162
0.132666666667,0.162
0.132666666667,0.162
0.132666666667,0.162
0.140333333333,0.18
0.140333333333,0.179666666667
0.140333333333,0.18
0.140333333333,0.172
0.140333333333,0.169333333333
0.140333333333,0.169333333333
0.145666666667,0.169333333333
0.145666666667,0.151
0.145666666667,0.151
0.145666666667,0.151
0.148333333333,0.151
0.148333333333,0.151
0.148333333333,0.151
0.153666666667,0.143
0.145666666667,0.143
0.145666666667,0.137666666667
0.145666666667,0.137666666667
0.145666666667,0.137666666667
0.145666666667,0.119333333333
0.145666666667,0.111333333333
0.145666666667,0.111333333333
0.145666666667,0.132333333333
0.145666666667,0.106666666667
0.145666666667,0.124666666667
0.145666666667,0.124666666667
0.145666666667,0.124666666667
0.145666666667,0.106666666667
0.145666666667,0.125333333333
0.145666666667,0.133
0.145666666667,0.133
0.145666666667,0.141
0.145666666667,0.143666666667
0.145666666667,0.143666666667
0.145666666667,0.143666666667
0.145666666667,0.171666666667
0.145666666667,0.171666666667
0.145666666667,0.179666666667
0.145666666667,0.185
0.145666666667,0.185
0.145666666667,0.185
0.145666666667,0.185
0.145666666667,0.185
0.145666666667,0.177
0.145666666667,0.187666666667
0.145666666667,0.187666666667
0.145666666667,0.187666666667
0.145666666667,0.187666666667
0.145666666667,0.193
0.145666666667,0.166666666667
0.145666666667,0.166666666667
0.145666666667,0.18
0.145666666667,0.18
0.145666666667,0.18
0.145666666667,0.18
0.145666666667,0.18
0.145666666667,0.182666666667
0.137666666667,0.182666666667
0.137666666667,0.188
0.137666666667,0.195666666667
0.137666666667,0.198333333333
0.137666666667,0.198333333333
0.137666666667,0.198333333333
0.137666666667,0.198333333333
0.135,0.198333333333
0.135,0.177333333333
0.135,0.169333333333
0.135,0.169333333333
0.135,0.177333333333
0.135,0.177333333333
0.135,0.177333333333
0.135,0.185333333333
0.135,0.185333333333
0.135,0.185333333333
0.135,0.188333333333
0.135,0.190666666667
0.135,0.190666666667
0.129666666667,0.190666666667
0.129666666667,0.190666666667
0.127333333333,0.193333333333
0.127333333333,0.193333333333
0.127333333333,0.193333333333
0.127333333333,0.172333333333
0.127333333333,0.172333333333
0.127333333333,0.172333333333
0.127333333333,0.198
0.127333333333,0.195666666667
0.127333333333,0.195666666667
0.137666666667,0.190333333333
0.140333333333,0.190333333333
0.140333333333,0.195666666667
0.148333333333,0.195666666667
0.158666666667,0.195666666667
0.164,0.198333333333
0.169333333333,0.190333333333
0.169333333333,0.190333333333
0.169333333333,0.208666666667
0.172,0.216666666667
0.172,0.216666666667
0.172,0.222
0.172,0.224666666667
0.172,0.224666666667
0.164,0.224666666667
0.174666666667,0.224666666667
0.172,0.224666666667
0.179666666667,0.224666666667
0.185,0.224666666667
0.190333333333,0.224666666667
0.193,0.224666666667
0.193,0.224666666667
0.193,0.224666666667
0.193,0.224666666667
0.193,0.224666666667
0.193,0.224666666667
0.193,0.224666666667
0.193,0.224666666667
0.214,0.224666666667
0.219333333333,0.224666666667
0.219333333333,0.224666666667
0.227333333333,0.224666666667
0.188333333333,0.224666666667
0.188333333333,0.224666666667
0.188333333333,0.224666666667
0.188333333333,0.203666666667
0.188333333333,0.203666666667
0.188333333333,0.203666666667
0.188333333333,0.203666666667
0.188333333333,0.203666666667
0.180333333333,0.203666666667
0.177666666667,0.203666666667
0.175,0.203666666667
0.185333333333,0.203666666667
0.156666666667,0.198333333333
0.154,0.198333333333
0.146333333333,0.198333333333
0.143666666667,0.198333333333
0.133,0.198333333333
0.133,0.198333333333
0.125,0.198333333333
0.125,0.198333333333
0.125,0.198333333333
0.133,0.198333333333
0.125,0.198333333333
0.114666666667,0.198333333333
0.114666666667,0.198333333333
0.12,0.198333333333
0.12,0.198333333333
0.12,0.198333333333
0.12,0.198333333333
0.12,0.224666666667
0.112,0.224666666667
0.112,0.224666666667
0.112,0.224666666667
0.112,0.224666666667
0.112,0.224666666667
0.112,0.224666666667
0.112,0.224666666667
0.112,0.224666666667
0.112,0.224666666667
0.112,0.224666666667
0.109333333333,0.224666666667
0.104,0.224666666667
0.101333333333,0.224666666667
0.099,0.224666666667
0.117,0.224666666667
0.138,0.224666666667
0.111666666667,0.224666666667
0.111666666667,0.224666666667
0.103666666667,0.224666666667
0.114,0.214
0.106,0.203666666667
0.106,0.198333333333
0.099,0.190333333333
0.099,0.177333333333
0.0936666666667,0.166666666667
0.101333333333,0.161666666667
0.0883333333333,0.153666666667
0.0856666666667,0.153666666667
0.0856666666667,0.159
0.0856666666667,0.153666666667
0.0856666666667,0.158666666667
0.0856666666667,0.158666666667
0.0856666666667,0.158666666667
0.0856666666667,0.166666666667
0.0856666666667,0.158666666667
0.0856666666667,0.156
0.0803333333333,0.161333333333
0.0956666666667,0.156
0.0956666666667,0.156
0.0956666666667,0.156
0.0956666666667,0.156
0.0776666666667,0.153666666667
0.0776666666667,0.153666666667
0.0776666666667,0.153666666667
0.0776666666667,0.151
0.0776666666667,0.151
0.0776666666667,0.151
0.0776666666667,0.151
0.0776666666667,0.148333333333
0.0776666666667,0.148333333333
0.0776666666667,0.148333333333
0.0776666666667,0.148333333333
0.0776666666667,0.148333333333
0.0753333333333,0.148333333333
0.07,0.148333333333
0.07,0.148333333333
0.078,0.148333333333
0.0833333333333,0.148333333333
0.078,0.148333333333
0.078,0.148333333333
0.078,0.148333333333
0.078,0.148333333333
0.0833333333333,0.148333333333
0.0833333333333,0.148333333333
0.0833333333333,0.148333333333
0.0833333333333,0.148333333333
0.0833333333333,0.148333333333
0.0833333333333,0.148333333333
0.0726666666667,0.148333333333
0.0726666666667,0.148333333333
0.0726666666667,0.148333333333
0.0726666666667,0.148333333333
0.07,0.148333333333
0.07,0.148333333333
0.0623333333333,0.148333333333
0.0623333333333,0.148333333333
0.0623333333333,0.148333333333
0.0623333333333,0.148333333333
0.088,0.148333333333
0.0853333333333,0.148333333333
0.0853333333333,0.148333333333
0.08,0.148333333333
0.08,0.148333333333
0.08,0.148333333333
0.08,0.148333333333
0.08,0.148333333333
0.08,0.148333333333
0.0723333333333,0.148333333333
0.0723333333333,0.148333333333
0.0723333333333,0.148333333333
0.0723333333333,0.148333333333
0.0723333333333,0.148333333333
0.0723333333333,0.148333333333
0.0723333333333,0.148333333333
0.0723333333333,0.148333333333
0.0723333333333,0.148333333333
0.0723333333333,0.148333333333
0.0723333333333,0.148333333333
0.0723333333333,0.148333333333
0.0723333333333,0.148333333333
0.0723333333333,0.148333333333
0.0723333333333,0.161333333333
0.0723333333333,0.177333333333
0.0723333333333,0.187666666667
0.0723333333333,0.198333333333
0.0906666666667,0.206
0.096,0.211333333333
0.096,0.224666666667
0.101333333333,0.229666666667
0.101333333333,0.235
0.101333333333,0.240333333333
0.103666666667,0.240333333333
0.106333333333,0.240333333333
0.111666666667,0.240333333333
0.114333333333,0.240333333333
0.114333333333,0.240333333333
0.117,0.240333333333
0.119666666667,0.240333333333
0.125,0.240333333333
0.125,0.240333333333
0.127333333333,0.240333333333
0.127333333333,0.240333333333
0.127333333333,0.240333333333
0.127333333333,0.222
0.127333333333,0.222
0.127333333333,0.222
0.127333333333,0.222
0.127333333333,0.222
0.127333333333,0.222
0.127333333333,0.222
0.127333333333,0.222
0.127333333333,0.222
0.127333333333,0.222
0.127333333333,0.222
0.127333333333,0.222
0.127333333333,0.222
0.127333333333,0.222
0.127333333333,0.222
0.127333333333,0.222
0.127333333333,0.222
0.127333333333,0.222
0.127333333333,0.222
0.127333333333,0.235333333333
0.127333333333,0.235333333333
0.127333333333,0.253666666667
0.127333333333,0.253666666667
0.127333333333,0.253666666667
0.127333333333,0.253666666667
0.127333333333,0.253666666667
0.127333333333,0.253666666667
0.127333333333,0.253666666667
0.127333333333,0.253666666667
0.127333333333,0.253666666667
0.127333333333,0.253666666667
0.127333333333,0.253666666667
0.127333333333,0.253666666667
0.127333333333,0.253666666667
0.127333333333,0.253666666667
0.127333333333,0.253666666667
0.127333333333,0.253666666667
0.127333333333,0.253666666667
0.127333333333,0.253666666667
0.127333333333,0.235
0.127333333333,0.216666666667
0.127333333333,0.216666666667
0.127333333333,0.216666666667
0.127333333333,0.216666666667
0.127333333333,0.216666666667
0.127333333333,0.216666666667
0.127333333333,0.209
0.127333333333,0.209
0.127333333333,0.209
0.127333333333,0.198333333333
0.127333333333,0.198333333333
0.127333333333,0.198333333333
0.127333333333,0.198333333333
0.127333333333,0.198333333333
0.127333333333,0.216666666667
0.127333333333,0.216666666667
0.127333333333,0.216666666667
0.127333333333,0.216666666667
0.127333333333,0.216666666667
0.127333333333,0.237666666667
0.127333333333,0.237666666667
0.127333333333,0.237666666667
0.127333333333,0.243
0.127333333333,0.243
0.127333333333,0.243
0.127333333333,0.243
0.127333333333,0.243
0.127333333333,0.243
0.127333333333,0.243
0.127333333333,0.243
0.127333333333,0.243
0.127333333333,0.243
0.127333333333,0.243
0.127333333333,0.243
0.127333333333,0.243
0.127333333333,0.243
0.127333333333,0.243
0.127333333333,0.243
0.127333333333,0.243
0.127333333333,0.243
0.127333333333,0.243
0.127333333333,0.243
0.127333333333,0.243
0.127333333333,0.243
0.13,0.243
0.13,0.243
0.13,0.243
0.13,0.224333333333
0.13,0.224333333333
0.13,0.224333333333
0.13,0.224333333333
0.13,0.224333333333
0.13,0.216666666667
0.13,0.216666666667
0.13,0.216666666667
0.13,0.216666666667
0.13,0.216666666667
0.13,0.216666666667
0.13,0.216666666667
0.13,0.216666666667
0.13,0.216666666667
0.13,0.216666666667
0.13,0.216666666667
0.13,0.216666666667
0.13,0.216666666667
0.13,0.216666666667
0.13,0.216666666667
0.13,0.216666666667
0.13,0.237666666667
0.13,0.237666666667
0.13,0.237666666667
0.13,0.243
0.13,0.243
0.13,0.243
0.13,0.243
0.13,0.243
0.13,0.243
0.13,0.243
0.13,0.243
0.13,0.243
0.13,0.243
0.13,0.243
0.13,0.243
0.13,0.243
0.13,0.243
0.13,0.243
0.13,0.243
0.13,0.243
0.13,0.243
0.13,0.240333333333
0.13,0.238
0.13,0.227333333333
0.13,0.216666666667
0.13,0.214333333333
0.13,0.214333333333
0.13,0.214333333333
0.13,0.206333333333
0.13,0.203666666667
0.13,0.203666666667
0.13,0.203666666667
0.13,0.203666666667
0.13,0.203666666667
0.13,0.203666666667
0.13,0.203666666667
0.13,0.203666666667
0.13,0.203666666667
0.13,0.203666666667
0.13,0.203666666667
0.13,0.203666666667
0.137666666667,0.203666666667
0.137666666667,0.203666666667
0.137666666667,0.203666666667
0.137666666667,0.219333333333
0.137666666667,0.219333333333
0.137666666667,0.219333333333
0.137666666667,0.219333333333
0.137666666667,0.219333333333
0.137666666667,0.219333333333
0.137666666667,0.219333333333
0.137666666667,0.222
0.137666666667,0.222
0.137666666667,0.222
0.137666666667,0.224333333333
0.137666666667,0.224333333333
0.137666666667,0.227
0.137666666667,0.227
0.137666666667,0.232333333333
0.137666666667,0.224333333333
0.137666666667,0.224333333333
0.137666666667,0.232333333333
0.137666666667,0.232333333333
0.137666666667,0.232333333333
0.137666666667,0.232333333333
0.137666666667,0.232333333333
0.137666666667,0.232333333333
0.137666666667,0.232333333333
0.137666666667,0.232333333333
0.137666666667,0.232333333333
0.137666666667,0.232333333333
0.137666666667,0.232333333333
0.137666666667,0.232333333333
0.137666666667,0.227
0.137666666667,0.235
0.137666666667,0.214
0.137666666667,0.208666666667
0.137666666667,0.211333333333
0.137666666667,0.211333333333
0.137666666667,0.208666666667
0.137666666667,0.208666666667
0.137666666667,0.216666666667
0.137666666667,0.219333333333
0.137666666667,0.219333333333
0.116666666667,0.219333333333
0.116666666667,0.238
0.116666666667,0.238
0.116666666667,0.238
0.116666666667,0.238
0.116666666667,0.238
0.116666666667,0.238
0.116666666667,0.238
0.116666666667,0.245666666667
0.116666666667,0.245666666667
0.116666666667,0.245666666667
0.116666666667,0.237666666667
0.116666666667,0.245666666667
0.116666666667,0.245666666667
0.137666666667,0.245666666667
0.137666666667,0.245666666667
0.137666666667,0.245666666667
0.137666666667,0.245666666667
0.137666666667,0.237666666667
0.137666666667,0.245666666667
0.137666666667,0.245666666667
0.137666666667,0.245666666667
0.137666666667,0.245666666667
0.137666666667,0.245666666667
0.137666666667,0.245666666667
0.137666666667,0.245666666667
0.137666666667,0.245666666667
0.137666666667,0.245666666667
0.137666666667,0.245666666667
0.116666666667,0.245666666667
0.116666666667,0.245666666667
0.116666666667,0.245666666667
0.116666666667,0.245666666667
0.111333333333,0.245666666667
0.111333333333,0.224666666667
0.111333333333,0.224666666667
0.111333333333,0.224666666667
0.111333333333,0.224666666667
0.111333333333,0.224666666667
0.111333333333,0.224666666667
0.111333333333,0.245666666667
0.111333333333,0.245666666667
0.111333333333,0.245666666667
0.111333333333,0.245666666667
0.111333333333,0.245666666667
0.111333333333,0.245666666667
0.111333333333,0.245666666667
0.111333333333,0.251
0.111333333333,0.274333333333
0.111333333333,0.274333333333
0.111333333333,0.279666666667
0.111333333333,0.279666666667
0.111333333333,0.279666666667
0.111333333333,0.279666666667
0.111333333333,0.279666666667
0.111333333333,0.279666666667
0.111333333333,0.279666666667
0.111333333333,0.279666666667
0.111333333333,0.279666666667
0.111333333333,0.279666666667
0.111333333333,0.261333333333
0.111333333333,0.261333333333
0.111333333333,0.261333333333
0.111333333333,0.253333333333
0.111333333333,0.253333333333
0.111333333333,0.253333333333
0.111333333333,0.253333333333
0.111333333333,0.253333333333
0.111333333333,0.253333333333
0.111333333333,0.253333333333
0.111333333333,0.248
0.111333333333,0.248
0.111333333333,0.248
0.111333333333,0.248
0.111333333333,0.248
0.111333333333,0.248
0.111333333333,0.248
0.111333333333,0.248
0.111333333333,0.248
0.111333333333,0.248
0.111333333333,0.248
0.111333333333,0.248
0.111333333333,0.248
0.103666666667,0.248
0.103666666667,0.248
0.103666666667,0.248
0.103666666667,0.248
0.103666666667,0.248
0.103666666667,0.248
0.103666666667,0.248
0.103666666667,0.248
0.103666666667,0.248
0.103666666667,0.248
0.103666666667,0.248
0.124666666667,0.248
0.124666666667,0.248
0.124666666667,0.248
0.137666666667,0.240333333333
0.137666666667,0.240333333333
0.137666666667,0.240333333333
0.137666666667,0.235
0.137666666667,0.227
0.137666666667,0.227
0.137666666667,0.227
0.137666666667,0.227
0.137666666667,0.227
0.137666666667,0.227
0.137666666667,0.227
0.137666666667,0.227
0.116666666667,0.227
0.116666666667,0.227
0.116666666667,0.227
0.116666666667,0.227
0.116666666667,0.227
0.116666666667,0.227
0.111333333333,0.227
0.111333333333,0.227
0.111333333333,0.227
0.111333333333,0.227
0.111333333333,0.227
0.137666666667,0.227
0.137666666667,0.227
0.143,0.227
0.143,0.235
0.143,0.240333333333
0.158666666667,0.240333333333
0.172,0.240333333333
0.185,0.240333333333
0.190333333333,0.240333333333
0.203333333333,0.240333333333
0.211333333333,0.240333333333
0.211333333333,0.240333333333
0.211333333333,0.240333333333
0.211333333333,0.248
0.211333333333,0.248
0.211333333333,0.227
0.190333333333,0.227
0.190333333333,0.227
0.185,0.227
0.185,0.253333333333
0.185,0.248
0.185,0.261
0.177333333333,0.261
0.177333333333,0.261
0.177333333333,0.261
0.177333333333,0.261
0.177333333333,0.261
0.177333333333,0.261
0.177333333333,0.261
0.177333333333,0.261
0.177333333333,0.261
0.177333333333,0.261
0.177333333333,0.261
0.177333333333,0.261
0.177333333333,0.261
0.177333333333,0.242666666667
0.177333333333,0.232333333333
0.177333333333,0.221666666667
0.177333333333,0.219
0.177333333333,0.216666666667
0.177333333333,0.216666666667
0.177333333333,0.209
0.177333333333,0.209
0.177333333333,0.209
0.177333333333,0.209
0.177333333333,0.209
0.177333333333,0.209
0.177333333333,0.209
0.177333333333,0.209
0.203333333333,0.209
0.203333333333,0.209
0.203333333333,0.209
0.203333333333,0.209
0.203333333333,0.209
0.211333333333,0.209
0.211333333333,0.209
0.211333333333,0.209
0.211333333333,0.209
0.211333333333,0.209
0.211333333333,0.209
0.211333333333,0.209
0.203333333333,0.209
0.203333333333,0.209
0.203333333333,0.209
0.203333333333,0.209
0.203333333333,0.238
0.203333333333,0.238
0.203333333333,0.238
0.203333333333,0.238
0.182333333333,0.240666666667
0.182333333333,0.243333333333
0.177,0.243333333333
0.177,0.248666666667
0.177,0.248666666667
0.169333333333,0.243333333333
0.169333333333,0.259
0.169333333333,0.259
0.169333333333,0.259
0.169333333333,0.259
0.169333333333,0.259
0.169333333333,0.259
0.169333333333,0.259
0.169333333333,0.259
0.169333333333,0.259
0.169333333333,0.259
0.169333333333,0.251
0.169333333333,0.259
0.169333333333,0.259
0.169333333333,0.259
0.169333333333,0.259
0.169333333333,0.259
0.169333333333,0.261333333333
0.169333333333,0.261333333333
0.169333333333,0.261333333333
0.169333333333,0.261333333333
0.169333333333,0.261333333333
0.169333333333,0.261333333333
0.169333333333,0.261333333333
0.169333333333,0.261333333333
0.169333333333,0.261333333333
0.169333333333,0.261333333333
0.169333333333,0.261333333333
0.169333333333,0.261333333333
0.169333333333,0.261333333333
0.169333333333,0.261333333333
0.169333333333,0.261333333333
0.169333333333,0.261333333333
0.169333333333,0.266666666667
0.169333333333,0.266666666667
0.169333333333,0.266666666667
0.169333333333,0.266666666667
0.169333333333,0.266666666667
0.169333333333,0.266666666667
0.169333333333,0.266666666667
0.169333333333,0.266666666667
0.169333333333,0.266666666667
0.169333333333,0.266666666667
0.169333333333,0.266666666667
0.169333333333,0.261333333333
0.169333333333,0.261333333333
0.169333333333,0.261333333333
0.169333333333,0.261333333333
0.169333333333,0.253333333333
0.169333333333,0.253333333333
0.169333333333,0.253333333333
0.169333333333,0.253333333333
0.169333333333,0.253333333333
0.169333333333,0.253333333333
0.169333333333,0.253333333333
0.169333333333,0.253333333333
0.169333333333,0.253333333333
0.169333333333,0.253333333333
0.169333333333,0.248
0.169333333333,0.248
0.169333333333,0.248
0.169333333333,0.248
0.169333333333,0.248
0.174666666667,0.248
0.177333333333,0.248
0.185333333333,0.248
0.185333333333,0.250666666667
0.188,0.250666666667
0.209,0.250666666667
0.209,0.256
0.209,0.256
0.214,0.256
0.214,0.250666666667
0.214,0.250666666667
0.214,0.250666666667
0.214,0.250666666667
0.214,0.250666666667
0.214,0.250666666667
0.214,0.258666666667
0.222,0.258666666667
0.217333333333,0.258666666667
0.235333333333,0.258666666667
0.235333333333,0.258666666667
0.235333333333,0.269333333333
0.235333333333,0.28
0.235333333333,0.287666666667
0.235333333333,0.287666666667
0.237666666667,0.287666666667
0.237666666667,0.287666666667
0.237666666667,0.290333333333
0.237666666667,0.282333333333
0.237666666667,0.282333333333
0.237666666667,0.287666666667
0.237666666667,0.287666666667
0.237666666667,0.287666666667
0.237666666667,0.287666666667
0.237666666667,0.287666666667
0.237666666667,0.287666666667
0.216666666667,0.287666666667
0.216666666667,0.287666666667
0.211333333333,0.287666666667
0.219,0.287666666667
0.224333333333,0.287666666667
0.224333333333,0.287666666667
0.224333333333,0.287666666667
0.198,0.287666666667
0.198,0.287666666667
0.198,0.287666666667
0.198,0.287666666667
0.198,0.287666666667
0.198,0.287666666667
0.198,0.287666666667
0.198,0.287666666667
0.198,0.287666666667
0.198,0.287666666667
0.198,0.287666666667
0.198,0.287666666667
0.216333333333,0.287666666667
0.216333333333,0.287666666667
0.216333333333,0.287666666667
0.224333333333,0.287666666667
0.224333333333,0.287666666667
0.224333333333,0.287666666667
0.224333333333,0.287666666667
0.224333333333,0.287666666667
0.224333333333,0.287666666667
0.224333333333,0.287666666667
0.224333333333,0.269333333333
0.224333333333,0.269333333333
0.224333333333,0.269333333333
0.224333333333,0.269333333333
0.224333333333,0.269333333333
0.224333333333,0.269333333333
0.224333333333,0.269333333333
0.224333333333,0.269333333333
0.224333333333,0.269333333333
0.224333333333,0.269333333333
0.224333333333,0.269333333333
0.224333333333,0.261333333333
0.224333333333,0.256
0.224333333333,0.248333333333
0.224333333333,0.248333333333
0.224333333333,0.248333333333
0.224333333333,0.248333333333
0.224333333333,0.248333333333
0.224333333333,0.248333333333
0.203333333333,0.248333333333
0.203333333333,0.248333333333
0.203333333333,0.248333333333
0.203333333333,0.248333333333
0.203333333333,0.248333333333
0.203333333333,0.269333333333
0.203333333333,0.274666666667
0.203333333333,0.274666666667
0.203333333333,0.274666666667
0.203333333333,0.256
0.203333333333,0.237666666667
0.203333333333,0.237666666667
0.203333333333,0.237666666667
0.203333333333,0.23
0.193,0.224666666667
0.193,0.222
0.193,0.222
0.193,0.229666666667
0.187666666667,0.229666666667
0.187666666667,0.237666666667
0.187666666667,0.211333333333
0.187666666667,0.211333333333
0.187666666667,0.211333333333
0.187666666667,0.211333333333
0.187666666667,0.237666666667
0.187666666667,0.237666666667
0.187666666667,0.237666666667
0.187666666667,0.245666666667
0.187666666667,0.245666666667
0.187666666667,0.245666666667
0.187666666667,0.224666666667
0.187666666667,0.219333333333
0.187666666667,0.219333333333
0.187666666667,0.219333333333
0.187666666667,0.219333333333
0.187666666667,0.219333333333
0.187666666667,0.237666666667
0.187666666667,0.237666666667
0.187666666667,0.251
0.187666666667,0.251
0.195666666667,0.251
0.198,0.251
0.208666666667,0.251
0.214,0.251
0.214,0.251
0.214,0.258666666667
0.214,0.258666666667
0.216666666667,0.258666666667
0.216666666667,0.258666666667
0.216666666667,0.258666666667
0.216666666667,0.258666666667
0.216666666667,0.277333333333
0.216666666667,0.290333333333
0.216666666667,0.290333333333
0.216666666667,0.290333333333
0.216666666667,0.290333333333
0.216666666667,0.290333333333
0.216666666667,0.290333333333
0.216666666667,0.290333333333
0.216666666667,0.290333333333
0.216666666667,0.269333333333
0.216666666667,0.261333333333
0.216666666667,0.261333333333
0.216666666667,0.253333333333
0.216666666667,0.248333333333
0.216666666667,0.248333333333
0.216666666667,0.243
0.216666666667,0.248333333333
0.216666666667,0.248333333333
0.216666666667,0.259
0.216666666667,0.251
0.216666666667,0.259
0.216666666667,0.248333333333
0.216666666667,0.256333333333
0.216666666667,0.259
0.216666666667,0.251
0.216666666667,0.251
0.216666666667,0.251
0.216666666667,0.251
0.216666666667,0.251
0.216666666667,0.251
0.216666666667,0.251
0.216666666667,0.251
0.216666666667,0.259
0.216666666667,0.261333333333
0.216666666667,0.261333333333
0.216666666667,0.264
0.216666666667,0.269333333333
0.216666666667,0.269333333333
0.216666666667,0.269333333333
0.216666666667,0.269333333333
0.216666666667,0.269333333333
0.216666666667,0.269333333333
0.216666666667,0.269333333333
0.216666666667,0.269333333333
0.216666666667,0.269333333333
0.216666666667,0.269333333333
0.216666666667,0.269333333333
0.235,0.269333333333
0.243,0.269333333333
0.243,0.277333333333
0.243,0.277333333333
0.243,0.282666666667
0.243,0.282666666667
0.243,0.298333333333
0.248333333333,0.298333333333
0.248333333333,0.306333333333
0.248333333333,0.301
0.248333333333,0.301
0.248333333333,0.308666666667
0.240333333333,0.277333333333
0.240333333333,0.28
0.240333333333,0.290333333333
0.240333333333,0.290333333333
0.240333333333,0.290333333333
0.240333333333,0.290333333333
0.240333333333,0.290333333333
0.240333333333,0.293
0.240333333333,0.290333333333
0.240333333333,0.287666666667
0.240333333333,0.298333333333
0.240333333333,0.293
0.240333333333,0.290333333333
0.240333333333,0.301
0.240333333333,0.293
0.240333333333,0.293
0.240333333333,0.293
0.240333333333,0.293
0.240333333333,0.301
0.222,0.293
0.222,0.293
0.214,0.293
0.214,0.293
0.214,0.293
0.214,0.293
0.208666666667,0.293
0.208666666667,0.293
0.208666666667,0.293
0.208666666667,0.293
0.208666666667,0.293
0.208666666667,0.293
0.208666666667,0.293
0.208666666667,0.293
0.208666666667,0.293
0.208666666667,0.293
0.208666666667,0.293
0.208666666667,0.293
0.208666666667,0.293
0.208666666667,0.314
0.208666666667,0.319
0.208666666667,0.319
0.208666666667,0.319
0.208666666667,0.319
0.208666666667,0.319
0.208666666667,0.319
0.208666666667,0.319
0.208666666667,0.319
0.208666666667,0.319
0.208666666667,0.319
0.208666666667,0.319
0.208666666667,0.319
0.208666666667,0.319
0.208666666667,0.319
0.208666666667,0.319
0.208666666667,0.319
0.208666666667,0.319
0.208666666667,0.319
0.208666666667,0.319
0.208666666667,0.319
0.208666666667,0.319
0.208666666667,0.319
0.208666666667,0.319
0.208666666667,0.319
0.208666666667,0.319
0.235,0.319
0.240333333333,0.319
0.256,0.319
0.261333333333,0.319
0.261333333333,0.319
0.261333333333,0.319
0.261333333333,0.319
0.261333333333,0.319
0.261333333333,0.319
0.261333333333,0.319
0.261333333333,0.319
0.261333333333,0.319
0.261333333333,0.319
0.261333333333,0.319
0.261333333333,0.319
0.261333333333,0.319
0.240333333333,0.319
0.240333333333,0.319
0.235,0.319
0.235,0.319
0.235,0.319
0.227,0.319
0.222,0.319
0.243,0.319
0.243,0.319
0.243,0.319
0.248333333333,0.319
0.23,0.319
0.23,0.319
0.23,0.319
0.222,0.319
0.222,0.319
0.243,0.319
0.222,0.319
0.235333333333,0.319
0.217333333333,0.319
0.248333333333,0.319
0.256333333333,0.319
0.256333333333,0.319
0.256333333333,0.319
0.256333333333,0.327
0.256333333333,0.327
0.256333333333,0.327
0.256333333333,0.327
0.256333333333,0.327
0.256333333333,0.327
0.256333333333,0.327
0.256333333333,0.327
0.256333333333,0.327
0.256333333333,0.327
0.256333333333,0.327
0.256333333333,0.327
0.256333333333,0.327
0.256333333333,0.306
0.256333333333,0.306
0.256333333333,0.306
0.256333333333,0.306
0.256333333333,0.306
0.256333333333,0.300666666667
0.256333333333,0.300666666667
0.256333333333,0.300666666667
0.256333333333,0.300666666667
0.256333333333,0.300666666667
0.256333333333,0.300666666667
0.256333333333,0.300666666667
0.256333333333,0.300666666667
0.256333333333,0.300666666667
0.256333333333,0.300666666667
0.256333333333,0.300666666667
0.256333333333,0.298
0.256333333333,0.277
0.256333333333,0.271666666667
0.256333333333,0.271666666667
0.256333333333,0.269333333333
0.256333333333,0.269333333333
0.256333333333,0.269333333333
0.256333333333,0.269333333333
0.256333333333,0.269333333333
0.256333333333,0.269333333333
0.261666666667,0.269333333333
0.261666666667,0.269333333333
0.261666666667,0.269333333333
0.261666666667,0.264
0.261666666667,0.264
0.261666666667,0.264
0.261666666667,0.261333333333
0.261666666667,0.264
0.261666666667,0.264
0.261666666667,0.264
0.261666666667,0.264
0.261666666667,0.256
0.261666666667,0.256
0.261666666667,0.250666666667
0.261666666667,0.250666666667
0.261666666667,0.256
0.261666666667,0.248
0.261666666667,0.256
0.261666666667,0.256
0.240333333333,0.256
0.240333333333,0.256
0.232666666667,0.248
0.232666666667,0.248
0.232666666667,0.248
0.232666666667,0.248
0.232666666667,0.248
0.232666666667,0.248
0.232666666667,0.256
0.23,0.256
0.23,0.256
0.23,0.256
0.23,0.256
0.23,0.256
0.23,0.256
0.23,0.256
0.23,0.256
0.23,0.256
0.23,0.256
0.23,0.256
0.23,0.256
0.23,0.256
0.23,0.258666666667
0.23,0.264
0.23,0.269333333333
0.23,0.269333333333
0.23,0.269333333333
0.222,0.269333333333
0.222,0.264
0.222,0.271666666667
0.222,0.274333333333
0.222,0.264
0.222,0.277
0.222,0.277
0.222,0.269333333333
0.222,0.287666666667
0.222,0.295666666667
0.222,0.295666666667
0.222,0.295666666667
0.222,0.303333333333
0.222,0.295666666667
0.222,0.290333333333
0.222,0.290333333333
0.222,0.290333333333
0.243,0.298
0.222,0.298
0.204,0.300666666667
0.204,0.300666666667
0.204,0.300666666667
0.277,0.290333333333
0.269333333333,0.290333333333
0.269333333333,0.298
0.277,0.298
0.277,0.298
0.277,0.277
0.277,0.277
0.229666666667,0.277
0.248333333333,0.271666666667
0.269333333333,0.271666666667
0.243,0.271666666667
0.235,0.271666666667
0.248333333333,0.277
0.248333333333,0.282333333333
0.248333333333,0.274333333333
0.229666666667,0.282333333333
0.229666666667,0.285
0.216666666667,0.277
0.208666666667,0.277
0.208666666667,0.274666666667
0.229666666667,0.28
0.240333333333,0.269333333333
0.240333333333,0.277333333333
0.245666666667,0.277333333333
0.245666666667,0.28
0.245666666667,0.269333333333
0.245666666667,0.277333333333
0.245666666667,0.277333333333
0.245666666667,0.277333333333
0.245666666667,0.28
0.245666666667,0.285333333333
0.245666666667,0.287666666667
0.245666666667,0.290333333333
0.248333333333,0.290333333333
0.240333333333,0.293
0.251,0.301
0.261333333333,0.298333333333
0.264,0.298333333333
0.272,0.301
0.306,0.314
0.327,0.335
0.332333333333,0.345666666667
0.335,0.353333333333
0.340333333333,0.353333333333
0.340333333333,0.353333333333
0.343,0.353333333333
0.343,0.345666666667
0.343,0.345666666667
0.324666666667,0.345666666667
0.33,0.345666666667
0.364,0.353333333333
0.364,0.374333333333
0.337666666667,0.379666666667
0.312,0.379666666667
0.312,0.379666666667
0.312,0.387666666667
0.312,0.379666666667
0.337666666667,0.379666666667
0.304,0.379666666667
0.304,0.379666666667
0.348333333333,0.379666666667
0.408666666667,0.379666666667
0.408666666667,0.379666666667
0.416666666667,0.379666666667
0.416666666667,0.379666666667
0.416666666667,0.379666666667
0.416666666667,0.379666666667
0.416666666667,0.379666666667
0.422,0.379666666667
0.387666666667,0.379666666667
0.337666666667,0.379666666667
0.337666666667,0.379666666667
0.348333333333,0.379666666667
0.371666666667,0.379666666667
0.319333333333,0.379666666667
0.275,0.379666666667
0.275,0.379666666667
0.327,0.379666666667
0.340333333333,0.379666666667
0.348,0.379666666667
0.287666666667,0.379666666667
0.287666666667,0.379666666667
0.306,0.379666666667
0.275,0.379666666667
0.293,0.385
0.275,0.393
0.314,0.401
0.293,0.377333333333
0.283,0.366666666667
0.301,0.364
0.314,0.364
0.306333333333,0.361333333333
0.348333333333,0.372
0.33,0.364
0.338,0.372
0.340666666667,0.364
0.353666666667,0.364
0.395666666667,0.372
0.38,0.372
0.367,0.364
0.335333333333,0.364
0.374666666667,0.364
0.38,0.364
0.395666666667,0.364
0.435333333333,0.364
0.401,0.364
0.374666666667,0.371666666667
0.374666666667,0.371666666667
0.374666666667,0.371666666667
0.38,0.371666666667
0.382333333333,0.371666666667
0.390333333333,0.371666666667
0.393,0.371666666667
0.393,0.371666666667
0.395666666667,0.382333333333
0.401,0.382333333333
0.401,0.387666666667
0.367,0.406
0.38,0.406
0.427,0.408666666667
0.440333333333,0.416666666667
0.393,0.419333333333
0.379666666667,0.416666666667
0.400666666667,0.419333333333
0.372,0.419333333333
0.414,0.432666666667
0.393,0.422
0.414,0.432666666667
0.414,0.432666666667
0.379666666667,0.432666666667
0.406,0.432666666667
0.414,0.432666666667
0.414,0.411666666667
0.393,0.411666666667
0.372,0.403666666667
0.414,0.403666666667
0.440333333333,0.403666666667
0.414,0.403666666667
0.400666666667,0.403666666667
0.414,0.403666666667
0.358666666667,0.403666666667
0.340333333333,0.403666666667
0.393,0.403666666667
0.419333333333,0.403666666667
0.419333333333,0.403666666667
0.419333333333,0.403666666667
0.419333333333,0.403666666667
0.419333333333,0.403666666667
0.440333333333,0.403666666667
0.440333333333,0.403666666667
0.440333333333,0.403666666667
0.440333333333,0.403666666667
0.466666666667,0.403666666667
0.506,0.403666666667
0.427333333333,0.403666666667
0.427333333333,0.403666666667
0.427333333333,0.403666666667
0.422,0.403666666667
0.414333333333,0.403666666667
0.401,0.403666666667
0.398333333333,0.403666666667
0.400666666667,0.403666666667
0.498333333333,0.403666666667
0.477333333333,0.403666666667
0.474666666667,0.403666666667
0.482333333333,0.403666666667
0.482333333333,0.403666666667
0.511333333333,0.403666666667
0.516666666667,0.398333333333
0.516666666667,0.398333333333
0.516666666667,0.398333333333
0.516666666667,0.398333333333
0.516666666667,0.398333333333
0.519333333333,0.419333333333
0.519333333333,0.419333333333
0.519333333333,0.419333333333
0.519333333333,0.419333333333
0.519333333333,0.419333333333
0.519333333333,0.419333333333
0.519333333333,0.424666666667
0.519333333333,0.424666666667
0.519333333333,0.424666666667
0.519333333333,0.424666666667
0.519333333333,0.424666666667
0.522,0.424666666667
0.522,0.424666666667
0.522,0.424666666667
0.522,0.424666666667
0.522,0.424666666667
0.522,0.424666666667
0.522,0.424666666667
0.522,0.424666666667
0.501,0.424666666667
0.501,0.424666666667
0.527,0.424666666667
0.522,0.403666666667
0.479666666667,0.403666666667
0.474666666667,0.403666666667
0.474666666667,0.403666666667
0.451,0.403666666667
0.451,0.403666666667
0.440333333333,0.403666666667
0.435333333333,0.403666666667
0.419333333333,0.398333333333
0.414333333333,0.398333333333
0.388,0.398333333333
0.448333333333,0.398333333333
0.416666666667,0.398333333333
0.398333333333,0.398333333333
0.398333333333,0.398333333333
0.398333333333,0.398333333333
0.403666666667,0.398333333333
0.411333333333,0.398333333333
0.390333333333,0.398333333333
0.390333333333,0.398333333333
0.390333333333,0.398333333333
0.390333333333,0.390333333333
0.390333333333,0.390333333333
0.390333333333,0.390333333333
0.390333333333,0.390333333333
0.390333333333,0.390333333333
0.390333333333,0.390333333333
0.390333333333,0.390333333333
0.390333333333,0.390333333333
0.390333333333,0.372
0.385,0.369333333333
0.403333333333,0.361666666667
0.385,0.374666666667
0.385,0.361666666667
0.385,0.356333333333
0.401,0.361666666667
0.403333333333,0.359
0.406,0.361666666667
0.406,0.361666666667
0.406,0.353666666667
0.406,0.353666666667
0.406,0.353666666667
0.406,0.353666666667
0.403333333333,0.353666666667
0.414,0.348333333333
0.414,0.345666666667
0.414,0.345666666667
0.414,0.356333333333
0.414,0.345666666667
0.414,0.345666666667
0.414,0.343
0.414,0.343
0.414,0.343
0.414,0.343
0.414,0.345666666667
0.414,0.345666666667
0.414,0.345666666667
0.414,0.337666666667
0.414,0.345666666667
0.414,0.345666666667
0.414,0.345666666667
0.414,0.345666666667
0.414,0.345666666667
0.414,0.345666666667
0.414,0.345666666667
0.414,0.345666666667
0.414,0.345666666667
0.414,0.345666666667
0.414,0.345666666667
0.414,0.345666666667
0.414,0.345666666667
0.414,0.345666666667
0.414,0.345666666667
0.416666666667,0.345666666667
0.416666666667,0.345666666667
0.422,0.345666666667
0.422,0.345666666667
0.422,0.345666666667
0.422,0.345666666667
0.422,0.345666666667
0.424666666667,0.345666666667
0.424666666667,0.345666666667
0.427,0.345666666667
0.432333333333,0.345666666667
0.435,0.345666666667
0.437666666667,0.345666666667
0.437666666667,0.351
0.440333333333,0.359
0.440333333333,0.364
0.440333333333,0.366666666667
0.440333333333,0.372
0.440333333333,0.366666666667
0.440333333333,0.374666666667
0.437666666667,0.374666666667
0.445666666667,0.372
0.445666666667,0.374666666667
0.448333333333,0.377333333333
0.448333333333,0.377333333333
0.448333333333,0.377333333333
0.448333333333,0.377333333333
0.450666666667,0.377333333333
0.456,0.377333333333
0.458666666667,0.377333333333
0.461333333333,0.382666666667
0.469333333333,0.382666666667
0.479666666667,0.382666666667
0.482333333333,0.382666666667
0.487666666667,0.403666666667
0.487666666667,0.403666666667
0.487666666667,0.406
0.487666666667,0.398333333333
0.487666666667,0.403666666667
0.487666666667,0.406
0.487666666667,0.411333333333
0.487666666667,0.411333333333
0.487666666667,0.411333333333
0.487666666667,0.411333333333
0.487666666667,0.411333333333
0.487666666667,0.422
0.487666666667,0.422
0.487666666667,0.422
0.487666666667,0.422
0.487666666667,0.422
0.487666666667,0.422
0.487666666667,0.422
0.487666666667,0.422
0.479666666667,0.422
0.469333333333,0.422
0.461333333333,0.422
0.458666666667,0.422
0.458666666667,0.422
0.458666666667,0.422
0.474333333333,0.422
0.482333333333,0.422
0.485,0.422
0.487666666667,0.422
0.487666666667,0.422
0.487666666667,0.422
0.487666666667,0.422
0.487666666667,0.422
0.487666666667,0.422
0.487666666667,0.422
0.487666666667,0.400666666667
0.487666666667,0.400666666667
0.487666666667,0.400666666667
0.466666666667,0.400666666667
0.466666666667,0.400666666667
0.466666666667,0.400666666667
0.479666666667,0.400666666667
0.487666666667,0.395666666667
0.466666666667,0.395666666667
0.466666666667,0.395666666667
0.466666666667,0.395666666667
0.466666666667,0.395666666667
0.466666666667,0.395666666667
0.466666666667,0.395666666667
0.466666666667,0.395666666667
0.466666666667,0.395666666667
0.466666666667,0.395666666667
0.466666666667,0.395666666667
0.466666666667,0.395666666667
0.466666666667,0.395666666667
0.466666666667,0.395666666667
0.466666666667,0.395666666667
0.466666666667,0.395666666667
0.466666666667,0.395666666667
0.466666666667,0.395666666667
0.466666666667,0.395666666667
0.466666666667,0.395666666667
0.466666666667,0.395666666667
0.466666666667,0.395666666667
0.466666666667,0.395666666667
0.466666666667,0.395666666667
0.466666666667,0.395666666667
0.466666666667,0.395666666667
0.466666666667,0.395666666667
0.466666666667,0.395666666667
0.466666666667,0.395666666667
0.466666666667,0.395666666667
0.466666666667,0.395666666667
0.466666666667,0.395666666667
0.466666666667,0.395666666667
0.466666666667,0.395666666667
0.466666666667,0.395666666667
0.466666666667,0.395666666667
0.466666666667,0.395666666667
0.466666666667,0.395666666667
0.466666666667,0.395666666667
0.466666666667,0.395666666667
0.466666666667,0.395666666667
0.466666666667,0.395666666667
0.466666666667,0.395666666667
0.466666666667,0.395666666667
0.466666666667,0.395666666667
0.466666666667,0.395666666667
0.466666666667,0.395666666667
0.466666666667,0.395666666667
0.466666666667,0.395666666667
0.466666666667,0.395666666667
0.466666666667,0.395666666667
0.466666666667,0.395666666667
0.466666666667,0.395666666667
0.466666666667,0.395666666667
0.466666666667,0.395666666667
0.466666666667,0.395666666667
0.466666666667,0.395666666667
0.466666666667,0.395666666667
0.466666666667,0.395666666667
0.466666666667,0.395666666667
0.466666666667,0.395666666667
0.458666666667,0.395666666667
0.458666666667,0.395666666667
0.458666666667,0.395666666667
0.458666666667,0.395666666667
0.458666666667,0.395666666667
0.458666666667,0.395666666667
0.458666666667,0.395666666667
0.458666666667,0.395666666667
0.458666666667,0.395666666667
0.458666666667,0.395666666667
0.458666666667,0.395666666667
0.458666666667,0.395666666667
0.458666666667,0.395666666667
0.458666666667,0.395666666667
0.458666666667,0.395666666667
0.458666666667,0.395666666667
0.458666666667,0.395666666667
0.458666666667,0.395666666667
0.458666666667,0.395666666667
0.458666666667,0.395666666667
0.458666666667,0.395666666667
0.458666666667,0.395666666667
0.458666666667,0.395666666667
0.458666666667,0.395666666667
0.458666666667,0.395666666667
0.458666666667,0.395666666667
0.458666666667,0.395666666667
0.458666666667,0.395666666667
0.458666666667,0.395666666667
0.458666666667,0.395666666667
0.458666666667,0.395666666667
0.458666666667,0.395666666667
0.458666666667,0.395666666667
0.458666666667,0.395666666667
0.458666666667,0.395666666667
0.458666666667,0.395666666667
0.458666666667,0.395666666667
0.458666666667,0.395666666667
0.458666666667,0.395666666667
0.458666666667,0.395666666667
0.458666666667,0.395666666667
0.458666666667,0.395666666667
0.458666666667,0.395666666667
0.458666666667,0.395666666667
0.458666666667,0.395666666667
0.458666666667,0.395666666667
0.485,0.395666666667
0.490333333333,0.395666666667
0.490333333333,0.395666666667
0.485,0.395666666667
0.503666666667,0.395666666667
0.503666666667,0.395666666667
0.503666666667,0.395666666667
0.503666666667,0.395666666667
0.503666666667,0.395666666667
0.508666666667,0.395666666667
0.501,0.385333333333
0.498333333333,0.385333333333
0.498333333333,0.382666666667
0.498333333333,0.382666666667
0.498333333333,0.38
0.498333333333,0.38
0.498333333333,0.374666666667
0.498333333333,0.382666666667
0.508666666667,0.385333333333
0.508666666667,0.385333333333
0.501,0.385333333333
0.501,0.385333333333
0.501,0.385333333333
0.501,0.385333333333
0.501,0.385333333333
0.501,0.385333333333
0.501,0.385333333333
0.501,0.385333333333
0.501,0.385333333333
0.501,0.385333333333
0.501,0.385333333333
0.498333333333,0.385333333333
0.498333333333,0.385333333333
0.498333333333,0.385333333333
0.498333333333,0.385333333333
0.498333333333,0.385333333333
0.498333333333,0.385333333333
0.498333333333,0.385333333333
0.498333333333,0.385333333333
0.498333333333,0.385333333333
0.498333333333,0.385333333333
0.498333333333,0.385333333333
0.498333333333,0.385333333333
0.498333333333,0.385333333333
0.498333333333,0.403666666667
0.498333333333,0.409
0.508666666667,0.419
0.519333333333,0.422
0.532333333333,0.448
0.535,0.451
0.537666666667,0.548
0.537666666667,0.590333333333
0.537666666667,0.606333333333
0.537666666667,0.606333333333
0.537666666667,0.606333333333
0.537666666667,0.606333333333
0.543,0.606333333333
0.543,0.606333333333
0.545666666667,0.614
0.545666666667,0.614
0.548333333333,0.614
0.556,0.614
0.558666666667,0.614
0.569333333333,0.574333333333
0.577,0.574333333333
0.577,0.595333333333
0.577,0.574333333333
0.577,0.574333333333
0.577,0.574333333333
0.577,0.574333333333
0.577,0.574333333333
0.577,0.574333333333
0.577,0.574333333333
0.577,0.574333333333
0.577,0.574333333333
0.577,0.574333333333
0.577,0.574333333333
0.577,0.574333333333
0.577,0.574333333333
0.577,0.574333333333
0.577,0.574333333333
0.577,0.574333333333
0.577,0.574333333333
0.577,0.574333333333
0.577,0.574333333333
0.577,0.574333333333
0.577,0.574333333333
0.577,0.587666666667
0.555666666667,0.592666666667
0.555666666667,0.600666666667
0.555666666667,0.600666666667
0.555666666667,0.600666666667
0.555666666667,0.600666666667
0.555666666667,0.600666666667
0.555666666667,0.600666666667
0.555666666667,0.600666666667
0.555666666667,0.600666666667
0.555666666667,0.600666666667
0.555666666667,0.579666666667
0.555666666667,0.579666666667
0.555666666667,0.579666666667
0.555666666667,0.579666666667
0.555666666667,0.579666666667
0.555666666667,0.579666666667
0.555666666667,0.579666666667
0.555666666667,0.579666666667
0.555666666667,0.579666666667
0.555666666667,0.579666666667
0.555666666667,0.566666666667
0.555666666667,0.566666666667
0.555666666667,0.566666666667
0.555666666667,0.566666666667
0.555666666667,0.566666666667
0.555666666667,0.566666666667
0.555666666667,0.566666666667
0.555666666667,0.566666666667
0.555666666667,0.566666666667
0.550333333333,0.566666666667
0.550333333333,0.587666666667
0.550333333333,0.587666666667
0.550333333333,0.587666666667
0.500666666667,0.587666666667
0.495333333333,0.587666666667
0.495333333333,0.587666666667
0.492666666667,0.587666666667
0.492666666667,0.592666666667
0.492666666667,0.592666666667
0.492666666667,0.592666666667
0.492666666667,0.592666666667
0.500666666667,0.592666666667
0.500666666667,0.600666666667
0.500666666667,0.600666666667
0.500666666667,0.600666666667
0.519,0.600666666667
0.521666666667,0.600666666667
0.529666666667,0.600666666667
0.54,0.606
0.547666666667,0.606
0.532,0.614
0.54,0.614
0.54,0.614
0.54,0.614
0.542666666667,0.614
0.569,0.614
0.548,0.614
0.548,0.614
0.542666666667,0.635
0.542666666667,0.635
0.542666666667,0.635
0.542666666667,0.635
0.569,0.635
0.535,0.635
0.521666666667,0.635
0.548,0.635
0.548,0.635
0.521666666667,0.635
0.500666666667,0.635
0.521666666667,0.635
0.542666666667,0.613666666667
0.548,0.613666666667
0.548,0.613666666667
0.548,0.613666666667
0.548,0.613666666667
0.548,0.613666666667
0.548,0.613666666667
0.548,0.613666666667
0.548,0.613666666667
0.548,0.613666666667
0.548,0.613666666667
0.548,0.613666666667
0.548,0.613666666667
0.548,0.613666666667
0.548,0.613666666667
0.548,0.613666666667
0.548,0.613666666667
0.548,0.592666666667
0.548,0.592666666667
0.548,0.592666666667
0.548,0.587666666667
0.548,0.587666666667
0.548,0.606
0.548,0.606
0.543,0.613666666667
0.543,0.613666666667
0.543,0.613666666667
0.543,0.635
0.543,0.635
0.543,0.635
0.543,0.635
0.543,0.635
0.543,0.635
0.543,0.635
0.543,0.635
0.543,0.635
0.543,0.635
0.543,0.635
0.569333333333,0.635
0.569333333333,0.635
0.569333333333,0.635
0.569333333333,0.635
0.569333333333,0.635
0.569333333333,0.635
0.569333333333,0.635
0.569333333333,0.64
0.569333333333,0.64
0.569333333333,0.64
0.569333333333,0.64
0.569333333333,0.64
0.569333333333,0.64
0.569333333333,0.64
0.569333333333,0.64
0.569333333333,0.64
0.569333333333,0.64
0.569333333333,0.64
0.569333333333,0.64
0.569333333333,0.64
0.569333333333,0.611
0.569333333333,0.611
0.569333333333,0.611
0.569333333333,0.611
0.569333333333,0.597666666667
0.569333333333,0.597666666667
0.569333333333,0.592666666667
0.569333333333,0.592666666667
0.569333333333,0.587333333333
0.569333333333,0.587333333333
0.569333333333,0.587333333333
0.569333333333,0.584666666667
0.569333333333,0.584666666667
0.569333333333,0.576666666667
0.569333333333,0.579333333333
0.569333333333,0.579333333333
0.548,0.574
0.548,0.574
0.548,0.582
0.548,0.571666666667
0.548,0.571666666667
0.548,0.563666666667
0.548,0.574333333333
0.548,0.574333333333
0.548,0.574333333333
0.569333333333,0.574333333333
0.569333333333,0.579666666667
0.569333333333,0.595333333333
0.569333333333,0.603
0.569333333333,0.613666666667
0.569333333333,0.634666666667
0.569333333333,0.653
0.569333333333,0.663666666667
0.569333333333,0.671666666667
0.569333333333,0.674333333333
0.569333333333,0.674333333333
0.569333333333,0.653333333333
0.577,0.653333333333
0.582333333333,0.648
0.590333333333,0.648
0.603333333333,0.648
0.585,0.648
0.585,0.648
0.585,0.648
0.585,0.648
0.585,0.648
0.585,0.648
0.585,0.648
0.585,0.648
0.585,0.648
0.585,0.648
0.585,0.648
0.572,0.648
0.503666666667,0.648
0.543,0.648
0.543,0.669
0.558666666667,0.669
0.564,0.669
0.590333333333,0.669
0.564,0.669
0.577333333333,0.669
0.577333333333,0.669
0.577333333333,0.669
0.577333333333,0.669
0.577333333333,0.669
0.577333333333,0.669
0.577333333333,0.669
0.577333333333,0.669
0.577333333333,0.669
0.577333333333,0.674333333333
0.577333333333,0.674333333333
0.577333333333,0.674333333333
0.577333333333,0.674333333333
0.556333333333,0.674333333333
0.543,0.674333333333
0.516666666667,0.682333333333
0.53,0.695333333333
0.577333333333,0.695333333333
0.53,0.695333333333
0.577333333333,0.695333333333
0.556333333333,0.700666666667
0.569333333333,0.700666666667
0.569333333333,0.700666666667
0.577333333333,0.700666666667
0.577333333333,0.708666666667
0.577333333333,0.708666666667
0.577333333333,0.714
0.551,0.714
0.569333333333,0.714
0.577333333333,0.714
0.577333333333,0.714
0.577333333333,0.714
0.577333333333,0.714
0.551,0.714
0.569333333333,0.714
0.569333333333,0.693
0.569333333333,0.693
0.569333333333,0.693
0.569333333333,0.687666666667
0.569333333333,0.687666666667
0.569333333333,0.687666666667
0.569333333333,0.687666666667
0.569333333333,0.687666666667
0.569333333333,0.687666666667
0.569333333333,0.687666666667
0.569333333333,0.687666666667
0.590333333333,0.687666666667
0.590333333333,0.687666666667
0.590333333333,0.687666666667
0.590333333333,0.679666666667
0.590333333333,0.679666666667
0.590333333333,0.674333333333
0.590333333333,0.674333333333
0.590333333333,0.674333333333
0.590333333333,0.674333333333
0.590333333333,0.674333333333
0.590333333333,0.674333333333
0.590333333333,0.674333333333
0.564,0.674333333333
0.564,0.674333333333
0.564,0.674333333333
0.564,0.674333333333
0.564,0.674333333333
0.564,0.674333333333
0.564,0.674333333333
0.564,0.674333333333
0.564,0.674333333333
0.564,0.674333333333
0.564,0.674333333333
0.564,0.674333333333
0.543,0.674333333333
0.543,0.674333333333
0.543,0.674333333333
0.543,0.674333333333
0.543,0.695333333333
0.543,0.695333333333
0.543,0.695333333333
0.543,0.695333333333
0.543,0.695333333333
0.543,0.695333333333
0.543,0.695333333333
0.543,0.695333333333
0.543,0.695333333333
0.543,0.695333333333
0.543,0.700666666667
0.543,0.679666666667
0.543,0.679666666667
0.543,0.679666666667
0.543,0.674333333333
0.543,0.674333333333
0.543,0.674333333333
0.543,0.674333333333
0.543,0.674333333333
0.543,0.674333333333
0.543,0.674333333333
0.543,0.674333333333
0.543,0.674333333333
0.543,0.674333333333
0.543,0.674333333333
0.543,0.674333333333
0.543,0.674333333333
0.543,0.674333333333
0.543,0.674333333333
0.543,0.674333333333
0.543,0.674333333333
0.543,0.674333333333
0.543,0.674333333333
0.543,0.674333333333
0.543,0.674333333333
0.543,0.674333333333
0.543,0.674333333333
0.543,0.674333333333
0.543,0.674333333333
0.543,0.674333333333
0.543,0.674333333333
0.543,0.674333333333
0.543,0.674333333333
0.543,0.674333333333
0.543,0.674333333333
0.543,0.674333333333
0.543,0.674333333333
0.543,0.674333333333
0.543,0.674333333333
0.543,0.674333333333
0.543,0.674333333333
0.543,0.674333333333
0.564,0.674333333333
0.564,0.674333333333
0.564,0.674333333333
0.564,0.674333333333
0.564,0.674333333333
0.564,0.674333333333
0.564,0.674333333333
0.564,0.674333333333
0.564,0.674333333333
0.564,0.674333333333
0.564,0.674333333333
0.564,0.674333333333
0.564,0.674333333333
0.564,0.674333333333
0.564,0.674333333333
0.564,0.674333333333
0.564,0.666333333333
0.564,0.666333333333
0.564,0.666333333333
0.564,0.666333333333
0.564,0.666333333333
0.564,0.666333333333
0.564,0.666333333333
0.564,0.666333333333
0.564,0.666333333333
0.564,0.666333333333
0.564,0.666333333333
0.564,0.666333333333
0.564,0.666333333333
0.564,0.666333333333
0.564,0.666333333333
0.564,0.666333333333
0.564,0.666333333333
0.564,0.666333333333
0.564,0.666333333333
0.564,0.671666666667
0.564,0.700666666667
0.564,0.698
0.564,0.684666666667
0.564,0.687333333333
0.564,0.687333333333
0.553333333333,0.692666666667
0.550666666667,0.687333333333
0.548,0.674333333333
0.540333333333,0.674333333333
0.532333333333,0.671666666667
0.556,0.653333333333
0.556,0.648
0.553333333333,0.642666666667
0.556,0.648
0.543,0.653333333333
0.553333333333,0.642666666667
0.561333333333,0.658666666667
0.566333333333,0.656
0.553333333333,0.645333333333
0.579666666667,0.642666666667
0.561333333333,0.642666666667
0.566333333333,0.637666666667
0.574333333333,0.642666666667
0.608666666667,0.635
0.600666666667,0.642666666667
0.613666666667,0.642666666667
0.600666666667,0.642666666667
0.595333333333,0.642666666667
0.613666666667,0.642666666667
0.613666666667,0.642666666667
0.661333333333,0.642666666667
0.635,0.642666666667
0.621666666667,0.642666666667
0.621666666667,0.642666666667
0.661333333333,0.642666666667
0.669333333333,0.642666666667
0.669333333333,0.642666666667
0.666666666667,0.642666666667
0.690333333333,0.648
0.653333333333,0.661333333333
0.648,0.666666666667
0.643,0.661333333333
0.661,0.672
0.642666666667,0.69
0.645333333333,0.700666666667
0.671666666667,0.705666666667
0.632333333333,0.732333333333
0.656,0.735
0.669,0.735
0.671666666667,0.735
0.650333333333,0.735
0.69,0.735
0.679333333333,0.735
0.679333333333,0.735
0.679333333333,0.735
0.679333333333,0.735
0.700666666667,0.735
0.706,0.735
0.727,0.735
0.742666666667,0.735
0.745333333333,0.714
0.745333333333,0.714
0.745333333333,0.708666666667
0.750666666667,0.701
0.729666666667,0.701
0.745333333333,0.701
0.724333333333,0.701
0.750666666667,0.701
0.735,0.701
0.721666666667,0.701
0.771666666667,0.701
0.771666666667,0.701
0.798,0.701
0.779666666667,0.701
0.785,0.722
0.785,0.735
0.785,0.740333333333
0.785,0.753333333333
0.785,0.753333333333
0.785,0.766666666667
0.745666666667,0.766666666667
0.745666666667,0.766666666667
0.745666666667,0.766666666667
0.772,0.748333333333
0.772,0.748333333333
0.772,0.740333333333
0.750666666667,0.740333333333
0.758333333333,0.735
0.758333333333,0.722
0.753333333333,0.714
0.771666666667,0.714
0.763666666667,0.708666666667
0.763666666667,0.708666666667
0.763666666667,0.708666666667
0.763666666667,0.708666666667
0.763666666667,0.701
0.763666666667,0.693
0.763666666667,0.693
0.763666666667,0.687666666667
0.763666666667,0.687666666667
0.763666666667,0.687666666667
0.763666666667,0.687666666667
0.763666666667,0.687666666667
0.763666666667,0.687666666667
0.763666666667,0.708666666667
0.763666666667,0.722
0.784666666667,0.722
0.79,0.735
0.79,0.748333333333
0.79,0.753333333333
0.79,0.766666666667
0.79,0.766666666667
0.79,0.766666666667
0.79,0.766666666667
0.79,0.766666666667
0.79,0.748333333333
0.798,0.748333333333
0.803,0.748333333333
0.803,0.748333333333
0.816333333333,0.748333333333
0.816333333333,0.748333333333
0.816333333333,0.740333333333
0.816333333333,0.735
0.816333333333,0.727
0.816333333333,0.727
0.816333333333,0.727
0.816333333333,0.727
0.816333333333,0.727
0.816333333333,0.748333333333
0.816333333333,0.748333333333
0.816333333333,0.748333333333
0.816333333333,0.748333333333
0.816333333333,0.753333333333
0.816333333333,0.753333333333
0.816333333333,0.753333333333
0.798,0.753333333333
0.798,0.753333333333
0.798,0.753333333333
0.798,0.753333333333
0.798,0.753333333333
0.798,0.753333333333
0.798,0.753333333333
0.798,0.753333333333
0.79,0.753333333333
0.79,0.753333333333
0.79,0.753333333333
0.79,0.753333333333
0.79,0.753333333333
0.79,0.753333333333
0.79,0.753333333333
0.79,0.753333333333
0.79,0.753333333333
0.798,0.753333333333
0.776666666667,0.753333333333
0.776666666667,0.753333333333
0.776666666667,0.753333333333
0.776666666667,0.753333333333
0.776666666667,0.753333333333
0.776666666667,0.753333333333
0.776666666667,0.753333333333
0.776666666667,0.753333333333
0.776666666667,0.753333333333
0.776666666667,0.753333333333
0.776666666667,0.753333333333
0.776666666667,0.753333333333
0.776666666667,0.753333333333
0.776666666667,0.753333333333
0.776666666667,0.753333333333
0.776666666667,0.753333333333
0.776666666667,0.753333333333
0.776666666667,0.753333333333
0.776666666667,0.753333333333
0.776666666667,0.753333333333
0.798,0.753333333333
0.798,0.753333333333
0.776666666667,0.735
0.763666666667,0.735
0.763666666667,0.735
0.763666666667,0.735
0.763666666667,0.735
0.763666666667,0.735
0.763666666667,0.735
0.763666666667,0.735
0.763666666667,0.735
0.771666666667,0.735
0.750333333333,0.735
0.798,0.735
0.758333333333,0.753333333333
0.758333333333,0.753333333333
0.758333333333,0.753333333333
0.763666666667,0.753333333333
0.763666666667,0.753333333333
0.745333333333,0.761333333333
0.776666666667,0.766666666667
0.776666666667,0.766666666667
0.737333333333,0.766666666667
0.69,0.766666666667
0.684666666667,0.766666666667
0.677,0.766666666667
0.698,0.766666666667
0.671666666667,0.766666666667
0.663666666667,0.766666666667
0.69,0.766666666667
0.69,0.766666666667
0.69,0.766666666667
0.776666666667,0.766666666667
0.798,0.748333333333
0.798,0.740333333333
0.798,0.722
0.811,0.722
0.784666666667,0.722
0.819,0.722
0.819,0.722
0.819,0.722
0.819,0.722
0.819,0.722
0.819,0.722
0.819,0.722
0.819,0.722
0.819,0.722
0.819,0.722
0.819,0.740333333333
0.819,0.748333333333
0.819,0.753333333333
0.819,0.753333333333
0.819,0.74
0.819,0.750666666667
0.84,0.74
0.84,0.74
0.84,0.732
0.84,0.732
0.84,0.729666666667
0.84,0.729666666667
0.84,0.729666666667
0.84,0.724333333333
0.84,0.724333333333
0.84,0.727
0.84,0.724333333333
0.845333333333,0.719
0.845333333333,0.719
0.845333333333,0.719
0.845333333333,0.719
0.845333333333,0.719
0.845333333333,0.719
0.845333333333,0.719
0.845333333333,0.719
0.845333333333,0.719
0.845333333333,0.719
0.845333333333,0.719
0.845333333333,0.719
0.845333333333,0.719
0.845333333333,0.719
0.845333333333,0.719
0.845333333333,0.719
0.845333333333,0.719
0.845333333333,0.719
0.845333333333,0.719
0.845333333333,0.716333333333
0.845333333333,0.716333333333
0.845333333333,0.713666666667
0.845333333333,0.724333333333
0.845333333333,0.713666666667
0.845333333333,0.724333333333
0.845333333333,0.716333333333
0.845333333333,0.716333333333
0.845333333333,0.711
0.845333333333,0.703333333333
0.845333333333,0.703333333333
0.845333333333,0.700666666667
0.845333333333,0.700666666667
0.845333333333,0.69
0.853,0.69
0.853,0.687333333333
0.853,0.692666666667
0.853,0.682333333333
0.853,0.682333333333
0.845333333333,0.682333333333
0.845333333333,0.682333333333
0.842666666667,0.679666666667
0.842666666667,0.69
0.842666666667,0.679666666667
0.842666666667,0.692666666667
0.842666666667,0.69
0.84,0.682333333333
0.832,0.682333333333
0.824333333333,0.682333333333
0.813666666667,0.682333333333
0.811,0.682333333333
0.811,0.682333333333
0.808333333333,0.687333333333
0.808333333333,0.682333333333
0.808333333333,0.682333333333
0.808333333333,0.682333333333
0.808333333333,0.682333333333
0.811,0.682333333333
0.798,0.669
0.798,0.666333333333
0.795333333333,0.661
0.795333333333,0.663666666667
0.795333333333,0.669
0.795333333333,0.669
0.795333333333,0.661
0.795333333333,0.661
0.795333333333,0.661
0.787333333333,0.661
0.784666666667,0.661
0.784666666667,0.661
0.779666666667,0.661
0.774333333333,0.661
0.769,0.661
0.742666666667,0.661
0.734666666667,0.661
0.734666666667,0.661
0.729333333333,0.661
0.729333333333,0.661
0.729333333333,0.661
0.729333333333,0.661
0.729333333333,0.661
0.729333333333,0.674333333333
0.729333333333,0.682333333333
0.721333333333,0.682333333333
0.716,0.682333333333
0.711,0.682333333333
0.711,0.682333333333
0.729333333333,0.679666666667
0.711,0.692666666667
0.729333333333,0.687333333333
0.729333333333,0.687333333333
0.737333333333,0.687333333333
0.737333333333,0.682333333333
0.735,0.69
0.735,0.69
0.742666666667,0.692666666667
0.742666666667,0.700666666667
0.742666666667,0.700666666667
0.735,0.692666666667
0.742666666667,0.700666666667
0.742666666667,0.700666666667
0.742666666667,0.703333333333
0.716666666667,0.703333333333
0.708666666667,0.703333333333
0.716333333333,0.706
0.716333333333,0.703333333333
0.716333333333,0.711
0.716333333333,0.711
0.729666666667,0.703333333333
0.729666666667,0.700666666667
0.729666666667,0.724333333333
0.729666666667,0.714
0.727,0.714
0.706,0.714
0.706,0.724333333333
0.706,0.721666666667
0.706,0.721666666667
0.706,0.721666666667
0.721666666667,0.732
0.729666666667,0.724333333333
0.735,0.724333333333
0.735,0.700666666667
0.716666666667,0.700666666667
0.716666666667,0.700666666667
0.708666666667,0.695333333333
0.708666666667,0.695333333333
0.708666666667,0.695333333333
0.716666666667,0.695333333333
0.716666666667,0.695333333333
0.708666666667,0.695333333333
0.708666666667,0.695333333333
0.708666666667,0.695333333333
0.708666666667,0.695333333333
0.708666666667,0.695333333333
0.727,0.695333333333
0.727,0.695333333333
0.727,0.695333333333
0.727,0.695333333333
0.708666666667,0.695333333333
0.708666666667,0.695333333333
0.708666666667,0.695333333333
0.708666666667,0.695333333333
0.708666666667,0.695333333333
0.708666666667,0.695333333333
0.708666666667,0.695333333333
0.708666666667,0.695333333333
0.708666666667,0.695333333333
0.708666666667,0.695333333333
0.708666666667,0.695333333333
0.708666666667,0.695333333333
0.708666666667,0.674333333333
0.708666666667,0.674333333333
0.708666666667,0.674333333333
0.708666666667,0.674333333333
0.708666666667,0.674333333333
0.708666666667,0.674333333333
0.708666666667,0.674333333333
0.708666666667,0.674333333333
0.708666666667,0.674333333333
0.708666666667,0.666333333333
0.708666666667,0.666333333333
0.708666666667,0.666333333333
0.708666666667,0.666333333333
0.706,0.666333333333
0.703333333333,0.687333333333
0.706,0.687333333333
0.706,0.687333333333
0.706,0.687333333333
0.706,0.687333333333
0.706,0.687333333333
0.695333333333,0.708333333333
0.695333333333,0.708333333333
0.695333333333,0.708333333333
0.695333333333,0.708333333333
0.695333333333,0.708333333333
0.695333333333,0.708333333333
0.695333333333,0.708333333333
0.695333333333,0.708333333333
0.695333333333,0.708333333333
0.695333333333,0.708333333333
0.700666666667,0.708333333333
0.700666666667,0.708333333333
0.700666666667,0.708333333333
0.700666666667,0.708333333333
0.700666666667,0.708333333333
0.700666666667,0.708333333333
0.700666666667,0.708333333333
0.700666666667,0.708333333333
0.700666666667,0.713666666667
0.700666666667,0.695333333333
0.700666666667,0.695333333333
0.700666666667,0.695333333333
0.700666666667,0.695333333333
0.700666666667,0.695333333333
0.721666666667,0.695333333333
0.721666666667,0.695333333333
0.727,0.695333333333
0.727,0.695333333333
0.727,0.695333333333
0.735,0.695333333333
0.735,0.695333333333
0.735,0.695333333333
0.735,0.695333333333
0.735,0.695333333333
0.735,0.695333333333
0.735,0.695333333333
0.735,0.695333333333
0.735,0.695333333333
0.735,0.695333333333
0.735,0.695333333333
0.735,0.695333333333
0.735,0.695333333333
0.735,0.695333333333
0.735,0.695333333333
0.735,0.695333333333
0.735,0.695333333333
0.735,0.695333333333
0.735,0.695333333333
0.735,0.695333333333
0.735,0.695333333333
0.735,0.695333333333
0.735,0.695333333333
0.735,0.695333333333
0.735,0.687333333333
0.735,0.687333333333
0.735,0.687333333333
0.735,0.687333333333
0.735,0.687333333333
0.735,0.687333333333
0.735,0.687333333333
0.735,0.687333333333
0.735,0.687333333333
0.735,0.687333333333
0.748333333333,0.687333333333
0.750666666667,0.687333333333
0.756,0.687333333333
0.758666666667,0.687333333333
0.756,0.687333333333
0.756,0.687333333333
0.756,0.687333333333
0.779666666667,0.687333333333
0.795666666667,0.687333333333
0.811333333333,0.687333333333
0.814,0.687333333333
0.816666666667,0.687333333333
0.837666666667,0.687333333333
0.845333333333,0.687333333333
0.845333333333,0.74
0.845333333333,0.74
0.845333333333,0.74
0.845333333333,0.74
0.845333333333,0.761
0.845333333333,0.761
0.819,0.761
0.819,0.761
0.811,0.761
0.798,0.761
0.771666666667,0.761
0.771666666667,0.761
0.774,0.761
0.774,0.761
0.792333333333,0.761
0.792333333333,0.761
0.805666666667,0.761
0.805666666667,0.761
0.813666666667,0.761
0.818666666667,0.761
0.839666666667,0.761
0.839666666667,0.761
0.839666666667,0.761
0.847666666667,0.761
0.847666666667,0.761
0.847666666667,0.761
0.847666666667,0.761
0.847666666667,0.761
0.847666666667,0.761
0.818666666667,0.761
0.832,0.761
0.832333333333,0.761
0.811,0.761
0.798,0.761
0.798,0.761
0.798,0.750333333333
0.798,0.747666666667
0.798,0.755666666667
0.84,0.747666666667
0.84,0.755666666667
0.842666666667,0.745
0.853333333333,0.739666666667
0.842666666667,0.745
0.832333333333,0.750333333333
0.827,0.737333333333
0.821666666667,0.737333333333
0.779666666667,0.745
0.811333333333,0.745
0.819333333333,0.734666666667
0.824333333333,0.732
0.824333333333,0.726666666667
0.824333333333,0.724
0.824333333333,0.724
0.803333333333,0.721333333333
0.803333333333,0.721333333333
0.803333333333,0.721333333333
0.803333333333,0.721333333333
0.803333333333,0.721333333333
0.803333333333,0.718666666667
0.803333333333,0.718666666667
0.803333333333,0.724
0.803333333333,0.721333333333
0.763666666667,0.724
0.708333333333,0.721333333333
0.811,0.711
0.750666666667,0.721333333333
0.769,0.711
0.763666666667,0.708333333333
0.750666666667,0.708333333333
0.713666666667,0.718666666667
0.674333333333,0.718666666667
0.74,0.718666666667
0.700666666667,0.718666666667
0.650666666667,0.711
0.650666666667,0.721333333333
0.666333333333,0.761
0.735,0.761
0.735,0.761
0.745333333333,0.761
0.785,0.761
0.798,0.761
0.805666666667,0.761
0.824,0.761
0.837333333333,0.761
0.847666666667,0.782333333333
0.847666666667,0.782333333333
0.847666666667,0.795333333333
0.847666666667,0.795333333333
0.847666666667,0.795333333333
0.847666666667,0.795333333333
0.847666666667,0.795333333333
0.847666666667,0.795333333333
0.847666666667,0.795333333333
0.847666666667,0.795333333333
0.847666666667,0.795333333333
0.847666666667,0.795333333333
0.847666666667,0.795333333333
0.847666666667,0.795333333333
0.847666666667,0.795333333333
0.847666666667,0.795333333333
0.847666666667,0.795333333333
0.847666666667,0.795333333333
0.847666666667,0.795333333333
0.847666666667,0.795333333333
0.847666666667,0.795333333333
0.847666666667,0.795333333333
0.847666666667,0.800666666667
0.847666666667,0.800666666667
0.847666666667,0.800666666667
0.847666666667,0.808666666667
0.847666666667,0.827
0.847666666667,0.879666666667
0.847666666667,0.866333333333
0.847666666667,0.887666666667
0.847666666667,0.887666666667
0.847666666667,0.887666666667
0.847666666667,0.887666666667
0.847666666667,0.887666666667
0.847666666667,0.887666666667
0.847666666667,0.861333333333
0.847666666667,0.861333333333
0.847666666667,0.861333333333
0.847666666667,0.861333333333
0.847666666667,0.861333333333
0.847666666667,0.874333333333
0.847666666667,0.874333333333
0.847666666667,0.874333333333
0.847666666667,0.874333333333
0.847666666667,0.874333333333
0.847666666667,0.874333333333
0.847666666667,0.874333333333
0.847666666667,0.874333333333
0.847666666667,0.874333333333
0.847666666667,0.874333333333
0.847666666667,0.874333333333
0.847666666667,0.874333333333
0.847666666667,0.853333333333
0.847666666667,0.853333333333
0.847666666667,0.848
0.847666666667,0.848
0.847666666667,0.848
0.847666666667,0.848
0.847666666667,0.848
0.847666666667,0.848
0.847666666667,0.848
0.847666666667,0.848
0.847666666667,0.848
0.847666666667,0.848
0.847666666667,0.848
0.847666666667,0.848
0.847666666667,0.848
0.847666666667,0.848
0.847666666667,0.848
0.847666666667,0.848
0.847666666667,0.848
0.847666666667,0.848
0.847666666667,0.848
0.847666666667,0.848
0.847666666667,0.848
0.847666666667,0.848
0.847666666667,0.848
0.847666666667,0.848
0.847666666667,0.848
0.847666666667,0.848
0.847666666667,0.848
0.847666666667,0.848
0.847666666667,0.848
0.847666666667,0.848
0.847666666667,0.848
0.847666666667,0.848
0.847666666667,0.827
0.847666666667,0.827
0.847666666667,0.827
0.847666666667,0.827
0.847666666667,0.827
0.847666666667,0.827
0.847666666667,0.827
0.847666666667,0.827
0.847666666667,0.827
0.847666666667,0.827
0.847666666667,0.827
0.847666666667,0.827
0.847666666667,0.827
0.847666666667,0.827
0.847666666667,0.827
0.847666666667,0.827
0.847666666667,0.827
0.847666666667,0.827
0.847666666667,0.827
0.847666666667,0.827
0.847666666667,0.827
0.847666666667,0.827
0.847666666667,0.827
0.847666666667,0.827
0.847666666667,0.827
0.847666666667,0.827
0.847666666667,0.827
0.847666666667,0.827
0.847666666667,0.827
0.847666666667,0.827
0.839666666667,0.827
0.839666666667,0.827
0.839666666667,0.827
0.832,0.827
0.826666666667,0.827
0.826666666667,0.827
0.826666666667,0.827
0.826666666667,0.827
0.826666666667,0.827
0.826666666667,0.827
0.826666666667,0.827
0.826666666667,0.827
0.826666666667,0.827
0.826666666667,0.827
0.826666666667,0.827
0.826666666667,0.827
0.826666666667,0.827
0.826666666667,0.827
0.826666666667,0.827
0.847666666667,0.827
0.847666666667,0.827
0.847666666667,0.827
0.847666666667,0.827
0.847666666667,0.827
0.847666666667,0.827
0.847666666667,0.827
0.847666666667,0.827
0.847666666667,0.827
0.847666666667,0.848
0.847666666667,0.848
0.847666666667,0.848
0.847666666667,0.848
0.861,0.848
0.861,0.848
0.861,0.848
0.861,0.848
0.861,0.848
0.861,0.848
0.861,0.848
0.861,0.848
0.861,0.848
0.861,0.848
0.861,0.848
0.861,0.848
0.861,0.848
0.861,0.848
0.861,0.848
0.861,0.848
0.861,0.848
0.861,0.848
0.839666666667,0.848
0.839666666667,0.848
0.839666666667,0.827
0.839666666667,0.827
0.839666666667,0.827
0.839666666667,0.827
0.839666666667,0.827
0.839666666667,0.827
0.839666666667,0.827
0.839666666667,0.827
0.839666666667,0.827
0.839666666667,0.827
0.839666666667,0.813666666667
0.839666666667,0.798
0.839666666667,0.798
0.861,0.792666666667
0.861,0.792666666667
0.861,0.792666666667
0.861,0.792666666667
0.861,0.792666666667
0.861,0.792666666667
0.861,0.792666666667
0.861,0.792666666667
0.861,0.792666666667
0.861,0.792666666667
0.861,0.792666666667
0.861,0.792666666667
0.861,0.792666666667
0.861,0.79
0.861,0.79
0.861,0.79
0.861,0.79
0.861,0.79
0.861,0.79
0.861,0.79
0.861,0.79
0.861,0.79
0.861,0.79
0.861,0.79
0.861,0.79
0.861,0.79
0.861,0.79
0.861,0.79
0.861,0.79
0.861,0.79
0.861,0.79
0.861,0.79
0.861,0.79
0.861,0.79
0.861,0.79
0.861,0.79
0.861,0.784666666667
0.861,0.784666666667
0.861,0.784666666667
0.861,0.784666666667
0.861,0.784666666667
0.861,0.784666666667
0.861,0.784666666667
0.861,0.784666666667
0.861,0.784666666667
0.861,0.784666666667
0.861,0.784666666667
0.861,0.779333333333
0.861,0.779333333333
0.861,0.782
0.861,0.774333333333
0.861,0.779333333333
0.861,0.771666666667
0.861,0.779333333333
0.861,0.779333333333
0.861,0.774333333333
0.861,0.771666666667
0.861,0.766333333333
0.861,0.779333333333
0.861,0.771666666667
0.861,0.771666666667
0.861,0.771666666667
0.861,0.779333333333
0.861,0.779333333333
0.861,0.779333333333
0.861,0.766333333333
0.861,0.774333333333
0.861,0.774333333333
0.861,0.766333333333
0.861,0.766333333333
0.861,0.761
0.861,0.766333333333
0.861,0.766333333333
0.861,0.758333333333
0.861,0.758333333333
0.861,0.758333333333
0.861,0.755666666667
0.861,0.758333333333
0.861,0.755666666667
0.861,0.755666666667
0.861,0.755666666667
0.861,0.755666666667
0.861,0.755666666667
0.861,0.755666666667
0.861,0.755666666667
0.861,0.755666666667
0.861,0.755666666667
0.861,0.755666666667
0.861,0.766333333333
0.861,0.766333333333
0.861,0.758333333333
0.861,0.766333333333
0.861,0.766333333333
0.861,0.758333333333
0.861,0.758333333333
0.861,0.750333333333
0.839666666667,0.750333333333
0.839666666667,0.750333333333
0.839666666667,0.758333333333
0.832,0.747666666667
0.826666666667,0.750333333333
0.813666666667,0.742666666667
0.771333333333,0.750333333333
0.784666666667,0.742666666667
0.737333333333,0.742666666667
0.766333333333,0.747666666667
0.766333333333,0.750333333333
0.758333333333,0.74
0.758333333333,0.747666666667
0.758333333333,0.734666666667
0.658333333333,0.729333333333
0.719,0.734666666667
0.732,0.737333333333
0.69,0.726666666667
0.679333333333,0.734666666667
0.629333333333,0.734666666667
0.632333333333,0.734666666667
0.624333333333,0.734666666667
0.563666666667,0.734666666667
0.577,0.734666666667
0.558333333333,0.734666666667
0.553666666667,0.734666666667
0.553666666667,0.721333333333
0.553666666667,0.729333333333
0.553666666667,0.729333333333
0.553666666667,0.729333333333
0.553666666667,0.724
0.553666666667,0.729333333333
0.553666666667,0.729333333333
0.553666666667,0.729333333333
0.540666666667,0.729333333333
0.532666666667,0.729333333333
0.532666666667,0.729333333333
0.532666666667,0.721333333333
0.532666666667,0.729333333333
0.532666666667,0.716333333333
0.553666666667,0.726666666667
0.514333333333,0.724
0.498666666667,0.724
0.469666666667,0.729333333333
0.454,0.729333333333
0.454,0.729333333333
0.454,0.729333333333
0.454,0.735
0.454,0.748
0.454,0.753
0.454,0.753
0.454,0.753
0.454,0.753
0.454,0.753
0.454,0.753
0.441,0.753
0.441,0.753
0.441,0.761
0.441,0.761
0.441,0.761
0.441,0.761
0.441,0.766333333333
0.441,0.766333333333
0.441,0.756
0.441,0.763666666667
0.441,0.763666666667
0.433,0.761
0.433,0.753333333333
0.433,0.761
0.433,0.756
0.433,0.761
0.433,0.753333333333
0.433,0.761
0.433,0.761
0.433,0.761
0.433,0.761
0.433,0.753333333333
0.433,0.763666666667
0.433,0.756
0.433,0.753333333333
0.433,0.753333333333
0.454,0.753333333333
0.454,0.750666666667
0.448666666667,0.750666666667
0.446,0.750666666667
0.446,0.750666666667
0.446,0.750666666667
0.446,0.761
0.443333333333,0.748
0.446,0.748
0.450666666667,0.742666666667
0.448333333333,0.735
0.456,0.724333333333
0.469,0.711333333333
0.466666666667,0.711333333333
0.485,0.711333333333
0.516666666667,0.719
0.53,0.719
0.535,0.732333333333
0.527,0.737333333333
0.524333333333,0.737333333333
0.535,0.706
0.537666666667,0.679666666667
0.516666666667,0.645666666667
0.506,0.666666666667
0.503333333333,0.645666666667
0.500666666667,0.656
0.495333333333,0.653333333333
0.495333333333,0.637666666667
0.493,0.640333333333
0.490333333333,0.627
0.490333333333,0.606
0.490333333333,0.600666666667
0.490333333333,0.627
0.490333333333,0.592666666667
0.485,0.613666666667
0.485,0.621666666667
0.485,0.598333333333
0.490333333333,0.593
0.479666666667,0.577
0.485,0.577
0.474333333333,0.606
0.485,0.595333333333
0.474333333333,0.603333333333
0.471666666667,0.600666666667
0.466333333333,0.616333333333
0.474333333333,0.624333333333
0.471666666667,0.627
0.464,0.632333333333
0.461333333333,0.614
0.48,0.608333333333
0.514333333333,0.64
0.514333333333,0.627
0.514333333333,0.648
0.488,0.627
0.488,0.627
0.488,0.627
0.488,0.627
0.488,0.627
0.488,0.627
0.469333333333,0.627
0.448333333333,0.627
0.474666666667,0.627
0.474666666667,0.648
0.469333333333,0.627
0.469333333333,0.627
0.469333333333,0.627
0.469333333333,0.634666666667
0.469333333333,0.64
0.474666666667,0.648
0.474666666667,0.658333333333
0.474666666667,0.661
0.493,0.661
0.493,0.661
0.501,0.661
0.508666666667,0.661
0.508666666667,0.661
0.514,0.661
0.514,0.661
0.514,0.666333333333
0.514,0.666333333333
0.514,0.666333333333
0.514,0.645333333333
0.514,0.645333333333
0.514,0.648
0.514,0.643
0.514,0.635
0.514,0.635
0.514,0.635
0.487666666667,0.635
0.49,0.635
0.482333333333,0.635
0.485,0.635
0.490333333333,0.635
0.479666666667,0.635
0.514,0.635
0.521666666667,0.635
0.521666666667,0.635
0.521666666667,0.635
0.521666666667,0.635
0.521666666667,0.635
0.532333333333,0.635
0.532333333333,0.635
0.532333333333,0.635
0.532333333333,0.635
0.532333333333,0.635
0.532333333333,0.635
0.532333333333,0.635
0.532333333333,0.635
0.532333333333,0.635
0.532333333333,0.621666666667
0.532333333333,0.619333333333
0.532333333333,0.614
0.532333333333,0.608666666667
0.532333333333,0.595333333333
0.532333333333,0.587666666667
0.532333333333,0.577
0.532333333333,0.585
0.532333333333,0.587666666667
0.532333333333,0.593
0.532333333333,0.593
0.540333333333,0.593
0.540333333333,0.593
0.540333333333,0.593
0.540333333333,0.593
0.540333333333,0.593
0.540333333333,0.582333333333
0.540333333333,0.577
0.532333333333,0.577
0.532333333333,0.585
0.532333333333,0.598
0.532333333333,0.598
0.532333333333,0.598
0.532333333333,0.595333333333
0.532333333333,0.595333333333
0.532333333333,0.595333333333
0.532333333333,0.595333333333
0.532333333333,0.587333333333
0.532333333333,0.584666666667
0.532333333333,0.569333333333
0.532333333333,0.590333333333
0.532333333333,0.577
0.532333333333,0.569333333333
0.532333333333,0.564
0.532333333333,0.585
0.532333333333,0.598
0.532333333333,0.598
0.532333333333,0.577
0.532333333333,0.577
0.532333333333,0.571666666667
0.532333333333,0.571666666667
0.532333333333,0.571666666667
0.537666666667,0.564
0.537666666667,0.564
0.537666666667,0.564
0.537666666667,0.585
0.537666666667,0.587666666667
0.537666666667,0.593
0.537666666667,0.600666666667
0.537666666667,0.611333333333
0.537666666667,0.624333333333
0.537666666667,0.624333333333
0.537666666667,0.624333333333
0.545666666667,0.624333333333
0.545666666667,0.624333333333
0.524666666667,0.624333333333
0.524666666667,0.624333333333
0.516666666667,0.624333333333
0.511333333333,0.624333333333
0.532333333333,0.624333333333
0.532333333333,0.624333333333
0.537666666667,0.624333333333
0.545666666667,0.632333333333
0.545666666667,0.635
0.545666666667,0.637666666667
0.545666666667,0.643
0.545666666667,0.643
0.545666666667,0.643
0.545666666667,0.643
0.545666666667,0.643
0.545666666667,0.643
0.545666666667,0.643
0.545666666667,0.643
0.545666666667,0.643
0.545666666667,0.643
0.545666666667,0.643
0.545666666667,0.643
0.545666666667,0.643
0.545666666667,0.643
0.545666666667,0.643
0.545666666667,0.648
0.545666666667,0.653333333333
0.545666666667,0.648
0.545666666667,0.650666666667
0.545666666667,0.648
0.545666666667,0.608333333333
0.545666666667,0.574666666667
0.545666666667,0.600666666667
0.545666666667,0.600666666667
0.545666666667,0.579666666667
0.545666666667,0.569
0.545666666667,0.569
0.545666666667,0.563666666667
0.545666666667,0.563666666667
0.545666666667,0.569
0.545666666667,0.563666666667
0.545666666667,0.563666666667
0.545666666667,0.563666666667
0.545666666667,0.563666666667
0.545666666667,0.542666666667
0.545666666667,0.561
0.545666666667,0.558333333333
0.545666666667,0.558333333333
0.545666666667,0.558333333333
0.545666666667,0.558333333333
0.545666666667,0.558333333333
0.545666666667,0.563666666667
0.545666666667,0.545333333333
0.545666666667,0.563666666667
0.545666666667,0.545333333333
0.545666666667,0.558333333333
0.545666666667,0.537333333333
0.545666666667,0.558333333333
0.545666666667,0.545333333333
0.545666666667,0.545333333333
0.545666666667,0.563666666667
0.545666666667,0.532333333333
0.545666666667,0.558333333333
0.545666666667,0.548333333333
0.545666666667,0.522
0.545666666667,0.511333333333
0.545666666667,0.506
0.545666666667,0.524333333333
0.545666666667,0.524333333333
0.545666666667,0.535
0.545666666667,0.516333333333
0.545666666667,0.511333333333
0.545666666667,0.511333333333
0.545666666667,0.524333333333
0.545666666667,0.516333333333
0.545666666667,0.508333333333
0.545666666667,0.508333333333
0.545666666667,0.500666666667
0.545666666667,0.500666666667
0.545666666667,0.500666666667
0.545666666667,0.500666666667
