valence,arousal
0.0,-0.00233333333333
0.0,0.0
-0.00233333333333,-0.0156666666667
-0.0156666666667,-0.0263333333333
-0.0156666666667,-0.0343333333333
-0.0156666666667,-0.0343333333333
-0.0156666666667,-0.0396666666667
0.0,-0.0396666666667
0.0,-0.0396666666667
0.0,-0.0423333333333
0.0,-0.0423333333333
0.0,-0.0423333333333
0.0,-0.0423333333333
0.0,-0.0423333333333
0.00733333333333,-0.0423333333333
0.0153333333333,-0.0183333333333
0.018,-0.00233333333333
0.018,-0.00233333333333
0.018,0.0
0.018,0.0
0.018,0.0
0.018,0.0
0.018,0.0
0.018,0.0
0.018,0.0
0.018,0.0
0.00233333333333,0.0
0.00233333333333,0.0
0.00233333333333,0.0
0.00233333333333,0.0
0.00233333333333,0.0
0.018,0.0
0.0226666666667,0.0
0.0226666666667,0.0
0.0226666666667,0.0
0.0226666666667,0.0
0.0226666666667,0.0
0.0226666666667,0.0
0.0226666666667,0.0
0.0226666666667,0.0
0.0226666666667,0.0
0.0226666666667,0.0
0.0226666666667,0.0
0.0226666666667,0.0
0.0226666666667,0.0
0.0226666666667,-0.0103333333333
0.0226666666667,-0.0156666666667
0.0226666666667,-0.0103333333333
0.0226666666667,-0.0183333333333
0.0226666666667,-0.0236666666667
0.0226666666667,-0.025
0.0226666666667,-0.025
0.0226666666667,-0.031
0.0226666666667,-0.033
0.0226666666667,-0.033
0.0226666666667,-0.0383333333333
0.0226666666667,-0.0383333333333
0.0226666666667,-0.0383333333333
0.0226666666667,-0.0383333333333
0.0226666666667,-0.047
0.0226666666667,-0.049
0.0273333333333,-0.049
0.0273333333333,-0.049
0.0353333333333,-0.054
0.0353333333333,-0.0593333333333
0.0353333333333,-0.0593333333333
0.0353333333333,-0.0673333333333
0.0353333333333,-0.0673333333333
0.0353333333333,-0.0673333333333
0.0353333333333,-0.0673333333333
0.0353333333333,-0.0726666666667
0.0353333333333,-0.0726666666667
0.0353333333333,-0.0726666666667
0.0353333333333,-0.0726666666667
0.0353333333333,-0.0726666666667
0.0353333333333,-0.0593333333333
0.0353333333333,-0.0253333333333
0.0353333333333,-0.0253333333333
0.043,-0.023
0.059,-0.0176666666667
0.064,-0.0356666666667
0.0666666666667,-0.0356666666667
0.0666666666667,-0.031
0.0666666666667,-0.0336666666667
0.0666666666667,-0.01
0.0693333333333,0.00866666666667
0.0746666666667,0.00866666666667
0.08,0.006
0.0876666666667,0.011
0.0876666666667,0.00866666666667
0.0876666666667,-0.000666666666667
0.0876666666667,-0.00466666666667
0.0876666666667,-0.00466666666667
0.0876666666667,-0.01
0.0903333333333,-0.01
0.0903333333333,-0.0153333333333
0.0903333333333,-0.0233333333333
0.0903333333333,-0.0416666666667
0.0903333333333,-0.0416666666667
0.0903333333333,-0.0363333333333
0.0903333333333,-0.0496666666667
0.0903333333333,-0.0543333333333
0.0903333333333,-0.0543333333333
0.0826666666667,-0.0543333333333
0.0693333333333,-0.0543333333333
0.0666666666667,-0.0543333333333
0.059,-0.0543333333333
0.0563333333333,-0.0543333333333
0.0563333333333,-0.0566666666667
0.0563333333333,-0.0566666666667
0.0563333333333,-0.0566666666667
0.0563333333333,-0.0646666666667
0.0563333333333,-0.0646666666667
0.0563333333333,-0.07
0.0563333333333,-0.078
0.0563333333333,-0.0753333333333
0.0563333333333,-0.0806666666667
0.0563333333333,-0.0806666666667
0.0563333333333,-0.0726666666667
0.0563333333333,-0.0726666666667
0.0563333333333,-0.0726666666667
0.0563333333333,-0.0726666666667
0.0563333333333,-0.0726666666667
0.0563333333333,-0.0726666666667
0.0563333333333,-0.0726666666667
0.0536666666667,-0.0753333333333
0.0536666666667,-0.07
0.0536666666667,-0.066
0.0536666666667,-0.062
0.0536666666667,-0.062
0.0536666666667,-0.062
0.0536666666667,-0.062
0.0536666666667,-0.062
0.0536666666667,-0.062
0.0536666666667,-0.062
0.0536666666667,-0.062
0.0536666666667,-0.062
0.0536666666667,-0.062
0.0536666666667,-0.044
0.0536666666667,-0.044
0.0536666666667,-0.0363333333333
0.0536666666667,-0.031
0.0536666666667,-0.031
0.0536666666667,-0.031
0.0536666666667,-0.031
0.0536666666667,-0.031
0.0536666666667,-0.031
0.0536666666667,-0.031
0.0536666666667,-0.031
0.0536666666667,-0.031
0.0536666666667,-0.031
0.0536666666667,-0.031
0.0536666666667,-0.031
0.0536666666667,-0.031
0.0536666666667,-0.031
0.0536666666667,-0.031
0.0536666666667,-0.031
0.0536666666667,-0.031
0.0536666666667,-0.031
0.0536666666667,-0.0493333333333
0.0536666666667,-0.0493333333333
0.0536666666667,-0.0493333333333
0.0536666666667,-0.0493333333333
0.0536666666667,-0.0493333333333
0.0536666666667,-0.0573333333333
0.0536666666667,-0.0573333333333
0.0536666666667,-0.0573333333333
0.0536666666667,-0.0573333333333
0.0536666666667,-0.0573333333333
0.0536666666667,-0.0573333333333
0.0536666666667,-0.0573333333333
0.0536666666667,-0.0573333333333
0.0536666666667,-0.0463333333333
0.0536666666667,-0.0443333333333
0.0536666666667,-0.0443333333333
0.0536666666667,-0.043
0.0536666666667,-0.039
0.0536666666667,-0.039
0.0536666666667,-0.031
0.0536666666667,-0.031
0.0536666666667,-0.031
0.0536666666667,-0.031
0.0536666666667,-0.031
0.0536666666667,-0.031
0.0536666666667,-0.031
0.0536666666667,-0.031
0.0536666666667,-0.031
0.0536666666667,-0.0296666666667
0.0536666666667,-0.00866666666667
0.0536666666667,-0.00866666666667
0.0536666666667,-0.00333333333333
0.0536666666667,-0.00333333333333
0.0536666666667,-0.00333333333333
0.0536666666667,-0.00333333333333
0.0536666666667,0.004
0.0536666666667,-0.009
0.0536666666667,-0.009
0.0536666666667,-0.009
0.0536666666667,-0.009
0.0536666666667,-0.007
0.0536666666667,-0.001
0.0536666666667,0.0173333333333
0.0536666666667,0.0356666666667
0.0536666666667,0.0513333333333
0.0536666666667,0.0553333333333
0.0536666666667,0.0566666666667
0.0536666666667,0.0566666666667
0.0536666666667,0.0363333333333
0.0536666666667,0.0303333333333
0.0536666666667,0.0303333333333
0.0536666666667,0.0303333333333
0.0536666666667,0.0303333333333
0.0536666666667,0.0303333333333
0.0536666666667,0.0303333333333
0.0536666666667,0.0303333333333
0.0536666666667,0.027
0.0536666666667,0.025
0.0536666666667,0.025
0.0536666666667,0.025
0.0536666666667,0.025
0.0536666666667,0.025
0.0536666666667,0.025
0.0536666666667,0.025
0.0536666666667,0.025
0.0536666666667,0.0233333333333
0.0536666666667,0.0213333333333
0.0536666666667,0.0213333333333
0.0536666666667,0.025
0.0536666666667,0.025
0.0536666666667,0.025
0.0536666666667,0.025
0.0536666666667,0.025
0.0536666666667,0.025
0.0536666666667,0.025
0.0536666666667,0.0173333333333
0.0536666666667,0.025
0.0536666666667,0.025
0.0536666666667,0.025
0.0536666666667,0.025
0.0536666666667,0.025
0.0536666666667,0.025
0.0536666666667,0.025
0.0536666666667,0.025
0.0536666666667,0.0233333333333
0.0536666666667,0.0173333333333
0.0536666666667,0.0193333333333
0.0536666666667,0.0173333333333
0.0536666666667,0.0173333333333
0.0536666666667,0.0173333333333
0.0536666666667,0.0293333333333
0.0536666666667,0.03
0.0536666666667,0.028
0.0536666666667,0.0523333333333
0.0536666666667,0.0463333333333
0.0536666666667,0.0483333333333
0.0536666666667,0.0503333333333
0.0536666666667,0.0523333333333
0.0536666666667,0.054
0.0536666666667,0.0603333333333
0.0536666666667,0.0596666666667
0.0536666666667,0.0683333333333
0.0536666666667,0.0616666666667
0.0536666666667,0.0643333333333
0.0536666666667,0.0623333333333
0.0536666666667,0.0683333333333
0.0536666666667,0.07
0.0536666666667,0.0683333333333
0.0536666666667,0.0583333333333
0.0536666666667,0.0643333333333
0.0536666666667,0.0543333333333
0.0536666666667,0.0663333333333
0.0536666666667,0.076
0.0536666666667,0.072
0.0536666666667,0.0643333333333
0.0536666666667,0.0643333333333
0.0536666666667,0.076
0.0536666666667,0.076
0.0536666666667,0.076
0.0536666666667,0.074
0.0536666666667,0.0776666666667
0.0536666666667,0.0776666666667
0.0536666666667,0.0776666666667
0.0536666666667,0.072
0.0536666666667,0.078
0.0536666666667,0.078
0.0536666666667,0.084
0.0536666666667,0.08
0.0536666666667,0.08
0.0536666666667,0.082
0.0536666666667,0.084
0.0536666666667,0.0756666666667
0.0536666666667,0.0833333333333
0.0536666666667,0.0703333333333
0.0536666666667,0.0743333333333
0.0536666666667,0.07
0.0536666666667,0.0623333333333
0.0536666666667,0.0596666666667
0.0536666666667,0.0616666666667
0.0536666666667,0.0543333333333
0.0536666666667,0.0576666666667
0.0536666666667,0.0463333333333
0.0536666666667,0.0503333333333
0.0536666666667,0.0463333333333
0.0536666666667,0.0476666666667
0.0536666666667,0.0456666666667
0.0536666666667,0.0593333333333
0.0536666666667,0.0436666666667
0.0746666666667,0.0456666666667
0.0903333333333,0.0456666666667
0.093,0.0513333333333
0.101,0.0436666666667
0.101,0.0513333333333
0.101,0.0476666666667
0.101,0.0456666666667
0.101,0.0496666666667
0.101,0.0496666666667
0.101,0.0436666666667
0.101,0.0436666666667
0.101,0.0436666666667
0.101,0.0496666666667
0.093,0.0496666666667
0.0876666666667,0.0456666666667
0.0773333333333,0.0496666666667
0.0693333333333,0.0476666666667
0.059,0.0456666666667
0.0563333333333,0.0436666666667
0.0536666666667,0.0456666666667
0.0536666666667,0.0436666666667
0.0536666666667,0.0513333333333
0.0536666666667,0.0496666666667
0.0536666666667,0.0436666666667
0.0536666666667,0.0436666666667
0.0536666666667,0.0496666666667
0.0536666666667,0.0456666666667
0.0536666666667,0.0456666666667
0.0536666666667,0.0436666666667
0.0536666666667,0.0436666666667
0.0536666666667,0.0513333333333
0.0536666666667,0.0436666666667
0.0536666666667,0.0436666666667
0.0536666666667,0.0436666666667
0.0536666666667,0.0436666666667
0.0536666666667,0.0436666666667
0.0536666666667,0.0456666666667
0.0536666666667,0.0516666666667
0.0536666666667,0.0516666666667
0.0536666666667,0.0516666666667
0.0536666666667,0.0583333333333
0.0536666666667,0.0543333333333
0.0536666666667,0.0543333333333
0.0536666666667,0.0623333333333
0.0536666666667,0.0703333333333
0.0536666666667,0.0756666666667
0.0536666666667,0.0703333333333
0.0536666666667,0.0703333333333
0.0536666666667,0.0703333333333
0.0536666666667,0.0703333333333
0.0536666666667,0.0703333333333
0.0536666666667,0.0703333333333
0.0536666666667,0.0703333333333
0.0536666666667,0.0703333333333
0.0536666666667,0.0796666666667
0.0536666666667,0.078
0.0536666666667,0.078
0.0536666666667,0.078
0.0536666666667,0.078
0.0536666666667,0.078
0.0536666666667,0.078
0.0536666666667,0.078
0.0536666666667,0.08
0.0536666666667,0.078
0.0536666666667,0.078
0.0536666666667,0.078
0.0536666666667,0.078
0.0536666666667,0.078
0.0536666666667,0.078
0.0536666666667,0.08
0.0536666666667,0.078
0.0536666666667,0.078
0.0536666666667,0.082
0.0536666666667,0.08
0.0536666666667,0.078
0.0536666666667,0.078
0.0536666666667,0.078
0.0536666666667,0.078
0.0536666666667,0.078
0.0536666666667,0.0756666666667
0.0536666666667,0.0723333333333
0.059,0.0676666666667
0.059,0.0623333333333
0.059,0.0676666666667
0.059,0.0516666666667
0.059,0.0516666666667
0.059,0.0596666666667
0.059,0.0596666666667
0.059,0.0596666666667
0.059,0.0516666666667
0.059,0.0556666666667
0.059,0.0516666666667
0.059,0.0516666666667
0.059,0.0516666666667
0.059,0.0516666666667
0.059,0.0516666666667
0.059,0.0516666666667
0.041,0.0536666666667
0.041,0.0623333333333
0.041,0.0623333333333
0.041,0.0676666666667
0.0513333333333,0.0756666666667
0.0513333333333,0.0703333333333
0.0513333333333,0.0703333333333
0.0513333333333,0.0756666666667
0.0513333333333,0.078
0.0513333333333,0.078
0.0513333333333,0.078
0.0513333333333,0.078
0.0513333333333,0.078
0.0513333333333,0.078
0.0513333333333,0.078
0.0513333333333,0.078
0.0513333333333,0.078
0.0513333333333,0.078
0.0513333333333,0.078
0.0513333333333,0.08
0.0513333333333,0.078
0.0513333333333,0.078
0.0513333333333,0.078
0.0513333333333,0.078
0.0436666666667,0.078
0.0173333333333,0.078
0.00466666666667,0.08
0.00466666666667,0.078
0.00466666666667,0.08
0.00466666666667,0.08
0.00466666666667,0.08
0.00466666666667,0.08
0.00466666666667,0.08
0.00466666666667,0.08
0.00466666666667,0.08
0.00466666666667,0.08
0.00466666666667,0.08
0.00466666666667,0.08
0.00466666666667,0.08
0.00466666666667,0.084
0.00466666666667,0.082
0.00466666666667,0.08
0.00466666666667,0.08
0.00466666666667,0.08
0.00466666666667,0.08
0.00466666666667,0.08
0.00466666666667,0.08
0.00466666666667,0.082
0.00466666666667,0.08
0.00466666666667,0.08
0.00466666666667,0.08
0.00466666666667,0.08
0.00466666666667,0.08
0.00466666666667,0.08
0.00466666666667,0.08
0.00466666666667,0.08
0.00466666666667,0.08
0.00466666666667,0.084
0.00466666666667,0.08
0.00466666666667,0.08
0.00466666666667,0.08
0.00466666666667,0.08
0.00466666666667,0.08
0.00466666666667,0.08
0.00466666666667,0.08
0.00466666666667,0.08
0.00466666666667,0.08
0.00466666666667,0.08
0.00466666666667,0.08
0.00466666666667,0.08
0.00466666666667,0.08
0.00466666666667,0.08
0.00466666666667,0.08
0.00466666666667,0.08
0.0,0.08
0.0,0.084
0.0,0.08
0.0,0.08
0.0,0.0876666666667
0.0,0.08
0.0,0.08
0.0,0.08
0.0,0.08
0.0,0.08
0.0,0.08
0.0,0.08
0.0,0.08
0.0,0.08
0.0,0.08
0.0,0.08
0.0,0.08
0.0,0.08
0.0,0.08
0.0,0.08
0.0,0.08
0.0,0.08
0.0,0.08
0.0,0.08
0.0,0.08
0.0,0.08
0.0,0.08
0.0,0.08
0.0,0.08
0.0,0.08
0.0,0.082
0.0,0.08
0.0,0.08
0.0,0.08
0.0,0.082
0.0,0.08
0.0,0.08
0.0,0.08
0.0,0.08
0.0,0.08
0.0,0.08
0.0,0.08
0.0,0.08
0.0,0.08
0.0,0.084
0.0,0.08
0.0,0.08
0.0,0.084
0.0,0.082
0.0,0.08
0.0,0.08
0.0,0.08
0.0,0.08
0.0,0.08
0.0,0.0746666666667
0.0,0.0746666666667
0.0,0.0666666666667
0.0,0.0666666666667
0.0,0.0616666666667
0.0,0.0556666666667
0.0,0.0536666666667
0.0,0.0483333333333
0.0,0.041
0.0,0.041
0.0,0.041
0.0,0.041
0.0,0.041
0.0,0.041
0.0,0.041
0.0,0.041
0.0,0.041
0.0,0.041
0.0,0.041
0.0,0.041
0.0,0.041
0.0,0.041
0.0,0.041
0.0,0.041
0.0,0.041
0.0,0.041
0.0,0.041
0.0,0.041
0.0,0.041
0.0,0.0396666666667
0.0,0.045
0.0,0.045
0.0,0.045
0.0,0.045
0.0,0.045
0.0,0.045
0.0,0.045
0.0,0.045
0.0,0.045
0.0,0.045
0.0,0.045
0.0,0.045
0.0,0.045
0.0,0.045
0.0,0.045
0.0,0.045
0.0,0.045
0.0,0.045
0.0,0.0263333333333
0.0,0.0263333333333
0.0,0.0263333333333
0.0,0.0186666666667
0.0,0.0186666666667
0.0,0.0186666666667
0.0,0.0186666666667
0.0,0.0186666666667
0.0,0.0186666666667
0.0,0.0186666666667
0.0,0.0186666666667
0.0,0.0186666666667
0.0,0.0186666666667
0.0,0.0186666666667
0.0,0.0186666666667
0.00466666666667,0.0186666666667
0.00733333333333,0.0186666666667
0.00733333333333,0.0213333333333
0.0256666666667,0.0213333333333
0.0466666666667,0.032
0.0626666666667,0.0476666666667
0.081,0.0633333333333
0.0993333333333,0.0923333333333
0.11,0.105666666667
0.107333333333,0.132
0.133333333333,0.145
0.141,0.157
0.167333333333,0.178
0.180333333333,0.196333333333
0.188333333333,0.199
0.188333333333,0.206
0.188333333333,0.214666666667
0.188333333333,0.23
0.188333333333,0.258666666667
0.188333333333,0.269333333333
0.188333333333,0.277333333333
0.188333333333,0.277333333333
0.188333333333,0.277333333333
0.188333333333,0.281333333333
0.196,0.279333333333
0.196,0.288666666667
0.196,0.298
0.196,0.303333333333
0.206,0.316333333333
0.206,0.316333333333
0.206,0.327
0.206,0.295333333333
0.206,0.279666666667
0.209,0.272
0.211666666667,0.272
0.23,0.266666666667
0.243,0.301
0.243,0.306
0.250666666667,0.324666666667
0.256,0.332666666667
0.264,0.353666666667
0.277,0.382666666667
0.287666666667,0.395666666667
0.295666666667,0.401
0.316666666667,0.416333333333
0.320333333333,0.414666666667
0.319333333333,0.419
0.319333333333,0.421666666667
0.327,0.421666666667
0.327,0.421666666667
0.332333333333,0.421666666667
0.334666666667,0.421666666667
0.337333333333,0.421666666667
0.337333333333,0.421666666667
0.342666666667,0.400666666667
0.348,0.392666666667
0.348,0.377
0.348,0.350666666667
0.348,0.345666666667
0.348,0.336
0.348,0.335
0.35,0.335
0.348,0.353333333333
0.348,0.361333333333
0.350666666667,0.358666666667
0.352666666667,0.366333333333
0.332333333333,0.369
0.327333333333,0.358333333333
0.332666666667,0.366333333333
0.335333333333,0.356
0.338,0.356
0.332666666667,0.356
0.332666666667,0.356
0.332666666667,0.356
0.332666666667,0.356
0.332666666667,0.356
0.332666666667,0.356
0.332666666667,0.356
0.332666666667,0.356
0.332666666667,0.335
0.332666666667,0.335
0.332666666667,0.335
0.332666666667,0.335
0.332666666667,0.335
0.334666666667,0.327
0.332666666667,0.327
0.332666666667,0.327
0.332666666667,0.322
0.332666666667,0.322
0.332666666667,0.322
0.332666666667,0.322
0.332666666667,0.322
0.336666666667,0.322
0.332666666667,0.322
0.334666666667,0.322
0.332666666667,0.322
0.332666666667,0.322
0.332666666667,0.322
0.332666666667,0.314
0.332666666667,0.308666666667
0.332666666667,0.308666666667
0.332666666667,0.308666666667
0.332666666667,0.308666666667
0.332666666667,0.327
0.332666666667,0.340333333333
0.351,0.340333333333
0.364,0.340333333333
0.364,0.371666666667
0.364,0.392666666667
0.364,0.406
0.364,0.400666666667
0.364,0.397666666667
0.364,0.419
0.364,0.414
0.372,0.414
0.372,0.414
0.372,0.398
0.372,0.390333333333
0.372,0.390333333333
0.385,0.378666666667
0.385,0.374333333333
0.385,0.374333333333
0.385,0.374333333333
0.385,0.406
0.385,0.406
0.385,0.400333333333
0.385,0.406
0.385,0.422
0.385,0.422
0.385,0.424333333333
0.385,0.424333333333
0.377,0.424333333333
0.324333333333,0.424333333333
0.308666666667,0.424333333333
0.314,0.424333333333
0.319333333333,0.403
0.335,0.400666666667
0.340333333333,0.385
0.340333333333,0.408666666667
0.340333333333,0.414
0.345666666667,0.421666666667
0.345666666667,0.416
0.345666666667,0.421666666667
0.335666666667,0.42
0.336333333333,0.434333333333
0.327333333333,0.434
0.327333333333,0.429
0.327333333333,0.430333333333
0.327333333333,0.424
0.327333333333,0.422
0.323666666667,0.417333333333
0.324333333333,0.416
0.327,0.419
0.332333333333,0.419
0.337666666667,0.415333333333
0.382333333333,0.413333333333
0.390333333333,0.413333333333
0.390333333333,0.417333333333
0.387666666667,0.411333333333
0.39,0.414666666667
0.398,0.412666666667
0.408666666667,0.422666666667
0.408666666667,0.428
0.408666666667,0.441
0.408666666667,0.444333333333
0.416666666667,0.448
0.416666666667,0.457666666667
0.422,0.461333333333
0.435,0.461333333333
0.451,0.461333333333
0.456333333333,0.434666666667
0.456333333333,0.429666666667
0.453666666667,0.435
0.464333333333,0.442666666667
0.464333333333,0.437
0.464333333333,0.461
0.467,0.461
0.458666666667,0.471666666667
0.461333333333,0.455
0.461333333333,0.478
0.461333333333,0.500666666667
0.461333333333,0.519
0.461333333333,0.524333333333
0.466333333333,0.527
0.495333333333,0.525333333333
0.495333333333,0.527
0.495333333333,0.527
0.495333333333,0.527
0.495333333333,0.525333333333
0.503333333333,0.521333333333
0.503333333333,0.527
0.506,0.529666666667
0.511333333333,0.529666666667
0.511333333333,0.528
0.492,0.529666666667
0.494,0.513666666667
0.494,0.519
0.498,0.527
0.498,0.513666666667
0.498,0.508
0.494,0.508
0.498,0.509333333333
0.519,0.503333333333
0.519,0.487
0.517,0.490333333333
0.519,0.486333333333
0.519,0.484666666667
0.519,0.482
0.519,0.479333333333
0.519,0.474333333333
0.519,0.479333333333
0.521666666667,0.474333333333
0.521666666667,0.474333333333
0.521666666667,0.484666666667
0.521666666667,0.482
0.521666666667,0.479333333333
0.521666666667,0.487666666667
0.521666666667,0.487666666667
0.542666666667,0.489
0.553333333333,0.498
0.553333333333,0.506
0.553333333333,0.516666666667
0.553333333333,0.514
0.553333333333,0.514
0.553333333333,0.503666666667
0.558666666667,0.508666666667
0.558666666667,0.503333333333
0.566666666667,0.517666666667
0.566666666667,0.511333333333
0.566666666667,0.506
0.566666666667,0.487666666667
0.566666666667,0.49
0.566666666667,0.498333333333
0.566666666667,0.507666666667
0.566666666667,0.507
0.566666666667,0.487333333333
0.532333333333,0.494
0.527,0.505333333333
0.501,0.503333333333
0.495666666667,0.498
0.474666666667,0.494
0.461333333333,0.498
0.461333333333,0.487666666667
0.461333333333,0.487666666667
0.461333333333,0.485
0.461333333333,0.487666666667
0.453666666667,0.477
0.461333333333,0.482333333333
0.461333333333,0.470666666667
0.461333333333,0.466666666667
0.461333333333,0.458666666667
0.453666666667,0.448333333333
0.445666666667,0.456
0.445666666667,0.422
0.445666666667,0.414
0.445666666667,0.406
0.445666666667,0.411333333333
0.443,0.403333333333
0.443,0.398333333333
0.443,0.403333333333
0.464,0.393
0.461333333333,0.390333333333
0.461333333333,0.387666666667
0.469333333333,0.387666666667
0.474333333333,0.387666666667
0.474333333333,0.385
0.474333333333,0.385
0.495666666667,0.385
0.508666666667,0.385
0.508666666667,0.385
0.514,0.385
0.514,0.385
0.514,0.385
0.495666666667,0.406
0.487666666667,0.398
0.487666666667,0.398
0.487666666667,0.395666666667
0.487666666667,0.395666666667
0.474333333333,0.395666666667
0.482333333333,0.395666666667
0.466333333333,0.395666666667
0.463666666667,0.395666666667
0.450666666667,0.395666666667
0.442666666667,0.395666666667
0.432333333333,0.395666666667
0.427,0.395666666667
0.427,0.395666666667
0.416333333333,0.395666666667
0.413666666667,0.395666666667
0.421666666667,0.401
0.421666666667,0.401
0.421666666667,0.401
0.421666666667,0.401
0.421666666667,0.401
0.421666666667,0.401
0.421666666667,0.401
0.421666666667,0.401
0.421666666667,0.401
0.421666666667,0.401
0.414,0.401
0.414,0.401
0.403666666667,0.398333333333
0.403666666667,0.398333333333
0.398333333333,0.398333333333
0.398333333333,0.398333333333
0.398333333333,0.398333333333
0.398333333333,0.398333333333
0.390666666667,0.398333333333
0.390666666667,0.398333333333
0.390666666667,0.398333333333
0.385333333333,0.398333333333
0.385333333333,0.398333333333
0.377333333333,0.393
0.377333333333,0.401
0.377333333333,0.390333333333
0.377333333333,0.398333333333
0.377333333333,0.393
0.377333333333,0.382333333333
0.377333333333,0.382333333333
0.398333333333,0.382333333333
0.406333333333,0.390333333333
0.411333333333,0.390333333333
0.408666666667,0.401
0.406,0.403333333333
0.400666666667,0.411333333333
0.395333333333,0.403333333333
0.377,0.411333333333
0.374333333333,0.414
0.377,0.414
0.364,0.414
0.361333333333,0.414
0.361333333333,0.414
0.361333333333,0.422
0.361333333333,0.422
0.361333333333,0.429666666667
0.343,0.429666666667
0.343,0.429666666667
0.343,0.429666666667
0.343,0.429666666667
0.343,0.429666666667
0.343,0.429666666667
0.343,0.419333333333
0.343,0.419333333333
0.343,0.419333333333
0.343,0.419333333333
0.351,0.422
0.358666666667,0.432333333333
0.353333333333,0.428
0.358666666667,0.422
0.369333333333,0.427
0.369333333333,0.427
0.369333333333,0.440333333333
0.369333333333,0.432333333333
0.369333333333,0.448333333333
0.374666666667,0.442666666667
0.364,0.449333333333
0.374666666667,0.45
0.379666666667,0.440333333333
0.387666666667,0.440333333333
0.387666666667,0.440333333333
0.387666666667,0.440333333333
0.390333333333,0.427333333333
0.382333333333,0.427333333333
0.382333333333,0.429333333333
0.382333333333,0.427333333333
0.382333333333,0.427333333333
0.382333333333,0.429333333333
0.382333333333,0.427333333333
0.382333333333,0.427333333333
0.382333333333,0.431333333333
0.382333333333,0.427333333333
0.382333333333,0.427333333333
0.382333333333,0.429333333333
0.382333333333,0.427333333333
0.382333333333,0.424666666667
0.382333333333,0.419333333333
0.382333333333,0.414
0.382333333333,0.414
0.382333333333,0.416
0.382333333333,0.406
0.382333333333,0.403333333333
0.382333333333,0.403333333333
0.382333333333,0.401
0.382333333333,0.401
0.382333333333,0.374666666667
0.382333333333,0.374666666667
0.382333333333,0.378666666667
0.382333333333,0.366666666667
0.382333333333,0.366666666667
0.382333333333,0.366666666667
0.382333333333,0.374333333333
0.382333333333,0.403333333333
0.400666666667,0.421666666667
0.408666666667,0.421666666667
0.435,0.448
0.435,0.448
0.435,0.448
0.435,0.450333333333
0.435,0.453
0.435,0.455666666667
0.435,0.477
0.435,0.49
0.414,0.482333333333
0.408666666667,0.487666666667
0.408666666667,0.495666666667
0.395666666667,0.495666666667
0.382333333333,0.495666666667
0.361333333333,0.495666666667
0.353333333333,0.495666666667
0.353333333333,0.490333333333
0.348333333333,0.498
0.348333333333,0.498
0.340333333333,0.498
0.340333333333,0.498
0.335,0.498
0.335,0.463666666667
0.327,0.453333333333
0.327,0.429333333333
0.322,0.427
0.322,0.429333333333
0.322,0.432
0.322,0.420333333333
0.322,0.416333333333
0.322,0.416333333333
0.322,0.403333333333
0.322,0.398
0.322,0.395333333333
0.322,0.395333333333
0.322,0.392666666667
0.322,0.392666666667
0.322,0.392666666667
0.322,0.392666666667
0.322,0.392666666667
0.322,0.392666666667
0.322,0.387333333333
0.322,0.398
0.322,0.421666666667
0.322,0.419
0.322,0.416666666667
0.322,0.424333333333
0.322,0.424333333333
0.322,0.421666666667
0.322,0.414
0.322,0.408666666667
0.322,0.400666666667
0.322,0.400666666667
0.322,0.387666666667
0.322,0.382333333333
0.322,0.382333333333
0.322,0.382333333333
0.322,0.382333333333
0.322,0.382333333333
0.322,0.382333333333
0.322,0.382333333333
0.322,0.382333333333
0.322,0.382333333333
0.322,0.382333333333
0.322,0.382333333333
0.322,0.382333333333
0.322,0.382333333333
0.322,0.382333333333
0.322,0.382333333333
0.322,0.382333333333
0.322,0.382333333333
0.322,0.382333333333
0.322,0.382333333333
0.322,0.382333333333
0.322,0.382333333333
0.322,0.382333333333
0.322,0.382333333333
0.322,0.382333333333
0.322,0.382333333333
0.322,0.382333333333
0.322,0.382333333333
0.322,0.382333333333
0.322,0.382333333333
0.322,0.382333333333
0.322,0.382333333333
0.322,0.382333333333
0.322,0.382333333333
0.322,0.382333333333
0.322,0.379666666667
0.322,0.398
0.322,0.398
0.322,0.424333333333
0.322,0.442666666667
0.322,0.442666666667
0.322,0.444666666667
0.322,0.442666666667
0.322,0.442666666667
0.340333333333,0.448666666667
0.340333333333,0.446666666667
0.345666666667,0.450333333333
0.345666666667,0.448666666667
0.345666666667,0.450333333333
0.345666666667,0.430333333333
0.345666666667,0.422333333333
0.345666666667,0.407333333333
0.345666666667,0.405666666667
0.345666666667,0.398
0.345666666667,0.392666666667
0.345666666667,0.387333333333
0.351333333333,0.384666666667
0.345666666667,0.379333333333
0.353333333333,0.376666666667
0.345666666667,0.384666666667
0.345666666667,0.376666666667
0.347333333333,0.384666666667
0.345666666667,0.376666666667
0.349333333333,0.379333333333
0.345666666667,0.416333333333
0.345666666667,0.421666666667
0.353333333333,0.437333333333
0.345666666667,0.448
0.358666666667,0.455666666667
0.358666666667,0.492666666667
0.358666666667,0.506
0.358666666667,0.519333333333
0.353333333333,0.527
0.345333333333,0.532666666667
0.345333333333,0.534666666667
0.34,0.534666666667
0.348,0.538666666667
0.345666666667,0.542666666667
0.361333333333,0.542666666667
0.372333333333,0.542666666667
0.387666666667,0.542666666667
0.387666666667,0.542666666667
0.395666666667,0.542666666667
0.393666666667,0.558
0.393666666667,0.553333333333
0.399,0.551666666667
0.414666666667,0.545666666667
0.425,0.547666666667
0.425,0.553333333333
0.403666666667,0.553333333333
0.403666666667,0.553333333333
0.398666666667,0.542333333333
0.398666666667,0.545666666667
0.390666666667,0.561
0.369666666667,0.553333333333
0.356333333333,0.561333333333
0.343666666667,0.560666666667
0.330333333333,0.553333333333
0.322333333333,0.553333333333
0.335,0.543666666667
0.340333333333,0.524666666667
0.342333333333,0.524666666667
0.348,0.530666666667
0.348333333333,0.532333333333
0.348333333333,0.537666666667
0.348333333333,0.537666666667
0.348333333333,0.546333333333
0.348333333333,0.542666666667
0.348333333333,0.546333333333
0.348333333333,0.562666666667
0.348333333333,0.591666666667
0.350333333333,0.603
0.356333333333,0.597333333333
0.356333333333,0.603
0.361666666667,0.587333333333
0.361666666667,0.587333333333
0.361666666667,0.581666666667
0.38,0.595
0.387666666667,0.595
0.38,0.593333333333
0.383666666667,0.591333333333
0.387666666667,0.608666666667
0.387666666667,0.613666666667
0.387666666667,0.616333333333
0.387666666667,0.598
0.387666666667,0.579666666667
0.387666666667,0.579666666667
0.387666666667,0.577
0.387666666667,0.526666666667
0.387666666667,0.511
0.387666666667,0.516333333333
0.387666666667,0.508666666667
0.387666666667,0.503333333333
0.387666666667,0.498
0.387666666667,0.516333333333
0.387666666667,0.492666666667
0.387666666667,0.516333333333
0.387666666667,0.506
0.387666666667,0.506
0.387666666667,0.498
0.387666666667,0.506
0.387666666667,0.506
0.387666666667,0.508666666667
0.387666666667,0.508666666667
0.387666666667,0.506
0.387666666667,0.506
0.387666666667,0.506
0.387666666667,0.506
0.387666666667,0.506
0.387666666667,0.506
0.387666666667,0.492666666667
0.387666666667,0.492666666667
0.387666666667,0.487333333333
0.387666666667,0.492666666667
0.395666666667,0.485
0.395666666667,0.479666666667
0.395666666667,0.477
0.395666666667,0.490333333333
0.395666666667,0.511666666667
0.395666666667,0.506
0.395666666667,0.508666666667
0.374333333333,0.508666666667
0.374333333333,0.498
0.369333333333,0.508666666667
0.361333333333,0.500666666667
0.361333333333,0.519333333333
0.356,0.519333333333
0.356,0.519333333333
0.356,0.519333333333
0.356,0.519333333333
0.356,0.519333333333
0.356,0.519333333333
0.356,0.519333333333
0.356,0.519333333333
0.356,0.519333333333
0.356,0.519333333333
0.356,0.498333333333
0.356,0.498333333333
0.356,0.498333333333
0.348333333333,0.519333333333
0.335,0.519333333333
0.300666666667,0.537666666667
0.290333333333,0.556
0.298333333333,0.579666666667
0.290333333333,0.579666666667
0.288333333333,0.590333333333
0.290333333333,0.590333333333
0.290333333333,0.585
0.290333333333,0.585
0.290333333333,0.585
0.290333333333,0.585
0.290333333333,0.585
0.290333333333,0.585
0.282666666667,0.585
0.282666666667,0.585
0.282666666667,0.577
0.277333333333,0.577
0.269333333333,0.577
0.266666666667,0.574333333333
0.266666666667,0.574333333333
0.262666666667,0.566666666667
0.261333333333,0.574333333333
0.253666666667,0.566666666667
0.253666666667,0.558666666667
0.253666666667,0.558666666667
0.248333333333,0.548
0.248333333333,0.545333333333
0.240333333333,0.545333333333
0.240333333333,0.511333333333
0.240333333333,0.529666666667
0.240333333333,0.511333333333
0.240333333333,0.511333333333
0.244333333333,0.493
0.251,0.503333333333
0.256,0.503333333333
0.279,0.500666666667
0.279666666667,0.498333333333
0.279666666667,0.506
0.287666666667,0.500666666667
0.290333333333,0.498333333333
0.292333333333,0.503333333333
0.290333333333,0.503333333333
0.292333333333,0.503333333333
0.290333333333,0.503333333333
0.290333333333,0.503333333333
0.285666666667,0.503333333333
0.285666666667,0.503333333333
0.314666666667,0.516333333333
0.319666666667,0.524333333333
0.317,0.524333333333
0.325,0.519
0.325,0.519
0.330333333333,0.519
0.343333333333,0.532
0.354,0.558333333333
0.354,0.584666666667
0.359333333333,0.584666666667
0.359333333333,0.584666666667
0.359333333333,0.59
0.359333333333,0.59
0.359333333333,0.59
0.359333333333,0.592
0.359333333333,0.598
0.359333333333,0.598
0.359333333333,0.598
0.359333333333,0.598
0.359333333333,0.598
0.359333333333,0.598
0.359333333333,0.571666666667
0.359333333333,0.571666666667
0.367333333333,0.563666666667
0.372333333333,0.563666666667
0.398666666667,0.563666666667
0.427666666667,0.563666666667
0.427666666667,0.563666666667
0.427666666667,0.563666666667
0.427666666667,0.579666666667
0.427666666667,0.584666666667
0.446,0.579666666667
0.454,0.587333333333
0.467333333333,0.587333333333
0.467333333333,0.587333333333
0.467333333333,0.579666666667
0.466,0.579666666667
0.466,0.579666666667
0.466,0.587333333333
0.466,0.587333333333
0.479,0.579666666667
0.484333333333,0.59
0.505333333333,0.598
0.513333333333,0.624333333333
0.518333333333,0.629666666667
0.534,0.634666666667
0.544333333333,0.634666666667
0.572666666667,0.634666666667
0.602333333333,0.629666666667
0.586666666667,0.637333333333
0.586666666667,0.645333333333
0.572333333333,0.642666666667
0.559,0.650333333333
0.559,0.650333333333
0.546,0.650333333333
0.540666666667,0.650333333333
0.527666666667,0.626666666667
0.519666666667,0.592666666667
0.496333333333,0.587333333333
0.480333333333,0.571666666667
0.454,0.563666666667
0.438333333333,0.561
0.414666666667,0.571666666667
0.414666666667,0.561
0.425333333333,0.561
0.406666666667,0.574
0.401333333333,0.595333333333
0.393333333333,0.589666666667
0.393333333333,0.579666666667
0.402333333333,0.575666666667
0.419333333333,0.566333333333
0.427,0.564666666667
0.419,0.558666666667
0.419333333333,0.558666666667
0.411333333333,0.558666666667
0.411333333333,0.558666666667
0.411333333333,0.558666666667
0.411333333333,0.545333333333
0.411333333333,0.545333333333
0.411333333333,0.545333333333
0.419333333333,0.545333333333
0.424333333333,0.545333333333
0.419,0.545333333333
0.419,0.545333333333
0.419,0.547333333333
0.427,0.545333333333
0.427,0.547333333333
0.432333333333,0.516333333333
0.432333333333,0.516333333333
0.432333333333,0.516333333333
0.432333333333,0.516333333333
0.432333333333,0.516333333333
0.432333333333,0.516333333333
0.432333333333,0.516333333333
0.440333333333,0.516333333333
0.445333333333,0.516333333333
0.445333333333,0.511333333333
0.445333333333,0.511333333333
0.449333333333,0.511333333333
0.449333333333,0.511333333333
0.445666666667,0.503333333333
0.445666666667,0.503333333333
0.445666666667,0.503333333333
0.445666666667,0.503333333333
0.445666666667,0.507333333333
0.445666666667,0.503333333333
0.451,0.511333333333
0.451,0.49
0.451,0.479666666667
0.451,0.463666666667
0.451,0.44
0.451,0.437666666667
0.451,0.432333333333
0.451,0.44
0.451,0.429666666667
0.451,0.424333333333
0.451,0.421666666667
0.451,0.421666666667
0.451,0.421666666667
0.451,0.421666666667
0.451,0.419
0.451,0.419
0.451,0.419
0.439666666667,0.419
0.432666666667,0.419
0.432666666667,0.419
0.432666666667,0.419
0.432666666667,0.464
0.432666666667,0.458666666667
0.432666666667,0.467333333333
0.432666666667,0.487333333333
0.432666666667,0.506
0.432666666667,0.524333333333
0.427333333333,0.542666666667
0.335333333333,0.534666666667
0.267,0.550666666667
0.248666666667,0.550666666667
0.230666666667,0.542666666667
0.228333333333,0.535
0.212333333333,0.535
0.180333333333,0.529666666667
0.143,0.537333333333
0.129666666667,0.535
0.129666666667,0.524333333333
0.129666666667,0.537333333333
0.129666666667,0.529666666667
0.124333333333,0.527
0.124333333333,0.535
0.124333333333,0.535
0.122333333333,0.535
0.121666666667,0.535
0.0896666666667,0.535
0.105333333333,0.535
0.110333333333,0.535
0.110333333333,0.535
0.118333333333,0.535
0.147666666667,0.535
0.171666666667,0.535
0.179666666667,0.535
0.187666666667,0.535
0.187666666667,0.535
0.187666666667,0.535
0.166666666667,0.535
0.156,0.526
0.150666666667,0.522
0.145333333333,0.524
0.145333333333,0.516666666667
0.145333333333,0.516666666667
0.142666666667,0.535
0.137333333333,0.535
0.137333333333,0.543
0.137333333333,0.543
0.137333333333,0.543
0.137333333333,0.543
0.188,0.543
0.230333333333,0.543
0.235,0.543
0.243,0.543
0.245666666667,0.543
0.240333333333,0.543
0.240333333333,0.545333333333
0.232333333333,0.556
0.240333333333,0.556
0.264,0.556
0.298,0.566666666667
0.300666666667,0.556
0.324333333333,0.556
0.319,0.571666666667
0.337666666667,0.574333333333
0.348333333333,0.587666666667
0.363666666667,0.619
0.363666666667,0.629666666667
0.365666666667,0.629666666667
0.363666666667,0.629666666667
0.371666666667,0.629666666667
0.371666666667,0.629666666667
0.374333333333,0.629666666667
0.374333333333,0.629666666667
0.377,0.629666666667
0.377,0.629666666667
0.382333333333,0.629666666667
0.374666666667,0.629666666667
0.369333333333,0.629666666667
0.379666666667,0.629666666667
0.382333333333,0.629666666667
0.382333333333,0.629666666667
0.382333333333,0.629666666667
0.400666666667,0.629666666667
0.413666666667,0.629666666667
0.419,0.635
0.429666666667,0.650666666667
0.439333333333,0.650666666667
0.456,0.656
0.477,0.656
0.490333333333,0.656
0.522,0.656
0.548,0.635
0.555666666667,0.669
0.563666666667,0.669
0.582,0.679666666667
0.603333333333,0.695333333333
0.624333333333,0.708666666667
0.616333333333,0.708666666667
0.608666666667,0.695333333333
0.600666666667,0.69
0.590333333333,0.671666666667
0.582333333333,0.658666666667
0.583666666667,0.645666666667
0.571666666667,0.643
0.558333333333,0.637666666667
0.553333333333,0.643
0.529666666667,0.632333333333
0.537666666667,0.632333333333
0.537666666667,0.617333333333
0.537666666667,0.603333333333
0.529666666667,0.593
0.524333333333,0.569333333333
0.524333333333,0.558666666667
0.524333333333,0.566666666667
0.524333333333,0.569333333333
0.524333333333,0.572
0.516333333333,0.566666666667
0.516333333333,0.566666666667
0.516333333333,0.566666666667
0.511666666667,0.566666666667
0.513666666667,0.558666666667
0.519,0.553333333333
0.511333333333,0.561333333333
0.517666666667,0.558666666667
0.515333333333,0.553333333333
0.511333333333,0.558666666667
0.503333333333,0.550666666667
0.503333333333,0.553333333333
0.500666666667,0.544666666667
0.498,0.542666666667
0.490333333333,0.542666666667
0.490333333333,0.542666666667
0.490333333333,0.546666666667
0.490333333333,0.542666666667
0.485,0.556
0.485,0.556
0.485,0.556
0.485,0.556
0.485,0.556
0.485,0.566
0.485,0.564
0.485,0.564
0.485,0.553333333333
0.485,0.558666666667
0.472,0.548
0.472,0.545333333333
0.472,0.548
0.472,0.534333333333
0.472,0.542
0.472,0.532333333333
0.474333333333,0.518333333333
0.474333333333,0.503333333333
0.474333333333,0.49
0.474333333333,0.488666666667
0.466333333333,0.483
0.466333333333,0.485
0.466333333333,0.471666666667
0.466333333333,0.477666666667
0.466333333333,0.458666666667
0.463666666667,0.456
0.461,0.456
0.442666666667,0.445333333333
0.424333333333,0.445333333333
0.395333333333,0.435
0.395333333333,0.443
0.392666666667,0.443
0.390666666667,0.443
0.392666666667,0.443
0.379666666667,0.443
0.379666666667,0.443
0.377,0.443
0.377,0.443
0.385,0.443
0.385,0.443
0.385,0.440333333333
0.385,0.440333333333
0.379666666667,0.441666666667
0.379666666667,0.440333333333
0.379666666667,0.448333333333
0.379666666667,0.440333333333
0.379666666667,0.429666666667
0.379666666667,0.424333333333
0.379666666667,0.406
0.379666666667,0.401
0.379666666667,0.390333333333
0.379666666667,0.387666666667
0.372,0.382333333333
0.371666666667,0.374333333333
0.364,0.374333333333
0.356,0.369
0.340333333333,0.369
0.337666666667,0.369
0.34,0.369
0.34,0.369
0.34,0.369
0.34,0.369
0.345333333333,0.369
0.345333333333,0.369
0.332333333333,0.369
0.319,0.363666666667
0.311333333333,0.361333333333
0.306,0.369
0.300666666667,0.358666666667
0.298,0.36
0.306,0.358
0.306,0.356
0.306,0.356
0.306,0.374333333333
0.312666666667,0.415333333333
0.342,0.432666666667
0.400666666667,0.443
0.421666666667,0.493
0.424333333333,0.516666666667
0.429666666667,0.493
0.484666666667,0.493
0.529666666667,0.522
0.547,0.535
0.577333333333,0.535
0.590333333333,0.535
0.590333333333,0.535
0.590333333333,0.535
0.590333333333,0.535
0.590333333333,0.535
0.590333333333,0.535
0.579666666667,0.535
0.558666666667,0.535
0.558666666667,0.535
0.553333333333,0.535
0.534666666667,0.535
0.519,0.514
0.513666666667,0.508666666667
0.500666666667,0.508666666667
0.500666666667,0.508666666667
0.495333333333,0.508666666667
0.479666666667,0.508666666667
0.474333333333,0.508666666667
0.469,0.508666666667
0.461,0.508666666667
0.453,0.508666666667
0.453,0.501
0.453,0.501
0.448,0.501
0.443,0.501
0.435,0.522
0.429666666667,0.522
0.429666666667,0.522
0.429666666667,0.501
0.427333333333,0.501
0.427333333333,0.501
0.427333333333,0.501
0.427333333333,0.501
0.427333333333,0.522
0.427333333333,0.501
0.427333333333,0.522
0.427333333333,0.522
0.427333333333,0.522
0.427333333333,0.522
0.427333333333,0.522
0.427333333333,0.522
0.427333333333,0.522
0.427333333333,0.522
0.427333333333,0.522
0.427333333333,0.522
0.427333333333,0.522
0.427333333333,0.526
0.427333333333,0.522
0.427333333333,0.522
0.427333333333,0.522
0.427333333333,0.522
0.416666666667,0.522
0.406,0.522
0.406,0.522
0.377,0.522
0.364,0.522
0.361333333333,0.522
0.361333333333,0.522
0.361333333333,0.522
0.356,0.522
0.361333333333,0.522
0.356,0.524
0.343,0.501
0.353333333333,0.509
0.353333333333,0.503666666667
0.353333333333,0.493
0.364,0.466666666667
0.372,0.464333333333
0.372,0.453666666667
0.379666666667,0.477333333333
0.387666666667,0.456333333333
0.403666666667,0.456333333333
0.416,0.458333333333
0.440333333333,0.472
0.448333333333,0.472
0.453666666667,0.472
0.453666666667,0.472
0.453666666667,0.472
0.453666666667,0.472
0.461333333333,0.472
0.456,0.482333333333
0.437666666667,0.509
0.435,0.516666666667
0.432333333333,0.53
0.427,0.53
0.438333333333,0.527333333333
0.429666666667,0.535333333333
0.427333333333,0.537666666667
0.427333333333,0.550666666667
0.435,0.547
0.427333333333,0.551
0.414,0.564
0.411333333333,0.574333333333
0.411333333333,0.57
0.411333333333,0.571666666667
0.411333333333,0.566
0.411333333333,0.571666666667
0.411333333333,0.571666666667
0.411333333333,0.577
0.411333333333,0.577
0.411333333333,0.598
0.411333333333,0.598
0.411333333333,0.598
0.411333333333,0.598
0.411333333333,0.600666666667
0.411333333333,0.600666666667
0.411333333333,0.600666666667
0.411333333333,0.600666666667
0.411333333333,0.600666666667
0.411333333333,0.600666666667
0.411333333333,0.600666666667
0.411333333333,0.600666666667
0.422,0.600666666667
0.435,0.600666666667
0.432333333333,0.600666666667
0.434333333333,0.600666666667
0.429666666667,0.600666666667
0.419333333333,0.600666666667
0.414,0.600666666667
0.414,0.600666666667
0.414,0.600666666667
0.414,0.600666666667
0.414,0.600666666667
0.414,0.600666666667
0.414,0.600666666667
0.395666666667,0.600666666667
0.395666666667,0.600666666667
0.395666666667,0.613666666667
0.414,0.613666666667
0.42,0.595333333333
0.414,0.587666666667
0.414,0.587666666667
0.414,0.587666666667
0.406,0.587666666667
0.406,0.587666666667
0.411,0.587666666667
0.411,0.587666666667
0.411,0.591666666667
0.421,0.587666666667
0.419,0.587666666667
0.419,0.587666666667
0.419,0.587666666667
0.413666666667,0.589666666667
0.413666666667,0.587666666667
0.413666666667,0.613666666667
0.413666666667,0.613666666667
0.413666666667,0.627
0.413666666667,0.627
0.413666666667,0.627
0.423666666667,0.633
0.425,0.627
0.427,0.635
0.427,0.635
0.427,0.608666666667
0.432333333333,0.608666666667
0.432333333333,0.600666666667
0.432333333333,0.608666666667
0.432333333333,0.624333333333
0.44,0.629666666667
0.445333333333,0.637666666667
0.445333333333,0.651
0.445333333333,0.656
0.445333333333,0.658666666667
0.445333333333,0.664
0.445333333333,0.656
0.445333333333,0.663666666667
0.445333333333,0.663666666667
0.445333333333,0.663666666667
0.445333333333,0.669
0.461,0.669
0.474333333333,0.669
0.519,0.663666666667
0.542666666667,0.655666666667
0.574333333333,0.655666666667
0.582,0.655666666667
0.582,0.677
0.582,0.677
0.582,0.677
0.582,0.677
0.569,0.677
0.563666666667,0.677
0.563666666667,0.69
0.557666666667,0.69
0.555666666667,0.69
0.557666666667,0.69
0.555666666667,0.703333333333
0.553,0.708333333333
0.550333333333,0.69
0.534666666667,0.682333333333
0.511,0.686333333333
0.498,0.682333333333
0.492666666667,0.682333333333
0.487333333333,0.682333333333
0.476666666667,0.682333333333
0.471666666667,0.686333333333
0.471666666667,0.688333333333
0.474,0.682333333333
0.474,0.666666666667
0.474333333333,0.645333333333
0.474333333333,0.642666666667
0.469,0.629666666667
0.469,0.624333333333
0.469,0.624333333333
0.469,0.629666666667
0.469,0.626333333333
0.463666666667,0.624333333333
0.458666666667,0.619
0.458666666667,0.632333333333
0.458666666667,0.619
0.448,0.606
0.445333333333,0.606
0.453333333333,0.613666666667
0.445333333333,0.611333333333
0.448,0.603333333333
0.435,0.600666666667
0.429666666667,0.600666666667
0.435,0.603333333333
0.427,0.600666666667
0.424333333333,0.600666666667
0.424333333333,0.600666666667
0.424333333333,0.603333333333
0.424333333333,0.603333333333
0.424333333333,0.603333333333
0.424333333333,0.602666666667
0.424333333333,0.611333333333
0.424333333333,0.611333333333
0.424333333333,0.611333333333
0.398,0.611333333333
0.398,0.611333333333
0.398,0.611333333333
0.398,0.590333333333
0.398,0.590333333333
0.398,0.581333333333
0.398,0.572
0.398,0.529666666667
0.398,0.516333333333
0.398,0.495666666667
0.392666666667,0.495666666667
0.379666666667,0.49
0.377,0.471666666667
0.395666666667,0.456333333333
0.395666666667,0.448333333333
0.395666666667,0.435
0.395666666667,0.432666666667
0.395666666667,0.422
0.395666666667,0.43
0.395666666667,0.419333333333
0.395666666667,0.419333333333
0.395666666667,0.406
0.390333333333,0.401
0.388,0.401
0.388,0.403666666667
0.394333333333,0.379666666667
0.382666666667,0.361333333333
0.390333333333,0.357666666667
0.390333333333,0.351
0.390333333333,0.353666666667
0.390333333333,0.353666666667
0.390333333333,0.351
0.390333333333,0.348333333333
0.361333333333,0.359666666667
0.369,0.374333333333
0.348,0.369
0.340333333333,0.374666666667
0.316666666667,0.366666666667
0.314,0.356
0.300666666667,0.356
0.306,0.358666666667
0.306,0.356333333333
0.306,0.356333333333
0.306,0.356333333333
0.306,0.356333333333
0.306,0.356333333333
0.306,0.356333333333
0.306,0.374666666667
0.306,0.387666666667
0.306,0.406333333333
0.306,0.411333333333
0.306,0.411333333333
0.306,0.414
0.287666666667,0.414
0.292666666667,0.419333333333
0.292666666667,0.419333333333
0.292666666667,0.422
0.292666666667,0.422
0.292666666667,0.424
0.285,0.422
0.285,0.422
0.292666666667,0.429666666667
0.292666666667,0.429666666667
0.292666666667,0.429666666667
0.292666666667,0.437666666667
0.292666666667,0.437666666667
0.292666666667,0.437666666667
0.292666666667,0.437666666667
0.290666666667,0.443
0.284666666667,0.432333333333
0.283666666667,0.422
0.279666666667,0.414
0.279666666667,0.403666666667
0.274666666667,0.401
0.274666666667,0.408666666667
0.274666666667,0.401
0.274666666667,0.401
0.274666666667,0.401
0.290666666667,0.401
0.321666666667,0.401
0.324333333333,0.401
0.324333333333,0.401
0.332333333333,0.401
0.332333333333,0.401
0.332333333333,0.401
0.332333333333,0.401
0.332333333333,0.422
0.332333333333,0.422
0.332333333333,0.422
0.311,0.422
0.311,0.422
0.313666666667,0.422
0.300666666667,0.422
0.274333333333,0.422
0.240333333333,0.422
0.235,0.422
0.235,0.424
0.235,0.428
0.224666666667,0.407
0.224666666667,0.408666666667
0.224666666667,0.416333333333
0.232333333333,0.427
0.243,0.458666666667
0.256,0.473
0.271666666667,0.490333333333
0.264,0.524333333333
0.245333333333,0.527
0.249333333333,0.540333333333
0.248,0.553333333333
0.250666666667,0.553333333333
0.254666666667,0.553333333333
0.250666666667,0.553333333333
0.250666666667,0.560666666667
0.250666666667,0.541666666667
0.271666666667,0.537666666667
0.275666666667,0.537666666667
0.271666666667,0.537666666667
0.271666666667,0.537666666667
0.273666666667,0.537666666667
0.271666666667,0.537666666667
0.271666666667,0.537666666667
0.271666666667,0.519333333333
0.271666666667,0.518
0.279666666667,0.519333333333
0.29,0.511666666667
0.313666666667,0.511666666667
0.306,0.511666666667
0.306,0.515666666667
0.306,0.511666666667
0.306,0.515666666667
0.306,0.511666666667
0.308,0.511666666667
0.306,0.500333333333
0.303333333333,0.490333333333
0.303333333333,0.488
0.303333333333,0.488
0.303333333333,0.484
0.303333333333,0.48
0.303333333333,0.469333333333
0.303333333333,0.474666666667
0.303333333333,0.461666666667
0.303333333333,0.471333333333
0.303333333333,0.461666666667
0.308666666667,0.456333333333
0.308666666667,0.456333333333
0.324333333333,0.456333333333
0.324333333333,0.453666666667
0.324333333333,0.451
0.324333333333,0.468333333333
0.326333333333,0.464333333333
0.324333333333,0.464333333333
0.337666666667,0.464333333333
0.343,0.459
0.343,0.459
0.343,0.459
0.343,0.451
0.343,0.448
0.343,0.438
0.343,0.445666666667
0.343,0.461333333333
0.343,0.487666666667
0.343,0.519333333333
0.352333333333,0.511333333333
0.351,0.514
0.369333333333,0.516666666667
0.377333333333,0.516666666667
0.377333333333,0.516666666667
0.377333333333,0.516666666667
0.394333333333,0.516666666667
0.392666666667,0.508666666667
0.404666666667,0.516666666667
0.406,0.537666666667
0.411333333333,0.535
0.424333333333,0.540333333333
0.406,0.532333333333
0.411333333333,0.540333333333
0.411333333333,0.536333333333
0.411333333333,0.540333333333
0.411333333333,0.538333333333
0.411333333333,0.532333333333
0.403666666667,0.540333333333
0.403666666667,0.540333333333
0.403666666667,0.538333333333
0.403666666667,0.540333333333
0.403666666667,0.540333333333
0.403666666667,0.538333333333
0.403666666667,0.540333333333
0.429666666667,0.540333333333
0.429666666667,0.540333333333
0.429666666667,0.540333333333
0.458666666667,0.540333333333
0.464,0.540333333333
0.464,0.519333333333
0.464,0.524666666667
0.466,0.524666666667
0.464,0.524666666667
0.464,0.524666666667
0.464,0.524666666667
0.464,0.524666666667
0.466,0.524666666667
0.464,0.524666666667
0.464,0.524666666667
0.464,0.524666666667
0.464,0.524666666667
0.466,0.524666666667
0.472,0.524666666667
0.472,0.524666666667
0.466,0.524666666667
0.443,0.524666666667
0.443,0.524666666667
0.443,0.524666666667
0.443,0.524666666667
0.445,0.524666666667
0.443,0.524666666667
0.443,0.524666666667
0.437666666667,0.524666666667
0.454,0.537666666667
0.450666666667,0.548
0.458666666667,0.564
0.464,0.564
0.493,0.607333333333
0.574333333333,0.647
0.591333333333,0.697
0.595333333333,0.698333333333
0.595333333333,0.690333333333
0.595333333333,0.696333333333
0.595333333333,0.690333333333
0.595333333333,0.698333333333
0.595333333333,0.698333333333
0.595333333333,0.698333333333
0.595333333333,0.711333333333
0.599333333333,0.711333333333
0.595333333333,0.690333333333
0.595333333333,0.690333333333
0.595333333333,0.679666666667
0.595333333333,0.669
0.595333333333,0.656
0.595333333333,0.650666666667
0.595333333333,0.650666666667
0.595333333333,0.650666666667
0.595333333333,0.650666666667
0.595333333333,0.648
0.595333333333,0.648
0.595333333333,0.648
0.595333333333,0.648
0.595333333333,0.648
0.595333333333,0.648
0.595333333333,0.643
0.595333333333,0.643
0.59,0.643
0.59,0.637666666667
0.558666666667,0.637666666667
0.421666666667,0.643
0.366333333333,0.635
0.366333333333,0.637666666667
0.361,0.640333333333
0.361,0.640333333333
0.358666666667,0.629666666667
0.358666666667,0.629666666667
0.358666666667,0.637666666667
0.358666666667,0.629666666667
0.358666666667,0.629666666667
0.358666666667,0.624333333333
0.358666666667,0.619333333333
0.358666666667,0.616666666667
0.358666666667,0.614
0.358666666667,0.611333333333
0.364666666667,0.611333333333
0.371666666667,0.600666666667
0.395333333333,0.606
0.421666666667,0.598
0.432333333333,0.598
0.431,0.598
0.434666666667,0.598
0.434666666667,0.598
0.431,0.598
0.432333333333,0.598
0.429666666667,0.598
0.432333333333,0.598
0.437666666667,0.598
0.435,0.611333333333
0.448333333333,0.629666666667
0.453666666667,0.650666666667
0.461333333333,0.656
0.458666666667,0.656
0.474666666667,0.656
0.487666666667,0.656
0.487666666667,0.656
0.487666666667,0.624333333333
0.487666666667,0.564
0.487666666667,0.561333333333
0.487666666667,0.561333333333
0.487666666667,0.550666666667
0.487666666667,0.550666666667
0.487666666667,0.550666666667
0.487666666667,0.556
0.487666666667,0.556
0.487666666667,0.556
0.487666666667,0.561333333333
0.487666666667,0.561333333333
0.487666666667,0.561333333333
0.477333333333,0.561333333333
0.466666666667,0.561333333333
0.458666666667,0.582333333333
0.440333333333,0.582333333333
0.443,0.561333333333
0.443,0.582333333333
0.443,0.564
0.429666666667,0.569333333333
0.419333333333,0.564
0.414,0.556
0.411333333333,0.548
0.406,0.548
0.406,0.545333333333
0.414,0.543
0.406,0.537666666667
0.406,0.543
0.411333333333,0.535
0.411333333333,0.506
0.411333333333,0.511333333333
0.411333333333,0.500666666667
0.411333333333,0.498333333333
0.411333333333,0.503333333333
0.419333333333,0.498333333333
0.424333333333,0.487666666667
0.424333333333,0.487666666667
0.421666666667,0.487666666667
0.429666666667,0.485
0.421666666667,0.479666666667
0.421666666667,0.477
0.421666666667,0.477
0.421666666667,0.498
0.421666666667,0.495666666667
0.421666666667,0.495666666667
0.421666666667,0.495666666667
0.423666666667,0.495666666667
0.421666666667,0.495666666667
0.421666666667,0.495666666667
0.421666666667,0.495666666667
0.421666666667,0.495666666667
0.421666666667,0.495666666667
0.421666666667,0.495666666667
0.421666666667,0.495666666667
0.421666666667,0.495666666667
0.421666666667,0.495666666667
0.421666666667,0.495666666667
0.421666666667,0.495666666667
0.421666666667,0.495666666667
0.421666666667,0.495666666667
0.421666666667,0.495666666667
0.421666666667,0.495666666667
0.421666666667,0.495666666667
0.421666666667,0.495666666667
0.419,0.495666666667
0.419,0.495666666667
0.417666666667,0.495666666667
0.419,0.495666666667
0.414,0.495666666667
0.414,0.495666666667
0.419666666667,0.474666666667
0.419,0.474666666667
0.419,0.474666666667
0.419,0.474666666667
0.419,0.474666666667
0.419,0.474666666667
0.419,0.474666666667
0.419,0.466666666667
0.419,0.466666666667
0.419,0.466666666667
0.419,0.466666666667
0.419,0.466666666667
0.419,0.457666666667
0.419,0.448333333333
0.419,0.440333333333
0.419,0.440333333333
0.419,0.432666666667
0.419,0.432666666667
0.419,0.432666666667
0.419,0.432666666667
0.419,0.432666666667
0.419,0.432666666667
0.419,0.432666666667
0.419,0.432666666667
0.419,0.432666666667
0.419,0.432666666667
0.419,0.432666666667
0.419,0.427333333333
0.419,0.427333333333
0.406,0.427333333333
0.406,0.427333333333
0.406,0.408666666667
0.406,0.395666666667
0.406,0.372
0.406,0.358666666667
0.406,0.358666666667
0.406,0.347666666667
0.406,0.345666666667
0.400666666667,0.343
0.400666666667,0.343
0.400666666667,0.343
0.400666666667,0.343
0.400666666667,0.343
0.400666666667,0.343
0.400666666667,0.343
0.400666666667,0.343
0.400666666667,0.343
0.400666666667,0.343
0.400666666667,0.343
0.400666666667,0.343
0.400666666667,0.343
0.400666666667,0.343
0.400666666667,0.343
0.400666666667,0.343
0.400666666667,0.360666666667
0.400666666667,0.361333333333
0.400666666667,0.361333333333
0.400666666667,0.361333333333
0.400666666667,0.361333333333
0.400666666667,0.361333333333
0.400666666667,0.367333333333
0.400666666667,0.365333333333
0.400666666667,0.369333333333
0.392666666667,0.363333333333
0.400666666667,0.369333333333
0.400666666667,0.369333333333
0.400666666667,0.369333333333
0.398666666667,0.369333333333
0.400666666667,0.356
0.400666666667,0.356
0.400666666667,0.351
0.400666666667,0.351
0.400666666667,0.343
0.400666666667,0.343
0.400666666667,0.343
0.400666666667,0.337666666667
0.400666666667,0.337666666667
0.400666666667,0.337666666667
0.400666666667,0.337666666667
0.400666666667,0.337666666667
0.400666666667,0.337666666667
0.400666666667,0.337666666667
0.403333333333,0.337666666667
0.406,0.337666666667
0.406,0.337666666667
0.406,0.337666666667
0.406,0.337666666667
0.414,0.337666666667
0.415333333333,0.356
0.419,0.356
0.419,0.356
0.413666666667,0.356
0.400666666667,0.356
0.412666666667,0.356
0.400666666667,0.356
0.406,0.356
0.406,0.356
0.406,0.356
0.395333333333,0.356
0.39,0.356
0.398,0.356
0.404666666667,0.356
0.387333333333,0.356
0.385,0.356
0.387333333333,0.356
0.387,0.356
0.379666666667,0.356
0.374333333333,0.348
0.374666666667,0.348
0.364,0.35
0.356,0.348
0.351,0.348
0.351,0.321666666667
0.351,0.321666666667
0.351,0.312666666667
0.345666666667,0.308666666667
0.335,0.308666666667
0.332333333333,0.303333333333
0.316666666667,0.303333333333
0.306,0.303333333333
0.298333333333,0.303333333333
0.295666666667,0.303333333333
0.295666666667,0.303333333333
0.295666666667,0.298333333333
0.295666666667,0.298333333333
0.295666666667,0.298333333333
0.295666666667,0.298333333333
0.295666666667,0.298333333333
0.303333333333,0.298333333333
0.303333333333,0.298333333333
0.308666666667,0.298333333333
0.308666666667,0.298333333333
0.308666666667,0.298333333333
0.308666666667,0.298333333333
0.308666666667,0.298333333333
0.308666666667,0.298333333333
0.308666666667,0.298333333333
0.308666666667,0.298333333333
0.308666666667,0.298333333333
0.308666666667,0.298333333333
0.308666666667,0.298333333333
0.308666666667,0.298333333333
0.308666666667,0.298333333333
0.308666666667,0.298333333333
0.308666666667,0.298333333333
0.308666666667,0.298333333333
0.308666666667,0.298333333333
0.308666666667,0.298333333333
0.308666666667,0.298333333333
0.308666666667,0.298333333333
0.308666666667,0.298333333333
0.308666666667,0.298333333333
0.308666666667,0.316666666667
0.308666666667,0.316666666667
0.308666666667,0.316666666667
0.308666666667,0.316666666667
0.308666666667,0.316666666667
0.308666666667,0.316666666667
0.308666666667,0.316666666667
0.308666666667,0.316666666667
0.308666666667,0.316666666667
0.308666666667,0.316666666667
0.308666666667,0.316666666667
0.308666666667,0.316666666667
0.308666666667,0.316666666667
0.306,0.316666666667
0.306,0.316666666667
0.306,0.316666666667
0.306,0.316666666667
0.306,0.316666666667
0.306,0.316666666667
0.306,0.316666666667
0.306,0.316666666667
0.306,0.316666666667
0.306,0.316666666667
0.306,0.316666666667
0.306,0.316666666667
0.306,0.316666666667
0.306,0.316666666667
0.306,0.316666666667
0.306,0.316666666667
0.306,0.316666666667
0.306,0.316666666667
0.306,0.316666666667
0.306,0.316666666667
0.306,0.316666666667
0.306,0.322
0.306,0.322
0.306,0.322
0.306,0.322
0.306,0.322
0.306,0.326
0.306,0.322
0.306,0.322
0.306,0.322
0.306,0.322
0.306,0.322
0.306,0.322
0.306,0.322
0.306,0.322
0.306,0.322
0.306,0.322
0.306,0.322
0.306,0.322
0.306,0.322
0.306,0.322
0.306,0.322
0.306,0.324
0.306,0.322
0.306,0.322
0.290333333333,0.322
0.287666666667,0.322
0.287666666667,0.322
0.287666666667,0.322
0.279666666667,0.322
0.274333333333,0.322
0.274333333333,0.322
0.276333333333,0.322
0.271666666667,0.322
0.269,0.322
0.269,0.322
0.269,0.322
0.269,0.322
0.269,0.322
0.264,0.322
0.26,0.322
0.256,0.322
0.250666666667,0.322
0.250666666667,0.322
0.250666666667,0.324
0.266666666667,0.322
0.269333333333,0.322
0.274333333333,0.329666666667
0.277,0.328
0.277,0.329666666667
0.277,0.329666666667
0.277333333333,0.324
0.277333333333,0.329666666667
0.272,0.329666666667
0.285,0.329666666667
0.287666666667,0.329666666667
0.287666666667,0.329666666667
0.283666666667,0.329666666667
0.279666666667,0.329666666667
0.279666666667,0.329666666667
0.274333333333,0.329666666667
0.274333333333,0.329666666667
0.274333333333,0.343
0.274333333333,0.335
0.274333333333,0.339
0.274333333333,0.343
0.274333333333,0.343
0.274333333333,0.343
0.274333333333,0.343
0.266666666667,0.343
0.266666666667,0.343
0.266666666667,0.343
0.266666666667,0.343
0.266666666667,0.343
0.266666666667,0.343
0.266666666667,0.344333333333
0.266666666667,0.348333333333
0.266666666667,0.353666666667
0.266666666667,0.356333333333
0.266666666667,0.361333333333
0.266666666667,0.372
0.266666666667,0.372
0.266666666667,0.372
0.266666666667,0.385
0.261333333333,0.387666666667
0.261333333333,0.393
0.261333333333,0.387666666667
0.261333333333,0.398333333333
0.261333333333,0.398333333333
0.261333333333,0.398333333333
0.253333333333,0.403666666667
0.257333333333,0.406333333333
0.253333333333,0.393
0.253333333333,0.39
0.253333333333,0.382333333333
0.274333333333,0.382333333333
0.274333333333,0.385
0.274333333333,0.385
0.274333333333,0.393
0.274333333333,0.390333333333
0.274333333333,0.385
0.269,0.398333333333
0.269,0.398333333333
0.269,0.398333333333
0.269,0.398333333333
0.269,0.403333333333
0.269,0.406
0.269,0.414
0.269,0.43
0.269,0.432333333333
0.269,0.445333333333
0.269,0.458666666667
0.269,0.450666666667
0.269,0.456
0.269,0.450666666667
0.269,0.474333333333
0.269,0.485
0.277,0.461333333333
0.293,0.490333333333
0.308666666667,0.495666666667
0.356,0.485
0.366666666667,0.464
0.366666666667,0.474666666667
0.377,0.474666666667
0.379666666667,0.477
0.385,0.469333333333
0.394333333333,0.469333333333
0.390333333333,0.469333333333
0.398333333333,0.471666666667
0.398333333333,0.461333333333
0.398333333333,0.464
0.402333333333,0.464
0.398333333333,0.461333333333
0.398333333333,0.464
0.398333333333,0.464
0.403333333333,0.471666666667
0.403333333333,0.471666666667
0.403333333333,0.474333333333
0.403333333333,0.482333333333
0.403333333333,0.471666666667
0.411333333333,0.468
0.416666666667,0.471666666667
0.416666666667,0.471666666667
0.424666666667,0.471666666667
0.424666666667,0.471666666667
0.424666666667,0.463666666667
0.424666666667,0.463666666667
0.424666666667,0.46
0.424666666667,0.456
0.424666666667,0.456
0.424666666667,0.456
0.424666666667,0.456
0.426666666667,0.456
0.428666666667,0.469
0.432666666667,0.466666666667
0.428666666667,0.461333333333
0.430666666667,0.458666666667
0.432666666667,0.458
0.432666666667,0.453333333333
0.432666666667,0.457333333333
0.432666666667,0.469
0.432666666667,0.461
0.432666666667,0.463333333333
0.416666666667,0.461
0.409,0.476666666667
0.382666666667,0.481666666667
0.382666666667,0.495333333333
0.374666666667,0.511333333333
0.374666666667,0.508666666667
0.369333333333,0.506
0.374666666667,0.501
0.377333333333,0.493
0.358666666667,0.493
0.361333333333,0.519333333333
0.361333333333,0.548
0.366333333333,0.552
0.374333333333,0.566666666667
0.387333333333,0.566666666667
0.434666666667,0.574333333333
0.442666666667,0.561333333333
0.458666666667,0.553333333333
0.474666666667,0.548333333333
0.519333333333,0.557333333333
0.524666666667,0.540333333333
0.527,0.556
0.532333333333,0.556
0.527,0.556
0.516666666667,0.556
0.524666666667,0.561333333333
0.524666666667,0.561333333333
0.524666666667,0.561333333333
0.524666666667,0.561333333333
0.524333333333,0.561333333333
0.556,0.585
0.556,0.600666666667
0.563666666667,0.666666666667
0.569,0.691333333333
0.571666666667,0.714
0.598,0.735
0.600666666667,0.756
0.603333333333,0.773
0.603333333333,0.774333333333
0.603333333333,0.79
0.613666666667,0.792666666667
0.627,0.811
0.676666666667,0.822333333333
0.676666666667,0.845333333333
0.676666666667,0.845333333333
0.676666666667,0.845333333333
0.676666666667,0.827
0.676666666667,0.827
0.676666666667,0.814
0.676666666667,0.814
0.676666666667,0.806
0.676666666667,0.806
0.676666666667,0.806
0.676666666667,0.811333333333
0.682,0.811333333333
0.69,0.819
0.69,0.827
0.69,0.819666666667
0.69,0.821666666667
0.69,0.813666666667
0.69,0.813666666667
0.69,0.821666666667
0.69,0.821666666667
0.69,0.821666666667
0.69,0.821666666667
0.69,0.84
0.694,0.866333333333
0.698,0.866333333333
0.703333333333,0.866333333333
0.703333333333,0.858333333333
0.703333333333,0.858333333333
0.716333333333,0.863666666667
0.716333333333,0.863666666667
0.716333333333,0.863666666667
0.716333333333,0.863666666667
0.716333333333,0.867666666667
0.716333333333,0.863666666667
0.724333333333,0.845333333333
0.724333333333,0.845333333333
0.729666666667,0.845333333333
0.729666666667,0.845333333333
0.729666666667,0.837333333333
0.737333333333,0.824666666667
0.737333333333,0.824666666667
0.737333333333,0.824666666667
0.721666666667,0.814
0.719,0.803333333333
0.716333333333,0.782333333333
0.716333333333,0.758666666667
0.716333333333,0.756
0.708666666667,0.74
0.695333333333,0.735
0.671333333333,0.732333333333
0.650333333333,0.714
0.642666666667,0.700666666667
0.632,0.708666666667
0.637333333333,0.690333333333
0.624,0.677
0.619,0.679666666667
0.624666666667,0.669333333333
0.611333333333,0.666666666667
0.606,0.656
0.606,0.671333333333
0.606,0.669333333333
0.603333333333,0.669333333333
0.603333333333,0.669333333333
0.603333333333,0.669333333333
0.595333333333,0.669333333333
0.592666666667,0.669333333333
0.582,0.669333333333
0.587333333333,0.664
0.569,0.666
0.566333333333,0.664
0.566333333333,0.653333333333
0.566333333333,0.658666666667
0.571666666667,0.637666666667
0.571666666667,0.645333333333
0.571666666667,0.642666666667
0.571666666667,0.642666666667
0.571666666667,0.642666666667
0.571666666667,0.642666666667
0.571666666667,0.654333333333
0.571666666667,0.650666666667
0.571666666667,0.650666666667
0.571666666667,0.650666666667
0.563666666667,0.650666666667
0.558666666667,0.650666666667
0.550666666667,0.650666666667
0.550666666667,0.650666666667
0.550666666667,0.650666666667
0.550666666667,0.650666666667
0.550666666667,0.650666666667
0.545333333333,0.650666666667
0.524333333333,0.650666666667
0.524333333333,0.653333333333
0.524333333333,0.656
0.524333333333,0.656
0.524333333333,0.658666666667
0.524333333333,0.669
0.524333333333,0.669
0.524333333333,0.666333333333
0.524333333333,0.671666666667
0.524333333333,0.671666666667
0.524333333333,0.693
0.524333333333,0.693
0.528333333333,0.687666666667
0.524333333333,0.695333333333
0.524333333333,0.687333333333
0.524333333333,0.687333333333
0.524333333333,0.687333333333
0.524333333333,0.687333333333
0.545333333333,0.687333333333
0.545333333333,0.687333333333
0.545333333333,0.691333333333
0.545333333333,0.661
0.545333333333,0.642666666667
0.545333333333,0.629666666667
0.545333333333,0.634666666667
0.545333333333,0.634666666667
0.545333333333,0.616333333333
0.545333333333,0.621
0.545333333333,0.629666666667
0.545333333333,0.624333333333
0.545333333333,0.616333333333
0.545333333333,0.616333333333
0.545333333333,0.611
0.545333333333,0.616333333333
0.545333333333,0.624333333333
0.547333333333,0.611
0.545333333333,0.616333333333
0.545333333333,0.608333333333
0.545333333333,0.603333333333
0.545333333333,0.611
0.549333333333,0.611
0.545333333333,0.616333333333
0.545333333333,0.616333333333
0.545333333333,0.616333333333
0.545333333333,0.616333333333
0.545333333333,0.616333333333
0.545333333333,0.616333333333
0.545333333333,0.616333333333
0.545333333333,0.608333333333
0.545333333333,0.616333333333
0.545333333333,0.619
0.556,0.624333333333
0.579666666667,0.636666666667
0.579666666667,0.634666666667
0.579666666667,0.634666666667
0.584666666667,0.645333333333
0.600666666667,0.648
0.592666666667,0.653333333333
0.603333333333,0.655666666667
0.603333333333,0.655666666667
0.603333333333,0.663666666667
0.603333333333,0.663666666667
0.603333333333,0.656
0.603333333333,0.656
0.603333333333,0.656
0.603333333333,0.656
0.603333333333,0.656
0.603333333333,0.656
0.603333333333,0.656
0.603333333333,0.656
0.603333333333,0.663666666667
0.603333333333,0.663666666667
0.592666666667,0.663666666667
0.579666666667,0.663666666667
0.580333333333,0.663666666667
0.577,0.674333333333
0.585,0.679666666667
0.585,0.669
0.585,0.666666666667
0.585,0.674333333333
0.585,0.666666666667
0.585,0.674333333333
0.598,0.687333333333
0.598,0.671666666667
0.603333333333,0.649333333333
0.616666666667,0.637333333333
0.616666666667,0.642666666667
0.616666666667,0.642666666667
0.608666666667,0.621666666667
0.603333333333,0.616333333333
0.585,0.616333333333
0.590333333333,0.603333333333
0.579666666667,0.598
0.587333333333,0.59
0.59,0.577333333333
0.59,0.572
0.595333333333,0.577
0.574333333333,0.564
0.566333333333,0.564
0.566333333333,0.569333333333
0.566333333333,0.553666666667
0.566333333333,0.551
0.566333333333,0.551
0.566333333333,0.537666666667
0.566333333333,0.535
0.566333333333,0.516333333333
0.574333333333,0.524333333333
0.564,0.519
0.566333333333,0.511333333333
0.558666666667,0.511333333333
0.564,0.511333333333
0.553333333333,0.498333333333
0.566333333333,0.493
0.558666666667,0.487666666667
0.561333333333,0.482333333333
0.553333333333,0.471666666667
0.550666666667,0.462333333333
0.553333333333,0.450666666667
0.548,0.450666666667
0.54,0.445666666667
0.54,0.448333333333
0.532333333333,0.422
0.527,0.432666666667
0.519,0.428666666667
0.516333333333,0.427333333333
0.506,0.427333333333
0.495333333333,0.419333333333
0.495333333333,0.419333333333
0.490333333333,0.419333333333
0.485,0.419333333333
0.492666666667,0.422
0.482333333333,0.424333333333
0.479666666667,0.432333333333
0.479666666667,0.440333333333
0.474333333333,0.437666666667
0.466666666667,0.450666666667
0.461333333333,0.458666666667
0.461333333333,0.482333333333
0.460666666667,0.485
0.466333333333,0.495666666667
0.502666666667,0.482333333333
0.532333333333,0.498
0.556,0.503333333333
0.581,0.508666666667
0.579666666667,0.553333333333
0.579666666667,0.587666666667
0.579666666667,0.612
0.579666666667,0.621333333333
0.579666666667,0.629333333333
0.574,0.629333333333
0.579666666667,0.621666666667
0.576,0.653333333333
0.577666666667,0.653333333333
0.579666666667,0.658666666667
0.577666666667,0.664333333333
0.572,0.669
0.576,0.64
0.574,0.64
0.59,0.648
0.608333333333,0.645333333333
0.608,0.658666666667
0.614,0.645333333333
0.621666666667,0.653333333333
0.637,0.653333333333
0.637,0.653333333333
0.642666666667,0.650666666667
0.642666666667,0.643
0.640666666667,0.643
0.642666666667,0.643
0.625666666667,0.645666666667
0.606333333333,0.648333333333
0.605666666667,0.640333333333
0.603666666667,0.648333333333
0.603666666667,0.648333333333
0.603666666667,0.648333333333
0.603666666667,0.646333333333
0.598,0.648333333333
0.605666666667,0.648333333333
0.605666666667,0.648333333333
0.605666666667,0.648333333333
0.605666666667,0.648333333333
0.603666666667,0.648333333333
0.6,0.648333333333
0.602,0.648333333333
0.605666666667,0.648333333333
0.605666666667,0.648333333333
0.605666666667,0.648333333333
0.605666666667,0.638333333333
0.602,0.640333333333
0.605666666667,0.640333333333
0.605666666667,0.640333333333
0.605666666667,0.640333333333
0.605666666667,0.640333333333
0.605666666667,0.640333333333
0.605666666667,0.640333333333
0.605666666667,0.640333333333
0.608333333333,0.640333333333
0.595333333333,0.640333333333
0.59,0.640333333333
0.587333333333,0.640333333333
0.595333333333,0.640333333333
0.595333333333,0.640333333333
0.595333333333,0.640333333333
0.595333333333,0.640333333333
0.587333333333,0.640333333333
0.587333333333,0.640333333333
0.587333333333,0.640333333333
0.587333333333,0.640333333333
0.587333333333,0.640333333333
0.587333333333,0.640333333333
0.587333333333,0.640333333333
0.587333333333,0.640333333333
0.577,0.614
0.566333333333,0.614
0.561,0.614
0.563666666667,0.603333333333
0.555666666667,0.593666666667
0.548,0.595666666667
0.553333333333,0.601333333333
0.553333333333,0.588333333333
0.548,0.590333333333
0.537333333333,0.585666666667
0.529333333333,0.590333333333
0.519,0.594
0.513666666667,0.59
0.516333333333,0.587666666667
0.508333333333,0.574333333333
0.505666666667,0.569
0.503333333333,0.569333333333
0.498,0.561333333333
0.498,0.561333333333
0.505666666667,0.571666666667
0.505666666667,0.569333333333
0.484666666667,0.548666666667
0.484666666667,0.581666666667
0.477,0.586666666667
0.477,0.582
0.477,0.574333333333
0.477,0.579666666667
0.482333333333,0.566333333333
0.474333333333,0.564333333333
0.471666666667,0.56
0.471666666667,0.564
0.458666666667,0.558
0.458666666667,0.559333333333
0.453333333333,0.559333333333
0.453333333333,0.556
0.453333333333,0.548
0.453333333333,0.556
0.453333333333,0.55
0.453333333333,0.516333333333
0.453333333333,0.511333333333
0.453333333333,0.498
0.450666666667,0.5
0.450666666667,0.507333333333
0.450666666667,0.485
0.461,0.485
0.492666666667,0.474666666667
0.543,0.469333333333
0.548,0.477333333333
0.561333333333,0.474666666667
0.569,0.472
0.571666666667,0.477
0.571666666667,0.488666666667
0.571666666667,0.484666666667
0.571666666667,0.476666666667
0.556,0.469
0.54,0.477
0.542666666667,0.471666666667
0.516333333333,0.493
0.512666666667,0.514
0.516666666667,0.519
0.514,0.545333333333
0.511333333333,0.585
0.511333333333,0.603333333333
0.498333333333,0.624
0.498333333333,0.626666666667
0.498333333333,0.632
0.487666666667,0.647666666667
0.487666666667,0.64
0.487666666667,0.658333333333
0.487666666667,0.658333333333
0.487666666667,0.661
0.506,0.671333333333
0.553333333333,0.729333333333
0.579666666667,0.771666666667
0.629666666667,0.771666666667
0.675666666667,0.771666666667
0.719,0.777
0.740333333333,0.777
0.778,0.784666666667
0.782,0.784666666667
0.787333333333,0.784666666667
0.787333333333,0.79
0.795,0.799333333333
0.793333333333,0.803333333333
0.795,0.803333333333
0.795,0.819
0.816,0.819
0.816,0.819
0.821333333333,0.819
0.825666666667,0.819
0.829333333333,0.819
0.829333333333,0.819
0.823666666667,0.819
0.834333333333,0.819
0.834333333333,0.824333333333
0.834333333333,0.824333333333
0.826666666667,0.824333333333
0.826666666667,0.824333333333
0.826666666667,0.824333333333
0.830666666667,0.824333333333
0.826666666667,0.824333333333
0.826666666667,0.824333333333
0.826666666667,0.824333333333
0.826666666667,0.824333333333
0.857,0.798333333333
0.881666666667,0.735
0.881666666667,0.735
0.881666666667,0.735
0.881666666667,0.735
0.881666666667,0.735
0.881666666667,0.742666666667
0.881666666667,0.742666666667
0.881666666667,0.74
0.860666666667,0.74
0.860666666667,0.748
0.860666666667,0.746
0.860666666667,0.748
0.860666666667,0.735
0.860666666667,0.740333333333
0.869,0.746
0.887333333333,0.753333333333
0.895333333333,0.771666666667
0.900666666667,0.795333333333
0.908333333333,0.818333333333
0.912333333333,0.821666666667
0.913666666667,0.834666666667
0.921666666667,0.848
0.921666666667,0.855666666667
0.945,0.863666666667
0.945,0.876666666667
0.945,0.892666666667
0.945,0.911
0.945,0.911
0.945,0.911
0.945,0.892666666667
0.945,0.892666666667
0.945,0.892666666667
0.945,0.892666666667
0.945,0.892666666667
0.945,0.892666666667
0.945,0.892666666667
0.945,0.892666666667
0.945,0.892666666667
0.945,0.887333333333
0.945,0.887333333333
0.945,0.887333333333
0.945,0.887333333333
0.945,0.887333333333
0.960666666667,0.876666666667
0.974,0.868666666667
0.992333333333,0.850333333333
1.0,0.84
1.0,0.84
1.0,0.837333333333
1.0,0.837333333333
1.0,0.834666666667
1.0,0.832
1.0,0.821333333333
0.987,0.818666666667
0.983,0.818666666667
0.981666666667,0.818666666667
0.981666666667,0.818666666667
0.981666666667,0.818666666667
0.974,0.834666666667
0.974,0.84
0.974,0.832
0.974,0.832
0.974,0.824
0.97,0.824
0.968666666667,0.842666666667
0.960666666667,0.84
0.939666666667,0.837333333333
0.929333333333,0.853
0.907,0.853
0.897,0.853
0.895,0.853
0.895,0.853
0.889666666667,0.853
0.889666666667,0.853
0.882,0.853
0.882,0.853
0.882,0.853
0.876666666667,0.824
0.824333333333,0.650666666667
0.792666666667,0.584666666667
0.779666666667,0.559
0.779666666667,0.559
0.775666666667,0.559
0.771666666667,0.559
0.771666666667,0.553666666667
0.771666666667,0.553666666667
0.771666666667,0.58
0.771666666667,0.58
0.771666666667,0.58
0.771666666667,0.585333333333
0.771666666667,0.585333333333
0.771666666667,0.585333333333
0.771666666667,0.585333333333
0.771666666667,0.585333333333
0.771666666667,0.565
0.771666666667,0.527666666667
0.773666666667,0.527666666667
0.771666666667,0.527666666667
0.771666666667,0.527666666667
0.771666666667,0.527666666667
0.775666666667,0.527666666667
0.771666666667,0.527666666667
0.771666666667,0.527666666667
0.771666666667,0.527666666667
0.775666666667,0.527666666667
0.771666666667,0.527666666667
0.771666666667,0.527666666667
0.771666666667,0.527666666667
0.775666666667,0.527666666667
0.771666666667,0.527666666667
0.771666666667,0.527666666667
0.771666666667,0.561666666667
0.771666666667,0.585333333333
0.775666666667,0.585333333333
0.771666666667,0.585333333333
0.771666666667,0.593333333333
0.771666666667,0.593333333333
0.771666666667,0.593333333333
0.775666666667,0.593333333333
0.771666666667,0.593333333333
0.771666666667,0.593333333333
0.771666666667,0.593333333333
0.771666666667,0.593333333333
0.766666666667,0.593333333333
0.766666666667,0.593333333333
0.766666666667,0.598333333333
0.766666666667,0.598333333333
0.766666666667,0.598333333333
0.766666666667,0.598333333333
0.766666666667,0.598333333333
0.766666666667,0.598333333333
0.766666666667,0.598333333333
0.766666666667,0.598333333333
0.766666666667,0.598333333333
0.766666666667,0.611666666667
0.766666666667,0.611666666667
0.766666666667,0.611666666667
0.766666666667,0.611666666667
0.766666666667,0.611666666667
0.771666666667,0.611666666667
0.771666666667,0.611666666667
0.771666666667,0.611666666667
0.779666666667,0.611666666667
0.779666666667,0.611666666667
0.779666666667,0.593333333333
0.779666666667,0.593333333333
0.779666666667,0.593333333333
0.779666666667,0.593333333333
0.792666666667,0.593333333333
0.792666666667,0.58
0.792666666667,0.58
0.792666666667,0.58
0.792666666667,0.58
0.792666666667,0.58
0.792666666667,0.58
0.792666666667,0.58
0.792666666667,0.58
0.792666666667,0.58
0.792666666667,0.58
0.792666666667,0.58
0.792666666667,0.572
0.791,0.559
0.785,0.563666666667
0.775666666667,0.574333333333
0.771666666667,0.558666666667
0.758666666667,0.548333333333
0.740333333333,0.567
0.732333333333,0.571666666667
0.718,0.577
0.714,0.582333333333
0.71,0.601
0.700666666667,0.627333333333
0.687666666667,0.635
0.679666666667,0.643
0.674333333333,0.627
0.666666666667,0.650666666667
0.666666666667,0.656
0.661333333333,0.664
0.666333333333,0.661333333333
0.706,0.661333333333
0.708666666667,0.677
0.716333333333,0.669
0.716333333333,0.663666666667
0.716333333333,0.669333333333
0.716333333333,0.661333333333
0.716333333333,0.661333333333
0.708666666667,0.661333333333
0.685,0.656
0.658666666667,0.656
0.656,0.64
0.650666666667,0.616333333333
0.650666666667,0.584666666667
0.632333333333,0.571666666667
0.627,0.571666666667
0.614,0.571666666667
0.614,0.571666666667
0.616333333333,0.569
0.600666666667,0.558333333333
0.577,0.556
0.564,0.556
0.558666666667,0.548
0.558666666667,0.515333333333
0.545333333333,0.505333333333
0.529666666667,0.503333333333
0.524333333333,0.522
0.524333333333,0.535
0.524333333333,0.553333333333
0.524333333333,0.577
0.524333333333,0.595333333333
0.524333333333,0.595333333333
0.524333333333,0.627
0.532333333333,0.619
0.540333333333,0.609666666667
0.540333333333,0.606
0.548,0.606
0.548,0.600666666667
0.548,0.600666666667
0.558666666667,0.593
0.558666666667,0.593
0.564,0.600666666667
0.564,0.593
0.574333333333,0.600666666667
0.579666666667,0.600666666667
0.579666666667,0.600666666667
0.579666666667,0.600666666667
0.579666666667,0.595333333333
0.579666666667,0.606
