valence,arousal
0.007,0.0
0.007,0.0
0.007,0.0
0.007,0.0
0.007,0.0
0.007,0.0
0.007,0.0
0.007,0.0
0.007,0.0
0.007,0.0
0.007,0.0
0.007,0.0
0.007,0.0
0.007,0.0
0.007,0.0
0.007,0.027
0.007,0.0385
0.007,0.0465
0.007,0.068
0.007,0.1115
0.007,0.145
0.007,0.1755
-0.0115,0.1925
-0.0115,0.22
-0.0115,0.228
-0.0085,0.228
-0.0005,0.228
0.0075,0.228
0.0115,0.228
0.0115,0.228
0.0155,0.228
0.027,0.228
0.031,0.228
0.051,0.228
0.0625,0.228
0.0625,0.228
0.0625,0.228
0.0625,0.228
0.0625,0.228
0.0625,0.22
0.0625,0.22
0.0625,0.22
0.0625,0.22
0.0625,0.22
0.0625,0.22
0.0625,0.22
0.0665,0.22
0.0745,0.22
0.0785,0.217
0.0785,0.22
0.0825,0.22
0.102,0.22
0.11,0.22
0.098,0.214
0.098,0.22
0.098,0.22
0.098,0.22
0.098,0.22
0.098,0.22
0.098,0.22
0.047,0.22
0.047,0.22
0.047,0.22
0.047,0.22
0.043,0.22
0.0115,0.22
-0.0085,0.22
-0.0115,0.22
0.0,0.22
-0.0435,0.2045
0.019,0.1925
0.0155,0.1845
-0.0045,0.173
-0.0405,0.159
-0.0565,0.145
-0.0645,0.1375
-0.0645,0.1295
-0.0645,0.1295
-0.0685,0.1235
-0.115,0.1175
-0.115,0.1175
-0.123,0.1095
-0.147,0.102
-0.147,0.102
-0.147,0.102
-0.147,0.09
-0.147,0.09
-0.0875,0.082
-0.0875,0.074
-0.0805,0.074
-0.0805,0.074
-0.0805,0.074
-0.0805,0.074
-0.0805,0.074
-0.0685,0.074
-0.0685,0.074
-0.0685,0.074
-0.0685,0.102
-0.0685,0.1245
-0.0685,0.1445
-0.0685,0.1395
-0.0685,0.145
-0.0685,0.172
-0.0685,0.172
-0.0765,0.145
-0.0765,0.172
-0.0765,0.172
-0.0765,0.184
-0.0805,0.19
-0.0805,0.192
-0.0805,0.192
-0.0805,0.192
-0.0805,0.192
-0.0685,0.165
-0.0685,0.165
-0.095,0.165
-0.055,0.165
0.0,0.2035
0.0,0.165
0.0,0.2115
0.003,0.172
0.0425,0.165
0.0625,0.192
0.09,0.2035
0.1095,0.2035
0.1255,0.2035
0.1295,0.172
0.157,0.152
0.157,0.176
0.165,0.176
0.1765,0.176
0.1805,0.176
0.1965,0.176
0.228,0.176
0.244,0.1955
0.2515,0.217
0.2515,0.2015
0.2515,0.2585
0.2675,0.2665
0.2795,0.2665
0.2835,0.235
0.2835,0.235
0.295,0.235
0.295,0.235
0.295,0.235
0.314,0.243
0.314,0.243
0.314,0.243
0.322,0.243
0.3335,0.243
0.3335,0.263
0.3335,0.263
0.3335,0.263
0.3335,0.236
0.302,0.236
0.302,0.236
0.302,0.236
0.295,0.236
0.322,0.236
0.322,0.236
0.322,0.236
0.3105,0.236
0.2865,0.236
0.318,0.236
0.314,0.1885
0.2585,0.1375
0.215,0.084
0.188,0.0525
0.172,0.0465
0.1365,0.0465
0.1245,0.0655
0.0855,0.054
0.0655,0.057
0.0615,0.0655
0.0585,0.0655
0.0585,0.0655
0.0585,0.071
0.0585,0.0655
0.0585,0.0655
0.0585,0.074
0.0585,0.0655
0.0585,0.0655
0.0585,0.0655
0.0585,0.0655
0.0585,0.0655
0.0585,0.074
0.0585,0.0655
0.0585,0.0655
0.0585,0.0655
0.0585,0.071
0.0585,0.0655
0.0585,0.0655
0.019,0.0685
0.019,0.0655
0.0,0.0655
0.0,0.077
0.0,0.081
0.0,0.093
0.0,0.099
0.0,0.1205
0.0,0.1285
0.0,0.1405
0.0,0.148
0.0,0.148
0.0,0.148
0.0,0.148
0.0,0.148
0.0,0.148
0.0,0.148
0.0,0.148
0.0,0.148
0.0,0.148
0.0,0.1095
0.0,0.1095
0.0,0.1095
0.0,0.1095
0.0,0.1235
0.0,0.171
0.0,0.247
0.027,0.266
0.07,0.2745
0.09,0.263
0.098,0.263
0.098,0.263
0.098,0.263
0.086,0.263
0.074,0.263
0.07,0.263
0.07,0.263
0.07,0.263
0.07,0.263
0.0625,0.263
0.0465,0.255
0.023,0.2315
0.003,0.2195
0.0,0.2195
0.0,0.2115
0.0,0.2085
0.0,0.192
0.0,0.184
0.0,0.1645
0.0,0.1565
0.0,0.1445
0.0,0.129
0.0,0.098
0.0,0.0835
0.0,0.0815
0.0,0.0815
0.0,0.0815
0.0,0.0815
0.0,0.0545
0.0,0.0545
0.0,0.0545
0.0,0.0545
0.0,0.0545
0.0,0.0545
0.007,0.0545
0.0345,0.096
0.0545,0.1295
0.0625,0.1375
0.07,0.145
0.07,0.145
0.07,0.145
0.07,0.145
0.07,0.145
0.07,0.145
0.07,0.145
0.07,0.145
0.0545,0.145
0.011,0.145
0.0,0.145
-0.0235,0.145
-0.0755,0.145
-0.0995,0.145
-0.1075,0.145
-0.1075,0.145
-0.1075,0.145
-0.1075,0.145
-0.1075,0.145
-0.1075,0.145
-0.1075,0.145
-0.1075,0.145
-0.1075,0.145
-0.1075,0.145
-0.1075,0.145
-0.1075,0.145
-0.1075,0.145
-0.1075,0.145
-0.1075,0.145
-0.1075,0.145
-0.1075,0.172
-0.1075,0.172
-0.1075,0.172
-0.1075,0.172
-0.0955,0.172
-0.0955,0.172
-0.0955,0.172
-0.0955,0.172
-0.0955,0.172
-0.0955,0.172
-0.0955,0.172
-0.0955,0.172
-0.0955,0.172
-0.0955,0.172
-0.0955,0.172
-0.0955,0.172
-0.0955,0.172
-0.0955,0.172
-0.0955,0.172
-0.0955,0.172
-0.0955,0.172
-0.0955,0.172
-0.0955,0.172
-0.0955,0.172
-0.0955,0.172
-0.0955,0.172
-0.0955,0.172
-0.0955,0.172
-0.0955,0.172
-0.0955,0.172
-0.0955,0.172
-0.0955,0.172
-0.0955,0.172
-0.0955,0.172
-0.0955,0.172
-0.0955,0.172
-0.0955,0.172
-0.0955,0.172
-0.0955,0.172
-0.0955,0.172
-0.0955,0.172
-0.0955,0.172
-0.1115,0.172
-0.1115,0.172
-0.1115,0.172
-0.1115,0.172
-0.1115,0.172
-0.0995,0.172
-0.0995,0.172
-0.0995,0.172
-0.0995,0.172
-0.0955,0.172
-0.0875,0.172
-0.0835,0.172
-0.0595,0.172
-0.0515,0.172
-0.0515,0.172
-0.0395,0.172
-0.0235,0.172
-0.0155,0.172
-0.0155,0.1835
0.0,0.1835
0.0,0.1835
-0.0035,0.1835
-0.0035,0.1835
-0.0035,0.1835
-0.0035,0.1835
-0.0035,0.1835
-0.0035,0.1835
-0.0035,0.1835
-0.0035,0.152
-0.0035,0.152
-0.0035,0.145
-0.0035,0.145
-0.0035,0.145
-0.0235,0.145
-0.0235,0.145
-0.0275,0.145
-0.0275,0.145
-0.0275,0.145
-0.0275,0.145
-0.0395,0.145
-0.0475,0.145
-0.0515,0.145
-0.0515,0.145
-0.0595,0.145
-0.0595,0.145
-0.0635,0.145
-0.0635,0.145
-0.0715,0.145
-0.0715,0.145
-0.0715,0.145
-0.0715,0.145
-0.0715,0.1295
-0.0715,0.1295
-0.0715,0.1175
-0.0715,0.1175
-0.0715,0.1175
-0.0715,0.1175
-0.0755,0.1175
-0.0755,0.1175
-0.0755,0.1175
-0.0835,0.1175
-0.0875,0.1175
-0.0875,0.1175
-0.0875,0.1175
-0.0955,0.1175
-0.0955,0.1175
-0.0955,0.1175
-0.0955,0.1175
-0.0955,0.1175
-0.0955,0.1175
-0.0955,0.1175
-0.0955,0.1175
-0.0955,0.1175
-0.0955,0.1235
-0.0955,0.1445
-0.0715,0.1445
-0.0275,0.1445
-0.0155,0.1445
0.0,0.1445
0.0,0.1445
0.007,0.1175
0.019,0.1175
0.0385,0.1175
0.0425,0.1175
0.0425,0.1175
0.07,0.1175
0.07,0.1375
0.07,0.145
0.07,0.157
0.07,0.157
0.07,0.157
0.074,0.157
0.074,0.157
0.078,0.157
0.078,0.157
0.078,0.157
0.086,0.157
0.09,0.165
0.09,0.165
0.09,0.165
0.094,0.165
0.098,0.165
0.1135,0.165
0.1055,0.165
0.1055,0.165
0.1055,0.165
0.1095,0.165
0.1215,0.165
0.1095,0.165
0.1215,0.165
0.1215,0.165
0.1255,0.165
0.1255,0.165
0.1255,0.165
0.1295,0.165
0.1295,0.165
0.1295,0.165
0.1295,0.165
0.1295,0.165
0.1295,0.165
0.1295,0.165
0.1295,0.165
0.1295,0.165
0.1295,0.165
0.1295,0.165
0.1295,0.165
0.1295,0.165
0.1295,0.165
0.1295,0.165
0.1295,0.165
0.1295,0.165
0.1295,0.165
0.1295,0.165
0.1295,0.165
0.1295,0.145
0.1295,0.1375
0.1295,0.1175
0.1295,0.1175
0.1295,0.1095
0.1295,0.102
0.1295,0.09
0.1295,0.082
0.1255,0.082
0.09,0.074
0.078,0.0655
0.074,0.0625
0.074,0.0625
0.074,0.0625
0.07,0.0625
0.07,0.0625
0.0625,0.0625
0.0585,0.0625
0.0385,0.0465
0.023,0.0465
0.023,0.0465
0.023,0.0465
0.019,0.0465
0.011,0.0465
0.011,0.0465
0.007,0.0465
0.007,0.0465
0.011,0.0465
0.011,0.0465
0.0,0.0465
0.0,0.0465
0.0,0.0465
0.0,0.0465
0.0,0.0465
0.0,0.0465
0.0,0.0465
0.0,0.0465
0.0,0.0465
0.0,0.0465
0.0,0.0465
0.0,0.0465
0.0,0.0465
0.0,0.0465
0.0,0.0465
0.0,0.0465
0.0,0.0465
0.0,0.0465
0.0,0.0465
0.0,0.0465
0.007,0.0465
0.0545,0.0735
0.086,0.0655
0.09,0.0655
0.09,0.158
0.09,0.148
0.09,0.2045
0.09,0.2745
0.094,0.294
0.094,0.294
0.094,0.294
0.094,0.294
0.094,0.294
0.094,0.2745
0.094,0.2745
0.098,0.2745
0.098,0.255
0.098,0.255
0.098,0.255
0.098,0.255
0.1055,0.255
0.1055,0.255
0.1055,0.243
0.094,0.2585
0.094,0.2095
0.094,0.1995
0.094,0.1995
0.094,0.1915
0.094,0.1915
0.094,0.18
0.094,0.18
0.094,0.172
0.094,0.1465
0.094,0.1445
0.094,0.168
0.094,0.168
0.094,0.156
0.094,0.156
0.094,0.156
0.094,0.148
0.094,0.1405
0.094,0.1405
0.094,0.1405
0.094,0.1405
0.094,0.1285
0.094,0.1285
0.094,0.1285
0.094,0.1205
0.094,0.1205
0.094,0.1205
0.094,0.1205
0.094,0.1205
0.094,0.1205
0.094,0.1205
0.094,0.1205
0.094,0.1205
0.094,0.1205
0.094,0.1205
0.094,0.1205
0.094,0.1205
0.094,0.1205
0.094,0.1205
0.07,0.1205
0.0545,0.1205
0.0385,0.1205
0.0385,0.1205
0.0345,0.1205
0.019,0.1205
0.007,0.1205
0.019,0.1205
0.011,0.1205
0.011,0.1205
0.011,0.1205
0.011,0.1205
0.011,0.1405
0.011,0.156
0.011,0.168
0.011,0.176
0.011,0.176
0.011,0.176
0.011,0.176
0.011,0.176
0.007,0.176
0.0,0.176
0.0,0.176
0.0,0.176
0.0,0.176
0.0,0.176
0.0,0.156
0.0,0.156
0.0,0.156
0.0,0.15
0.0,0.148
0.0,0.148
0.0,0.148
0.0,0.1405
0.0,0.1405
0.0,0.1405
0.011,0.1405
0.0385,0.1405
0.0385,0.1405
0.0385,0.1405
0.0425,0.1405
0.07,0.1405
0.074,0.1405
0.074,0.1405
0.074,0.1405
0.074,0.1405
0.074,0.1405
0.074,0.1405
0.074,0.1405
0.074,0.1405
0.074,0.1405
0.074,0.1405
0.074,0.1405
0.074,0.1405
0.074,0.1405
0.074,0.1405
0.074,0.1405
0.074,0.144
0.074,0.156
0.074,0.156
0.074,0.156
0.074,0.156
0.074,0.162
0.074,0.17
0.074,0.176
0.074,0.176
0.074,0.176
0.074,0.176
0.074,0.176
0.074,0.176
0.074,0.176
0.074,0.1835
0.074,0.1835
0.074,0.1835
0.074,0.1835
0.074,0.1835
0.074,0.1835
0.074,0.1835
0.074,0.1835
0.074,0.1835
0.074,0.1835
0.078,0.1835
0.086,0.1835
0.09,0.1835
0.094,0.1835
0.094,0.1835
0.094,0.1835
0.094,0.1835
0.094,0.1835
0.094,0.1835
0.1055,0.1835
0.145,0.1835
0.149,0.1955
0.149,0.2035
0.149,0.2035
0.149,0.2035
0.149,0.2035
0.149,0.2035
0.149,0.2115
0.149,0.2115
0.149,0.2115
0.149,0.2115
0.149,0.2115
0.149,0.2115
0.149,0.2115
0.149,0.2115
0.149,0.2115
0.149,0.2115
0.149,0.2115
0.149,0.2115
0.149,0.2115
0.149,0.2115
0.149,0.2115
0.149,0.2115
0.149,0.2115
0.149,0.2115
0.149,0.2115
0.149,0.2115
0.149,0.2115
0.149,0.2115
0.149,0.2115
0.149,0.2115
0.149,0.2115
0.149,0.2115
0.149,0.2115
0.149,0.2115
0.149,0.2115
0.149,0.2115
0.149,0.2115
0.149,0.2115
0.149,0.2115
0.149,0.2115
0.149,0.2115
0.149,0.2195
0.149,0.2115
0.149,0.18
0.149,0.18
0.149,0.18
0.149,0.2115
0.149,0.2115
0.149,0.2115
0.149,0.2115
0.149,0.2115
0.149,0.2115
0.149,0.2115
0.149,0.2115
0.149,0.2115
0.149,0.2115
0.149,0.2115
0.149,0.2115
0.149,0.2115
0.149,0.2115
0.149,0.2115
0.149,0.2115
0.149,0.2115
0.149,0.2115
0.149,0.2115
0.149,0.2115
0.149,0.2115
0.149,0.2115
0.149,0.2115
0.149,0.2115
0.1375,0.2115
0.0465,0.2115
0.019,0.2115
0.0,0.2115
0.0,0.2115
0.0,0.2115
-0.0715,0.2115
-0.0955,0.2115
-0.1075,0.2115
-0.1115,0.2115
-0.1435,0.2115
-0.1515,0.2115
-0.1635,0.2115
-0.1915,0.2115
-0.1995,0.2115
-0.2035,0.2115
-0.2035,0.2115
-0.2035,0.174
-0.2035,0.156
-0.1915,0.1405
-0.1915,0.1205
-0.1915,0.093
-0.1435,0.085
-0.0355,0.085
-0.0155,0.085
-0.0035,0.085
-0.0115,0.085
0.0,0.085
0.0,0.085
0.0,0.085
0.0,0.085
0.0,0.085
0.0,0.085
0.0,0.085
0.0,0.085
0.0,0.085
0.0,0.085
0.0,0.085
0.0,0.085
0.0,0.085
0.0,0.085
0.0,0.085
0.0,0.085
0.0,0.085
0.0,0.085
0.0,0.085
0.0,0.085
0.0,0.085
0.0,0.085
0.0,0.085
0.0,0.085
0.0,0.085
0.0,0.085
0.0,0.085
-0.0235,0.085
-0.0475,0.085
-0.0355,0.085
-0.0355,0.077
-0.0355,0.077
-0.0475,0.0655
-0.0475,0.0575
-0.0475,0.0495
-0.0475,0.0385
-0.0475,0.0385
-0.0475,0.0385
-0.0275,0.0385
-0.0155,0.0385
-0.0115,0.0385
-0.0115,0.0385
-0.0235,0.0385
-0.0115,0.0165
-0.0115,-0.006
-0.0115,-0.035
-0.0035,-0.0545
-0.0035,-0.0665
-0.0035,-0.0745
-0.0035,-0.0865
0.0,-0.106
0.0,-0.114
0.0,-0.114
-0.0115,-0.134
-0.0155,-0.1535
-0.0235,-0.1535
-0.0235,-0.1535
-0.0235,-0.1535
-0.0035,-0.1535
-0.0035,-0.1535
0.0,-0.1535
0.0,-0.1535
0.0,-0.1625
0.0,-0.1595
0.0,-0.1655
0.0,-0.1775
0.0,-0.1775
0.0,-0.1855
0.0,-0.1855
0.0,-0.197
0.0,-0.197
0.0,-0.197
0.0,-0.197
0.0,-0.197
0.0,-0.197
0.0,-0.197
0.0,-0.197
0.0,-0.197
0.0,-0.197
0.0,-0.197
0.0,-0.197
0.0,-0.1795
0.0,-0.0805
-0.0475,-0.029
-0.0715,0.0385
-0.0835,0.0575
-0.0835,0.085
-0.0835,0.101
-0.0875,0.1125
-0.0875,0.1265
-0.0875,0.1375
-0.0875,0.148
-0.0875,0.156
-0.0875,0.156
-0.0875,0.156
-0.0875,0.156
-0.0875,0.156
-0.0755,0.156
-0.0755,0.156
-0.0755,0.156
-0.0755,0.156
-0.0755,0.156
-0.0755,0.156
-0.0755,0.156
-0.0755,0.156
-0.0755,0.156
-0.0755,0.156
-0.0755,0.156
-0.0755,0.156
-0.0755,0.156
-0.0755,0.156
-0.0755,0.156
-0.0715,0.156
-0.0715,0.156
-0.0715,0.156
-0.0715,0.156
-0.0715,0.156
-0.0715,0.156
-0.0715,0.156
-0.0715,0.156
-0.0715,0.156
-0.0715,0.156
-0.0715,0.156
-0.0715,0.156
-0.0715,0.156
-0.0715,0.156
-0.0715,0.156
-0.0715,0.156
-0.0715,0.156
-0.0715,0.156
-0.0715,0.156
-0.0715,0.156
-0.0715,0.156
-0.0715,0.156
-0.0715,0.156
-0.0715,0.156
-0.0715,0.156
-0.0875,0.156
-0.0995,0.156
-0.0995,0.156
-0.0955,0.156
-0.0955,0.156
-0.0955,0.156
-0.0955,0.156
-0.0955,0.156
-0.0955,0.156
-0.0955,0.156
-0.0955,0.156
-0.0955,0.156
-0.0955,0.156
-0.1075,0.156
-0.1075,0.156
-0.1075,0.156
-0.1075,0.156
-0.1075,0.156
-0.1075,0.156
-0.1075,0.156
-0.0805,0.156
-0.0805,0.156
-0.0805,0.156
-0.0805,0.156
-0.069,0.156
-0.1005,0.156
-0.1125,0.156
-0.1045,0.156
-0.1045,0.156
-0.1045,0.156
-0.1045,0.156
-0.1045,0.156
-0.1045,0.156
-0.1045,0.168
-0.1045,0.152
-0.1045,0.157
-0.1245,0.173
-0.1485,0.1845
-0.1485,0.1925
-0.1485,0.1925
-0.1485,0.1925
-0.1405,0.2085
-0.1405,0.22
-0.1525,0.228
-0.1525,0.242
-0.1605,0.2475
-0.1845,0.2475
-0.1845,0.2475
-0.1845,0.2475
-0.1845,0.2475
-0.1845,0.2475
-0.1845,0.242
-0.1365,0.2475
-0.0685,0.2475
-0.0205,0.239
-0.0005,0.2475
-0.0085,0.2475
0.0115,0.236
0.0115,0.22
0.0115,0.1885
0.023,0.165
-0.0085,0.1295
-0.0155,0.1075
0.023,0.074
-0.0085,0.0625
0.023,0.0625
0.023,0.0625
0.027,0.0625
0.027,0.0625
-0.0045,0.0625
-0.0045,0.0565
-0.0115,0.0465
-0.0115,0.03
-0.0115,0.017
0.027,0.002
0.027,0.0
-0.0045,0.0
-0.0115,0.0
0.0155,0.0
-0.0115,0.0
-0.0115,0.0
-0.0115,0.0
-0.0115,0.0
-0.0115,0.0
-0.0115,0.0
-0.0115,0.0
-0.0115,-0.014
-0.0115,-0.034
-0.0115,-0.0535
-0.0115,-0.0615
-0.0115,-0.0815
-0.031,-0.102
-0.0115,-0.113
-0.0115,-0.125
-0.0045,-0.1505
-0.0045,-0.1525
-0.0045,-0.1725
0.0075,-0.1725
0.0075,-0.1725
0.0075,-0.184
0.0075,-0.184
0.0075,-0.157
-0.015,-0.165
-0.015,-0.165
-0.015,-0.201
-0.023,-0.204
-0.023,-0.177
-0.023,-0.177
-0.023,-0.177
-0.023,-0.177
-0.023,-0.177
-0.023,-0.177
-0.015,-0.177
-0.015,-0.177
-0.015,-0.177
-0.015,-0.177
-0.015,-0.177
-0.015,-0.177
0.055,-0.177
0.055,-0.177
0.043,-0.177
-0.0035,-0.177
-0.0035,-0.177
-0.0035,-0.177
-0.0035,-0.177
-0.0035,-0.177
-0.0035,-0.177
-0.0035,-0.177
-0.0035,-0.177
-0.0035,-0.177
-0.0035,-0.177
-0.0035,-0.177
-0.0035,-0.177
-0.0035,-0.177
-0.0035,-0.177
-0.0035,-0.177
-0.0035,-0.177
-0.0035,-0.177
-0.0035,-0.177
-0.0035,-0.177
-0.0035,-0.177
-0.0035,-0.177
-0.0035,-0.177
-0.0035,-0.177
-0.0035,-0.177
-0.0035,-0.177
-0.0035,-0.177
-0.0035,-0.177
-0.0035,-0.177
-0.0035,-0.177
-0.0035,-0.177
-0.0035,-0.177
-0.0035,-0.177
-0.0035,-0.177
-0.0035,-0.177
-0.0035,-0.177
-0.0035,-0.177
-0.0035,-0.186
-0.0035,-0.189
-0.0035,-0.189
-0.0035,-0.189
-0.0035,-0.189
-0.0035,-0.189
-0.0035,-0.189
-0.0035,-0.189
-0.0035,-0.189
-0.0035,-0.186
-0.0035,-0.189
-0.0035,-0.186
-0.0035,-0.189
-0.0035,-0.189
-0.0035,-0.189
-0.0035,-0.189
-0.0035,-0.189
-0.0035,-0.1315
-0.0035,-0.098
-0.0035,-0.084
-0.0035,-0.078
-0.0035,-0.078
-0.0035,-0.078
-0.0035,-0.078
-0.0035,-0.078
-0.0035,-0.078
-0.0035,-0.078
-0.0035,-0.078
-0.0035,-0.078
-0.0035,-0.078
-0.0035,-0.098
-0.0035,-0.106
-0.0035,-0.1175
-0.0035,-0.1255
-0.0035,-0.1255
-0.0035,-0.1255
-0.0035,-0.1255
-0.0035,-0.1255
-0.0035,-0.1455
-0.0035,-0.1455
-0.0035,-0.1455
-0.0035,-0.157
-0.0035,-0.165
-0.0035,-0.165
-0.0035,-0.177
-0.0035,-0.189
-0.0035,-0.189
-0.0035,-0.189
-0.0035,-0.189
-0.0035,-0.197
-0.0035,-0.197
-0.0035,-0.197
-0.0035,-0.2085
-0.0035,-0.2085
-0.0035,-0.2165
0.0235,-0.2285
0.0235,-0.2285
-0.0035,-0.2345
-0.0035,-0.2365
-0.0035,-0.2365
-0.0035,-0.2365
-0.0035,-0.2365
-0.0035,-0.2365
-0.0035,-0.2365
-0.0035,-0.248
-0.0035,-0.248
-0.0035,-0.248
-0.0035,-0.248
-0.0035,-0.256
-0.0035,-0.256
-0.0035,-0.256
-0.0035,-0.256
-0.0035,-0.256
-0.0035,-0.256
-0.0035,-0.256
-0.0035,-0.256
-0.0035,-0.256
0.0235,-0.256
0.0235,-0.256
0.0235,-0.256
-0.0035,-0.256
-0.0035,-0.256
-0.0035,-0.256
-0.0035,-0.256
-0.0035,-0.256
-0.0035,-0.256
-0.0035,-0.256
-0.0035,-0.256
-0.0035,-0.256
0.0235,-0.256
0.0235,-0.256
-0.0035,-0.256
0.0235,-0.256
0.0235,-0.256
0.0235,-0.256
0.035,-0.256
0.0235,-0.256
0.035,-0.256
0.035,-0.256
0.035,-0.256
0.035,-0.256
0.035,-0.256
0.035,-0.256
0.035,-0.256
0.035,-0.256
0.035,-0.256
0.035,-0.256
0.035,-0.256
0.035,-0.256
0.035,-0.256
0.035,-0.256
0.035,-0.256
0.035,-0.256
-0.0035,-0.256
0.035,-0.256
0.0035,-0.256
-0.0035,-0.256
-0.0035,-0.256
0.035,-0.256
-0.0035,-0.256
-0.0035,-0.256
-0.0035,-0.256
-0.0035,-0.256
-0.0035,-0.2445
-0.0035,-0.2445
-0.0035,-0.2445
-0.0035,-0.2445
-0.0035,-0.2445
-0.0355,-0.2445
-0.0595,-0.2445
-0.0715,-0.2445
-0.0715,-0.2445
-0.0755,-0.225
-0.0755,-0.197
-0.0755,-0.1565
-0.0755,-0.0945
-0.0755,-0.041
-0.0755,0.0045
-0.0755,0.0385
-0.0755,0.0385
-0.0755,0.0495
-0.0755,0.0655
-0.0755,0.085
-0.0755,0.095
-0.0755,0.101
-0.0755,0.1205
-0.0755,0.1315
-0.0755,0.142
-0.0755,0.148
-0.0755,0.148
-0.0755,0.148
-0.0755,0.148
-0.0755,0.148
-0.0755,0.148
-0.0755,0.148
-0.0755,0.148
-0.0755,0.148
-0.0755,0.1165
-0.0755,0.1165
-0.0755,0.1165
-0.0755,0.1165
-0.0755,0.1165
-0.0755,0.1165
-0.0755,0.1165
-0.0755,0.1095
-0.0755,0.1095
-0.0755,0.1095
-0.0755,0.1095
-0.0755,0.1095
-0.0755,0.1095
-0.0755,0.1095
-0.0755,0.1095
-0.0755,0.1095
-0.0755,0.1095
-0.0755,0.09
-0.0755,0.09
-0.0755,0.088
-0.0755,0.082
-0.0755,0.074
-0.0755,0.074
-0.0755,0.0625
-0.0755,0.0625
-0.0755,0.0625
-0.0755,0.0625
-0.0755,0.0625
-0.0635,0.0625
-0.0475,0.0625
-0.0475,0.0625
-0.0355,0.0625
-0.0275,0.0625
-0.0355,0.0625
-0.0395,0.0625
-0.0395,0.0625
-0.0395,0.0625
-0.0395,0.0625
-0.0395,0.0625
-0.0395,0.0625
-0.0395,0.0625
-0.0395,0.0625
-0.0275,0.0625
-0.0275,0.0625
-0.0275,0.0625
-0.0275,0.0625
-0.0275,0.0625
-0.0275,0.0625
-0.0275,0.0625
-0.0275,0.0625
-0.0275,0.055
-0.0275,0.055
-0.0275,0.055
-0.0275,0.055
-0.0275,0.0695
-0.0275,0.0815
-0.0275,0.0735
-0.0275,0.0485
-0.0275,0.0385
-0.0275,0.027
-0.0275,0.027
-0.0275,0.027
-0.0275,0.027
-0.0275,0.027
-0.0275,0.027
-0.0275,0.027
-0.0275,0.027
-0.0275,0.027
-0.0155,0.027
-0.0115,0.027
-0.0035,0.027
-0.0035,0.027
0.0,0.03
0.0,0.027
0.0,0.027
0.0,0.027
0.0,0.027
-0.0035,0.027
-0.0115,0.027
-0.0115,0.046
0.0,0.046
0.0,0.0515
0.0,0.049
0.0,0.046
0.0,0.046
0.0,0.046
0.0,0.046
0.0,0.046
0.0,0.046
0.0,0.027
0.0,0.027
0.0,0.0385
0.0,0.0385
0.0,0.0545
0.0,0.0545
0.0,0.0625
0.0,0.0625
0.0,0.0625
0.0,0.0625
0.0,0.0625
0.0,0.0625
-0.0035,0.0625
-0.0035,0.0625
-0.0035,0.0625
-0.0035,0.0625
-0.0035,0.0625
-0.0035,0.0625
-0.0035,0.0625
-0.0035,0.0625
-0.0035,0.0625
-0.0035,0.0625
-0.0035,0.0625
-0.0035,0.068
-0.0035,0.0655
-0.0035,0.0625
-0.0035,0.0625
-0.0035,0.0625
-0.0035,0.0625
-0.0035,0.0625
-0.0035,0.0625
-0.0035,0.0625
-0.0035,0.0655
-0.0035,0.068
-0.0035,0.0625
-0.0035,0.0625
-0.0035,0.0625
-0.0035,0.0625
-0.0035,0.0625
-0.0035,0.0625
-0.0035,0.0625
-0.0035,0.0625
-0.0035,0.0625
-0.0035,0.0625
-0.0035,0.0625
-0.0035,0.0625
-0.0035,0.0625
-0.0035,0.0625
-0.0035,0.0625
-0.0035,0.0625
-0.0035,0.0625
-0.0035,0.0625
-0.0035,0.0625
-0.0035,0.0625
-0.0035,0.0625
-0.0035,0.0625
-0.0035,0.0625
-0.0035,0.0625
-0.0035,0.0625
-0.0035,0.0625
-0.0035,0.0625
-0.0035,0.0625
-0.0035,0.0625
-0.0035,0.0625
-0.0035,0.0625
-0.0035,0.0625
-0.0035,0.0625
-0.0035,0.0625
-0.0035,0.0625
-0.0035,0.0625
-0.0035,0.0625
-0.0035,0.0625
-0.0035,0.0625
-0.0035,0.0625
-0.0035,0.0625
-0.0035,0.0625
-0.0035,0.068
-0.0035,0.0625
-0.0035,0.0625
-0.0035,0.0625
-0.0035,0.0625
-0.0035,0.068
-0.0035,0.0625
-0.0035,0.0625
-0.0035,0.0625
-0.0035,0.0625
-0.0035,0.078
-0.0395,0.099
-0.0635,0.1295
-0.0715,0.143
-0.0755,0.157
-0.0755,0.165
-0.0835,0.165
-0.0835,0.165
-0.0835,0.165
-0.0835,0.165
-0.0835,0.165
-0.0835,0.165
-0.0835,0.165
-0.0835,0.165
-0.0835,0.165
-0.0875,0.165
-0.0955,0.165
-0.1115,0.165
-0.159,0.165
-0.183,0.165
-0.183,0.165
-0.183,0.165
-0.191,0.165
-0.159,0.165
-0.159,0.165
-0.159,0.165
-0.159,0.165
-0.159,0.165
-0.159,0.165
-0.167,0.165
-0.167,0.165
-0.167,0.165
-0.167,0.165
-0.167,0.165
-0.167,0.165
-0.167,0.165
-0.167,0.165
-0.167,0.165
-0.167,0.165
-0.167,0.165
-0.167,0.165
-0.167,0.165
-0.167,0.165
-0.167,0.165
-0.199,0.165
-0.199,0.165
-0.199,0.165
-0.199,0.165
-0.199,0.165
-0.199,0.165
-0.199,0.165
-0.199,0.165
-0.199,0.165
-0.199,0.165
-0.199,0.165
-0.199,0.165
-0.199,0.165
-0.199,0.165
-0.199,0.165
-0.199,0.165
-0.199,0.165
-0.167,0.165
-0.167,0.165
-0.167,0.165
-0.167,0.165
-0.167,0.165
-0.167,0.165
-0.167,0.165
-0.167,0.165
-0.179,0.165
-0.215,0.165
-0.239,0.165
-0.275,0.165
-0.283,0.165
-0.283,0.165
-0.283,0.165
-0.283,0.165
-0.283,0.167
-0.283,0.173
-0.283,0.173
-0.283,0.173
-0.283,0.173
-0.283,0.173
-0.283,0.1815
-0.283,0.1845
-0.283,0.1845
-0.283,0.1845
-0.283,0.1925
-0.283,0.1925
-0.283,0.1925
-0.283,0.1925
-0.283,0.1925
-0.283,0.1925
-0.283,0.1925
-0.283,0.257
-0.283,0.294
-0.295,0.302
-0.283,0.302
-0.299,0.302
-0.311,0.302
-0.335,0.305
-0.347,0.308
-0.359,0.2825
-0.367,0.314
-0.367,0.311
-0.399,0.314
-0.399,0.314
-0.403,0.3295
-0.411,0.3295
-0.423,0.3295
-0.427,0.3415
-0.427,0.3415
-0.435,0.3415
-0.435,0.3495
-0.435,0.3495
-0.435,0.3515
-0.439,0.3575
-0.439,0.3575
-0.439,0.3575
-0.427,0.3575
-0.427,0.3575
-0.427,0.363
-0.427,0.369
-0.427,0.369
-0.427,0.377
-0.427,0.377
-0.427,0.377
-0.427,0.377
-0.427,0.377
-0.427,0.377
-0.427,0.377
-0.427,0.377
-0.427,0.377
-0.427,0.377
-0.427,0.377
-0.427,0.377
-0.427,0.377
-0.427,0.377
-0.427,0.377
-0.427,0.377
-0.427,0.377
-0.427,0.377
-0.427,0.377
-0.427,0.377
-0.427,0.377
-0.415,0.377
-0.387,0.377
-0.367,0.377
-0.355,0.377
-0.355,0.377
-0.343,0.377
-0.335,0.377
-0.335,0.377
-0.335,0.377
-0.323,0.377
-0.343,0.377
-0.331,0.377
-0.319,0.377
-0.319,0.377
-0.323,0.377
-0.323,0.377
-0.323,0.377
-0.319,0.377
-0.323,0.377
-0.319,0.377
-0.323,0.377
-0.323,0.377
-0.323,0.377
-0.311,0.377
-0.311,0.377
-0.311,0.377
-0.311,0.377
-0.311,0.377
-0.311,0.377
-0.311,0.377
-0.311,0.377
-0.311,0.377
-0.311,0.377
-0.311,0.377
-0.311,0.377
-0.311,0.377
-0.311,0.377
-0.311,0.377
-0.311,0.377
-0.311,0.377
-0.311,0.377
-0.311,0.377
-0.311,0.377
-0.311,0.377
-0.311,0.377
-0.311,0.377
-0.311,0.377
-0.311,0.377
-0.311,0.377
-0.311,0.377
-0.311,0.377
-0.311,0.377
-0.311,0.377
-0.311,0.377
-0.311,0.377
-0.311,0.377
-0.311,0.377
-0.311,0.377
-0.299,0.377
-0.287,0.377
-0.295,0.377
-0.295,0.377
-0.299,0.377
-0.299,0.377
-0.287,0.377
-0.295,0.377
-0.275,0.377
-0.271,0.377
-0.271,0.377
-0.271,0.377
-0.283,0.377
-0.271,0.377
-0.263,0.366
-0.275,0.3495
-0.275,0.3415
-0.263,0.322
-0.259,0.322
-0.259,0.322
-0.251,0.314
-0.247,0.314
-0.259,0.314
-0.247,0.314
-0.247,0.314
-0.247,0.314
-0.247,0.314
-0.247,0.314
-0.259,0.314
-0.251,0.314
-0.247,0.314
-0.235,0.302
-0.235,0.305
-0.227,0.314
-0.215,0.302
-0.215,0.302
-0.215,0.302
-0.215,0.302
-0.215,0.302
-0.215,0.302
-0.215,0.302
-0.215,0.302
-0.215,0.302
-0.215,0.2705
-0.215,0.2705
-0.215,0.2705
-0.215,0.2705
-0.211,0.2705
-0.223,0.2705
-0.223,0.2705
-0.215,0.2705
-0.215,0.2705
-0.215,0.2705
-0.215,0.2705
-0.215,0.2705
-0.211,0.2705
-0.211,0.2635
-0.199,0.2635
-0.199,0.2635
-0.211,0.2635
-0.191,0.2665
-0.191,0.2635
-0.191,0.2635
-0.191,0.2635
-0.191,0.2635
-0.203,0.2635
-0.203,0.2665
-0.203,0.2635
-0.203,0.2725
-0.203,0.2635
-0.191,0.2635
-0.203,0.2665
-0.191,0.2635
-0.203,0.2635
-0.203,0.2635
-0.203,0.2635
-0.203,0.2635
-0.203,0.2905
-0.203,0.302
-0.191,0.302
-0.203,0.2635
-0.191,0.2695
-0.191,0.2635
-0.203,0.2905
-0.203,0.2905
-0.187,0.2905
-0.167,0.2905
-0.167,0.2905
-0.167,0.2905
-0.167,0.2905
-0.167,0.2905
-0.167,0.2905
-0.167,0.2905
-0.167,0.2905
-0.167,0.2905
-0.167,0.2905
-0.167,0.2905
-0.167,0.2905
-0.167,0.2905
-0.167,0.3025
-0.167,0.3025
-0.167,0.2905
-0.167,0.2995
-0.167,0.2905
-0.167,0.2905
-0.167,0.2905
-0.167,0.2935
-0.167,0.2905
-0.167,0.2905
-0.167,0.2965
-0.143,0.2905
-0.131,0.2995
-0.131,0.2905
-0.131,0.2905
-0.123,0.2905
-0.135,0.2825
-0.123,0.263
-0.119,0.2385
-0.119,0.2195
-0.111,0.2195
-0.087,0.2115
-0.075,0.2
-0.071,0.192
-0.071,0.184
-0.071,0.1645
-0.071,0.1645
-0.063,0.1645
-0.0595,0.1645
-0.063,0.1645
-0.0595,0.1645
-0.0595,0.1645
-0.063,0.1645
-0.0595,0.186
-0.0595,0.244
-0.0595,0.269
-0.0595,0.2905
-0.0595,0.3025
-0.0595,0.3025
-0.0595,0.3025
-0.0595,0.3105
-0.0595,0.3105
-0.0595,0.3105
-0.0595,0.2905
-0.0595,0.244
-0.0595,0.2115
-0.0595,0.192
-0.0595,0.175
-0.0595,0.1645
-0.063,0.1645
-0.095,0.1645
-0.083,0.1645
-0.087,0.1565
-0.099,0.1565
-0.107,0.1565
-0.111,0.1445
-0.123,0.1445
-0.131,0.1505
-0.135,0.1445
-0.135,0.1445
-0.143,0.1625
-0.143,0.184
-0.143,0.194
-0.143,0.2025
-0.143,0.2
-0.143,0.2
-0.143,0.2
-0.143,0.2
-0.143,0.2
-0.143,0.2
-0.143,0.2
-0.143,0.2
-0.143,0.2
-0.143,0.2
-0.143,0.2
-0.143,0.2
-0.143,0.2
-0.143,0.2
-0.143,0.2
-0.143,0.2
-0.143,0.2
-0.143,0.192
-0.143,0.192
-0.143,0.184
-0.143,0.184
-0.143,0.184
-0.143,0.172
-0.143,0.168
-0.143,0.1645
-0.143,0.1645
-0.147,0.1565
-0.147,0.1565
-0.147,0.1565
-0.155,0.1565
-0.155,0.1565
-0.155,0.1565
-0.155,0.1565
-0.155,0.1565
-0.155,0.1505
-0.159,0.1445
-0.159,0.1445
-0.159,0.1445
-0.159,0.1445
-0.167,0.1445
-0.171,0.1505
-0.187,0.1445
-0.187,0.1445
-0.195,0.1605
-0.227,0.194
-0.239,0.2195
-0.263,0.272
-0.275,0.2845
-0.279,0.2905
-0.279,0.2905
-0.291,0.2905
-0.303,0.2905
-0.303,0.2905
-0.303,0.2905
-0.311,0.2905
-0.323,0.302
-0.323,0.328
-0.323,0.2905
-0.323,0.2905
-0.323,0.322
-0.323,0.2905
-0.327,0.2905
-0.327,0.2705
-0.335,0.302
-0.335,0.302
-0.335,0.302
-0.339,0.305
-0.339,0.305
-0.339,0.302
-0.339,0.302
-0.339,0.302
-0.339,0.2745
-0.347,0.2665
-0.347,0.286
-0.347,0.3005
-0.347,0.2925
-0.347,0.2865
-0.347,0.267
-0.347,0.2195
-0.347,0.239
-0.347,0.235
-0.351,0.2035
-0.351,0.243
-0.351,0.251
-0.351,0.2115
-0.351,0.2115
-0.351,0.2115
-0.351,0.2115
-0.351,0.251
-0.359,0.231
-0.359,0.231
-0.359,0.192
-0.303,0.2195
-0.275,0.2195
-0.223,0.2115
-0.187,0.2115
-0.183,0.176
-0.135,0.172
-0.1205,0.1375
-0.1205,0.1605
-0.1165,0.1565
-0.1235,0.1445
-0.047,0.129
-0.0355,0.117
-0.079,0.0895
-0.039,0.0815
-0.027,0.0735
-0.047,0.0655
-0.047,0.054
-0.047,0.05
-0.0435,0.046
-0.0435,0.038
-0.0405,0.038
-0.0365,0.027
-0.0285,0.027
-0.0285,0.027
-0.0285,0.027
-0.0285,0.027
-0.0285,0.027
-0.0285,0.027
-0.0285,0.027
-0.0285,0.027
-0.0445,0.027
-0.0195,0.027
-0.023,0.027
-0.071,0.027
-0.123,0.027
-0.147,0.027
-0.147,0.027
-0.147,0.027
-0.147,0.027
-0.147,0.027
-0.147,0.027
-0.147,0.027
-0.147,0.027
-0.147,0.027
-0.115,0.027
-0.147,0.027
-0.147,0.027
-0.147,0.027
-0.147,0.027
-0.147,0.027
-0.147,0.027
-0.147,0.027
-0.127,0.027
-0.111,0.027
-0.103,0.027
-0.103,0.027
-0.103,0.027
-0.103,0.027
-0.103,0.027
-0.103,0.027
-0.115,0.027
-0.151,0.027
-0.163,0.027
-0.171,0.027
-0.171,0.027
-0.171,0.027
-0.171,0.027
-0.171,0.027
-0.171,0.027
-0.171,0.027
-0.171,0.027
-0.171,0.027
-0.171,0.027
-0.195,0.027
-0.195,0.027
-0.203,0.027
-0.207,0.027
-0.227,0.044
-0.231,0.0655
-0.275,0.0795
-0.291,0.0895
-0.331,0.109
-0.339,0.1365
-0.383,0.1565
-0.379,0.172
-0.391,0.172
-0.407,0.192
-0.447,0.192
-0.451,0.192
-0.451,0.2
-0.459,0.2
-0.459,0.2
-0.463,0.2
-0.463,0.2
-0.463,0.2
-0.463,0.2
-0.463,0.2025
-0.475,0.2
-0.483,0.2
-0.483,0.2
-0.483,0.2
-0.483,0.2
-0.483,0.2
-0.483,0.2
-0.483,0.2
-0.483,0.2055
-0.483,0.2
-0.483,0.2
-0.483,0.2
-0.483,0.2
-0.483,0.2
-0.483,0.2
-0.483,0.2
-0.483,0.2
-0.483,0.2
-0.483,0.2
-0.483,0.2
-0.483,0.2
-0.483,0.2
-0.483,0.2
-0.483,0.2055
-0.483,0.2
-0.483,0.2
-0.483,0.2
-0.483,0.2025
-0.483,0.2025
-0.483,0.2
-0.483,0.2
-0.483,0.2
-0.483,0.2
-0.483,0.2
-0.483,0.2
-0.483,0.2
-0.483,0.2
-0.483,0.2
-0.483,0.2
-0.483,0.2
-0.483,0.2055
-0.483,0.2
-0.483,0.2
-0.483,0.2
-0.483,0.2
-0.483,0.2115
-0.483,0.2195
-0.483,0.255
-0.451,0.2825
-0.451,0.2935
-0.451,0.3105
-0.451,0.3105
-0.475,0.3105
-0.479,0.3105
-0.475,0.318
-0.459,0.33
-0.447,0.33
-0.431,0.33
-0.439,0.33
-0.455,0.33
-0.455,0.338
-0.447,0.338
-0.447,0.338
-0.447,0.338
-0.415,0.338
-0.403,0.338
-0.391,0.3105
-0.379,0.266
-0.375,0.246
-0.355,0.2115
-0.343,0.2115
-0.335,0.2115
-0.331,0.2115
-0.331,0.2115
-0.331,0.2115
-0.319,0.2115
-0.307,0.2115
-0.263,0.2115
-0.275,0.2115
-0.259,0.2115
-0.251,0.2
-0.247,0.1645
-0.247,0.1365
-0.239,0.0755
-0.235,0.046
-0.235,0.038
-0.239,0.027
-0.215,0.027
-0.175,0.027
-0.143,0.027
-0.131,0.027
-0.143,0.027
-0.147,0.027
-0.147,0.0655
-0.179,0.1605
-0.187,0.192
-0.183,0.2195
-0.171,0.231
-0.179,0.239
-0.179,0.239
-0.179,0.251
-0.179,0.251
-0.179,0.251
-0.179,0.251
-0.215,0.2035
-0.231,0.176
-0.243,0.105
-0.251,0.091
-0.263,0.0855
-0.271,0.097
-0.299,0.0885
-0.319,0.091
-0.319,0.0855
-0.323,0.097
-0.343,0.097
-0.347,0.105
-0.347,0.105
-0.355,0.085
-0.355,0.0735
-0.355,0.0735
-0.355,0.0735
-0.359,0.0585
-0.367,0.046
-0.383,0.038
-0.407,0.018
-0.407,0.018
-0.407,0.018
-0.407,0.018
-0.383,0.018
-0.275,0.018
-0.259,0.0455
-0.259,0.109
-0.243,0.161
-0.243,0.1925
-0.251,0.236
-0.251,0.2555
-0.231,0.2555
-0.191,0.2555
-0.167,0.2555
-0.159,0.2555
-0.179,0.2555
-0.183,0.2555
-0.191,0.2555
-0.191,0.2555
-0.203,0.2555
-0.219,0.2555
-0.239,0.2555
-0.239,0.2555
-0.243,0.2555
-0.243,0.2635
-0.243,0.236
-0.243,0.1925
-0.243,0.1375
-0.243,0.068
-0.251,0.019
-0.263,0.0
-0.283,0.0
-0.283,0.0
-0.283,0.0
-0.283,0.0
-0.283,0.0
-0.235,0.0
-0.211,0.0
-0.195,0.0
-0.219,0.0
-0.187,0.0
-0.187,0.0
-0.187,0.0465
-0.187,0.0585
-0.187,0.0585
-0.187,0.0585
-0.187,0.0585
-0.187,0.0585
-0.163,0.0585
-0.147,0.0585
-0.147,0.0585
-0.139,0.0585
-0.139,0.0585
-0.135,0.0585
-0.135,0.0585
-0.139,0.0585
-0.127,0.027
-0.127,0.027
-0.139,0.027
-0.123,0.027
-0.135,0.027
-0.135,0.027
-0.127,0.027
-0.163,0.027
-0.175,0.027
-0.183,0.027
-0.183,0.027
-0.183,0.027
-0.183,0.027
-0.175,0.027
-0.175,0.027
-0.183,0.027
-0.175,0.027
-0.183,0.027
-0.183,0.027
-0.183,0.027
-0.183,0.027
-0.163,0.027
-0.171,0.027
-0.131,0.027
-0.119,0.027
-0.111,0.027
-0.107,0.027
-0.119,0.027
-0.119,0.027
-0.119,0.027
-0.107,0.027
-0.107,0.027
-0.107,0.027
-0.107,0.027
-0.107,0.027
-0.107,0.027
-0.119,0.027
-0.147,0.027
-0.147,0.038
-0.167,0.0655
-0.167,0.107
-0.167,0.1535
-0.167,0.1645
-0.163,0.172
-0.163,0.172
-0.163,0.172
-0.175,0.172
-0.175,0.172
-0.163,0.172
-0.167,0.172
-0.175,0.172
-0.175,0.172
-0.175,0.172
-0.175,0.172
-0.175,0.172
-0.163,0.172
-0.163,0.172
-0.163,0.172
-0.175,0.172
-0.175,0.172
-0.175,0.172
-0.175,0.172
-0.175,0.172
-0.175,0.172
-0.175,0.172
-0.175,0.172
-0.175,0.172
-0.175,0.172
-0.175,0.172
-0.175,0.172
-0.175,0.172
-0.175,0.172
-0.175,0.172
-0.175,0.172
-0.175,0.172
-0.175,0.172
-0.175,0.172
-0.179,0.172
-0.179,0.172
-0.179,0.172
-0.179,0.172
-0.179,0.172
-0.179,0.1565
-0.179,0.1565
-0.179,0.1565
-0.187,0.1445
-0.187,0.1445
-0.187,0.1445
-0.187,0.1445
-0.187,0.1445
-0.187,0.1445
-0.187,0.1445
-0.187,0.1445
-0.187,0.1445
-0.187,0.1445
-0.187,0.1445
-0.187,0.1445
-0.179,0.1445
-0.179,0.1445
-0.179,0.1445
-0.179,0.1445
-0.179,0.1445
-0.179,0.1445
-0.179,0.1445
-0.179,0.1445
-0.179,0.1445
-0.179,0.1445
-0.179,0.1445
-0.179,0.1445
-0.179,0.1445
-0.179,0.1445
-0.179,0.1505
-0.179,0.1475
-0.179,0.1445
-0.179,0.1445
-0.179,0.1445
-0.179,0.1445
-0.179,0.1445
-0.179,0.1445
-0.179,0.1445
-0.179,0.1445
-0.179,0.1445
-0.179,0.1445
-0.179,0.1445
-0.179,0.1445
-0.179,0.1445
-0.179,0.1445
-0.179,0.1445
-0.179,0.1445
-0.179,0.1445
-0.179,0.1445
-0.179,0.1445
-0.179,0.1445
-0.179,0.1445
-0.179,0.1445
-0.179,0.1475
-0.179,0.1445
-0.179,0.1445
-0.179,0.1445
-0.179,0.1445
-0.179,0.1445
-0.179,0.1445
-0.179,0.1445
-0.179,0.1445
-0.179,0.1445
-0.179,0.176
-0.179,0.176
-0.179,0.176
-0.179,0.176
-0.179,0.176
-0.179,0.176
-0.179,0.176
-0.179,0.176
-0.179,0.176
-0.179,0.176
-0.179,0.176
-0.179,0.176
-0.179,0.176
-0.179,0.176
-0.179,0.176
-0.179,0.176
-0.179,0.176
-0.179,0.188
-0.179,0.176
-0.179,0.179
-0.179,0.176
-0.179,0.176
-0.179,0.176
-0.179,0.176
-0.179,0.176
-0.179,0.176
-0.179,0.176
-0.179,0.176
-0.179,0.176
-0.179,0.176
-0.179,0.176
-0.179,0.176
-0.179,0.176
-0.167,0.176
-0.167,0.176
-0.167,0.176
-0.167,0.176
-0.167,0.176
-0.167,0.182
-0.167,0.176
-0.167,0.176
-0.167,0.176
-0.167,0.176
-0.167,0.176
-0.167,0.179
-0.167,0.176
-0.167,0.176
-0.159,0.176
-0.159,0.176
-0.159,0.176
-0.159,0.176
-0.159,0.176
-0.159,0.176
-0.159,0.176
-0.171,0.176
-0.159,0.176
-0.147,0.176
-0.147,0.176
-0.139,0.168
-0.127,0.168
-0.139,0.168
-0.127,0.168
-0.115,0.168
-0.115,0.168
-0.115,0.168
-0.115,0.168
-0.115,0.168
-0.115,0.168
-0.115,0.168
-0.115,0.168
-0.115,0.168
-0.115,0.168
-0.147,0.168
-0.147,0.168
-0.147,0.168
-0.155,0.168
-0.143,0.168
-0.143,0.168
-0.155,0.168
-0.155,0.168
-0.143,0.168
-0.143,0.168
-0.143,0.168
-0.143,0.168
-0.143,0.168
-0.143,0.168
-0.143,0.168
-0.143,0.168
-0.143,0.168
-0.143,0.168
-0.143,0.168
-0.143,0.168
-0.143,0.168
-0.143,0.168
-0.143,0.168
-0.143,0.168
-0.143,0.168
-0.143,0.168
-0.143,0.168
-0.143,0.1285
-0.143,0.1285
-0.143,0.1165
-0.143,0.1095
-0.143,0.1095
-0.143,0.1095
-0.143,0.148
-0.143,0.148
-0.143,0.148
-0.155,0.148
-0.159,0.148
-0.147,0.148
-0.147,0.148
-0.147,0.148
-0.147,0.1165
-0.147,0.1165
-0.147,0.148
-0.147,0.148
-0.147,0.148
-0.147,0.148
-0.147,0.148
-0.147,0.148
-0.147,0.148
-0.147,0.148
-0.147,0.148
-0.147,0.148
-0.143,0.148
-0.135,0.148
-0.131,0.148
-0.135,0.148
-0.131,0.148
-0.143,0.148
-0.143,0.148
-0.143,0.148
-0.143,0.148
-0.151,0.168
-0.159,0.176
-0.195,0.1835
-0.239,0.1975
-0.247,0.2115
-0.263,0.214
-0.283,0.223
-0.283,0.231
-0.283,0.231
-0.295,0.247
-0.307,0.2585
-0.307,0.2605
-0.319,0.2665
-0.327,0.2665
-0.327,0.2665
-0.327,0.2745
-0.343,0.286
-0.351,0.286
-0.355,0.29
-0.355,0.314
-0.355,0.322
-0.355,0.3295
-0.355,0.3415
-0.355,0.3415
-0.355,0.3495
-0.355,0.3495
-0.355,0.3495
-0.355,0.3575
-0.355,0.3575
-0.363,0.3575
-0.351,0.3575
-0.367,0.363
-0.375,0.3575
-0.375,0.3575
-0.375,0.3575
-0.375,0.363
-0.375,0.3575
-0.375,0.3575
-0.375,0.36
-0.375,0.3575
-0.375,0.3575
-0.375,0.3575
-0.375,0.36
-0.375,0.3415
-0.375,0.3295
-0.375,0.322
-0.375,0.314
-0.375,0.302
-0.375,0.302
-0.375,0.294
-0.375,0.2545
-0.375,0.243
-0.375,0.2185
-0.375,0.1995
-0.375,0.1885
-0.375,0.172
-0.375,0.1365
-0.375,0.1225
-0.375,0.0615
-0.375,0.0355
-0.375,0.027
-0.375,0.019
-0.375,0.046
-0.375,0.038
-0.375,0.038
-0.375,0.038
-0.375,0.027
-0.375,0.027
-0.363,0.027
-0.363,0.027
-0.387,0.027
-0.375,0.035
-0.375,0.027
-0.375,0.027
-0.375,0.027
-0.387,0.027
-0.379,0.027
-0.379,0.027
-0.391,0.027
-0.411,0.027
-0.415,0.027
-0.415,0.027
-0.423,0.035
-0.423,0.027
-0.423,0.027
-0.423,0.027
-0.423,0.027
-0.423,0.027
-0.423,0.027
-0.423,0.032
-0.423,0.046
-0.411,0.054
-0.339,0.0655
-0.295,0.0815
-0.243,0.109
-0.191,0.123
-0.191,0.1305
-0.179,0.1365
-0.179,0.1175
-0.179,0.1175
-0.183,0.1175
-0.171,0.1175
-0.167,0.1175
-0.167,0.1295
-0.167,0.1295
-0.167,0.1295
-0.167,0.1295
-0.167,0.1295
-0.167,0.1295
-0.167,0.1295
-0.167,0.1295
-0.167,0.1295
-0.167,0.1295
-0.167,0.1295
-0.167,0.1295
-0.167,0.1295
-0.167,0.1295
-0.167,0.168
-0.167,0.168
-0.167,0.1365
-0.167,0.1365
-0.167,0.1365
-0.167,0.1365
-0.167,0.1365
-0.167,0.1365
-0.179,0.1365
-0.179,0.1365
-0.179,0.168
-0.179,0.168
-0.179,0.168
-0.179,0.1365
-0.179,0.1295
-0.179,0.1565
-0.179,0.1565
-0.179,0.1425
-0.179,0.103
-0.179,0.0775
-0.179,0.0655
-0.179,0.0655
-0.179,0.0655
-0.179,0.0655
-0.179,0.0655
-0.179,0.0655
-0.179,0.0655
-0.179,0.0655
-0.179,0.0655
-0.179,0.0655
-0.179,0.0655
-0.167,0.0655
-0.167,0.0655
-0.159,0.0655
-0.155,0.0655
-0.143,0.0385
-0.159,0.0385
-0.147,0.0385
-0.159,0.0385
-0.147,0.0385
-0.147,0.0385
-0.147,0.0385
-0.147,0.0385
-0.147,0.0385
-0.147,0.0385
-0.147,0.0385
-0.147,0.0385
-0.147,0.0385
-0.147,0.0385
-0.143,0.0385
-0.155,0.0385
-0.143,0.0385
-0.143,0.0385
-0.143,0.0385
-0.143,0.0385
-0.143,0.0655
-0.143,0.0655
-0.131,0.0385
-0.143,0.0385
-0.143,0.0385
-0.131,0.0655
-0.135,0.0655
-0.135,0.0655
-0.123,0.0655
-0.123,0.0655
-0.123,0.0655
-0.131,0.0655
-0.119,0.0655
-0.119,0.0655
-0.119,0.0655
-0.119,0.0655
-0.119,0.0655
-0.119,0.0655
-0.119,0.0655
-0.119,0.0655
-0.119,0.0655
-0.119,0.0655
-0.119,0.0655
-0.119,0.0655
-0.119,0.0655
-0.119,0.0655
-0.119,0.0655
-0.119,0.0655
-0.119,0.0655
-0.119,0.0655
-0.119,0.0875
-0.119,0.1305
-0.111,0.1445
-0.079,0.1445
-0.079,0.1505
-0.071,0.1445
-0.063,0.1445
-0.063,0.1445
-0.103,0.1445
-0.151,0.1445
-0.131,0.1505
-0.163,0.1445
-0.115,0.1445
-0.0955,0.1445
-0.139,0.1445
-0.0955,0.1445
-0.0955,0.1445
-0.0955,0.1445
-0.131,0.1445
-0.099,0.1445
-0.0955,0.1445
-0.0955,0.1445
-0.0955,0.1445
-0.0955,0.1445
-0.0955,0.1445
-0.0955,0.1445
-0.0955,0.1445
-0.0955,0.1445
-0.0955,0.1445
-0.0955,0.1175
-0.1075,0.1175
-0.1075,0.1175
-0.1195,0.1175
-0.1195,0.1175
-0.1195,0.1175
-0.1075,0.1175
-0.1075,0.1175
-0.1075,0.1175
-0.1075,0.1175
-0.1075,0.1175
-0.1195,0.1175
-0.1275,0.1175
-0.1275,0.1175
-0.1275,0.1175
-0.1275,0.1175
-0.1275,0.1175
-0.1275,0.1175
-0.1275,0.1175
-0.1275,0.1445
-0.1275,0.1445
-0.1275,0.1475
-0.1275,0.1445
-0.1275,0.1445
-0.1275,0.1445
-0.1315,0.1445
-0.1315,0.1445
-0.1315,0.1445
-0.1315,0.164
-0.1395,0.176
-0.1635,0.176
-0.2035,0.176
-0.2035,0.176
-0.2035,0.176
-0.2115,0.188
-0.2235,0.2315
-0.2475,0.2865
-0.3075,0.336
-0.3395,0.3655
-0.3675,0.393
-0.3915,0.4245
-0.4035,0.464
-0.4035,0.484
-0.4275,0.5155
-0.4355,0.697
-0.4355,0.7245
-0.4355,0.712
-0.4355,0.665
-0.4355,0.6335
-0.4355,0.6965
-0.4355,0.693
-0.4355,0.7245
-0.4235,0.744
-0.4235,0.732
-0.483,0.6535
-0.499,0.7045
-0.499,0.764
-0.507,0.7715
-0.507,0.6415
-0.507,0.6415
-0.507,0.681
-0.507,0.6535
-0.507,0.681
-0.507,0.693
-0.507,0.6415
-0.507,0.622
-0.507,0.602
-0.507,0.602
-0.507,0.5115
-0.507,0.5115
-0.507,0.5115
-0.495,0.5035
-0.475,0.5035
-0.459,0.5035
-0.447,0.5035
-0.435,0.5035
-0.415,0.5035
-0.415,0.5035
-0.415,0.5035
-0.411,0.5035
-0.403,0.5035
-0.415,0.5035
-0.415,0.531
-0.415,0.531
-0.403,0.531
-0.415,0.531
-0.403,0.5825
-0.399,0.602
-0.391,0.5625
-0.383,0.594
-0.367,0.594
-0.355,0.5705
-0.331,0.5585
-0.335,0.521
-0.331,0.4675
-0.331,0.488
-0.331,0.488
-0.311,0.468
-0.307,0.464
-0.307,0.46
-0.299,0.4405
-0.299,0.421
-0.299,0.413
-0.299,0.405
-0.299,0.397
-0.307,0.397
-0.307,0.3575
-0.287,0.389
-0.299,0.4005
-0.287,0.3695
-0.295,0.334
-0.287,0.31
-0.275,0.31
-0.251,0.31
-0.235,0.31
-0.227,0.294
-0.235,0.2825
-0.227,0.2825
-0.215,0.2765
-0.215,0.2665
-0.215,0.255
-0.235,0.239
-0.215,0.239
-0.211,0.239
-0.195,0.239
-0.183,0.231
-0.191,0.231
-0.179,0.2115
-0.179,0.2055
-0.159,0.184
-0.147,0.176
-0.143,0.162
-0.143,0.1365
-0.143,0.1205
-0.143,0.101
-0.143,0.093
-0.143,0.085
-0.147,0.079
-0.155,0.0655
-0.131,0.0575
-0.131,0.0575
-0.123,0.0465
-0.111,0.0465
-0.111,0.0465
-0.107,0.0465
-0.095,0.0465
-0.0835,0.0465
-0.0835,0.0465
-0.087,0.0465
-0.087,0.0465
-0.0835,0.0465
-0.0835,0.0465
-0.0835,0.0465
-0.0765,0.0465
-0.029,0.0465
-0.021,0.0465
0.038,0.0465
0.0815,0.089
0.109,0.1265
0.0895,0.16
0.1055,0.1895
0.1255,0.2155
0.0895,0.243
0.1375,0.2725
0.1295,0.2745
0.0975,0.2665
0.1295,0.2665
0.1055,0.2665
0.1295,0.2745
0.141,0.2745
0.1375,0.2745
0.1375,0.2745
0.102,0.2745
0.1375,0.2745
0.102,0.2745
0.094,0.233
0.1375,0.259
0.1375,0.223
0.1095,0.223
0.0895,0.2115
0.0695,0.2115
0.0695,0.2115
0.0975,0.217
0.0975,0.2075
0.1055,0.2035
0.1055,0.2035
0.1055,0.2035
0.1055,0.2035
0.133,0.2035
0.149,0.2035
0.1805,0.2035
0.2005,0.2035
0.1605,0.235
0.133,0.2805
0.2005,0.302
0.239,0.308
0.2005,0.302
0.239,0.302
0.239,0.302
0.294,0.302
0.259,0.302
0.247,0.302
0.247,0.305
0.2395,0.305
0.2395,0.302
0.2315,0.302
0.2315,0.302
0.2155,0.294
0.18,0.29
0.1405,0.231
0.129,0.2115
0.113,0.1345
0.101,0.089
0.0935,0.0465
0.101,0.0385
0.014,0.0385
0.0,0.0385
0.0075,0.0385
-0.0035,0.0385
-0.0005,0.0385
-0.0035,0.0385
-0.0035,0.0385
-0.0035,0.0385
-0.0035,0.0385
-0.0035,0.0385
-0.0035,0.0275
-0.0035,-0.003
-0.0035,-0.019
-0.0035,-0.0545
-0.0035,-0.0745
-0.0035,-0.0945
-0.0035,-0.106
-0.0035,-0.108
-0.0035,-0.114
-0.0035,-0.114
-0.0035,-0.114
-0.0035,-0.114
-0.0035,-0.114
-0.0035,-0.114
-0.0035,-0.114
-0.0035,-0.114
-0.0035,-0.114
-0.0035,-0.114
-0.0035,-0.114
-0.0035,-0.114
-0.0035,-0.114
-0.0035,-0.114
-0.0035,-0.114
-0.0035,-0.114
-0.0035,-0.114
-0.007,-0.114
-0.0035,-0.114
-0.0035,-0.114
-0.0035,-0.114
-0.0035,-0.114
-0.0035,-0.114
-0.0035,-0.114
-0.0035,-0.114
-0.007,-0.114
-0.015,-0.114
-0.007,-0.114
-0.007,-0.114
-0.027,-0.114
-0.031,-0.114
-0.031,-0.114
-0.031,-0.114
-0.043,-0.114
-0.039,-0.114
-0.039,-0.114
-0.039,-0.114
-0.051,-0.114
-0.039,-0.114
-0.039,-0.114
-0.039,-0.114
-0.039,-0.114
-0.039,-0.114
-0.039,-0.114
-0.039,-0.114
-0.039,-0.114
-0.039,-0.126
-0.039,-0.126
-0.039,-0.134
-0.039,-0.134
-0.039,-0.134
-0.039,-0.134
-0.039,-0.1425
-0.039,-0.1455
-0.039,-0.1455
-0.039,-0.1455
-0.039,-0.1455
-0.039,-0.1455
-0.039,-0.1455
-0.039,-0.1455
-0.039,-0.1455
-0.039,-0.1455
-0.039,-0.106
-0.039,-0.0465
-0.039,-0.0745
-0.039,-0.035
-0.063,-0.015
-0.095,-0.015
-0.063,-0.007
-0.087,-0.007
-0.111,-0.0665
-0.111,-0.0665
-0.111,-0.0665
-0.111,0.0165
-0.103,-0.0385
-0.087,-0.007
-0.103,-0.007
-0.103,0.0245
-0.103,0.0245
-0.115,0.0365
-0.115,0.0365
-0.119,0.0365
-0.131,0.0365
-0.115,0.0365
-0.115,0.0365
-0.131,0.0365
-0.131,0.0365
-0.131,0.0365
-0.131,0.005
-0.131,-0.015
-0.131,-0.0545
-0.131,-0.0545
-0.131,-0.066
-0.131,-0.066
-0.131,-0.074
-0.131,-0.074
-0.131,-0.074
-0.131,-0.074
-0.131,-0.074
-0.131,-0.074
-0.131,-0.074
-0.131,-0.074
-0.131,-0.074
-0.131,-0.074
-0.131,-0.074
-0.131,-0.074
-0.131,-0.074
-0.131,-0.074
-0.131,-0.074
-0.131,-0.074
-0.131,-0.074
-0.131,-0.074
-0.131,-0.074
-0.131,-0.074
-0.131,-0.074
-0.131,-0.074
-0.131,-0.074
-0.139,-0.074
-0.139,-0.074
-0.139,-0.074
-0.139,-0.074
-0.139,-0.074
-0.139,-0.074
-0.139,-0.074
-0.139,-0.074
-0.139,-0.074
-0.139,-0.074
-0.139,-0.074
-0.139,-0.074
-0.139,-0.074
-0.139,-0.074
-0.139,-0.074
-0.139,-0.071
-0.139,-0.074
-0.139,-0.074
-0.139,-0.074
-0.139,-0.074
-0.139,-0.074
-0.139,-0.074
-0.139,-0.0465
-0.139,-0.0465
-0.139,-0.0465
-0.139,-0.0465
-0.139,-0.0465
-0.139,-0.0465
-0.139,-0.0465
-0.139,-0.0465
-0.139,-0.0465
-0.139,-0.0465
-0.139,-0.0465
-0.139,-0.0465
-0.139,-0.0465
-0.139,-0.0465
-0.139,-0.0465
-0.139,-0.0465
-0.139,-0.0465
-0.139,-0.0465
-0.139,-0.0465
-0.139,-0.0465
-0.139,-0.0465
-0.139,-0.0465
-0.139,-0.0465
-0.139,-0.0465
-0.139,-0.0465
-0.139,-0.0465
-0.139,-0.0465
-0.139,-0.0465
-0.139,-0.0465
-0.139,-0.0465
-0.139,-0.0465
-0.139,-0.0465
-0.139,-0.0465
-0.139,-0.0465
-0.139,-0.0465
-0.139,-0.0465
-0.139,-0.0465
-0.139,-0.0465
-0.139,-0.0465
-0.139,-0.0465
-0.139,-0.0465
-0.139,-0.0465
-0.139,-0.0465
-0.139,-0.0465
-0.139,-0.0465
-0.139,-0.0465
-0.139,-0.0465
-0.139,-0.0405
-0.139,-0.0465
-0.139,-0.0465
-0.139,-0.0465
-0.139,-0.0465
-0.139,-0.0465
-0.139,-0.0465
-0.139,-0.0465
-0.139,-0.0585
-0.139,-0.0665
-0.139,-0.0665
-0.139,-0.0665
-0.139,-0.0665
-0.139,-0.0785
-0.139,-0.0865
-0.139,-0.106
-0.139,-0.106
-0.139,-0.106
-0.139,-0.118
-0.139,-0.126
-0.139,-0.1375
-0.139,-0.1455
-0.139,-0.1485
-0.139,-0.1455
-0.139,-0.1545
-0.139,-0.1575
-0.139,-0.1575
-0.139,-0.1575
-0.139,-0.1575
-0.139,-0.1575
-0.139,-0.1575
-0.139,-0.1575
-0.139,-0.1695
-0.139,-0.1575
-0.139,-0.1605
-0.139,-0.1695
-0.139,-0.1695
-0.139,-0.1695
-0.139,-0.1695
-0.139,-0.1695
-0.139,-0.1695
-0.139,-0.1695
-0.143,-0.1695
-0.143,-0.1695
-0.143,-0.1695
-0.143,-0.1695
-0.143,-0.1695
-0.143,-0.1695
-0.143,-0.1695
-0.143,-0.1695
-0.143,-0.1695
-0.151,-0.1695
-0.151,-0.1695
-0.151,-0.1695
-0.155,-0.1695
-0.155,-0.1695
-0.163,-0.0785
-0.163,0.0315
-0.163,0.0465
-0.167,0.097
-0.167,0.1205
-0.167,0.1365
-0.167,0.129
-0.179,0.1365
-0.179,0.1445
-0.187,0.179
-0.175,0.188
-0.187,0.188
-0.195,0.188
-0.195,0.188
-0.195,0.188
-0.199,0.196
-0.199,0.196
-0.199,0.204
-0.199,0.204
-0.211,0.176
-0.219,0.1645
-0.219,0.1645
-0.219,0.1645
-0.219,0.1645
-0.219,0.1645
-0.223,0.1645
-0.243,0.1645
-0.247,0.1645
-0.247,0.1645
-0.247,0.1645
-0.247,0.1645
-0.247,0.1645
-0.247,0.1645
-0.255,0.1645
-0.259,0.1645
-0.267,0.1645
-0.271,0.172
-0.279,0.184
-0.279,0.186
-0.279,0.192
-0.267,0.192
-0.267,0.192
-0.235,0.192
-0.235,0.192
-0.227,0.192
-0.259,0.192
-0.259,0.192
-0.259,0.192
-0.271,0.192
-0.275,0.192
-0.275,0.192
-0.287,0.192
-0.299,0.2
-0.319,0.2315
-0.343,0.255
-0.379,0.263
-0.379,0.2745
-0.339,0.2905
-0.339,0.2905
-0.331,0.2905
-0.331,0.2905
-0.379,0.322
-0.379,0.3615
-0.387,0.373
-0.387,0.3415
-0.387,0.376
-0.387,0.401
-0.387,0.4125
-0.387,0.4125
-0.387,0.4125
-0.387,0.381
-0.387,0.393
-0.387,0.4125
-0.387,0.4125
-0.387,0.4125
-0.387,0.3965
-0.387,0.385
-0.387,0.369
-0.387,0.3415
-0.387,0.306
-0.387,0.2395
-0.387,0.1955
-0.387,0.1645
-0.387,0.1565
-0.387,0.1565
-0.387,0.1565
-0.387,0.1565
-0.387,0.1565
-0.387,0.1565
-0.387,0.1565
-0.387,0.1565
-0.387,0.1565
-0.387,0.1565
-0.387,0.1565
-0.387,0.1565
-0.387,0.1565
-0.387,0.1565
-0.387,0.1565
-0.387,0.1565
-0.387,0.1565
-0.387,0.1565
-0.387,0.1565
-0.387,0.1565
-0.387,0.1565
-0.387,0.1565
-0.387,0.1565
-0.387,0.1565
-0.387,0.1565
-0.387,0.1565
-0.387,0.1565
-0.387,0.1565
-0.387,0.1565
-0.387,0.1565
-0.387,0.1565
-0.387,0.1565
-0.387,0.1565
-0.387,0.1565
-0.387,0.1565
-0.391,0.1565
-0.391,0.1565
-0.391,0.1565
-0.391,0.1565
-0.391,0.1565
-0.359,0.1565
-0.359,0.1565
-0.359,0.1565
-0.359,0.1565
-0.359,0.1565
-0.359,0.1565
-0.359,0.1565
-0.359,0.1565
-0.359,0.1565
-0.359,0.1565
-0.359,0.1565
-0.359,0.1565
-0.359,0.1565
-0.359,0.1565
-0.347,0.1565
-0.359,0.1565
-0.359,0.1565
-0.359,0.184
-0.359,0.1565
-0.359,0.1565
-0.359,0.184
-0.359,0.184
-0.375,0.174
-0.391,0.198
-0.435,0.243
-0.435,0.2195
-0.435,0.2195
-0.447,0.2805
-0.451,0.2585
-0.451,0.2665
-0.507,0.2745
-0.531,0.2825
-0.539,0.3025
-0.507,0.31
-0.507,0.3375
-0.507,0.3615
-0.507,0.322
-0.507,0.417
-0.507,0.417
-0.507,0.4285
-0.507,0.405
-0.499,0.4365
-0.499,0.4085
-0.507,0.4165
-0.507,0.4245
-0.507,0.397
-0.507,0.4325
-0.507,0.476
-0.523,0.492
-0.523,0.492
-0.523,0.5035
-0.523,0.515
-0.523,0.523
-0.523,0.4955
-0.523,0.5645
-0.531,0.4795
-0.531,0.531
-0.531,0.531
-0.531,0.539
-0.531,0.539
-0.531,0.539
-0.531,0.539
-0.535,0.539
-0.571,0.539
-0.6075,0.5645
-0.6075,0.5785
-0.6075,0.586
-0.6075,0.594
-0.6075,0.61
-0.6075,0.6215
-0.6075,0.6215
-0.6075,0.6415
-0.6075,0.6415
-0.6075,0.6415
-0.6075,0.6415
-0.6555,0.6415
-0.6555,0.6415
-0.6555,0.6415
-0.6555,0.6415
-0.6555,0.6415
-0.6795,0.6415
-0.7035,0.6415
-0.7115,0.6415
-0.7115,0.6415
-0.7115,0.6415
-0.7115,0.6415
-0.6795,0.6415
-0.6795,0.6495
-0.6715,0.6495
-0.6715,0.657
-0.7035,0.657
-0.7035,0.657
-0.7035,0.657
-0.7035,0.657
-0.6715,0.657
-0.6715,0.657
-0.6955,0.657
-0.7035,0.657
-0.7035,0.657
-0.7035,0.657
-0.7035,0.657
-0.7035,0.657
-0.7035,0.657
-0.7035,0.657
-0.6635,0.657
-0.6635,0.657
-0.6635,0.657
-0.6635,0.657
-0.6635,0.657
-0.6635,0.657
-0.6635,0.657
-0.6635,0.657
-0.6635,0.657
-0.6635,0.657
-0.6635,0.657
-0.6635,0.657
-0.6955,0.657
-0.6955,0.657
-0.6955,0.657
-0.6955,0.657
-0.6955,0.669
-0.6955,0.6095
-0.6955,0.6095
-0.6955,0.6175
-0.6955,0.586
-0.6955,0.6175
-0.6955,0.598
-0.6955,0.578
-0.6955,0.5385
-0.6955,0.519
-0.6955,0.5465
-0.6955,0.578
-0.6955,0.586
-0.6955,0.586
-0.6955,0.5585
-0.6955,0.5585
-0.6955,0.598
-0.6955,0.6375
-0.6955,0.657
-0.6955,0.657
-0.6955,0.657
-0.6955,0.669
-0.6955,0.6765
-0.6955,0.732
-0.6635,0.744
-0.6635,0.756
-0.6635,0.736
-0.6635,0.7635
-0.6635,0.7635
-0.6635,0.7515
-0.6635,0.724
-0.6635,0.803
-0.6635,0.7515
-0.6635,0.7635
-0.6635,0.7835
-0.6635,0.807
-0.6955,0.795
-0.7035,0.7865
-0.7115,0.795
-0.7115,0.801
-0.7115,0.7895
-0.7115,0.7515
-0.7115,0.7715
-0.7115,0.724
-0.7115,0.744
-0.7115,0.806
-0.7115,0.7715
-0.7115,0.7635
-0.7115,0.795
-0.7115,0.795
-0.7115,0.795
-0.7115,0.795
-0.7115,0.798
-0.7115,0.795
-0.7115,0.795
-0.7115,0.795
-0.7115,0.798
-0.7115,0.7875
-0.7115,0.7875
-0.7115,0.7675
-0.7115,0.724
-0.7115,0.7125
-0.7115,0.677
-0.7115,0.661
-0.7115,0.6415
-0.7115,0.6215
-0.7115,0.6155
-0.7115,0.606
-0.7115,0.594
-0.7115,0.5665
-0.7115,0.5665
-0.7115,0.523
-0.7115,0.523
-0.7115,0.515
-0.695,0.4955
-0.683,0.4935
-0.671,0.4755
-0.663,0.468
-0.663,0.468
-0.663,0.46
-0.659,0.448
-0.659,0.448
-0.651,0.44
-0.647,0.4325
-0.627,0.4325
-0.603,0.418
-0.599,0.3495
-0.587,0.2645
-0.563,0.2905
-0.543,0.2585
-0.495,0.31
-0.483,0.322
-0.447,0.314
-0.435,0.314
-0.427,0.294
-0.435,0.237
-0.439,0.243
-0.427,0.2115
-0.423,0.286
-0.423,0.2155
-0.423,0.231
-0.415,0.231
-0.415,0.22
-0.411,0.228
-0.411,0.2475
-0.391,0.2595
-0.379,0.1885
-0.367,0.157
-0.363,0.1885
-0.351,0.1965
-0.319,0.1965
-0.319,0.1965
-0.323,0.169
-0.319,0.169
-0.311,0.1765
-0.319,0.2085
-0.311,0.1765
-0.295,0.1885
-0.299,0.1885
-0.295,0.1885
-0.295,0.1375
-0.283,0.086
-0.295,0.1295
-0.283,0.1375
-0.287,0.0665
-0.275,0.1295
-0.275,0.1295
-0.271,0.098
-0.271,0.098
-0.263,0.1175
-0.271,0.1175
-0.259,0.1175
-0.259,0.1175
-0.251,0.1175
-0.251,0.1175
-0.247,0.086
-0.247,0.086
-0.259,0.086
-0.247,0.086
-0.247,0.086
-0.247,0.086
-0.199,0.086
-0.199,0.086
-0.199,0.078
-0.167,0.086
-0.159,0.0465
-0.103,0.007
-0.087,0.0385
-0.119,0.1175
-0.087,0.078
-0.095,0.027
-0.095,0.007
-0.095,0.007
-0.127,0.007
-0.127,0.007
-0.127,0.007
-0.127,0.007
-0.127,0.007
-0.127,0.007
-0.131,0.007
-0.143,0.007
-0.143,0.007
-0.151,0.007
-0.163,0.007
-0.163,0.007
-0.167,0.007
-0.167,0.007
-0.167,0.007
-0.167,0.007
-0.167,0.007
-0.163,0.007
-0.175,0.007
-0.175,0.0665
-0.175,0.1295
-0.175,0.1485
-0.175,0.1525
-0.175,0.168
-0.175,0.176
-0.175,0.184
-0.175,0.2035
-0.175,0.2195
-0.175,0.2315
-0.175,0.2075
-0.175,0.1955
-0.175,0.1955
-0.175,0.1955
-0.175,0.1955
-0.175,0.1955
-0.175,0.1955
-0.175,0.1955
-0.179,0.1955
-0.179,0.1955
-0.191,0.1955
-0.191,0.1955
-0.203,0.1955
-0.203,0.1955
-0.203,0.1955
-0.203,0.1955
-0.203,0.227
-0.171,0.227
-0.155,0.239
-0.187,0.239
-0.187,0.239
-0.155,0.239
-0.155,0.239
-0.155,0.247
-0.155,0.247
-0.155,0.247
-0.155,0.247
-0.155,0.2585
-0.155,0.2665
-0.155,0.286
-0.155,0.286
-0.155,0.286
-0.155,0.286
-0.155,0.286
-0.155,0.286
-0.155,0.247
-0.155,0.247
-0.155,0.227
-0.155,0.227
-0.155,0.227
-0.155,0.227
-0.155,0.227
-0.155,0.227
-0.155,0.227
-0.155,0.227
-0.155,0.227
-0.155,0.227
-0.155,0.286
-0.155,0.286
-0.155,0.286
-0.155,0.286
-0.155,0.247
-0.155,0.227
-0.155,0.227
-0.155,0.227
-0.155,0.227
-0.155,0.227
-0.143,0.227
-0.143,0.227
-0.143,0.227
-0.143,0.227
-0.143,0.227
-0.143,0.2585
-0.143,0.227
-0.143,0.227
-0.143,0.227
-0.143,0.227
-0.143,0.227
-0.143,0.227
-0.143,0.227
-0.143,0.227
-0.143,0.227
-0.143,0.227
-0.143,0.227
-0.143,0.227
-0.143,0.227
-0.143,0.227
-0.143,0.227
-0.143,0.227
-0.143,0.227
-0.143,0.227
-0.143,0.227
-0.143,0.227
-0.143,0.227
-0.143,0.227
-0.143,0.227
-0.143,0.2585
-0.143,0.2585
-0.143,0.2585
-0.143,0.227
-0.143,0.227
-0.143,0.227
-0.143,0.227
-0.143,0.227
-0.143,0.227
-0.143,0.227
-0.143,0.227
-0.191,0.227
-0.191,0.227
-0.191,0.227
-0.199,0.227
-0.199,0.227
-0.199,0.227
-0.199,0.227
-0.199,0.227
-0.199,0.227
-0.199,0.227
-0.199,0.227
-0.199,0.219
-0.199,0.2075
-0.199,0.1955
-0.195,0.1955
-0.195,0.1955
-0.195,0.1955
-0.195,0.1955
-0.195,0.1955
-0.195,0.1955
-0.155,0.176
-0.155,0.176
-0.147,0.16
-0.139,0.1285
-0.139,0.1205
-0.139,0.1205
-0.139,0.1205
-0.139,0.1125
-0.139,0.1125
-0.139,0.1125
-0.139,0.101
-0.139,0.101
-0.119,0.1325
-0.131,0.152
-0.115,0.1205
-0.107,0.1125
-0.127,0.1125
-0.115,0.101
-0.119,0.1325
-0.095,0.1405
-0.095,0.16
-0.103,0.16
-0.083,0.1465
-0.083,0.1405
-0.083,0.1245
-0.083,0.184
-0.079,0.1365
-0.079,0.109
-0.079,0.038
-0.079,0.019
-0.079,0.019
-0.067,0.019
-0.079,0.019
-0.079,0.019
-0.059,0.019
-0.059,0.019
-0.059,0.019
-0.059,0.019
-0.059,0.005
-0.071,-0.0345
-0.071,-0.0425
-0.071,-0.0625
-0.071,-0.086
-0.071,-0.094
-0.071,-0.112
-0.071,-0.1295
-0.071,-0.1335
-0.071,-0.1335
-0.119,-0.1475
-0.143,-0.1535
-0.143,-0.165
-0.143,-0.173
-0.159,-0.173
-0.159,-0.173
-0.119,-0.191
-0.159,-0.197
-0.151,-0.205
-0.151,-0.2165
-0.111,-0.2245
-0.103,-0.2245
-0.103,-0.2365
-0.103,-0.2365
-0.103,-0.2365
-0.103,-0.2365
-0.103,-0.2365
-0.103,-0.2365
-0.103,-0.2365
-0.103,-0.2365
-0.103,-0.2365
-0.103,-0.2365
-0.091,-0.2365
-0.091,-0.2365
-0.091,-0.2445
-0.091,-0.2445
-0.091,-0.2445
-0.091,-0.2445
-0.091,-0.2445
-0.091,-0.2445
-0.091,-0.2445
-0.091,-0.2445
-0.091,-0.2445
-0.091,-0.2445
-0.091,-0.2445
-0.091,-0.2445
-0.091,-0.2445
-0.091,-0.2445
-0.091,-0.2445
-0.091,-0.2445
-0.091,-0.2445
-0.091,-0.2445
-0.091,-0.2445
-0.091,-0.2445
-0.091,-0.2445
-0.091,-0.2445
-0.091,-0.2445
-0.091,-0.2445
-0.091,-0.2445
-0.091,-0.2445
-0.091,-0.2445
-0.091,-0.2445
-0.091,-0.2445
-0.091,-0.2445
-0.091,-0.2445
-0.091,-0.2445
-0.091,-0.2445
-0.091,-0.2445
-0.091,-0.2445
-0.091,-0.2445
-0.091,-0.2445
-0.091,-0.2445
-0.091,-0.2445
-0.091,-0.2105
-0.091,-0.074
-0.091,0.019
-0.087,0.11
-0.0755,0.164
-0.0725,0.2035
-0.0485,0.2035
-0.013,0.2035
-0.077,0.1915
-0.0695,0.251
-0.0455,0.322
-0.014,0.2785
-0.006,0.2785
-0.01,0.2115
0.022,0.1995
0.01,0.231
0.01,0.1995
0.03,0.1995
0.018,0.1995
0.018,0.1995
-0.014,0.1995
-0.014,0.239
-0.014,0.239
0.038,0.239
0.014,0.239
0.014,0.239
0.014,0.251
0.078,0.251
0.086,0.251
0.086,0.251
0.086,0.251
0.086,0.251
0.054,0.251
0.078,0.251
0.078,0.251
0.078,0.251
0.078,0.251
0.078,0.251
0.066,0.251
0.0385,0.251
-0.0055,0.251
-0.0055,0.2195
-0.0215,0.1995
-0.0215,0.1995
-0.037,0.1995
-0.045,0.239
-0.045,0.2785
-0.033,0.192
-0.033,0.192
-0.033,0.164
-0.033,0.1645
-0.013,0.1375
-0.013,0.188
-0.005,0.1955
-0.005,0.1165
-0.037,0.09
-0.025,0.0625
-0.025,0.121
-0.025,0.0385
-0.025,0.021
-0.025,0.011
-0.025,0.0
-0.025,0.0665
-0.025,0.0585
-0.025,0.0665
-0.025,0.086
-0.025,0.086
-0.025,0.086
-0.037,0.0585
-0.025,0.098
-0.025,0.0585
-0.025,0.0585
-0.025,0.1355
-0.025,0.1035
-0.025,0.0045
-0.025,-0.0415
-0.025,-0.0345
-0.025,-0.0535
-0.025,-0.0535
-0.025,-0.0535
-0.033,-0.0535
-0.033,-0.0535
-0.033,-0.0535
-0.033,0.0
-0.033,0.0
0.0065,0.088
0.022,0.1295
0.022,0.165
0.022,0.165
0.022,0.173
0.022,0.173
0.022,0.1925
0.022,0.1925
0.022,0.2045
0.022,0.22
0.022,0.228
0.022,0.228
0.022,0.236
0.022,0.236
0.022,0.236
0.022,0.236
0.022,0.236
0.022,0.236
0.022,0.236
0.022,0.236
0.022,0.263
0.022,0.263
0.022,0.263
0.022,0.2825
0.022,0.236
0.022,0.236
0.022,0.236
0.022,0.236
0.022,0.236
0.022,0.236
0.022,0.236
0.022,0.236
0.022,0.236
0.022,0.236
0.022,0.236
0.022,0.236
0.022,0.236
0.022,0.236
0.022,0.236
0.022,0.236
0.022,0.236
0.022,0.236
0.022,0.236
0.022,0.236
0.03,0.239
0.03,0.247
0.03,0.2175
0.03,0.196
0.03,0.1445
0.03,0.1
0.03,0.121
0.03,0.038
0.03,0.027
0.03,0.007
0.03,0.007
0.03,0.019
0.03,0.0465
0.03,0.0465
0.03,0.0465
0.03,0.0465
0.03,0.0465
0.03,0.0465
0.03,0.0465
0.03,0.0465
0.03,0.0465
0.03,0.0465
0.03,0.0465
0.03,0.0465
0.018,0.0465
0.0065,0.019
-0.0055,0.019
0.0065,0.019
0.0025,0.019
0.0025,0.019
0.0025,0.038
0.0025,0.046
0.0025,0.027
0.0025,0.0655
0.0025,0.085
0.0025,0.093
0.0025,0.0815
0.0025,0.093
0.0025,0.101
0.0025,0.101
0.0025,0.101
0.0025,0.101
0.0025,0.109
0.0025,0.109
0.0025,0.109
0.0025,0.109
0.0025,0.109
0.0025,0.082
0.0025,0.109
0.0025,0.109
0.0025,0.109
0.0025,0.109
0.0025,0.109
0.0025,0.093
0.0025,0.09
0.0025,0.102
0.0025,0.1095
0.0025,0.1095
0.0025,0.1175
0.0025,0.1175
0.0025,0.1295
0.0025,0.1295
0.0025,0.1295
0.0025,0.1295
0.0025,0.1295
0.0025,0.1295
0.0025,0.1315
0.0025,0.1375
0.0025,0.1375
0.0025,0.1375
0.0025,0.1375
0.0025,0.1375
0.0025,0.1375
0.0025,0.1645
0.0025,0.1375
0.0025,0.1645
0.0025,0.1645
0.0025,0.1645
0.0025,0.1375
0.0025,0.1375
0.0025,0.1375
0.0025,0.1375
0.0025,0.1375
0.0025,0.1375
-0.0015,0.1375
-0.0015,0.1375
-0.0015,0.1375
-0.0015,0.1375
-0.0015,0.1375
-0.0055,0.1375
-0.0055,0.1375
-0.0015,0.1375
-0.0015,0.1375
-0.0175,0.1375
-0.0175,0.1375
-0.0175,0.1375
-0.0175,0.1375
-0.0175,0.1375
-0.0175,0.1375
0.014,0.1375
0.022,0.1375
0.03,0.1375
0.03,0.1375
0.034,0.1375
0.022,0.1375
0.034,0.1375
0.034,0.1375
0.034,0.1565
0.034,0.1565
0.034,0.1645
0.034,0.1645
0.03,0.1645
0.022,0.1645
0.046,0.1645
0.0575,0.1645
0.0575,0.1645
0.0575,0.1445
0.0575,0.1445
0.046,0.156
0.046,0.156
0.046,0.156
0.046,0.148
0.046,0.1405
0.046,0.1605
0.0575,0.1485
0.0575,0.1505
0.0575,0.1485
0.0575,0.093
0.0575,0.093
0.0575,0.093
0.0575,0.093
0.0575,0.093
0.0575,0.093
0.038,0.1205
0.014,0.1205
-0.0175,0.1205
-0.037,0.1205
-0.033,0.1205
-0.037,0.1205
-0.049,0.1205
-0.053,0.1205
-0.0845,0.1205
-0.0915,0.1205
-0.0915,0.1205
-0.0915,0.1205
-0.0915,0.1205
-0.095,0.1205
-0.103,0.1205
-0.0915,0.1205
-0.107,0.1205
-0.131,0.1205
-0.143,0.152
-0.143,0.164
-0.143,0.176
-0.143,0.176
-0.143,0.176
-0.151,0.176
-0.155,0.1565
-0.179,0.1565
-0.199,0.164
-0.207,0.164
-0.215,0.184
-0.215,0.184
-0.215,0.184
-0.183,0.184
-0.179,0.184
-0.179,0.184
-0.187,0.192
-0.191,0.192
-0.191,0.192
-0.191,0.2035
-0.191,0.2035
-0.191,0.2035
-0.199,0.2115
-0.187,0.2115
-0.199,0.2115
-0.231,0.2115
-0.247,0.2275
-0.247,0.247
-0.247,0.2665
-0.247,0.2745
-0.247,0.322
-0.247,0.342
-0.243,0.3025
-0.243,0.3375
-0.267,0.3375
-0.279,0.3375
-0.295,0.31
-0.295,0.316
-0.327,0.322
-0.327,0.322
-0.335,0.33
-0.335,0.33
-0.347,0.338
-0.363,0.338
-0.359,0.338
-0.359,0.3465
-0.359,0.338
-0.359,0.3435
-0.359,0.3435
-0.359,0.338
-0.371,0.338
-0.371,0.3405
-0.371,0.338
-0.371,0.338
-0.371,0.3405
-0.379,0.338
-0.379,0.338
-0.379,0.338
-0.387,0.338
-0.387,0.338
-0.387,0.338
-0.395,0.338
-0.363,0.338
-0.363,0.338
-0.363,0.338
-0.363,0.3435
-0.363,0.338
-0.363,0.338
-0.363,0.338
-0.395,0.338
-0.363,0.338
-0.363,0.338
-0.363,0.338
-0.363,0.338
-0.363,0.338
-0.363,0.338
-0.363,0.338
-0.363,0.338
-0.363,0.338
-0.363,0.338
-0.343,0.368
-0.315,0.3655
-0.267,0.385
-0.243,0.4245
-0.235,0.4345
-0.235,0.4485
-0.235,0.486
-0.267,0.523
-0.259,0.551
-0.247,0.551
-0.187,0.551
-0.163,0.551
-0.199,0.551
-0.195,0.551
-0.163,0.551
-0.155,0.551
-0.155,0.551
-0.139,0.551
-0.143,0.5255
-0.131,0.5155
-0.143,0.5035
-0.143,0.49
-0.143,0.4995
-0.151,0.4795
-0.1155,0.4715
-0.1155,0.46
-0.1155,0.444
-0.1155,0.4325
-0.1155,0.4285
-0.1155,0.4245
-0.1155,0.4085
-0.1155,0.4085
-0.1125,0.4085
-0.077,0.4085
-0.053,0.397
-0.053,0.3995
-0.0455,0.397
-0.0455,0.397
-0.0415,0.3855
-0.0175,0.3775
-0.002,0.383
-0.002,0.3775
-0.002,0.3775
-0.002,0.3775
-0.002,0.3775
-0.002,0.3775
-0.002,0.383
-0.002,0.3775
-0.002,0.3655
-0.002,0.3595
-0.002,0.3575
-0.002,0.3495
-0.002,0.3495
-0.002,0.3495
-0.042,0.3375
-0.042,0.3375
-0.01,0.3335
-0.01,0.33
-0.002,0.33
-0.002,0.33
-0.002,0.33
-0.002,0.33
-0.002,0.33
-0.002,0.33
-0.002,0.33
-0.002,0.33
-0.018,0.33
-0.0295,0.33
-0.065,0.33
-0.069,0.33
-0.077,0.33
-0.085,0.33
-0.121,0.33
-0.121,0.322
-0.1325,0.316
-0.1325,0.302
-0.1325,0.2915
-0.1365,0.2825
-0.1365,0.2785
-0.1365,0.255
-0.1365,0.247
-0.1365,0.239
-0.1365,0.231
-0.1365,0.231
-0.1365,0.2155
-0.1365,0.2035
-0.1365,0.184
-0.1365,0.164
-0.1365,0.1365
-0.1325,0.101
-0.1485,0.0735
-0.1445,0.0575
-0.1485,0.0465
-0.1325,0.0465
-0.1365,0.027
-0.1525,0.027
-0.1555,0.027
-0.1555,0.027
-0.1555,0.027
-0.1555,0.027
-0.1555,0.027
-0.1555,0.027
-0.1555,0.027
-0.171,0.027
-0.215,0.027
-0.243,0.027
-0.263,0.027
-0.263,0.054
-0.287,0.087
-0.319,0.1365
-0.311,0.1485
-0.347,0.1485
-0.427,0.1485
-0.439,0.164
-0.455,0.178
-0.463,0.2035
-0.467,0.2195
-0.467,0.239
-0.443,0.247
-0.479,0.2275
-0.439,0.2275
-0.439,0.233
-0.439,0.239
-0.439,0.239
-0.427,0.239
-0.427,0.247
-0.427,0.247
-0.427,0.247
-0.427,0.263
-0.427,0.269
-0.439,0.3025
-0.439,0.263
-0.427,0.337
-0.427,0.3455
-0.427,0.263
-0.427,0.269
-0.439,0.314
-0.439,0.2745
-0.427,0.2745
-0.427,0.263
-0.439,0.263
-0.423,0.263
-0.423,0.263
-0.435,0.263
-0.423,0.263
-0.423,0.263
-0.423,0.3055
-0.423,0.2825
-0.423,0.2825
-0.423,0.2745
-0.435,0.2745
-0.435,0.2745
-0.435,0.2745
-0.435,0.2745
-0.435,0.3025
-0.435,0.3025
-0.435,0.2745
-0.435,0.2745
-0.435,0.2745
-0.435,0.2745
-0.435,0.2775
-0.435,0.3025
-0.435,0.314
-0.435,0.314
-0.435,0.314
-0.435,0.334
-0.435,0.337
-0.435,0.334
-0.435,0.3455
-0.435,0.3455
-0.435,0.3455
-0.415,0.3535
-0.403,0.3535
-0.387,0.3535
-0.379,0.3535
-0.391,0.3535
-0.391,0.3535
-0.391,0.3535
-0.391,0.3535
-0.379,0.3595
-0.379,0.3535
-0.379,0.3535
-0.379,0.3535
-0.379,0.3535
-0.379,0.3535
-0.379,0.3595
-0.379,0.3535
-0.379,0.3535
-0.379,0.3535
-0.387,0.3535
-0.387,0.3535
-0.379,0.3535
-0.375,0.3535
-0.363,0.3535
-0.367,0.3565
-0.367,0.3535
-0.375,0.3655
-0.375,0.3655
-0.355,0.3715
-0.351,0.3685
-0.363,0.334
-0.363,0.334
-0.355,0.334
-0.343,0.334
-0.343,0.322
-0.343,0.317
-0.343,0.314
-0.355,0.314
-0.355,0.314
-0.343,0.32
-0.351,0.314
-0.339,0.314
-0.351,0.314
-0.351,0.32
-0.351,0.314
-0.371,0.2825
-0.371,0.2565
-0.371,0.243
-0.383,0.219
-0.383,0.2155
-0.371,0.204
-0.383,0.196
-0.383,0.196
-0.363,0.19
-0.375,0.193
-0.371,0.184
-0.363,0.184
-0.371,0.184
-0.375,0.19
-0.363,0.184
-0.363,0.184
-0.375,0.184
-0.375,0.176
-0.375,0.176
-0.375,0.1685
-0.375,0.2
-0.375,0.2
-0.375,0.2
-0.375,0.2
-0.375,0.188
-0.363,0.18
-0.347,0.1605
-0.339,0.121
-0.327,0.0895
-0.319,0.0695
-0.259,0.0695
-0.243,0.0895
-0.235,0.0735
-0.227,0.0695
-0.227,0.0655
-0.227,0.0595
-0.227,0.054
-0.227,0.019
-0.227,0.019
-0.227,0.011
-0.227,0.011
-0.223,0.0
-0.215,0.0
-0.203,0.0
-0.199,0.0
-0.199,0.0
-0.199,0.0
-0.199,0.0
-0.199,0.027
-0.199,0.027
-0.187,0.027
-0.199,0.027
-0.187,0.027
-0.187,0.027
-0.179,0.027
-0.175,0.027
-0.163,0.027
-0.175,0.027
-0.163,0.027
-0.151,0.027
-0.1395,0.027
-0.151,0.027
-0.151,0.027
-0.1395,0.027
-0.1395,0.027
-0.1395,0.027
-0.1395,0.027
-0.1395,0.027
-0.1395,0.027
-0.1395,0.027
-0.1395,0.027
-0.1395,0.027
-0.151,0.027
-0.1395,0.027
-0.143,0.027
-0.143,0.027
-0.1395,0.027
-0.1395,0.027
-0.1395,0.027
-0.1395,0.027
-0.1395,0.027
-0.1395,0.027
-0.1395,0.027
-0.143,0.027
-0.1395,0.027
-0.1395,0.027
-0.1395,0.027
-0.1395,0.027
-0.1395,0.027
-0.1395,0.027
-0.1395,0.027
-0.1395,0.027
-0.1395,0.027
-0.1395,0.027
-0.1395,0.027
-0.1395,0.027
-0.1395,0.027
-0.1395,0.027
-0.1395,0.027
-0.1395,0.027
-0.1395,0.027
-0.1395,0.027
-0.1395,0.027
-0.1395,0.027
-0.1395,0.027
-0.1395,0.027
-0.1395,0.027
-0.1395,0.027
-0.1395,0.027
-0.1395,0.027
-0.1395,0.027
-0.1395,0.027
-0.1395,0.027
-0.1395,0.027
-0.1395,0.027
-0.1395,0.035
-0.1395,0.0695
-0.1395,0.1605
-0.1365,0.261
-0.1205,0.316
-0.1165,0.3575
-0.081,0.3735
-0.0655,0.3815
-0.0495,0.3815
-0.0495,0.3815
-0.0455,0.3815
-0.002,0.393
-0.018,0.3815
-0.018,0.3735
-0.018,0.401
-0.018,0.515
-0.018,0.531
-0.014,0.539
-0.014,0.5505
-0.014,0.5785
-0.014,0.539
-0.014,0.5785
-0.014,0.531
-0.046,0.5785
-0.006,0.5785
0.082,0.5785
0.118,0.5785
0.134,0.5785
0.134,0.5805
0.134,0.586
0.102,0.586
0.134,0.586
0.141,0.586
0.1415,0.598
0.1535,0.586
0.1415,0.5665
0.141,0.5665
0.1805,0.4755
0.236,0.456
0.236,0.444
0.236,0.4755
0.236,0.4755
0.236,0.4755
0.236,0.444
0.236,0.4755
0.236,0.4755
0.2045,0.4755
0.1925,0.4835
0.1845,0.4835
0.161,0.4835
0.161,0.4835
0.161,0.4835
0.1535,0.4835
0.1415,0.4835
0.1375,0.4835
0.149,0.4835
0.145,0.4835
0.1055,0.4835
0.1295,0.4835
0.1295,0.4835
0.1295,0.4835
0.1295,0.4835
0.1295,0.468
0.1295,0.44
0.1295,0.4345
0.1295,0.4285
0.1295,0.393
0.1295,0.385
0.1295,0.385
0.1255,0.379
0.1215,0.3735
0.1375,0.3655
0.1375,0.3655
0.1375,0.3495
0.1375,0.338
0.1375,0.338
0.1375,0.338
0.1255,0.338
0.1255,0.322
0.1255,0.31
0.1255,0.306
0.1255,0.3025
0.1255,0.2885
0.1215,0.2825
0.1215,0.2825
0.1215,0.2825
0.1095,0.2825
0.1055,0.2665
0.1055,0.2665
0.1095,0.2665
0.1095,0.2665
0.1215,0.2665
0.1055,0.2665
0.1055,0.2665
0.1055,0.2665
0.1055,0.2665
0.1055,0.306
0.1055,0.2745
0.1055,0.2745
0.1055,0.2745
0.1055,0.2745
0.1055,0.2745
0.1055,0.2745
0.1055,0.2745
0.1055,0.2745
0.1055,0.2745
0.1055,0.306
0.1055,0.294
0.1055,0.2705
0.1055,0.2905
0.1055,0.3495
0.1055,0.2825
0.1055,0.2825
