valence,arousal
0.0,0.0625
0.0,0.0625
0.0,0.07
0.0,0.07
0.0,0.07
0.0,0.07
0.0,0.07
0.0,0.07
0.0,0.07
0.0,0.07
0.0,0.07
0.0,0.07
0.0,0.078
0.0,0.078
0.0,0.078
0.0,0.086
0.0,0.086
0.0,0.1
0.0,0.1055
0.0,0.1055
0.007,0.1055
0.019,0.1125
0.023,0.1245
0.023,0.1245
0.023,0.1245
0.027,0.1325
0.027,0.152
0.027,0.152
0.027,0.152
0.027,0.1205
0.027,0.1135
0.027,0.1135
0.011,0.076
0.019,0.0625
0.0385,0.0545
0.0425,0.0545
0.0425,0.0545
0.0425,0.0815
0.0425,0.0815
0.0425,0.0815
0.0425,0.0815
0.0425,0.0815
0.0425,0.093
0.0465,0.093
0.0545,0.093
0.0585,0.093
0.0625,0.093
0.07,0.101
0.078,0.1365
0.086,0.1445
0.086,0.1525
0.09,0.1645
0.098,0.174
0.1095,0.18
0.1095,0.163
0.1135,0.1605
0.1135,0.168
0.1215,0.168
0.1215,0.184
0.1095,0.184
0.1095,0.188
0.1095,0.1955
0.1215,0.2035
0.1215,0.2035
0.1215,0.2035
0.1215,0.251
0.1215,0.271
0.1215,0.271
0.1215,0.2785
0.1215,0.2785
0.1215,0.2785
0.1215,0.2785
0.1215,0.2785
0.1215,0.2785
0.1215,0.2785
0.1215,0.2785
0.1215,0.2785
0.1215,0.2785
0.1215,0.2785
0.1095,0.2785
0.094,0.2785
0.0625,0.2785
0.0545,0.2505
0.0345,0.223
0.027,0.223
0.0425,0.215
0.019,0.2075
0.027,0.184
0.007,0.17
0.007,0.1605
0.0,0.1605
0.007,0.1575
0.011,0.1485
0.0,0.1485
0.0,0.1545
0.0,0.1485
0.0,0.1485
0.0,0.1545
0.0,0.1485
0.0,0.1485
0.0,0.1485
0.0,0.1485
0.0,0.1485
0.0,0.1485
0.0,0.1485
0.0,0.1485
0.0,0.1405
0.0,0.1405
0.0,0.1435
0.0,0.1405
0.0,0.1325
0.0,0.1325
0.0,0.1325
0.0,0.1325
0.0,0.1325
0.0,0.121
0.0,0.117
0.0,0.117
0.0,0.117
0.0,0.117
0.0,0.117
0.0,0.117
0.0,0.117
0.0,0.117
0.0,0.117
0.0,0.117
0.0,0.117
0.0,0.117
0.0,0.117
0.0,0.117
0.0,0.117
0.0,0.117
0.0,0.117
0.0,0.105
0.0,0.105
0.0,0.097
0.0,0.089
0.0,0.089
0.0,0.089
0.0,0.089
0.0,0.089
0.0,0.089
0.0,0.089
0.0,0.089
0.0,0.089
0.0,0.089
0.0,0.089
0.0,0.089
0.0,0.089
0.0,0.109
0.0,0.105
0.0,0.101
0.0,0.101
0.0,0.101
0.0,0.101
0.0,0.101
0.0,0.101
0.0,0.101
0.0,0.101
0.0,0.101
0.0,0.101
0.0,0.101
0.0,0.101
0.0,0.101
0.0,0.101
0.0,0.101
0.0,0.101
0.0,0.101
0.0,0.101
0.0,0.101
0.0,0.101
0.0,0.1285
0.0,0.1355
0.0,0.1445
0.0,0.1445
0.0,0.1445
0.0,0.1445
-0.0035,0.1445
-0.0115,0.152
-0.0115,0.152
-0.0035,0.152
-0.0155,0.152
-0.0235,0.152
-0.0115,0.152
-0.0155,0.152
-0.0155,0.152
-0.0155,0.152
-0.0155,0.152
-0.0155,0.152
-0.0155,0.152
-0.0155,0.1475
-0.0155,0.1325
-0.0155,0.1325
-0.0235,0.1325
-0.0235,0.1325
-0.0035,0.1325
0.0,0.1415
0.027,0.177
0.0545,0.1875
0.074,0.2035
0.086,0.2155
0.1055,0.2155
0.1095,0.2155
0.1215,0.2155
0.1295,0.2155
0.141,0.2155
0.141,0.2155
0.149,0.2155
0.149,0.223
0.157,0.223
0.161,0.233
0.165,0.239
0.165,0.2585
0.149,0.2665
0.161,0.2745
0.165,0.2745
0.1805,0.2745
0.1965,0.2745
0.1965,0.2745
0.1845,0.2785
0.1965,0.2745
0.1965,0.2745
0.1965,0.2865
0.1965,0.2945
0.1965,0.2945
0.1965,0.2945
0.1965,0.3025
0.1965,0.3025
0.1965,0.3025
0.1965,0.314
0.1965,0.314
0.1965,0.314
0.2005,0.314
0.2005,0.314
0.2005,0.314
0.2005,0.314
0.2005,0.314
0.2005,0.2825
0.2005,0.2825
0.2005,0.2825
0.2005,0.2825
0.2005,0.2825
0.2005,0.2825
0.2005,0.314
0.2005,0.298
0.2005,0.298
0.2005,0.2795
0.2005,0.2625
0.2005,0.2625
0.2005,0.2625
0.2005,0.2565
0.2005,0.2545
0.2005,0.2545
0.2005,0.2545
0.2005,0.2545
0.2005,0.2545
0.2005,0.2545
0.2005,0.2545
0.2005,0.2625
0.2005,0.2625
0.2005,0.2625
0.1845,0.2625
0.1765,0.2625
0.161,0.2625
0.1375,0.2625
0.1295,0.2625
0.1095,0.2625
0.1215,0.2625
0.1215,0.2625
0.1215,0.2625
0.1215,0.235
0.1215,0.235
0.1215,0.235
0.1215,0.235
0.1215,0.235
0.1215,0.2625
0.1215,0.2625
0.1215,0.2625
0.1215,0.255
0.1215,0.2785
0.1215,0.2665
0.1405,0.2665
0.1405,0.2585
0.1405,0.2505
0.1405,0.2505
0.1405,0.243
0.1405,0.2115
0.1405,0.2115
0.1405,0.2
0.1445,0.2
0.1405,0.192
0.1485,0.183
0.1365,0.18
0.1365,0.18
0.1365,0.18
0.125,0.18
0.125,0.172
0.1325,0.172
0.1405,0.172
0.1365,0.1995
0.125,0.223
0.125,0.223
0.125,0.223
0.125,0.223
0.125,0.231
0.1365,0.231
0.1405,0.231
0.125,0.231
0.125,0.225
0.121,0.223
0.121,0.223
0.121,0.223
0.121,0.223
0.121,0.1835
0.121,0.1835
0.1325,0.172
0.121,0.172
0.1325,0.2035
0.121,0.215
0.1325,0.223
0.121,0.2155
0.121,0.2155
0.1325,0.2155
0.117,0.2155
0.113,0.2155
0.113,0.2155
0.125,0.2155
0.125,0.2155
0.125,0.2155
0.125,0.2155
0.125,0.2155
0.125,0.2155
0.125,0.2155
0.125,0.2155
0.1325,0.223
0.0815,0.253
0.027,0.2745
0.027,0.296
0.0035,0.3295
-0.0005,0.3615
-0.0005,0.3735
0.0115,0.385
0.0035,0.387
-0.0245,0.393
-0.0445,0.393
-0.0725,0.4125
-0.0725,0.4205
-0.0845,0.4205
-0.0845,0.4405
-0.0805,0.4405
-0.0925,0.4405
-0.1045,0.4405
-0.1165,0.4405
-0.1165,0.4405
-0.1285,0.413
-0.1365,0.4205
-0.1365,0.4205
-0.1365,0.4205
-0.1365,0.4205
-0.1365,0.4205
-0.1365,0.4205
-0.1365,0.4205
-0.1365,0.4205
-0.1365,0.4205
-0.1365,0.4205
-0.1365,0.4205
-0.1365,0.4205
-0.1365,0.4205
-0.1365,0.448
-0.1365,0.448
-0.1365,0.448
-0.1365,0.448
-0.1365,0.448
-0.1365,0.448
-0.1365,0.448
-0.1365,0.448
-0.1365,0.448
-0.1365,0.448
-0.1405,0.448
-0.1285,0.448
-0.1285,0.448
-0.1285,0.448
-0.1285,0.448
-0.1405,0.448
-0.1285,0.448
-0.1405,0.4285
-0.1405,0.4285
-0.1555,0.4205
-0.1555,0.4205
-0.1555,0.385
-0.1555,0.385
-0.1555,0.377
-0.1555,0.3655
-0.167,0.3575
-0.179,0.3415
-0.179,0.314
-0.179,0.3025
-0.179,0.2865
-0.179,0.2785
-0.167,0.263
-0.127,0.263
-0.107,0.263
-0.103,0.251
-0.103,0.251
-0.095,0.251
-0.095,0.243
-0.091,0.2705
-0.071,0.2705
-0.071,0.2625
-0.055,0.255
-0.035,0.255
-0.0315,0.246
-0.035,0.243
-0.0285,0.243
-0.0125,0.243
-0.0045,0.243
0.027,0.2155
0.0385,0.2155
0.0465,0.2155
0.0465,0.2155
0.0625,0.2155
0.0665,0.2155
0.0665,0.2155
0.094,0.2155
0.1135,0.2155
0.098,0.2155
0.1135,0.2155
0.1135,0.2215
0.1135,0.254
0.1135,0.2705
0.1175,0.2865
0.1175,0.314
0.1175,0.3415
0.1255,0.3575
0.1255,0.3575
0.1255,0.3575
0.1135,0.3655
0.1135,0.3655
0.1135,0.3575
0.1135,0.314
0.1135,0.2985
0.1135,0.2785
0.1135,0.2905
0.1135,0.318
0.1135,0.3335
0.1135,0.373
0.1135,0.373
0.1135,0.373
0.1135,0.373
0.1135,0.373
0.1135,0.373
0.1135,0.373
0.1135,0.373
0.1135,0.373
0.1015,0.373
0.1015,0.373
0.0935,0.373
0.0465,0.373
-0.005,0.373
-0.0325,0.373
-0.0445,0.373
-0.0445,0.373
-0.0445,0.373
-0.0445,0.373
-0.0445,0.3415
-0.0485,0.3415
-0.0485,0.3335
-0.0485,0.322
-0.0485,0.322
-0.0485,0.31
-0.0205,0.302
-0.0205,0.302
-0.0205,0.302
-0.0205,0.29
-0.0205,0.29
-0.0205,0.2825
-0.0205,0.2825
-0.0235,0.2825
-0.0235,0.2825
-0.0235,0.2825
-0.0235,0.2825
-0.0235,0.2825
-0.0235,0.2825
-0.0235,0.2825
-0.0235,0.2825
-0.0165,0.2825
0.039,0.2825
0.0705,0.2825
0.102,0.2825
0.106,0.2825
0.1175,0.2825
0.106,0.2825
0.1175,0.2825
0.1175,0.2825
0.1175,0.2825
0.1175,0.31
0.1175,0.322
0.1175,0.3535
0.1175,0.373
0.1175,0.373
0.1175,0.373
0.1255,0.4005
0.1375,0.385
0.173,0.397
0.2045,0.4125
0.2125,0.4205
0.2125,0.456
0.2205,0.456
0.2205,0.4675
0.2205,0.4755
0.2205,0.4775
0.2205,0.4835
0.2205,0.4835
0.2205,0.4835
0.2205,0.511
0.2205,0.523
0.2205,0.523
0.2205,0.531
0.2205,0.531
0.2205,0.531
0.2205,0.531
0.2205,0.5035
0.2205,0.4895
0.1805,0.468
0.1685,0.4245
0.1365,0.4205
0.109,0.397
0.117,0.383
0.0895,0.3735
0.0975,0.3415
0.0855,0.3335
0.0655,0.326
0.086,0.314
0.066,0.306
0.062,0.306
0.062,0.298
0.062,0.298
0.074,0.298
0.0625,0.2865
0.074,0.2865
0.0865,0.2865
0.0825,0.2865
0.094,0.2865
0.0865,0.2865
0.0865,0.2745
0.0865,0.2745
0.0865,0.2665
0.0865,0.2665
0.0865,0.2665
0.0865,0.2545
0.0825,0.2545
0.0825,0.2545
0.0825,0.2545
0.0825,0.2545
0.0825,0.2545
0.0825,0.2545
0.0825,0.2545
0.0825,0.2545
0.0825,0.2545
0.0825,0.2545
0.0785,0.2545
0.0785,0.2545
0.0785,0.2545
0.0785,0.2545
0.0785,0.2545
0.0785,0.2545
0.0785,0.2545
0.0465,0.3065
0.0465,0.328
0.1015,0.3475
0.141,0.3555
0.165,0.361
0.1885,0.361
0.1885,0.361
0.1885,0.361
0.1725,0.361
0.133,0.361
0.1095,0.361
0.1095,0.361
0.0975,0.361
0.086,0.361
0.078,0.361
0.07,0.361
0.062,0.361
0.058,0.361
0.0465,0.361
0.0185,0.361
0.0185,0.361
0.0185,0.3455
0.0185,0.382
0.0185,0.4245
0.011,0.444
0.011,0.46
0.0225,0.472
0.0345,0.472
0.0225,0.472
0.0265,0.472
0.0385,0.472
0.0385,0.472
0.0465,0.4795
0.0465,0.4795
0.054,0.4795
0.054,0.4795
0.054,0.4795
0.1135,0.4795
0.149,0.4795
0.24,0.4795
0.228,0.4795
0.24,0.4795
0.24,0.4795
0.24,0.4795
0.24,0.4795
0.24,0.4795
0.24,0.4795
0.24,0.4795
0.24,0.4795
0.24,0.4795
0.24,0.4795
0.24,0.4795
0.24,0.4795
0.24,0.4795
0.24,0.4795
0.24,0.4795
0.24,0.4795
0.24,0.4795
0.24,0.4795
0.24,0.4795
0.24,0.4795
0.24,0.4795
0.24,0.4795
0.24,0.4795
0.24,0.465
0.24,0.46
0.24,0.452
0.228,0.444
0.224,0.444
0.2205,0.444
0.1925,0.4245
0.1925,0.4245
0.1925,0.4165
0.1925,0.4165
0.1925,0.4145
0.1925,0.4085
0.1925,0.4085
0.1845,0.4005
0.1845,0.397
0.1805,0.381
0.1805,0.373
0.1805,0.373
0.1725,0.365
0.1645,0.365
0.1725,0.3575
0.1805,0.3455
0.149,0.3455
0.149,0.3455
0.141,0.3455
0.1215,0.3455
0.078,0.3455
0.0345,0.3455
-0.009,0.3455
-0.0285,0.3455
-0.0515,0.3455
-0.0515,0.373
-0.0515,0.393
-0.035,0.4165
-0.035,0.4185
-0.035,0.4245
-0.035,0.4245
-0.035,0.4245
-0.0235,0.4245
-0.0235,0.4245
-0.0165,0.4245
-0.0005,0.4245
0.035,0.4245
0.039,0.4245
0.0465,0.4245
0.0465,0.4245
0.0465,0.4245
0.0465,0.4245
0.031,0.4245
0.035,0.4245
0.0465,0.4245
0.031,0.4245
0.031,0.4245
0.031,0.4245
0.031,0.4245
0.0465,0.4245
0.0545,0.4245
0.082,0.4245
0.1175,0.4245
0.1375,0.4245
0.1375,0.4245
0.1415,0.4245
0.1495,0.4245
0.1495,0.4245
0.1495,0.4245
0.1495,0.4245
0.1415,0.4245
0.1375,0.4245
0.1495,0.4245
0.1495,0.4245
0.1495,0.4085
0.1375,0.384
0.1375,0.373
0.1375,0.373
0.1375,0.373
0.1375,0.365
0.1375,0.365
0.1375,0.3575
0.1375,0.3575
0.1375,0.3455
0.1375,0.3455
0.1375,0.3455
0.1375,0.3455
0.1375,0.3455
0.1375,0.3455
0.1375,0.3455
0.1375,0.3455
0.1375,0.3455
0.1375,0.3455
0.1375,0.3455
0.1375,0.3455
0.1375,0.3455
0.1375,0.3455
0.1375,0.3375
0.1375,0.3375
0.1375,0.3375
0.1095,0.3375
0.1095,0.324
0.1095,0.322
0.1095,0.322
0.1095,0.322
0.1095,0.322
0.1095,0.322
0.0975,0.322
0.0975,0.322
0.0975,0.322
0.0975,0.322
0.0975,0.31
0.1095,0.31
0.1095,0.302
0.1015,0.302
0.117,0.302
0.121,0.302
0.121,0.294
0.121,0.294
0.121,0.294
0.121,0.2865
0.121,0.2865
0.121,0.2745
0.161,0.2745
0.165,0.2665
0.161,0.2665
0.161,0.2585
0.149,0.2585
0.161,0.251
0.149,0.251
0.161,0.251
0.145,0.245
0.145,0.243
0.145,0.243
0.145,0.243
0.145,0.243
0.145,0.243
0.145,0.243
0.145,0.243
0.145,0.243
0.145,0.243
0.145,0.243
0.145,0.243
0.153,0.243
0.149,0.243
0.149,0.243
0.149,0.243
0.149,0.243
0.149,0.243
0.149,0.243
0.145,0.243
0.145,0.243
0.145,0.243
0.161,0.243
0.161,0.243
0.149,0.243
0.161,0.243
0.149,0.243
0.161,0.243
0.165,0.243
0.165,0.243
0.169,0.243
0.169,0.243
0.169,0.243
0.169,0.243
0.169,0.243
0.169,0.231
0.169,0.231
0.145,0.231
0.106,0.2235
0.074,0.2235
0.0385,0.2235
0.015,0.2235
-0.0045,0.2235
-0.0085,0.2235
-0.0125,0.2235
-0.0315,0.2235
-0.0315,0.2235
-0.0315,0.2235
-0.0315,0.2235
-0.0315,0.2235
-0.047,0.2235
-0.0315,0.2235
-0.079,0.2235
-0.103,0.2235
-0.107,0.239
-0.107,0.241
-0.115,0.247
-0.103,0.247
-0.115,0.247
-0.115,0.247
-0.115,0.235
-0.119,0.241
-0.127,0.235
-0.127,0.235
-0.127,0.235
-0.127,0.235
-0.127,0.235
-0.131,0.235
-0.131,0.235
-0.131,0.235
-0.119,0.237
-0.119,0.243
-0.119,0.243
-0.119,0.243
-0.119,0.243
-0.131,0.243
-0.151,0.243
-0.175,0.227
-0.187,0.2195
-0.195,0.2195
-0.211,0.2115
-0.223,0.2115
-0.231,0.2115
-0.235,0.2115
-0.247,0.2115
-0.247,0.2705
-0.299,0.306
-0.351,0.317
-0.399,0.326
-0.431,0.3335
-0.423,0.3335
-0.419,0.3335
-0.431,0.3335
-0.435,0.3335
-0.431,0.3335
-0.399,0.3335
-0.391,0.3335
-0.379,0.3335
-0.383,0.3335
-0.331,0.306
-0.343,0.2965
-0.323,0.2815
-0.323,0.2785
-0.315,0.2785
-0.315,0.2785
-0.327,0.2705
-0.327,0.2705
-0.315,0.2705
-0.315,0.2705
-0.315,0.2705
-0.303,0.2705
-0.303,0.2705
-0.303,0.2705
-0.303,0.2705
-0.303,0.2705
-0.303,0.2705
-0.303,0.2705
-0.303,0.2705
-0.303,0.2705
-0.303,0.2705
-0.303,0.2705
-0.303,0.2705
-0.303,0.2705
-0.303,0.2905
-0.303,0.317
-0.303,0.389
-0.315,0.4125
-0.299,0.4205
-0.303,0.4285
-0.291,0.4285
-0.279,0.4285
-0.275,0.4285
-0.263,0.4285
-0.251,0.46
-0.207,0.468
-0.207,0.48
-0.207,0.4915
-0.203,0.4915
-0.183,0.4915
-0.183,0.4915
-0.175,0.4915
-0.175,0.4915
-0.175,0.4945
-0.175,0.4915
-0.175,0.4915
-0.175,0.4915
-0.175,0.4915
-0.171,0.46
-0.171,0.46
-0.171,0.444
-0.155,0.444
-0.151,0.444
-0.151,0.436
-0.171,0.4165
-0.223,0.4165
-0.255,0.4085
-0.255,0.387
-0.255,0.373
-0.255,0.369
-0.255,0.3575
-0.255,0.3455
-0.255,0.3335
-0.255,0.3255
-0.255,0.314
-0.255,0.3025
-0.255,0.3025
-0.255,0.3025
-0.255,0.3025
-0.255,0.3025
-0.255,0.3025
-0.255,0.2905
-0.255,0.2905
-0.255,0.2905
-0.235,0.2905
-0.247,0.2905
-0.211,0.2905
-0.199,0.2905
-0.199,0.2965
-0.207,0.2905
-0.195,0.2905
-0.195,0.2905
-0.187,0.2905
-0.199,0.2905
-0.207,0.2905
-0.195,0.2905
-0.207,0.2905
-0.207,0.2905
-0.195,0.2905
-0.195,0.2905
-0.195,0.2905
-0.207,0.2905
-0.207,0.2905
-0.195,0.2905
-0.199,0.2905
-0.187,0.2935
-0.199,0.2905
-0.199,0.2905
-0.187,0.2905
-0.187,0.2905
-0.187,0.2905
-0.187,0.2905
-0.187,0.2905
-0.187,0.2905
-0.187,0.2905
-0.187,0.318
-0.187,0.33
-0.187,0.33
-0.187,0.3415
-0.187,0.3415
-0.187,0.3415
-0.187,0.3415
-0.187,0.3415
-0.187,0.3415
-0.187,0.3415
-0.187,0.3415
-0.187,0.3415
-0.187,0.3415
-0.187,0.3415
-0.187,0.3415
-0.187,0.3415
-0.187,0.3415
-0.187,0.3415
-0.187,0.3415
-0.187,0.3415
-0.183,0.3415
-0.183,0.3415
-0.183,0.31
-0.183,0.316
-0.183,0.31
-0.183,0.31
-0.183,0.31
-0.195,0.31
-0.195,0.316
-0.195,0.31
-0.195,0.31
-0.195,0.31
-0.195,0.31
-0.195,0.31
-0.195,0.31
-0.195,0.31
-0.195,0.31
-0.195,0.31
-0.195,0.31
-0.195,0.31
-0.195,0.31
-0.195,0.31
-0.195,0.31
-0.195,0.31
-0.195,0.31
-0.195,0.31
-0.195,0.31
-0.199,0.31
-0.199,0.31
-0.199,0.31
-0.199,0.31
-0.199,0.31
-0.199,0.31
-0.199,0.31
-0.199,0.31
-0.199,0.31
-0.199,0.31
-0.199,0.31
-0.199,0.31
-0.199,0.31
-0.199,0.31
-0.199,0.313
-0.199,0.31
-0.199,0.31
-0.199,0.31
-0.199,0.31
-0.199,0.31
-0.199,0.31
-0.199,0.31
-0.199,0.31
-0.199,0.31
-0.199,0.31
-0.199,0.31
-0.199,0.31
-0.199,0.31
-0.199,0.31
-0.199,0.31
-0.199,0.31
-0.199,0.31
-0.199,0.31
-0.199,0.31
-0.199,0.31
-0.199,0.31
-0.199,0.31
-0.199,0.31
-0.199,0.31
-0.199,0.31
-0.199,0.31
-0.199,0.31
-0.199,0.31
-0.199,0.31
-0.199,0.31
-0.199,0.3415
-0.199,0.3415
-0.199,0.3415
-0.199,0.3475
-0.199,0.3415
-0.199,0.3415
-0.199,0.3415
-0.199,0.3415
-0.199,0.3415
-0.199,0.3415
-0.199,0.3415
-0.199,0.3415
-0.199,0.3475
-0.199,0.3415
-0.199,0.3415
-0.199,0.3415
-0.199,0.3415
-0.199,0.3415
-0.199,0.3415
-0.199,0.3415
-0.199,0.3415
-0.199,0.3415
-0.199,0.3415
-0.199,0.3415
-0.199,0.3415
-0.199,0.3475
-0.199,0.3335
-0.199,0.3335
-0.199,0.3335
-0.199,0.3335
-0.199,0.302
-0.199,0.294
-0.199,0.294
-0.199,0.294
-0.199,0.294
-0.199,0.294
-0.199,0.3235
-0.199,0.318
-0.199,0.318
-0.199,0.318
-0.199,0.318
-0.199,0.318
-0.199,0.326
-0.199,0.326
-0.199,0.326
-0.199,0.326
-0.199,0.3415
-0.199,0.3415
-0.199,0.3495
-0.199,0.3495
-0.199,0.3615
-0.199,0.3615
-0.199,0.369
-0.199,0.369
-0.199,0.369
-0.183,0.369
-0.187,0.377
-0.143,0.377
-0.151,0.377
-0.151,0.3455
-0.151,0.3455
-0.151,0.3455
-0.151,0.3455
-0.151,0.3455
-0.151,0.3455
-0.151,0.3455
-0.151,0.3455
-0.143,0.3455
-0.143,0.3455
-0.143,0.3455
-0.143,0.3455
-0.143,0.3455
-0.143,0.3455
-0.143,0.3455
-0.143,0.3455
-0.143,0.3455
-0.143,0.377
-0.143,0.389
-0.143,0.389
-0.143,0.389
-0.143,0.389
-0.143,0.389
-0.143,0.389
-0.143,0.389
-0.143,0.389
-0.143,0.389
-0.143,0.389
-0.143,0.389
-0.143,0.389
-0.143,0.389
-0.143,0.389
-0.143,0.389
-0.143,0.389
-0.143,0.389
-0.155,0.389
-0.155,0.389
-0.155,0.381
-0.155,0.3735
-0.155,0.3735
-0.143,0.342
-0.143,0.342
-0.143,0.342
-0.143,0.342
-0.143,0.342
-0.143,0.342
-0.143,0.342
-0.143,0.342
-0.143,0.342
-0.143,0.342
-0.143,0.342
-0.143,0.342
-0.143,0.342
-0.143,0.342
-0.143,0.342
-0.143,0.342
-0.143,0.33
-0.143,0.33
-0.143,0.33
-0.143,0.33
-0.143,0.33
-0.143,0.33
-0.143,0.33
-0.143,0.33
-0.143,0.33
-0.143,0.322
-0.143,0.322
-0.143,0.322
-0.143,0.322
-0.143,0.322
-0.143,0.322
-0.143,0.322
-0.143,0.322
-0.143,0.322
-0.143,0.322
-0.143,0.322
-0.143,0.322
-0.143,0.322
-0.143,0.322
-0.143,0.322
-0.143,0.322
-0.143,0.322
-0.143,0.322
-0.143,0.322
-0.143,0.322
-0.143,0.322
-0.143,0.322
-0.143,0.322
-0.143,0.322
-0.143,0.3535
-0.143,0.361
-0.143,0.361
-0.143,0.3455
-0.143,0.3235
-0.143,0.306
-0.143,0.293
-0.143,0.2785
-0.143,0.2705
-0.143,0.2665
-0.143,0.2155
-0.143,0.2155
-0.143,0.2155
-0.143,0.2155
-0.143,0.2155
-0.143,0.2085
-0.143,0.2085
-0.143,0.2085
-0.143,0.2085
-0.143,0.2085
-0.143,0.2085
-0.143,0.2085
-0.143,0.2085
-0.155,0.2085
-0.155,0.2085
-0.155,0.2085
-0.155,0.2085
-0.155,0.2085
-0.155,0.2085
-0.163,0.2085
-0.163,0.2315
-0.163,0.251
-0.171,0.271
-0.171,0.2865
-0.171,0.3065
-0.171,0.322
-0.171,0.33
-0.171,0.33
-0.171,0.33
-0.171,0.33
-0.171,0.336
-0.171,0.33
-0.171,0.342
-0.171,0.33
-0.171,0.342
-0.171,0.342
-0.171,0.342
-0.171,0.342
-0.171,0.342
-0.171,0.342
-0.187,0.342
-0.187,0.342
-0.195,0.342
-0.187,0.339
-0.199,0.333
-0.199,0.3705
-0.199,0.3735
-0.199,0.3735
-0.199,0.3735
-0.199,0.381
-0.199,0.378
-0.199,0.381
-0.199,0.375
-0.199,0.369
-0.199,0.3415
-0.199,0.3445
-0.199,0.3415
-0.199,0.3535
-0.199,0.33
-0.199,0.33
-0.199,0.33
-0.199,0.33
-0.199,0.33
-0.199,0.333
-0.199,0.33
-0.187,0.33
-0.107,0.33
-0.0435,0.318
0.0265,0.318
0.0425,0.324
0.0545,0.318
0.0545,0.321
0.0545,0.318
0.0505,0.318
0.062,0.318
0.062,0.318
0.062,0.318
0.062,0.318
0.062,0.318
0.0425,0.318
-0.0325,0.318
-0.0435,0.318
-0.083,0.318
-0.127,0.321
-0.175,0.33
-0.195,0.318
-0.223,0.318
-0.247,0.33
-0.255,0.3375
-0.255,0.3375
-0.255,0.3375
-0.255,0.3375
-0.255,0.3375
-0.255,0.377
-0.255,0.377
-0.255,0.377
-0.255,0.389
-0.255,0.389
-0.255,0.389
-0.255,0.389
-0.255,0.389
-0.255,0.389
-0.255,0.389
-0.255,0.397
-0.267,0.397
-0.283,0.397
-0.291,0.397
-0.315,0.397
-0.327,0.397
-0.375,0.3655
-0.383,0.3655
-0.383,0.3655
-0.383,0.3655
-0.383,0.3495
-0.383,0.342
-0.383,0.342
-0.383,0.33
-0.383,0.33
-0.383,0.316
-0.383,0.31
-0.383,0.31
-0.383,0.302
-0.383,0.2945
-0.383,0.2945
-0.383,0.2825
-0.383,0.2825
-0.359,0.2945
-0.323,0.2825
-0.287,0.2825
-0.287,0.2965
-0.287,0.318
-0.287,0.391
-0.287,0.413
-0.275,0.4245
-0.243,0.4445
-0.231,0.4595
-0.231,0.4755
-0.219,0.4775
-0.219,0.4835
-0.219,0.4835
-0.219,0.4835
-0.219,0.4835
-0.219,0.4835
-0.207,0.4835
-0.207,0.4835
-0.207,0.4835
-0.207,0.4835
-0.227,0.456
-0.267,0.4445
-0.287,0.4445
-0.291,0.4445
-0.291,0.4445
-0.291,0.4445
-0.299,0.4445
-0.299,0.4445
-0.299,0.4445
-0.287,0.4445
-0.287,0.4165
-0.287,0.395
-0.287,0.381
-0.287,0.373
-0.287,0.3655
-0.287,0.3535
-0.287,0.3535
-0.299,0.3455
-0.287,0.3375
-0.275,0.33
-0.275,0.313
-0.275,0.31
-0.279,0.306
-0.255,0.302
-0.231,0.294
-0.219,0.2835
-0.203,0.2665
-0.183,0.251
-0.195,0.243
-0.187,0.231
-0.143,0.219
-0.143,0.211
-0.139,0.211
-0.139,0.211
-0.139,0.211
-0.151,0.211
-0.151,0.211
-0.151,0.211
-0.151,0.211
-0.151,0.211
-0.151,0.211
-0.151,0.211
-0.151,0.211
-0.151,0.211
-0.151,0.2035
-0.151,0.2035
-0.151,0.2035
-0.151,0.2035
-0.139,0.2035
-0.131,0.2035
-0.119,0.2035
-0.119,0.2035
-0.115,0.2035
-0.107,0.2235
-0.107,0.2235
-0.107,0.2235
-0.107,0.2235
-0.119,0.2235
-0.107,0.2235
-0.107,0.2235
-0.107,0.2235
-0.107,0.2235
-0.107,0.2175
-0.107,0.2235
-0.107,0.2175
-0.107,0.2235
-0.107,0.2235
-0.107,0.2145
-0.107,0.2035
-0.107,0.2035
-0.107,0.196
-0.107,0.196
-0.107,0.196
-0.103,0.196
-0.103,0.196
-0.103,0.196
-0.103,0.2235
-0.095,0.2235
-0.095,0.2355
-0.127,0.247
-0.127,0.247
-0.127,0.247
-0.123,0.247
-0.123,0.247
-0.123,0.239
-0.123,0.227
-0.123,0.22
-0.123,0.22
-0.123,0.22
-0.123,0.22
-0.123,0.22
-0.123,0.22
-0.123,0.22
-0.123,0.22
-0.123,0.22
-0.123,0.22
-0.123,0.22
-0.135,0.22
-0.115,0.22
-0.115,0.22
-0.115,0.22
-0.115,0.239
-0.115,0.2545
-0.127,0.231
-0.139,0.243
-0.163,0.251
-0.175,0.253
-0.175,0.2585
-0.175,0.2665
-0.175,0.2665
-0.183,0.2665
-0.183,0.2665
-0.183,0.2665
-0.183,0.2665
-0.183,0.2665
-0.183,0.2665
-0.183,0.2665
-0.183,0.2665
-0.183,0.2665
-0.183,0.2665
-0.183,0.2665
-0.183,0.2665
-0.183,0.2665
-0.183,0.2585
-0.183,0.243
-0.183,0.223
-0.183,0.2155
-0.183,0.2155
-0.183,0.2155
-0.183,0.2155
-0.183,0.2155
-0.183,0.2155
-0.183,0.2155
-0.183,0.2155
-0.183,0.247
-0.183,0.255
-0.183,0.255
-0.183,0.255
-0.183,0.255
-0.183,0.255
-0.183,0.255
-0.183,0.255
-0.183,0.255
-0.183,0.255
-0.183,0.255
-0.183,0.2235
-0.171,0.2235
-0.159,0.2235
-0.147,0.2235
-0.147,0.2235
-0.139,0.2235
-0.139,0.2155
-0.119,0.2155
-0.119,0.229
-0.119,0.231
-0.107,0.231
-0.107,0.231
-0.107,0.231
-0.103,0.231
-0.103,0.231
-0.103,0.231
-0.103,0.231
-0.103,0.231
-0.103,0.231
-0.103,0.231
-0.103,0.243
-0.103,0.243
-0.103,0.243
-0.135,0.243
-0.135,0.243
-0.135,0.243
-0.135,0.243
-0.135,0.243
-0.135,0.243
-0.135,0.243
-0.135,0.243
-0.135,0.243
-0.135,0.243
-0.135,0.243
-0.135,0.243
-0.135,0.243
-0.135,0.243
-0.135,0.243
-0.135,0.243
-0.135,0.243
-0.135,0.243
-0.135,0.243
-0.135,0.243
-0.135,0.29
-0.135,0.292
-0.135,0.298
-0.135,0.306
-0.135,0.306
-0.135,0.306
-0.135,0.306
-0.135,0.306
-0.135,0.306
-0.135,0.306
-0.135,0.306
-0.135,0.306
-0.135,0.306
-0.135,0.306
-0.135,0.306
-0.135,0.306
-0.135,0.306
-0.135,0.306
-0.147,0.306
-0.147,0.306
-0.147,0.306
-0.147,0.306
-0.147,0.306
-0.147,0.306
-0.147,0.306
-0.147,0.306
-0.147,0.318
-0.147,0.318
-0.147,0.318
-0.147,0.318
-0.147,0.318
-0.147,0.318
-0.147,0.318
-0.147,0.318
-0.147,0.318
-0.147,0.318
-0.147,0.318
-0.147,0.2865
-0.147,0.2865
-0.147,0.2865
-0.147,0.2865
-0.147,0.2865
-0.147,0.2865
-0.147,0.2865
-0.147,0.2865
-0.147,0.2865
-0.147,0.2865
-0.147,0.2865
-0.147,0.2865
-0.147,0.2865
-0.147,0.2865
-0.147,0.2865
-0.147,0.2865
-0.147,0.2865
-0.147,0.2865
-0.135,0.2865
-0.135,0.2865
-0.135,0.2865
-0.135,0.2865
-0.135,0.2865
-0.135,0.2865
-0.135,0.2865
-0.135,0.2865
-0.135,0.2865
-0.135,0.2865
-0.135,0.2865
-0.135,0.2865
-0.135,0.2865
-0.135,0.2865
-0.135,0.2865
-0.135,0.2865
-0.135,0.2865
-0.135,0.2865
-0.135,0.2865
-0.135,0.2865
-0.135,0.2865
-0.135,0.2865
-0.135,0.2865
-0.135,0.2865
-0.135,0.2865
-0.135,0.2865
-0.135,0.2865
-0.135,0.2865
-0.135,0.2865
-0.135,0.2865
-0.135,0.271
-0.135,0.271
-0.135,0.271
-0.135,0.3025
-0.103,0.3025
-0.103,0.3025
-0.103,0.3025
-0.103,0.3025
-0.103,0.3025
-0.103,0.3025
-0.103,0.3025
-0.103,0.3025
-0.103,0.3025
-0.103,0.3025
-0.103,0.3025
-0.103,0.3025
-0.103,0.271
-0.103,0.271
-0.103,0.271
-0.103,0.271
-0.103,0.271
-0.103,0.271
-0.103,0.3025
-0.103,0.2945
-0.103,0.2945
-0.103,0.2945
-0.103,0.2945
-0.103,0.2945
-0.103,0.2915
-0.103,0.2945
-0.103,0.2945
-0.103,0.2945
-0.103,0.2945
-0.103,0.2945
-0.103,0.2945
-0.103,0.26
-0.103,0.263
-0.103,0.263
-0.103,0.263
-0.103,0.263
-0.103,0.263
-0.103,0.251
-0.103,0.263
-0.103,0.243
-0.103,0.2355
-0.103,0.2155
-0.103,0.2085
-0.103,0.2085
-0.103,0.2085
-0.103,0.1985
-0.103,0.1825
-0.103,0.165
-0.103,0.155
-0.103,0.147
-0.103,0.127
-0.103,0.1195
-0.103,0.0995
-0.103,0.0835
-0.103,0.0775
-0.103,0.0755
-0.103,0.0755
-0.103,0.0755
-0.103,0.0755
-0.103,0.0755
-0.103,0.0755
-0.103,0.0755
-0.103,0.056
-0.103,0.052
-0.103,0.04
-0.103,0.032
-0.103,0.0205
-0.103,0.0205
-0.103,0.0205
-0.103,0.0045
-0.103,-0.0035
-0.103,-0.0095
-0.103,-0.0155
-0.103,-0.023
-0.103,-0.023
-0.103,-0.033
-0.103,-0.039
-0.103,-0.042
-0.103,-0.045
-0.103,-0.051
-0.103,-0.057
-0.103,-0.059
-0.103,-0.059
-0.103,-0.059
-0.103,-0.059
-0.103,-0.059
-0.103,-0.059
-0.103,-0.059
-0.103,-0.059
-0.103,-0.059
-0.103,-0.059
-0.103,-0.059
-0.103,-0.059
-0.103,-0.059
-0.103,-0.059
-0.103,-0.0665
-0.103,-0.0665
-0.103,-0.0665
-0.103,-0.0665
-0.103,-0.0665
-0.103,-0.0665
-0.103,-0.0665
-0.103,-0.0665
-0.103,-0.0745
-0.103,-0.0745
-0.103,-0.0745
-0.103,-0.0745
-0.103,-0.0745
-0.103,-0.0745
-0.103,-0.0745
-0.103,-0.0745
-0.103,-0.0745
-0.103,-0.0745
-0.103,-0.0745
-0.103,-0.0745
-0.103,-0.0745
-0.103,-0.0745
-0.103,-0.0745
-0.103,-0.0745
-0.103,-0.0745
-0.103,-0.0745
-0.103,-0.0745
-0.103,-0.0745
-0.103,-0.0745
-0.103,-0.0745
-0.103,-0.0745
-0.103,-0.0745
-0.103,-0.0745
-0.103,-0.0745
-0.103,-0.0745
-0.103,-0.0745
-0.103,-0.0745
-0.103,-0.0745
-0.103,-0.0745
-0.115,-0.0745
-0.115,-0.0745
-0.115,-0.0745
-0.115,-0.0745
-0.115,-0.0745
-0.115,-0.0745
-0.115,-0.0745
-0.115,-0.0745
-0.115,-0.0745
-0.115,-0.0745
-0.115,-0.0745
-0.115,-0.0745
-0.115,-0.0745
-0.115,-0.0745
-0.115,-0.0745
-0.115,-0.0745
-0.115,-0.0745
-0.115,-0.0745
-0.115,-0.0745
-0.115,-0.0745
-0.115,-0.0745
-0.115,-0.0745
-0.115,-0.0745
-0.115,-0.0745
-0.115,-0.0745
-0.115,-0.0745
-0.115,-0.0745
-0.115,-0.0745
-0.115,-0.0745
-0.115,-0.0745
-0.103,-0.0745
-0.103,-0.0745
-0.103,-0.0745
-0.103,-0.0745
-0.103,-0.0745
-0.095,-0.0745
-0.083,-0.0745
-0.079,-0.0745
-0.067,-0.0745
-0.071,-0.0745
-0.067,-0.0745
-0.067,-0.0745
-0.067,-0.0745
-0.067,-0.0745
-0.067,-0.0745
-0.067,-0.0745
-0.067,-0.0745
-0.067,-0.0745
-0.067,-0.0745
-0.067,-0.0745
-0.067,-0.0745
-0.067,-0.0745
-0.067,-0.0745
-0.067,-0.0745
-0.067,-0.0745
-0.067,-0.0745
-0.067,-0.0825
-0.067,-0.0825
-0.067,-0.0825
-0.067,-0.0945
-0.067,-0.0945
-0.067,-0.0945
-0.067,-0.1025
-0.067,-0.1025
-0.067,-0.1025
-0.067,-0.11
-0.067,-0.11
-0.067,-0.11
-0.067,-0.118
-0.079,-0.118
-0.079,-0.118
-0.079,-0.118
-0.079,-0.13
-0.079,-0.13
-0.079,-0.13
-0.079,-0.13
-0.079,-0.13
-0.079,-0.13
-0.079,-0.13
-0.079,-0.13
-0.079,-0.13
-0.079,-0.13
-0.079,-0.13
-0.079,-0.13
-0.079,-0.13
-0.079,-0.13
-0.079,-0.13
-0.079,-0.13
-0.079,-0.13
-0.079,-0.13
-0.079,-0.13
-0.079,-0.13
-0.079,-0.13
-0.079,-0.13
-0.079,-0.13
-0.079,-0.13
-0.079,-0.13
-0.079,-0.13
-0.079,-0.13
-0.079,-0.13
-0.079,-0.13
-0.079,-0.13
-0.079,-0.0985
-0.083,-0.0985
-0.083,-0.0985
-0.083,-0.0985
-0.091,-0.0985
-0.095,-0.091
-0.103,-0.091
-0.107,-0.091
-0.115,-0.091
-0.119,-0.091
-0.119,-0.091
-0.119,-0.091
-0.119,-0.091
-0.119,-0.091
-0.119,-0.091
-0.119,-0.091
-0.119,-0.091
-0.119,-0.091
-0.119,-0.091
-0.119,-0.091
-0.119,-0.091
-0.119,-0.091
-0.119,-0.091
-0.119,-0.091
-0.119,-0.1185
-0.119,-0.1185
-0.119,-0.1185
-0.119,-0.1185
-0.119,-0.1185
-0.119,-0.1185
-0.119,-0.1185
-0.119,-0.1185
-0.119,-0.1185
-0.119,-0.1185
-0.119,-0.1185
-0.119,-0.1185
-0.119,-0.1185
-0.119,-0.091
-0.119,-0.091
-0.119,-0.091
-0.119,-0.091
-0.119,-0.091
-0.119,-0.091
-0.119,-0.079
-0.119,-0.079
-0.119,-0.071
-0.119,-0.071
-0.119,-0.071
-0.119,-0.071
-0.119,-0.071
-0.119,-0.071
-0.119,-0.071
-0.119,-0.071
-0.119,-0.071
-0.119,-0.071
-0.119,-0.071
-0.119,-0.071
-0.119,-0.071
-0.119,-0.071
-0.119,-0.071
-0.119,-0.071
-0.119,-0.071
-0.119,-0.071
-0.119,-0.071
-0.119,-0.071
-0.119,-0.071
-0.119,-0.071
-0.119,-0.071
-0.119,-0.071
-0.119,-0.0075
-0.119,0.105
-0.119,0.2405
-0.131,0.328
-0.175,0.3535
-0.267,0.3535
-0.315,0.3535
-0.351,0.3535
-0.351,0.3535
-0.351,0.3535
-0.351,0.3655
-0.351,0.3655
-0.351,0.3795
-0.363,0.401
-0.363,0.432
-0.363,0.4755
-0.371,0.4835
-0.371,0.5075
-0.371,0.5035
-0.371,0.472
-0.371,0.454
-0.371,0.452
-0.371,0.44
-0.371,0.44
-0.403,0.44
-0.443,0.44
-0.491,0.44
-0.503,0.44
-0.507,0.44
-0.515,0.44
-0.551,0.44
-0.523,0.44
-0.515,0.44
-0.495,0.432
-0.475,0.432
-0.475,0.432
-0.475,0.4205
-0.475,0.4205
-0.515,0.4205
-0.523,0.4205
-0.495,0.4205
-0.471,0.4205
-0.427,0.4205
-0.367,0.4205
-0.335,0.4205
-0.323,0.4205
-0.335,0.4205
-0.323,0.4205
-0.319,0.4205
-0.311,0.4205
-0.311,0.4205
-0.311,0.4205
-0.311,0.4205
-0.311,0.4205
-0.311,0.4205
-0.307,0.4205
-0.299,0.4205
-0.295,0.4205
-0.287,0.4205
-0.271,0.41
-0.259,0.413
-0.251,0.407
-0.247,0.41
-0.247,0.401
-0.247,0.401
-0.251,0.407
-0.239,0.407
-0.251,0.404
-0.251,0.401
-0.251,0.401
-0.251,0.401
-0.251,0.401
-0.251,0.401
-0.251,0.401
-0.251,0.401
-0.251,0.401
-0.251,0.401
-0.251,0.401
-0.251,0.407
-0.251,0.401
-0.251,0.401
-0.251,0.401
-0.251,0.401
-0.251,0.401
-0.251,0.397
-0.251,0.4245
-0.251,0.4245
-0.251,0.432
-0.251,0.444
-0.251,0.444
-0.251,0.452
-0.251,0.464
-0.251,0.4715
-0.251,0.4715
-0.251,0.4715
-0.283,0.4715
-0.291,0.4715
-0.303,0.4715
-0.303,0.444
-0.275,0.444
-0.287,0.432
-0.275,0.432
-0.263,0.432
-0.247,0.432
-0.247,0.432
-0.255,0.432
-0.243,0.432
-0.243,0.432
-0.235,0.432
-0.235,0.432
-0.223,0.432
-0.219,0.432
-0.235,0.432
-0.219,0.432
-0.211,0.432
-0.223,0.432
-0.223,0.432
-0.223,0.432
-0.223,0.432
-0.223,0.432
-0.223,0.432
-0.223,0.432
-0.223,0.432
-0.223,0.432
-0.223,0.432
-0.223,0.432
-0.223,0.432
-0.223,0.424
-0.223,0.4165
-0.223,0.4045
-0.223,0.385
-0.223,0.381
-0.223,0.3615
-0.223,0.3535
-0.223,0.3455
-0.223,0.338
-0.223,0.338
-0.223,0.326
-0.223,0.312
-0.223,0.342
-0.223,0.3415
-0.223,0.376
-0.223,0.4045
-0.223,0.405
-0.223,0.405
-0.223,0.405
-0.223,0.405
-0.223,0.405
-0.223,0.405
-0.223,0.405
-0.223,0.397
-0.223,0.397
-0.223,0.3695
-0.223,0.3575
-0.223,0.3575
-0.223,0.3385
-0.223,0.3385
-0.223,0.3385
-0.223,0.3385
-0.223,0.3385
-0.223,0.3305
-0.223,0.319
-0.223,0.307
-0.223,0.307
-0.223,0.299
-0.223,0.299
-0.223,0.287
-0.223,0.287
-0.223,0.287
-0.223,0.287
-0.223,0.287
-0.223,0.287
-0.223,0.287
-0.243,0.287
-0.243,0.287
-0.243,0.287
-0.243,0.287
-0.243,0.287
-0.243,0.287
-0.243,0.287
-0.243,0.287
-0.243,0.287
-0.243,0.287
-0.243,0.287
-0.243,0.287
-0.243,0.287
-0.243,0.287
-0.243,0.287
-0.243,0.287
-0.251,0.287
-0.251,0.287
-0.251,0.287
-0.251,0.287
-0.251,0.287
-0.251,0.287
-0.251,0.287
-0.251,0.287
-0.251,0.287
-0.251,0.277
-0.251,0.261
-0.251,0.247
-0.251,0.2255
-0.251,0.19
-0.251,0.154
-0.203,0.102
-0.183,0.063
-0.183,0.0555
-0.183,0.0395
-0.183,0.0235
-0.183,0.0195
-0.183,0.0195
-0.183,0.0195
-0.183,0.0195
-0.183,0.0195
-0.183,0.0195
-0.183,0.0195
-0.183,0.014
-0.183,0.012
-0.211,0.012
-0.211,0.044
-0.223,0.044
-0.231,0.0755
-0.243,0.0755
-0.243,0.0755
-0.243,0.0755
-0.243,0.075
-0.243,0.075
-0.243,0.075
-0.243,0.075
-0.243,0.071
-0.243,0.067
-0.243,0.067
-0.243,0.055
-0.243,0.055
-0.251,0.016
-0.251,0.016
-0.251,0.016
-0.251,0.014
-0.251,0.008
-0.251,0.008
-0.251,0.008
-0.251,0.008
-0.251,0.008
-0.251,0.008
-0.251,0.008
-0.251,0.0395
-0.251,0.0395
-0.251,0.0395
-0.251,0.0395
-0.251,0.0395
-0.251,0.0395
-0.251,0.0395
-0.251,0.0395
-0.251,0.0395
-0.251,0.0395
-0.251,0.0395
-0.251,0.0395
-0.251,0.0395
-0.251,0.0395
-0.251,0.008
-0.259,0.0005
-0.275,0.0005
-0.283,0.0005
-0.295,0.0005
-0.307,0.0005
-0.319,0.0005
-0.319,0.0005
-0.319,0.0005
-0.319,0.0005
-0.319,0.0005
-0.327,0.0005
-0.327,0.0005
-0.331,-0.0075
-0.331,-0.0075
-0.339,-0.0075
-0.339,-0.0075
-0.339,-0.0075
-0.339,-0.0075
-0.339,-0.0075
-0.339,-0.0075
-0.339,-0.0195
-0.343,-0.0195
-0.331,-0.0195
-0.343,-0.0195
-0.343,-0.0195
-0.343,-0.0195
-0.343,-0.0195
-0.343,-0.0195
-0.343,-0.0195
-0.343,-0.0195
-0.343,-0.0195
-0.343,-0.0195
-0.343,0.0195
-0.343,0.0295
-0.343,0.0235
-0.331,0.0235
-0.343,0.0235
-0.343,0.0235
-0.343,0.0235
-0.343,0.0235
-0.343,0.0235
-0.343,0.0235
-0.343,0.0235
-0.343,0.0235
-0.343,0.0235
-0.343,-0.008
-0.343,-0.008
-0.343,-0.008
-0.343,-0.016
-0.343,-0.016
-0.343,-0.024
-0.343,-0.024
-0.343,-0.024
-0.343,-0.024
-0.343,-0.024
-0.343,-0.024
-0.355,-0.024
-0.355,-0.024
-0.355,-0.024
-0.355,-0.024
-0.355,-0.024
-0.355,0.0035
-0.355,0.0035
-0.355,0.0035
-0.323,0.0155
-0.323,0.0155
-0.323,0.0155
-0.323,0.0155
-0.323,0.0155
-0.315,0.0155
-0.315,0.0155
-0.315,0.0155
-0.315,0.0155
-0.303,0.0155
-0.303,0.0155
-0.303,0.0155
-0.303,0.0155
-0.303,0.0155
-0.303,0.0155
-0.303,-0.016
-0.303,-0.016
-0.303,-0.016
-0.303,-0.016
-0.295,-0.016
-0.295,-0.016
-0.295,-0.016
-0.295,-0.016
-0.295,-0.024
-0.295,-0.024
-0.295,-0.024
-0.295,-0.024
-0.295,-0.024
-0.323,-0.024
-0.335,-0.024
-0.335,-0.024
-0.343,-0.024
-0.343,-0.024
-0.343,-0.024
-0.343,-0.024
-0.343,-0.024
-0.343,-0.024
-0.343,-0.024
-0.355,-0.024
-0.355,-0.024
-0.355,-0.024
-0.355,-0.024
-0.355,-0.024
-0.355,-0.024
-0.355,-0.0315
-0.355,-0.0315
-0.355,-0.0315
-0.355,-0.0315
-0.355,-0.0315
-0.355,-0.0315
-0.355,-0.0315
-0.355,-0.0315
-0.355,-0.0315
-0.355,-0.0315
-0.355,-0.0315
-0.355,-0.0315
-0.355,-0.0315
-0.355,-0.0315
-0.355,-0.0315
-0.355,-0.004
-0.355,0.008
-0.355,0.016
-0.355,0.016
-0.355,0.016
-0.355,0.028
-0.355,0.028
-0.355,0.028
-0.355,0.028
-0.355,0.028
-0.355,0.028
-0.355,0.028
-0.355,0.028
-0.355,0.028
-0.355,0.028
-0.355,0.028
-0.355,0.028
-0.355,0.028
-0.355,0.028
-0.355,0.028
-0.355,0.028
-0.355,0.028
-0.355,-0.004
-0.355,-0.004
-0.355,-0.004
-0.355,-0.004
-0.355,-0.004
-0.355,-0.004
-0.355,-0.0115
-0.355,-0.0115
-0.355,-0.0115
-0.355,-0.0115
-0.355,-0.0115
-0.355,-0.0115
-0.355,-0.0115
-0.355,-0.0115
-0.355,-0.0115
-0.355,-0.0115
-0.355,-0.0115
-0.355,-0.0115
-0.355,-0.0115
-0.355,-0.0115
-0.355,-0.0115
-0.355,-0.0115
-0.355,-0.0115
-0.355,-0.0115
-0.355,-0.0115
-0.355,-0.0115
-0.355,-0.0115
-0.355,-0.0235
-0.355,-0.0235
-0.355,-0.0235
-0.355,-0.0235
-0.355,-0.0235
-0.355,-0.0235
-0.355,-0.0235
-0.355,-0.0235
-0.355,-0.0235
-0.355,-0.0235
-0.355,-0.0235
-0.355,-0.0235
-0.355,-0.0235
-0.355,-0.0235
-0.355,-0.0235
-0.355,-0.0235
-0.355,-0.0235
-0.355,-0.0235
-0.355,-0.0235
-0.355,-0.0235
-0.355,-0.0235
-0.355,-0.0235
-0.355,-0.0235
-0.355,-0.0235
-0.355,-0.0235
-0.355,-0.0235
-0.355,-0.0235
-0.355,-0.0235
-0.355,-0.0235
-0.355,-0.0235
-0.355,-0.0235
-0.355,-0.0235
-0.355,-0.0235
-0.355,-0.0235
-0.355,-0.0235
-0.355,0.016
-0.355,0.016
-0.355,0.028
-0.355,0.028
-0.355,0.028
-0.355,0.028
-0.355,0.028
-0.355,0.028
-0.355,0.028
-0.355,0.028
-0.355,0.028
-0.355,0.028
-0.355,0.028
-0.355,0.028
-0.355,0.028
-0.355,0.028
-0.355,0.028
-0.355,0.028
-0.355,-0.004
-0.355,-0.004
-0.355,-0.004
-0.355,-0.004
-0.355,-0.004
-0.355,-0.004
-0.355,-0.004
-0.355,-0.0115
-0.355,-0.0115
-0.355,-0.0115
-0.355,-0.0115
-0.355,-0.0115
-0.355,-0.0115
-0.355,-0.0115
-0.355,-0.0115
-0.355,-0.0115
-0.355,-0.0115
-0.355,-0.0115
-0.355,-0.0115
-0.355,-0.0115
-0.355,-0.0115
-0.355,-0.0115
-0.355,-0.0115
-0.355,-0.0115
-0.355,-0.0115
-0.355,-0.0115
-0.355,-0.0115
-0.355,-0.0115
-0.355,-0.0115
-0.355,-0.0115
-0.355,-0.0115
-0.355,-0.0115
-0.355,-0.0115
-0.355,-0.0115
-0.355,-0.0115
-0.355,-0.0115
-0.355,-0.0115
-0.367,-0.0115
-0.391,-0.004
-0.451,0.0585
-0.475,0.2545
-0.475,0.3445
-0.475,0.3735
-0.483,0.46
-0.483,0.4895
-0.483,0.5115
-0.491,0.5235
-0.491,0.531
-0.491,0.539
-0.491,0.553
-0.491,0.559
-0.491,0.5665
-0.491,0.5745
-0.491,0.5745
-0.491,0.5745
-0.491,0.5745
-0.491,0.5745
-0.491,0.5425
-0.491,0.5425
-0.491,0.5425
-0.491,0.5425
-0.491,0.5425
-0.491,0.5425
-0.491,0.5425
-0.491,0.5425
-0.491,0.5425
-0.491,0.5745
-0.491,0.582
-0.491,0.582
-0.491,0.582
-0.491,0.602
-0.491,0.602
-0.491,0.602
-0.491,0.602
-0.491,0.602
-0.491,0.61
-0.491,0.61
-0.491,0.5825
-0.491,0.5825
-0.491,0.5705
-0.491,0.5705
-0.491,0.5705
-0.491,0.5705
-0.491,0.5705
-0.491,0.5705
-0.491,0.5625
-0.491,0.5625
-0.491,0.5625
-0.491,0.5625
-0.491,0.5625
-0.491,0.5625
-0.491,0.5625
-0.491,0.5745
-0.491,0.5745
-0.491,0.582
-0.491,0.584
-0.491,0.59
-0.491,0.59
-0.491,0.59
-0.491,0.59
-0.491,0.59
-0.491,0.59
-0.491,0.59
-0.491,0.59
-0.491,0.59
-0.491,0.59
-0.491,0.59
-0.491,0.6175
-0.491,0.6295
-0.491,0.6375
-0.491,0.6375
-0.491,0.6375
-0.491,0.6375
-0.491,0.6375
-0.491,0.6375
-0.491,0.6375
-0.491,0.6375
-0.491,0.6375
-0.491,0.6375
-0.491,0.6375
-0.491,0.6375
-0.491,0.6375
-0.491,0.6375
-0.491,0.6375
-0.491,0.6375
-0.491,0.6375
-0.491,0.6375
-0.491,0.6375
-0.491,0.6375
-0.491,0.6375
-0.491,0.6375
-0.491,0.6375
-0.491,0.6375
-0.503,0.6375
-0.551,0.6375
-0.6755,0.6375
-0.6755,0.6375
-0.6755,0.6415
-0.6755,0.6455
-0.6755,0.6625
-0.6755,0.671
-0.6755,0.677
-0.6755,0.685
-0.6755,0.695
-0.6755,0.701
-0.6755,0.7245
-0.6435,0.752
-0.6435,0.76
-0.6435,0.76
-0.6435,0.76
-0.6435,0.766
-0.6435,0.76
-0.6435,0.76
-0.6435,0.76
-0.6435,0.76
-0.6435,0.76
-0.6435,0.763
-0.6435,0.76
-0.6435,0.76
-0.6435,0.76
-0.6435,0.76
-0.6435,0.76
-0.631,0.76
-0.627,0.76
-0.619,0.76
-0.603,0.76
-0.615,0.76
-0.603,0.76
-0.603,0.76
-0.579,0.7245
-0.567,0.698
-0.559,0.681
-0.559,0.673
-0.555,0.673
-0.555,0.673
-0.555,0.673
-0.547,0.673
-0.547,0.673
-0.543,0.673
-0.555,0.673
-0.543,0.673
-0.543,0.673
-0.543,0.701
-0.531,0.7085
-0.523,0.7245
-0.519,0.7365
-0.507,0.7365
-0.499,0.744
-0.495,0.744
-0.495,0.744
-0.487,0.744
-0.471,0.744
-0.463,0.744
-0.463,0.7145
-0.463,0.701
-0.459,0.681
-0.459,0.673
-0.459,0.6535
-0.491,0.6455
-0.491,0.604
-0.483,0.602
-0.475,0.602
-0.463,0.594
-0.459,0.594
-0.451,0.594
-0.439,0.594
-0.439,0.594
-0.423,0.594
-0.411,0.594
-0.411,0.594
-0.411,0.6055
-0.411,0.6055
-0.403,0.6375
-0.403,0.6375
-0.403,0.6375
-0.403,0.6375
-0.415,0.6375
-0.415,0.6375
-0.415,0.6375
-0.427,0.6375
-0.427,0.6535
-0.411,0.641
-0.403,0.6375
-0.399,0.6455
-0.391,0.6475
-0.399,0.6535
-0.399,0.6455
-0.391,0.6455
-0.391,0.6455
-0.391,0.6455
-0.367,0.6455
-0.367,0.6455
-0.367,0.6455
-0.375,0.6455
-0.351,0.6455
-0.351,0.614
-0.343,0.598
-0.343,0.5665
-0.331,0.547
-0.343,0.547
-0.343,0.547
-0.343,0.547
-0.343,0.535
-0.343,0.541
-0.343,0.535
-0.343,0.535
-0.343,0.535
-0.343,0.535
-0.343,0.535
-0.331,0.535
-0.331,0.535
-0.331,0.535
-0.315,0.515
-0.299,0.5075
-0.299,0.5075
-0.315,0.5075
-0.315,0.5075
-0.315,0.5075
-0.315,0.5075
-0.315,0.4955
-0.315,0.4955
-0.315,0.4955
-0.315,0.4955
-0.315,0.4955
-0.315,0.4955
-0.315,0.4955
-0.315,0.4875
-0.315,0.476
-0.315,0.488
-0.315,0.4955
-0.315,0.4835
-0.315,0.4835
-0.315,0.4915
-0.315,0.4915
-0.283,0.4915
-0.283,0.4915
-0.271,0.4915
-0.255,0.4915
-0.255,0.4915
-0.251,0.523
-0.263,0.4915
-0.251,0.523
-0.251,0.523
-0.251,0.4915
-0.251,0.4915
-0.251,0.4915
-0.243,0.4915
-0.243,0.4915
-0.243,0.4915
-0.243,0.4915
-0.243,0.4915
-0.243,0.4915
-0.243,0.4915
-0.255,0.4915
-0.255,0.4915
-0.287,0.523
-0.287,0.523
-0.287,0.523
-0.287,0.535
-0.287,0.535
-0.287,0.535
-0.287,0.535
-0.287,0.535
-0.287,0.535
-0.287,0.535
-0.299,0.5035
-0.307,0.5035
-0.299,0.4915
-0.287,0.4915
-0.283,0.523
-0.287,0.523
-0.271,0.523
-0.251,0.523
-0.227,0.523
-0.203,0.5505
-0.1875,0.5925
-0.1875,0.61
-0.1685,0.622
-0.1285,0.634
-0.121,0.634
-0.121,0.6025
-0.121,0.6025
-0.121,0.5905
-0.1445,0.5815
-0.1525,0.5785
-0.1555,0.5845
-0.1555,0.5705
-0.1555,0.5705
-0.1555,0.551
-0.1555,0.56
-0.1555,0.547
-0.1555,0.535
-0.1555,0.5075
-0.171,0.4915
-0.171,0.464
-0.183,0.464
-0.207,0.464
-0.219,0.456
-0.231,0.456
-0.243,0.456
-0.263,0.4485
-0.251,0.4365
-0.239,0.4225
-0.231,0.413
-0.231,0.401
-0.231,0.381
-0.231,0.381
-0.243,0.365
-0.247,0.365
-0.247,0.385
-0.243,0.385
-0.231,0.385
-0.231,0.397
-0.235,0.4005
-0.267,0.401
-0.283,0.401
-0.303,0.393
-0.315,0.393
-0.351,0.393
-0.355,0.3615
-0.355,0.3615
-0.355,0.3535
-0.355,0.3415
-0.363,0.3415
-0.363,0.3415
-0.375,0.3415
-0.379,0.334
-0.379,0.334
-0.379,0.334
-0.379,0.334
-0.379,0.3735
-0.379,0.3615
-0.379,0.393
-0.379,0.393
-0.379,0.393
-0.379,0.393
-0.387,0.393
-0.387,0.3615
-0.387,0.3535
-0.399,0.3415
-0.399,0.334
-0.399,0.334
-0.403,0.3495
-0.403,0.3595
-0.403,0.3775
-0.403,0.365
-0.411,0.373
-0.411,0.381
-0.411,0.369
-0.415,0.369
-0.415,0.369
-0.415,0.378
-0.415,0.381
-0.415,0.381
-0.415,0.381
-0.415,0.381
-0.415,0.381
-0.415,0.381
-0.415,0.381
-0.383,0.381
-0.383,0.381
-0.383,0.381
-0.371,0.372
-0.371,0.375
-0.371,0.381
-0.371,0.4205
-0.371,0.4325
-0.379,0.4525
-0.379,0.4525
-0.379,0.46
-0.379,0.46
-0.367,0.468
-0.367,0.482
-0.367,0.4955
-0.367,0.4995
-0.367,0.4715
-0.367,0.4715
-0.367,0.4795
-0.367,0.4795
-0.367,0.4795
-0.367,0.4795
-0.367,0.4795
-0.367,0.4915
-0.367,0.4915
-0.367,0.4915
-0.367,0.4915
-0.367,0.5235
-0.367,0.535
-0.367,0.543
-0.367,0.543
-0.367,0.543
-0.367,0.543
-0.367,0.543
-0.367,0.543
-0.367,0.543
-0.367,0.519
-0.367,0.519
-0.367,0.519
-0.359,0.519
-0.359,0.519
-0.359,0.519
-0.355,0.519
-0.355,0.519
-0.347,0.519
-0.347,0.519
-0.347,0.519
-0.347,0.519
-0.347,0.519
-0.347,0.519
-0.347,0.511
-0.347,0.511
-0.347,0.511
-0.347,0.499
-0.347,0.499
-0.347,0.499
-0.347,0.499
-0.347,0.4795
-0.347,0.4795
-0.347,0.4795
-0.347,0.4875
-0.347,0.507
-0.347,0.505
-0.347,0.519
-0.347,0.519
-0.347,0.519
-0.347,0.519
-0.359,0.519
-0.359,0.519
-0.367,0.519
-0.391,0.519
-0.415,0.525
-0.427,0.519
-0.415,0.519
-0.415,0.519
-0.427,0.519
-0.427,0.531
-0.459,0.519
-0.483,0.551
-0.487,0.5735
-0.495,0.5785
-0.495,0.5905
-0.495,0.602
-0.499,0.602
-0.499,0.602
-0.523,0.602
-0.547,0.602
-0.555,0.602
-0.555,0.602
-0.559,0.602
-0.559,0.5705
-0.559,0.5765
-0.559,0.5705
-0.559,0.5765
-0.559,0.5615
-0.559,0.5585
-0.559,0.551
-0.559,0.551
-0.559,0.551
-0.559,0.551
-0.559,0.554
-0.547,0.557
-0.535,0.551
-0.531,0.551
-0.531,0.551
-0.563,0.545
-0.555,0.545
-0.555,0.539
-0.551,0.531
-0.543,0.531
-0.539,0.531
-0.527,0.531
-0.495,0.537
-0.475,0.531
-0.471,0.531
-0.463,0.531
-0.459,0.519
-0.435,0.525
-0.423,0.519
-0.399,0.519
-0.375,0.519
-0.331,0.519
-0.271,0.519
-0.247,0.519
-0.239,0.503
-0.239,0.503
-0.235,0.503
-0.227,0.495
-0.227,0.4835
-0.227,0.4755
-0.227,0.4755
-0.227,0.4755
-0.227,0.5075
-0.227,0.519
-0.227,0.5505
-0.223,0.5565
-0.215,0.5505
-0.203,0.543
-0.191,0.531
-0.199,0.531
-0.187,0.523
-0.179,0.4915
-0.1755,0.4915
-0.1755,0.4915
-0.1755,0.4835
-0.1325,0.4715
-0.101,0.4715
-0.081,0.4715
-0.065,0.4715
-0.061,0.4715
-0.0295,0.4715
-0.0495,0.4715
-0.0455,0.4715
-0.0175,0.4715
-0.006,0.4715
-0.002,0.4715
-0.0175,0.4715
-0.006,0.4715
0.006,0.4715
-0.006,0.4715
-0.01,0.4715
0.006,0.4715
-0.002,0.4715
0.014,0.4715
0.022,0.4715
0.01,0.4715
0.022,0.4815
0.022,0.499
0.006,0.507
0.006,0.523
0.006,0.526
0.006,0.5345
0.006,0.5345
0.022,0.5345
0.0255,0.5345
0.0255,0.5345
0.0255,0.5345
0.0255,0.5345
0.014,0.5345
0.014,0.5425
0.014,0.5505
0.026,0.5505
0.026,0.5525
0.022,0.5585
0.018,0.5585
-0.0175,0.5585
-0.0255,0.539
-0.0295,0.539
-0.0295,0.531
-0.041,0.531
-0.041,0.531
-0.041,0.531
-0.041,0.531
-0.041,0.531
-0.041,0.531
-0.041,0.531
-0.041,0.531
-0.041,0.531
-0.041,0.519
-0.041,0.519
-0.041,0.519
-0.041,0.503
-0.041,0.503
-0.041,0.503
-0.041,0.503
-0.041,0.503
-0.041,0.503
-0.041,0.495
-0.041,0.495
-0.041,0.4835
-0.073,0.4835
-0.077,0.4835
-0.077,0.4755
-0.077,0.468
-0.077,0.468
-0.0655,0.468
-0.0655,0.468
-0.0655,0.468
-0.0655,0.4915
-0.0655,0.4975
-0.0655,0.5235
-0.0655,0.531
-0.0655,0.539
-0.0655,0.539
-0.0655,0.539
-0.0655,0.539
-0.0655,0.539
-0.0655,0.539
-0.0655,0.527
-0.0655,0.527
-0.0655,0.4915
-0.0655,0.464
-0.0655,0.4385
-0.0655,0.4125
-0.0655,0.4125
-0.0655,0.4125
-0.0655,0.4125
-0.0655,0.4125
-0.0655,0.4125
-0.0655,0.4125
-0.0655,0.4125
-0.0655,0.4125
-0.0655,0.4125
-0.0655,0.446
-0.0655,0.464
-0.0655,0.4835
-0.0655,0.4835
-0.0655,0.4915
-0.0655,0.4835
-0.0655,0.4835
-0.0655,0.4835
-0.0655,0.4835
-0.0655,0.4835
-0.0655,0.4835
-0.0655,0.448
-0.0655,0.4045
-0.0655,0.3965
-0.0655,0.377
-0.0655,0.369
-0.0655,0.369
-0.0655,0.361
-0.0655,0.3535
-0.0655,0.3535
-0.0655,0.3535
-0.0655,0.3535
-0.0655,0.3535
-0.0655,0.3535
-0.0655,0.3535
-0.0615,0.3535
-0.0615,0.3535
-0.0615,0.3535
-0.0615,0.3535
-0.0615,0.3535
-0.0615,0.3535
-0.0615,0.393
-0.0615,0.393
-0.0615,0.393
-0.0615,0.393
-0.0615,0.393
-0.073,0.393
-0.081,0.393
-0.081,0.393
-0.093,0.393
-0.1125,0.393
-0.1245,0.393
-0.1165,0.393
-0.1165,0.393
-0.1165,0.3615
-0.1165,0.3615
-0.1165,0.377
-0.1285,0.377
-0.1285,0.377
-0.1285,0.385
-0.1285,0.377
-0.1165,0.377
-0.1285,0.377
-0.1285,0.377
-0.1285,0.377
-0.1285,0.377
-0.1165,0.377
-0.1125,0.377
-0.101,0.383
-0.0655,0.38
-0.0655,0.377
-0.0655,0.389
-0.0655,0.3965
-0.0655,0.3965
-0.0655,0.3965
-0.0655,0.3965
-0.0655,0.3965
-0.0655,0.3965
-0.0655,0.3965
-0.0655,0.3965
-0.0655,0.3965
-0.0655,0.3965
-0.0655,0.385
-0.0655,0.385
-0.0655,0.385
-0.0655,0.385
-0.0655,0.385
-0.0655,0.385
-0.0655,0.385
-0.0655,0.385
-0.0655,0.373
-0.0655,0.373
-0.0655,0.373
-0.0655,0.373
-0.0655,0.373
-0.0655,0.373
-0.0655,0.373
-0.0655,0.373
-0.0655,0.365
-0.0655,0.365
-0.0655,0.365
-0.0655,0.365
-0.0655,0.365
-0.0655,0.365
-0.0655,0.365
-0.0655,0.365
-0.0655,0.365
-0.0655,0.365
-0.0655,0.365
-0.0655,0.365
-0.0655,0.365
-0.0655,0.365
-0.0655,0.365
-0.0655,0.365
-0.0655,0.365
-0.0655,0.365
-0.0655,0.365
-0.0655,0.365
-0.0655,0.365
-0.0655,0.365
-0.0655,0.3585
-0.0655,0.3455
-0.0655,0.3455
-0.0655,0.3455
-0.0655,0.3455
-0.0655,0.3455
-0.0655,0.3375
-0.0655,0.3375
-0.0655,0.3375
-0.0655,0.3375
-0.0655,0.3375
-0.0655,0.3375
-0.0655,0.3375
-0.0655,0.3375
-0.0655,0.3375
-0.0655,0.3375
-0.0655,0.3375
-0.0655,0.3375
-0.0655,0.3375
-0.0655,0.3375
-0.0655,0.3375
-0.0655,0.3375
-0.0655,0.3375
-0.0655,0.3375
-0.0655,0.3375
-0.0735,0.3375
-0.0735,0.3375
-0.0855,0.3375
-0.0855,0.3255
-0.0855,0.3255
-0.0855,0.318
-0.0855,0.318
-0.0855,0.318
-0.0855,0.318
-0.0855,0.318
-0.0855,0.318
-0.0855,0.318
-0.0855,0.318
-0.0855,0.318
-0.0855,0.31
-0.0855,0.31
-0.0855,0.31
-0.0855,0.298
-0.0855,0.2865
-0.0855,0.2825
-0.0855,0.2825
-0.0855,0.271
-0.0855,0.263
-0.0855,0.263
-0.0855,0.251
-0.0855,0.243
-0.0855,0.243
-0.0535,0.2195
-0.0295,0.2
-0.0095,0.2
-0.0095,0.192
-0.0095,0.192
-0.0095,0.192
-0.0095,0.18
-0.0015,0.18
-0.0015,0.18
-0.0015,0.172
-0.0015,0.1335
-0.0015,0.1335
-0.0015,0.1335
-0.0295,0.1335
-0.0295,0.1335
-0.0295,0.1335
-0.0295,0.1335
-0.0295,0.1335
-0.0295,0.1335
-0.0295,0.1335
-0.0295,0.1335
-0.0295,0.1335
-0.0415,0.1335
-0.0415,0.1605
-0.0415,0.172
-0.0415,0.172
-0.0415,0.18
-0.0415,0.18
-0.0415,0.2
-0.0415,0.2
-0.0415,0.2
-0.0415,0.2
-0.0415,0.2
-0.0415,0.2
-0.0415,0.2
-0.0415,0.2
-0.0415,0.2
-0.0415,0.2
-0.0415,0.172
-0.0415,0.172
-0.0415,0.172
-0.0415,0.172
-0.0415,0.172
-0.0415,0.172
-0.0415,0.172
-0.0415,0.172
-0.0415,0.172
-0.0415,0.172
