valence,arousal
0.0,0.0345
0.0,0.0345
0.0,0.0345
0.0,0.0345
0.0,0.0345
0.0,0.0345
0.0,0.0345
0.0,0.0345
0.0,0.0345
0.0,0.0345
0.0,0.0345
0.0,0.0425
0.0,0.0425
0.0,0.0425
0.0,0.0425
0.027,0.0425
0.027,0.0425
0.027,0.019
0.027,0.007
0.027,0.0
0.027,0.0
0.027,0.0
0.027,0.0
0.0385,0.0
0.0465,0.0
0.0465,0.0
0.0585,-0.01
0.0585,-0.01
0.0585,-0.018
0.0585,-0.026
0.0695,-0.026
0.0775,-0.038
0.0695,-0.038
0.0855,-0.0455
0.0815,-0.0475
0.05,-0.0535
0.0615,-0.0545
0.0655,-0.0545
0.0575,-0.0625
0.046,-0.0545
0.0615,-0.0505
0.0655,-0.0505
0.0655,-0.0425
0.0655,-0.0225
0.0655,-0.0225
0.0655,-0.0225
0.0655,-0.0225
0.0655,-0.0225
0.0655,-0.0305
0.0655,-0.0305
0.0655,-0.0335
0.0655,-0.0425
0.0735,-0.0425
0.0735,-0.0425
0.0735,-0.0425
0.0735,-0.0425
0.0735,-0.0425
0.0735,-0.0425
0.0775,-0.0365
0.0655,-0.0425
0.0775,-0.0425
0.0775,-0.0705
0.0775,-0.0705
0.0775,-0.082
0.0815,-0.082
0.0815,-0.082
0.089,-0.09
0.089,-0.09
0.089,-0.09
0.089,-0.09
0.089,-0.102
0.089,-0.102
0.089,-0.109
0.089,-0.115
0.089,-0.117
0.089,-0.125
0.089,-0.133
0.089,-0.1445
0.089,-0.161
0.089,-0.17
0.089,-0.188
0.089,-0.1995
0.089,-0.2075
0.089,-0.2215
0.089,-0.2235
0.089,-0.2355
0.089,-0.2355
0.089,-0.239
0.089,-0.243
0.089,-0.243
0.089,-0.251
0.089,-0.2405
0.089,-0.2525
0.089,-0.2605
0.089,-0.268
0.089,-0.268
0.089,-0.26
0.089,-0.264
0.089,-0.272
0.089,-0.272
0.089,-0.284
0.089,-0.286
0.089,-0.292
0.089,-0.292
0.089,-0.2995
0.089,-0.2995
0.089,-0.3195
0.089,-0.358
0.089,-0.374
0.089,-0.3935
0.089,-0.4015
0.089,-0.4015
0.089,-0.4045
0.089,-0.4135
0.089,-0.374
0.089,-0.374
0.089,-0.374
0.089,-0.374
0.089,-0.374
0.089,-0.374
0.089,-0.374
0.089,-0.374
0.089,-0.374
0.089,-0.374
0.077,-0.374
0.077,-0.374
0.077,-0.374
0.077,-0.374
0.077,-0.374
0.077,-0.374
0.077,-0.374
0.077,-0.374
0.077,-0.374
0.077,-0.374
0.077,-0.374
0.077,-0.374
0.077,-0.374
0.077,-0.374
0.077,-0.374
0.077,-0.374
0.077,-0.374
0.077,-0.374
0.077,-0.374
0.077,-0.374
0.077,-0.374
0.077,-0.374
0.077,-0.374
0.081,-0.374
0.081,-0.374
0.085,-0.362
0.093,-0.3545
0.093,-0.3475
0.097,-0.3275
0.101,-0.3115
0.101,-0.2995
0.101,-0.2915
0.105,-0.284
0.093,-0.311
0.093,-0.311
0.093,-0.311
0.105,-0.303
0.1125,-0.303
0.1125,-0.303
0.1205,-0.303
0.1205,-0.264
0.1205,-0.264
0.1165,-0.264
0.1165,-0.256
0.1165,-0.256
0.1165,-0.2365
0.1285,-0.229
0.1285,-0.209
0.1165,-0.209
0.1165,-0.201
0.1285,-0.185
0.1205,-0.185
0.1205,-0.185
0.1205,-0.1775
0.1325,-0.1775
0.1325,-0.1775
0.1365,-0.1655
0.1365,-0.1575
0.1445,-0.1575
0.1445,-0.1495
0.1325,-0.1495
0.1325,-0.183
0.1325,-0.188
0.1325,-0.1765
0.1325,-0.1765
0.1325,-0.1415
0.1325,-0.114
0.1325,-0.0945
0.1325,-0.0785
0.1325,-0.0705
0.1325,-0.0585
0.1325,-0.0485
0.1325,-0.035
0.1325,-0.023
0.1325,-0.015
0.1325,-0.015
0.1325,-0.015
0.1325,-0.015
0.1325,-0.015
0.1325,-0.015
0.1325,-0.015
0.1325,-0.015
0.1325,-0.015
0.1325,-0.015
0.1325,-0.015
0.1325,-0.015
0.1325,-0.015
0.1325,-0.015
0.1325,-0.015
0.1325,-0.015
0.1325,-0.015
0.1325,-0.015
0.1325,-0.007
0.1325,-0.007
0.1325,-0.007
0.1325,-0.007
0.1325,-0.007
0.1325,-0.007
0.1325,-0.007
0.1325,-0.007
0.1325,-0.0345
0.1325,-0.0345
0.1325,-0.0465
0.1325,-0.0465
0.1325,-0.0465
0.1325,-0.0465
0.1325,-0.0465
0.1325,-0.0465
0.1325,-0.0465
0.1325,-0.0465
0.1325,-0.0465
0.1285,-0.0465
0.1285,-0.0465
0.1285,-0.0465
0.1285,-0.0385
0.1285,-0.031
0.1285,-0.019
0.1285,-0.019
0.1285,-0.011
0.1285,-0.003
0.1285,0.007
0.1285,0.007
0.1285,0.007
0.1285,0.007
0.1285,0.0
0.1285,0.0
0.1285,0.0
0.1285,0.0
0.1285,0.0
0.1285,0.0
0.1285,0.0
0.1285,0.027
0.1285,0.027
0.1285,0.027
0.1285,0.027
0.1285,0.027
0.1285,0.027
0.1285,0.034
0.16,0.034
0.16,0.034
0.16,0.007
0.168,0.019
0.184,0.019
0.184,0.019
0.1995,0.0345
0.2075,0.0345
0.2235,0.0425
0.2235,0.0425
0.2315,0.0425
0.239,0.0545
0.251,0.0545
0.3025,0.0545
0.306,0.078
0.318,0.078
0.318,0.098
0.318,0.098
0.318,0.1135
0.306,0.1215
0.322,0.1245
0.306,0.1335
0.306,0.141
0.326,0.141
0.318,0.141
0.31,0.149
0.326,0.149
0.326,0.157
0.326,0.157
0.31,0.157
0.31,0.157
0.322,0.171
0.338,0.1765
0.326,0.1765
0.342,0.1765
0.342,0.1765
0.342,0.1765
0.342,0.1765
0.342,0.1765
0.342,0.1765
0.342,0.1765
0.342,0.1785
0.326,0.163
0.326,0.149
0.326,0.1335
0.338,0.1215
0.338,0.1175
0.338,0.1135
0.338,0.1135
0.338,0.1055
0.338,0.098
0.338,0.098
0.338,0.098
0.338,0.125
0.338,0.1245
0.338,0.1325
0.338,0.1245
0.338,0.1165
0.338,0.109
0.338,0.101
0.338,0.095
0.338,0.081
0.338,0.081
0.338,0.081
0.326,0.0735
0.31,0.0735
0.306,0.046
0.2945,0.046
0.306,0.046
0.2945,0.046
0.2945,0.046
0.2945,0.046
0.2945,0.034
0.2945,0.027
0.2945,0.027
0.2945,0.027
0.2945,0.027
0.2945,0.027
0.2945,0.027
0.2945,0.027
0.2945,0.027
0.2945,0.027
0.2945,0.027
0.2945,0.027
0.2945,0.027
0.2945,0.027
0.2945,0.027
0.2945,0.027
0.2945,0.027
0.2945,0.027
0.2945,0.027
0.2945,0.027
0.2945,0.027
0.2945,0.027
0.2945,0.027
0.2945,0.027
0.2945,0.027
0.2945,0.027
0.2945,0.027
0.2945,0.027
0.2945,0.027
0.2945,0.027
0.2945,0.027
0.2945,0.027
0.2945,0.027
0.2945,0.027
0.2945,0.027
0.2945,0.027
0.2945,0.027
0.2945,0.027
0.2945,0.0585
0.2945,0.1095
0.2945,0.141
0.2945,0.149
0.2945,0.157
0.2945,0.16
0.2945,0.1765
0.31,0.1765
0.3575,0.1765
0.3615,0.1765
0.3695,0.1335
0.3695,0.098
0.3695,0.0645
0.3695,0.0545
0.3695,0.0545
0.3695,0.0425
0.3695,0.0425
0.3695,0.0405
0.3695,0.0345
0.3695,0.0345
0.3695,0.0345
0.3695,0.0345
0.3695,0.0345
0.3695,0.0345
0.3695,0.027
0.3695,0.027
0.3695,0.027
0.3695,0.027
0.3695,0.027
0.3695,0.027
0.3695,0.027
0.3695,0.027
0.3695,0.027
0.3695,0.027
0.3695,0.027
0.3615,0.027
0.3575,0.027
0.3575,0.027
0.3455,0.027
0.3615,0.027
0.342,0.027
0.338,0.027
0.322,0.027
0.338,0.027
0.322,0.027
0.318,0.027
0.318,0.027
0.318,0.027
0.318,0.027
0.318,0.027
0.326,0.027
0.318,0.027
0.326,0.027
0.318,0.027
0.31,0.027
0.2945,0.027
0.31,0.054
0.2945,0.054
0.306,0.054
0.306,0.054
0.306,0.054
0.306,0.054
0.306,0.054
0.306,0.054
0.306,0.054
0.306,0.054
0.306,0.054
0.306,0.054
0.306,0.054
0.306,0.027
0.306,0.027
0.306,0.027
0.306,0.027
0.306,0.027
0.306,0.027
0.306,0.027
0.306,0.027
0.306,0.027
0.306,0.027
0.306,0.054
0.306,0.054
0.2945,0.054
0.2945,0.0655
0.2945,0.0655
0.306,0.0655
0.306,0.0735
0.306,0.0735
0.306,0.0735
0.306,0.0735
0.306,0.0735
0.306,0.0735
0.306,0.0855
0.306,0.054
0.306,0.054
0.306,0.054
0.306,0.054
0.306,0.054
0.306,0.054
0.306,0.046
0.306,0.046
0.306,0.034
0.306,0.034
0.306,0.034
0.306,0.034
0.306,0.034
0.306,0.034
0.306,0.034
0.306,0.034
0.306,0.034
0.306,0.034
0.306,0.034
0.306,0.034
0.306,0.034
0.306,0.034
0.306,0.034
0.306,0.034
0.306,0.034
0.306,0.034
0.306,0.034
0.306,0.034
0.306,0.034
0.306,0.034
0.306,0.027
0.306,0.027
0.306,0.027
0.306,0.027
0.306,0.027
0.306,0.027
0.306,0.027
0.306,0.027
0.306,0.027
0.306,0.027
0.306,0.0655
0.306,0.0655
0.306,0.0655
0.306,0.0655
0.306,0.0655
0.306,0.0655
0.306,0.0655
0.306,0.0655
0.306,0.0655
0.306,0.0655
0.306,0.0655
0.306,0.0655
0.306,0.0655
0.306,0.0655
0.306,0.0655
0.306,0.0655
0.306,0.0655
0.306,0.0655
0.306,0.0655
0.306,0.0655
0.306,0.0655
0.306,0.0655
0.306,0.0655
0.306,0.0655
0.306,0.0655
0.306,0.0655
0.306,0.0655
0.306,0.0655
0.306,0.0655
0.306,0.0655
0.306,0.034
0.306,0.027
0.306,0.027
0.306,0.0425
0.306,0.0425
0.306,0.0425
0.306,0.0425
0.306,0.0425
0.306,0.0425
0.306,0.0425
0.306,0.0425
0.306,0.0425
0.306,0.0425
0.306,0.0425
0.306,0.0425
0.306,0.0425
0.306,0.0425
0.306,0.0425
0.306,0.0425
0.306,0.0425
0.306,0.0425
0.306,0.0425
0.306,0.0425
0.306,0.0425
0.306,0.0425
0.306,0.0425
0.306,0.0425
0.306,0.0425
0.306,0.0425
0.306,0.0425
0.306,0.0425
0.31,0.0425
0.31,0.0425
0.318,0.0425
0.31,0.0425
0.2905,0.08
0.2865,0.1215
0.2865,0.151
0.3025,0.202
0.3025,0.2115
0.2745,0.2195
0.2825,0.2315
0.2945,0.2315
0.342,0.2315
0.3455,0.239
0.3575,0.239
0.3455,0.239
0.3735,0.239
0.413,0.239
0.413,0.239
0.413,0.239
0.413,0.212
0.413,0.212
0.4245,0.212
0.413,0.212
0.413,0.212
0.4325,0.212
0.4525,0.239
0.484,0.239
0.48,0.239
0.476,0.239
0.405,0.2505
0.393,0.2585
0.338,0.229
0.326,0.1895
0.322,0.172
0.322,0.164
0.306,0.1565
0.3025,0.105
0.3025,0.0895
0.3025,0.0755
0.3025,0.101
0.3025,0.093
0.3025,0.0535
0.33,0.0535
0.33,0.0535
0.33,0.0415
0.33,0.0415
0.33,0.0415
0.33,0.0415
0.33,0.0415
0.33,0.0415
0.33,0.0415
0.33,0.0415
0.3025,0.0415
0.3025,0.0415
0.3025,0.0415
0.3025,0.0415
0.3025,0.0415
0.3025,0.0415
0.3025,0.0415
0.3025,0.0415
0.3025,0.0415
0.3025,0.0415
0.3025,0.0415
0.3025,0.081
0.3025,0.081
0.3025,0.081
0.3025,0.081
0.3025,0.0535
0.314,0.0415
0.314,0.0415
0.314,0.0415
0.314,0.0495
0.314,0.0495
0.314,0.0495
0.314,0.081
0.314,0.101
0.314,0.101
0.314,0.115
0.314,0.121
0.314,0.129
0.314,0.129
0.314,0.1165
0.314,0.113
0.314,0.1405
0.314,0.168
0.314,0.184
0.322,0.2035
0.389,0.2115
0.405,0.2115
0.389,0.2115
0.389,0.2115
0.405,0.2115
0.393,0.2115
0.393,0.2115
0.393,0.2115
0.393,0.2115
0.393,0.2115
0.393,0.2115
0.393,0.2115
0.405,0.243
0.405,0.251
0.405,0.251
0.405,0.251
0.405,0.251
0.405,0.251
0.405,0.251
0.405,0.251
0.405,0.251
0.405,0.2625
0.405,0.2705
0.405,0.2825
0.405,0.2825
0.405,0.267
0.405,0.267
0.405,0.267
0.405,0.267
0.405,0.267
0.405,0.267
0.405,0.267
0.405,0.267
0.405,0.267
0.405,0.267
0.405,0.267
0.405,0.267
0.405,0.267
0.405,0.267
0.405,0.267
0.405,0.267
0.405,0.267
0.405,0.267
0.405,0.267
0.405,0.267
0.405,0.267
0.405,0.267
0.405,0.267
0.405,0.267
0.405,0.267
0.405,0.267
0.405,0.267
0.405,0.267
0.405,0.267
0.405,0.267
0.405,0.267
0.405,0.267
0.405,0.267
0.405,0.267
0.405,0.267
0.405,0.267
0.405,0.267
0.405,0.267
0.405,0.255
0.405,0.261
0.405,0.247
0.405,0.239
0.405,0.2315
0.405,0.2315
0.405,0.2315
0.405,0.2195
0.405,0.2195
0.405,0.2195
0.405,0.2195
0.405,0.2195
0.405,0.2195
0.405,0.2195
0.405,0.2195
0.405,0.2195
0.405,0.2195
0.405,0.2195
0.405,0.2195
0.405,0.2195
0.405,0.2195
0.405,0.2225
0.405,0.2195
0.405,0.2195
0.405,0.2195
0.405,0.2195
0.405,0.2195
0.405,0.2195
0.405,0.2195
0.405,0.2195
0.405,0.2195
0.405,0.2195
0.405,0.2195
0.405,0.2195
0.405,0.2195
0.405,0.2195
0.405,0.2195
0.405,0.2195
0.405,0.2195
0.405,0.2195
0.405,0.2195
0.405,0.2195
0.405,0.2195
0.405,0.2195
0.405,0.231
0.405,0.231
0.405,0.231
0.405,0.239
0.405,0.251
0.405,0.251
0.405,0.251
0.405,0.259
0.405,0.259
0.405,0.259
0.405,0.259
0.405,0.259
0.405,0.259
0.405,0.259
0.405,0.2705
0.405,0.2905
0.405,0.298
0.405,0.298
0.405,0.31
0.405,0.334
0.405,0.3575
0.405,0.3815
0.405,0.393
0.405,0.415
0.405,0.4365
0.405,0.4445
0.405,0.456
0.405,0.4225
0.405,0.4325
0.405,0.4385
0.4325,0.4485
0.4325,0.456
0.4365,0.456
0.5115,0.515
0.523,0.535
0.523,0.535
0.527,0.535
0.527,0.5465
0.527,0.5465
0.527,0.5465
0.527,0.5465
0.527,0.5465
0.527,0.5465
0.527,0.5465
0.527,0.5485
0.527,0.523
0.527,0.523
0.527,0.523
0.527,0.523
0.4995,0.523
0.4995,0.523
0.4995,0.523
0.4995,0.523
0.4995,0.523
0.4995,0.523
0.4995,0.5545
0.4995,0.5625
0.4995,0.5745
0.4995,0.582
0.4995,0.594
0.4995,0.594
0.4995,0.594
0.4995,0.594
0.4995,0.594
0.4995,0.594
0.4995,0.5625
0.4995,0.5625
0.4995,0.539
0.4995,0.5185
0.4995,0.5155
0.4995,0.5155
0.4995,0.5115
0.484,0.4995
0.484,0.4995
0.484,0.492
0.48,0.483
0.4915,0.489
0.4915,0.48
0.476,0.48
0.476,0.519
0.484,0.531
0.476,0.531
0.476,0.531
0.476,0.523
0.476,0.523
0.476,0.523
0.476,0.523
0.476,0.4915
0.476,0.4875
0.4915,0.4755
0.4915,0.464
0.4915,0.464
0.48,0.464
0.476,0.464
0.48,0.464
0.48,0.464
0.468,0.464
0.464,0.464
0.476,0.464
0.476,0.456
0.476,0.444
0.468,0.444
0.464,0.444
0.464,0.482
0.476,0.4835
0.476,0.4835
0.46,0.4835
0.468,0.4835
0.46,0.4835
0.464,0.4835
0.4405,0.4955
0.4485,0.4955
0.46,0.4955
0.4405,0.4955
0.4285,0.4955
0.4245,0.4955
0.4285,0.4955
0.4245,0.4955
0.4165,0.4955
0.409,0.4955
0.409,0.4955
0.413,0.4955
0.4165,0.4955
0.413,0.4955
0.4245,0.4955
0.4245,0.4955
0.413,0.4955
0.409,0.4955
0.393,0.4955
0.409,0.4955
0.393,0.4955
0.397,0.4955
0.405,0.4955
0.405,0.4955
0.409,0.4955
0.393,0.4955
0.405,0.4955
0.405,0.4955
0.405,0.4955
0.405,0.4955
0.405,0.456
0.409,0.456
0.409,0.456
0.409,0.456
0.397,0.456
0.409,0.456
0.409,0.4445
0.409,0.4445
0.397,0.4445
0.397,0.4445
0.397,0.4445
0.409,0.4445
0.409,0.4445
0.409,0.4445
0.409,0.4445
0.409,0.4445
0.413,0.4445
0.397,0.4445
0.389,0.4445
0.405,0.4445
0.405,0.4445
0.393,0.4445
0.397,0.4445
0.409,0.4445
0.389,0.4445
0.389,0.4445
0.381,0.4445
0.397,0.4445
0.405,0.4445
0.381,0.4445
0.393,0.4445
0.3655,0.4445
0.3735,0.4445
0.381,0.4445
0.389,0.4445
0.3455,0.4445
0.3735,0.4445
0.3535,0.4445
0.3575,0.4445
0.377,0.4445
0.3615,0.4445
0.338,0.4445
0.3455,0.4445
0.3535,0.4445
0.3455,0.4445
0.3615,0.4445
0.3655,0.4325
0.3655,0.4325
0.3655,0.4325
0.3655,0.4325
0.3655,0.4325
0.3655,0.4325
0.3655,0.4325
0.3655,0.4325
0.3655,0.4325
0.3655,0.4245
0.3735,0.4245
0.3735,0.4245
0.3735,0.4165
0.3735,0.383
0.3735,0.381
0.3735,0.373
0.3735,0.373
0.3735,0.3655
0.3735,0.3655
0.3735,0.3595
0.3735,0.3535
0.3735,0.3535
0.3735,0.3535
0.3735,0.3495
0.3735,0.3455
0.3735,0.3455
0.3735,0.3455
0.3735,0.3455
0.3735,0.3455
0.3735,0.3455
0.3735,0.3455
0.3735,0.3455
0.3735,0.3455
0.3735,0.3455
0.3735,0.3455
0.3735,0.389
0.3735,0.381
0.3735,0.381
0.3735,0.381
0.3735,0.381
0.3735,0.3735
0.3735,0.3735
0.3735,0.3735
0.3735,0.3735
0.3735,0.3735
0.3735,0.3735
0.3735,0.3735
0.3735,0.33
0.3735,0.33
0.3735,0.33
0.3735,0.33
0.3735,0.33
0.3735,0.33
0.3735,0.33
0.3735,0.33
0.3735,0.33
0.3735,0.322
0.3735,0.31
0.3735,0.31
0.3735,0.31
0.3735,0.31
0.3735,0.31
0.3735,0.31
0.3615,0.31
0.3615,0.31
0.3615,0.31
0.3615,0.31
0.3615,0.31
0.3575,0.31
0.3415,0.31
0.3455,0.31
0.3575,0.302
0.3575,0.302
0.3615,0.302
0.3655,0.302
0.3535,0.302
0.3535,0.302
0.3415,0.302
0.3535,0.302
0.3535,0.302
0.3615,0.302
0.3655,0.302
0.3655,0.302
0.3655,0.302
0.3655,0.302
0.3655,0.302
0.3655,0.29
0.3655,0.2825
0.3655,0.2625
0.3655,0.2625
0.3655,0.2625
0.3655,0.2625
0.3655,0.2625
0.3655,0.2625
0.3655,0.251
0.3655,0.251
0.3655,0.251
0.3655,0.251
0.3655,0.271
0.3655,0.271
0.3655,0.271
0.3655,0.275
0.3655,0.2865
0.3655,0.2785
0.3655,0.2865
0.3655,0.2865
0.3655,0.2865
0.3655,0.314
0.3655,0.314
0.3655,0.32
0.3655,0.314
0.3655,0.3455
0.3655,0.3575
0.3655,0.3575
0.3655,0.3575
0.3655,0.3575
0.3655,0.3575
0.3655,0.3575
0.3655,0.365
0.3655,0.365
0.3655,0.365
0.3655,0.365
0.3655,0.365
0.3655,0.365
0.3655,0.373
0.3655,0.373
0.3655,0.373
0.3535,0.373
0.3455,0.373
0.3455,0.373
0.3455,0.373
0.3455,0.373
0.3455,0.373
0.3455,0.373
0.3455,0.3455
0.3455,0.3255
0.3455,0.318
0.3455,0.318
0.3735,0.318
0.385,0.318
0.385,0.318
0.385,0.318
0.385,0.318
0.385,0.318
0.385,0.318
0.393,0.318
0.393,0.318
0.393,0.318
0.401,0.3335
0.4365,0.361
0.464,0.379
0.464,0.4045
0.464,0.4205
0.464,0.44
0.4715,0.448
0.4995,0.448
0.4915,0.456
0.4995,0.456
0.515,0.4835
0.543,0.5035
0.543,0.5035
0.543,0.5155
0.543,0.5275
0.543,0.5275
0.543,0.5445
0.543,0.5465
0.543,0.5465
0.543,0.5465
0.543,0.5465
0.543,0.515
0.5115,0.515
0.5035,0.515
0.5035,0.515
0.5035,0.503
0.511,0.4955
0.5035,0.46
0.5075,0.4405
0.5115,0.4165
0.4995,0.397
0.4995,0.3495
0.4995,0.326
0.4995,0.3045
0.5115,0.3025
0.5115,0.3025
0.5075,0.2905
0.4995,0.2825
0.492,0.2745
0.492,0.243
0.5115,0.2235
0.4995,0.2075
0.4995,0.19
0.4995,0.188
0.492,0.176
0.492,0.176
0.492,0.176
0.5035,0.176
0.472,0.176
0.4565,0.176
0.4245,0.176
0.417,0.176
0.421,0.17
0.421,0.164
0.405,0.167
0.413,0.164
0.397,0.164
0.397,0.164
0.3695,0.164
0.3735,0.164
0.3695,0.164
0.3655,0.164
0.3655,0.164
0.346,0.164
0.338,0.164
0.334,0.164
0.346,0.164
0.346,0.164
0.346,0.164
0.346,0.164
0.346,0.164
0.346,0.164
0.346,0.164
0.346,0.164
0.3495,0.164
0.3695,0.176
0.389,0.184
0.401,0.184
0.401,0.184
0.401,0.1915
0.405,0.1995
0.417,0.1995
0.421,0.1995
0.4325,0.2115
0.4325,0.2115
0.4325,0.243
0.4365,0.251
0.4245,0.259
0.4245,0.259
0.4325,0.259
0.4325,0.259
0.4325,0.259
0.4325,0.259
0.421,0.259
0.4325,0.259
0.4245,0.259
0.4365,0.259
0.4365,0.259
0.4365,0.259
0.4365,0.259
0.4365,0.259
0.4365,0.259
0.4365,0.259
0.4365,0.259
0.4365,0.259
0.4365,0.259
0.4365,0.259
0.4365,0.259
0.4365,0.259
0.4365,0.259
0.4365,0.259
0.4365,0.259
0.4365,0.259
0.4365,0.259
0.4365,0.259
0.4365,0.259
0.4365,0.259
0.4365,0.259
0.4365,0.2315
0.4245,0.2315
0.413,0.2315
0.401,0.2335
0.421,0.239
0.417,0.239
0.417,0.239
0.397,0.227
0.405,0.227
0.389,0.227
0.389,0.227
0.417,0.219
0.417,0.235
0.417,0.2545
0.417,0.2565
0.417,0.2625
0.417,0.2625
0.417,0.251
0.417,0.251
0.417,0.251
0.417,0.251
0.417,0.2705
0.417,0.2705
0.417,0.2705
0.417,0.2785
0.417,0.2865
0.417,0.2925
0.417,0.2985
0.405,0.306
0.405,0.306
0.405,0.314
0.405,0.322
0.4365,0.322
0.444,0.322
0.444,0.334
0.456,0.322
0.456,0.322
0.456,0.322
0.456,0.322
0.456,0.322
0.456,0.322
0.4245,0.328
0.4245,0.322
0.4165,0.322
0.4165,0.322
0.4165,0.322
0.4165,0.314
0.4165,0.314
0.4165,0.306
0.4165,0.2985
0.4165,0.2985
0.4165,0.2985
0.4165,0.2985
0.4165,0.2985
0.405,0.2985
0.405,0.2985
0.405,0.2985
0.405,0.2985
0.405,0.2895
0.405,0.2745
0.405,0.2745
0.405,0.2585
0.405,0.251
0.405,0.251
0.405,0.251
0.405,0.251
0.405,0.251
0.405,0.251
0.405,0.251
0.405,0.2745
0.405,0.2865
0.405,0.3
0.405,0.3335
0.417,0.369
0.417,0.389
0.4325,0.4045
0.4365,0.4185
0.4405,0.4245
0.4485,0.4245
0.4405,0.4245
0.492,0.4245
0.5115,0.4245
0.5195,0.4245
0.5195,0.393
0.5195,0.393
0.5195,0.385
0.5195,0.385
0.5195,0.385
0.5195,0.385
0.5195,0.385
0.5195,0.385
0.5195,0.3735
0.5195,0.3795
0.5195,0.3655
0.5195,0.3415
0.5195,0.322
0.5195,0.314
0.5195,0.314
0.492,0.302
0.488,0.302
0.488,0.302
0.488,0.302
0.488,0.302
0.476,0.302
0.484,0.302
0.484,0.302
0.472,0.302
0.4525,0.3
0.4565,0.294
0.464,0.2745
0.464,0.2745
0.464,0.2665
0.464,0.2665
0.464,0.2665
0.464,0.2665
0.464,0.2665
0.464,0.2665
0.464,0.2665
0.464,0.294
0.468,0.319
0.468,0.3375
0.472,0.3535
0.468,0.365
0.484,0.373
0.492,0.375
0.492,0.381
0.5075,0.389
0.5075,0.389
0.5035,0.389
0.5075,0.398
0.5115,0.401
0.5235,0.401
0.535,0.401
0.551,0.401
0.559,0.401
0.5865,0.4165
0.5945,0.4165
0.5945,0.448
0.606,0.4755
0.61,0.4875
0.614,0.4875
0.622,0.4955
0.622,0.5075
0.622,0.5075
0.6375,0.539
0.6375,0.592
0.6375,0.622
0.6375,0.6575
0.6375,0.6575
0.6375,0.6575
0.6375,0.665
0.6375,0.665
0.6375,0.677
0.6375,0.677
0.6375,0.677
0.6765,0.685
0.6885,0.685
0.6885,0.685
0.6965,0.685
0.7085,0.6455
0.728,0.6375
0.7475,0.602
0.7475,0.59
0.7475,0.59
0.7475,0.582
0.7475,0.574
0.7475,0.574
0.7475,0.5665
0.7475,0.547
0.7475,0.547
0.7475,0.547
0.7475,0.531
0.7475,0.527
0.7475,0.519
0.6295,0.519
0.598,0.519
0.598,0.511
0.598,0.511
0.5705,0.4995
0.559,0.4995
0.559,0.4875
0.539,0.4875
0.5115,0.4875
0.5075,0.4795
0.5035,0.4675
0.5195,0.46
0.492,0.46
0.5075,0.46
0.5115,0.46
0.5115,0.46
0.5195,0.46
0.5075,0.448
0.5035,0.448
0.5035,0.4695
0.5035,0.4875
0.5035,0.535
0.5035,0.5705
0.535,0.59
0.606,0.6295
0.6655,0.6455
0.7085,0.6575
0.7085,0.6575
0.7085,0.6575
0.7085,0.6575
0.7085,0.6575
0.7085,0.6575
0.7085,0.6575
0.7085,0.669
0.7085,0.677
0.7085,0.689
0.7085,0.689
0.7085,0.689
0.7085,0.689
0.7085,0.689
0.7085,0.689
0.7085,0.689
0.7085,0.689
0.7085,0.6575
0.7085,0.6575
0.7085,0.6575
0.7085,0.6575
0.7085,0.6575
0.7085,0.6455
0.7085,0.6455
0.7085,0.6455
0.7085,0.6455
0.7085,0.6455
0.7085,0.6455
0.7085,0.6455
0.7085,0.6455
0.606,0.6455
0.563,0.685
0.563,0.6515
0.563,0.61
0.563,0.588
0.559,0.5545
0.555,0.5485
0.5195,0.531
0.5035,0.515
0.484,0.507
0.484,0.4955
0.484,0.4875
0.484,0.4875
0.484,0.4715
0.492,0.452
0.492,0.464
0.492,0.4835
0.492,0.4835
0.492,0.4835
0.492,0.4835
0.5035,0.444
0.5075,0.444
0.5235,0.432
0.5235,0.4755
0.5195,0.5385
0.559,0.574
0.563,0.602
0.563,0.602
0.563,0.5825
0.563,0.5825
0.563,0.5765
0.563,0.5705
0.563,0.5825
0.5705,0.5705
0.5705,0.5825
0.5745,0.5825
0.5745,0.5745
0.5745,0.5745
0.5745,0.563
0.5745,0.563
0.5745,0.551
0.5745,0.551
0.5745,0.551
0.5745,0.548
0.5745,0.551
0.5745,0.551
0.5745,0.551
0.5745,0.5585
0.5785,0.5585
0.63,0.5665
0.6495,0.5665
0.6495,0.5665
0.6495,0.5665
0.6495,0.5665
0.6575,0.5545
0.6575,0.547
0.6575,0.547
0.6575,0.547
0.6575,0.5745
0.6575,0.5865
0.6575,0.598
0.6575,0.598
0.6615,0.598
0.6615,0.606
0.6615,0.606
0.6615,0.606
0.6615,0.606
0.6615,0.606
0.6615,0.606
0.6615,0.5745
0.6615,0.5745
0.6615,0.5745
0.6615,0.5745
0.6615,0.5745
0.6615,0.5585
0.6615,0.537
0.6615,0.531
0.6615,0.531
0.6615,0.523
0.6615,0.5075
0.6615,0.4955
0.6615,0.4795
0.6615,0.452
0.6615,0.444
0.6615,0.436
0.6455,0.436
0.614,0.436
0.5905,0.4245
0.563,0.4125
0.555,0.428
0.5705,0.4755
0.5705,0.522
0.6495,0.5685
0.701,0.59
0.74,0.598
0.74,0.598
0.74,0.598
0.74,0.598
0.74,0.598
0.74,0.598
0.74,0.5465
0.74,0.525
0.74,0.4955
0.7475,0.47
0.7475,0.46
0.716,0.4525
0.665,0.4405
0.669,0.4245
0.6135,0.4245
0.6135,0.4245
0.594,0.4245
0.586,0.452
0.594,0.452
0.582,0.4935
0.6095,0.542
0.653,0.594
0.6805,0.594
0.6845,0.594
0.6455,0.594
0.6455,0.594
0.6455,0.598
0.6455,0.61
0.6455,0.61
0.6455,0.61
0.6455,0.61
0.6455,0.622
0.6455,0.622
0.6455,0.598
0.6455,0.582
0.6455,0.5715
0.6455,0.5625
0.6455,0.5625
0.6455,0.5545
0.6455,0.5465
0.6455,0.533
0.6455,0.4875
0.6455,0.4795
0.6455,0.4795
0.6455,0.4795
0.6455,0.472
0.6455,0.472
0.6455,0.472
0.6455,0.472
0.6455,0.472
0.6455,0.472
0.6455,0.472
0.6455,0.472
0.6455,0.472
0.6455,0.472
0.6455,0.472
0.6455,0.472
0.6455,0.472
0.6455,0.472
0.6455,0.472
0.6455,0.472
0.6455,0.472
0.6455,0.472
0.6455,0.472
0.6455,0.472
0.6455,0.472
0.6455,0.472
0.6455,0.472
0.634,0.5115
0.622,0.5115
0.622,0.5115
0.614,0.5115
0.5905,0.5115
0.5825,0.5115
0.5745,0.5235
0.563,0.5235
0.555,0.531
0.555,0.531
0.559,0.531
0.563,0.531
0.563,0.531
0.559,0.531
0.559,0.531
0.559,0.5035
0.559,0.492
0.559,0.492
0.559,0.492
0.559,0.48
0.547,0.48
0.559,0.48
0.5195,0.48
0.559,0.468
0.555,0.452
0.559,0.4245
0.559,0.4165
0.543,0.4165
0.5235,0.444
0.5275,0.5125
0.547,0.551
0.547,0.5665
0.547,0.5665
0.547,0.5665
0.547,0.5665
0.5195,0.5665
0.539,0.5665
0.555,0.5665
0.555,0.551
0.543,0.539
0.555,0.531
0.547,0.5155
0.559,0.4955
0.547,0.48
0.563,0.46
0.563,0.452
0.563,0.452
0.563,0.44
0.563,0.44
0.563,0.44
0.563,0.44
0.563,0.432
0.559,0.432
0.559,0.424
0.559,0.4125
0.559,0.397
0.559,0.397
0.559,0.4225
0.559,0.472
0.5705,0.5115
0.5705,0.531
0.563,0.531
0.5825,0.531
0.5905,0.531
0.606,0.531
0.5705,0.531
0.5825,0.531
0.606,0.4995
0.606,0.4915
0.606,0.468
0.606,0.45
0.61,0.44
0.61,0.4235
0.61,0.4205
0.61,0.4125
0.61,0.4045
0.61,0.4045
0.61,0.3965
0.61,0.3965
0.61,0.385
0.61,0.377
0.61,0.377
0.61,0.377
0.61,0.377
0.61,0.377
0.61,0.369
0.61,0.369
0.61,0.361
0.61,0.361
0.61,0.3535
0.61,0.3535
0.61,0.3535
0.61,0.3535
0.61,0.3535
0.61,0.369
0.61,0.4065
0.61,0.4325
0.61,0.44
0.61,0.44
0.61,0.448
0.61,0.45
0.61,0.456
0.5985,0.465
0.5985,0.4755
0.5985,0.4835
0.5985,0.4835
0.5985,0.4915
0.5985,0.4915
0.5985,0.4915
0.5985,0.4915
0.5985,0.4915
0.5985,0.4915
0.5985,0.4915
0.5985,0.4915
0.5985,0.4915
0.5985,0.4915
0.5985,0.4915
0.5985,0.4915
0.5985,0.4915
0.5985,0.4915
0.5985,0.4915
0.5985,0.4915
0.5985,0.4945
0.5985,0.4915
0.5985,0.4915
0.5985,0.4915
0.5985,0.4915
0.5985,0.4915
0.5985,0.4915
0.5985,0.4915
0.5985,0.4915
0.5985,0.4915
0.5985,0.4915
0.5985,0.4945
0.5985,0.4915
0.5945,0.4915
0.5825,0.4915
0.5705,0.4915
0.563,0.531
0.559,0.539
0.559,0.551
0.547,0.551
0.563,0.551
0.563,0.551
0.563,0.541
0.563,0.5095
0.563,0.519
0.563,0.4995
0.5745,0.5035
0.563,0.4955
0.614,0.4955
0.6455,0.4955
0.685,0.4955
0.685,0.4955
0.685,0.464
0.685,0.464
0.685,0.464
0.626,0.452
0.622,0.446
0.61,0.436
0.602,0.436
0.598,0.424
0.598,0.424
0.5705,0.405
0.5585,0.405
0.551,0.403
0.551,0.397
0.551,0.397
0.551,0.397
0.5585,0.397
0.5585,0.397
0.5585,0.397
0.5585,0.397
0.547,0.397
0.547,0.397
0.547,0.397
0.547,0.397
0.547,0.397
0.547,0.397
0.5585,0.389
0.5585,0.389
0.5585,0.385
0.5585,0.3705
0.5585,0.3535
0.5585,0.3535
0.5585,0.3455
0.5585,0.338
0.535,0.338
0.531,0.338
0.523,0.326
0.5075,0.332
0.5075,0.326
0.5075,0.318
0.523,0.318
0.523,0.312
0.531,0.31
0.5115,0.31
0.5075,0.3025
0.4995,0.342
0.5115,0.342
0.5075,0.342
0.4995,0.3835
0.547,0.458
0.622,0.5035
0.6455,0.519
0.6455,0.539
0.614,0.539
0.594,0.539
0.5625,0.5075
0.5625,0.4955
0.5585,0.4955
0.5585,0.4955
0.551,0.4955
0.4995,0.4955
0.46,0.527
0.456,0.527
0.46,0.527
0.46,0.527
0.46,0.527
0.46,0.527
0.46,0.527
0.46,0.527
0.46,0.4995
0.46,0.4835
0.46,0.476
0.46,0.46
0.46,0.4245
0.46,0.409
0.46,0.397
0.46,0.3965
0.46,0.4085
0.46,0.4085
0.46,0.4085
0.46,0.4085
0.46,0.4085
0.46,0.4085
0.46,0.4085
0.46,0.4165
0.46,0.4165
0.46,0.448
0.46,0.519
0.4405,0.539
0.444,0.539
0.4405,0.539
0.4405,0.4875
0.4245,0.4875
0.4405,0.4795
0.4405,0.436
0.4285,0.4285
0.4285,0.436
0.4285,0.452
0.4285,0.464
0.4285,0.464
0.4285,0.464
0.4285,0.499
0.4285,0.519
0.4285,0.523
0.4285,0.541
0.4285,0.527
0.4285,0.525
0.4285,0.519
0.4285,0.511
0.4285,0.5035
0.4285,0.4855
0.4285,0.47
0.4285,0.448
0.4285,0.4365
0.4285,0.4325
0.4285,0.405
0.4285,0.405
0.4285,0.405
0.4285,0.393
0.4285,0.4245
0.4285,0.444
0.4285,0.452
0.4285,0.452
0.4285,0.444
0.4285,0.4325
0.4285,0.4325
0.4285,0.4325
0.4285,0.4405
0.4285,0.417
0.4285,0.389
0.4285,0.3815
0.4285,0.3815
0.4285,0.3695
0.4285,0.3695
0.4285,0.3695
0.4285,0.3615
0.4285,0.3535
0.4285,0.3295
0.4285,0.31
0.4285,0.302
0.4285,0.302
0.4285,0.302
0.4285,0.302
0.4285,0.302
0.4245,0.302
0.4245,0.3295
0.4325,0.3735
0.4245,0.385
0.4245,0.4085
0.4245,0.4245
0.4125,0.4245
0.4125,0.4365
0.4245,0.444
0.4245,0.452
0.4245,0.46
0.4245,0.46
0.4245,0.472
0.4245,0.4795
0.4245,0.4795
0.4245,0.4795
0.4245,0.4795
0.4245,0.456
0.4245,0.448
0.4245,0.448
0.4245,0.4285
0.4405,0.4165
0.456,0.4165
0.46,0.4165
0.46,0.4165
0.46,0.456
0.464,0.468
0.464,0.4795
0.46,0.4875
0.472,0.4875
0.472,0.4875
0.476,0.4875
0.476,0.4875
0.48,0.4875
0.48,0.4875
0.48,0.4875
0.472,0.456
0.4955,0.456
0.4835,0.456
0.4995,0.456
0.4995,0.462
0.4995,0.464
0.4995,0.464
0.4995,0.464
0.4995,0.4835
0.4955,0.4935
0.4995,0.527
0.4995,0.5625
0.4995,0.623
0.5075,0.7125
0.551,0.7795
0.5785,0.8385
0.6535,0.8385
0.673,0.8385
0.673,0.8505
0.673,0.8505
0.673,0.8505
0.673,0.8505
0.673,0.87
0.689,0.87
0.6965,0.87
0.6965,0.87
0.6965,0.87
0.6965,0.8385
0.6965,0.8385
0.6965,0.8385
0.6965,0.8305
0.6965,0.819
0.6965,0.819
0.6965,0.807
0.6965,0.807
0.6965,0.807
0.6965,0.807
0.6965,0.807
0.6965,0.807
0.6965,0.807
0.6965,0.807
0.6965,0.807
0.6965,0.807
0.6965,0.8385
0.6965,0.8385
0.6965,0.8385
0.6965,0.858
0.6965,0.87
0.6965,0.87
0.6965,0.87
0.6965,0.87
0.6965,0.8385
0.6965,0.8385
0.6965,0.819
0.6965,0.807
0.6965,0.807
0.6965,0.807
0.6965,0.807
0.6965,0.799
0.6965,0.799
0.6965,0.799
0.6965,0.787
0.728,0.787
0.728,0.787
0.74,0.787
0.74,0.787
0.7475,0.787
0.7475,0.787
0.7475,0.787
0.7475,0.787
0.7475,0.787
0.7475,0.787
0.7475,0.8305
0.7475,0.8505
0.7475,0.87
0.7475,0.878
0.7475,0.9175
0.7475,0.929
0.7475,0.949
0.7475,0.961
0.7475,0.961
0.7475,0.9805
0.7475,1.0
0.7475,1.0
0.7475,1.0
0.7475,1.0
0.7475,1.0
0.7475,1.0
0.7475,1.0
0.7475,1.0
0.7475,0.9685
0.7475,0.9685
0.7475,0.949
0.7475,0.949
0.7475,0.9175
0.7475,0.9175
0.7475,0.9175
0.7475,0.9175
0.7475,0.9175
0.7475,0.9175
0.7475,0.9175
0.7475,0.9175
0.7475,0.886
0.7475,0.771
0.7475,0.7105
0.7475,0.6765
0.7475,0.6135
0.7475,0.568
0.7475,0.5625
0.7475,0.531
0.7475,0.5115
0.7475,0.535
0.7475,0.5605
0.7475,0.5825
0.7475,0.614
0.7475,0.671
0.7475,0.7145
0.7475,0.7775
0.7475,0.821
0.7475,0.8505
0.7475,0.8645
0.7475,0.8745
0.7475,0.921
0.7475,0.937
0.7475,0.957
0.7475,0.965
0.7475,0.9335
0.7475,0.9255
0.7475,0.902
0.7475,0.894
0.7475,0.894
0.7475,0.894
0.7475,0.894
0.7475,0.902
0.7475,0.902
0.7475,0.904
0.7595,0.9095
0.7595,0.9095
0.7595,0.9095
0.7595,0.9095
0.7595,0.9095
0.7595,0.9095
0.7595,0.9095
0.7675,0.9095
0.799,0.9095
0.87,0.9095
0.878,0.9095
0.878,0.9095
0.878,0.9095
0.878,0.9095
0.8505,0.9095
0.8505,0.9095
0.8385,0.9095
0.8385,0.9095
0.8385,0.89
0.8385,0.878
0.819,0.87
0.807,0.87
0.7795,0.87
0.7675,0.87
0.7675,0.87
0.7675,0.87
0.807,0.87
0.807,0.87
0.819,0.87
0.819,0.87
0.819,0.8975
0.819,0.8975
0.8305,0.8975
0.8305,0.8975
0.8305,0.8975
0.8305,0.88
0.8305,0.8385
0.8305,0.743
0.8305,0.653
0.8305,0.535
0.8305,0.438
0.8305,0.3975
0.8305,0.3975
0.8305,0.3975
0.8305,0.3975
0.8305,0.3975
0.8305,0.3975
0.8305,0.3975
0.8305,0.3975
0.8305,0.3975
0.8305,0.449
0.8305,0.517
0.8305,0.578
0.8385,0.6275
0.8385,0.6415
0.8385,0.661
0.8385,0.6965
0.8385,0.7045
0.8385,0.73
0.8385,0.748
0.8385,0.7835
0.8385,0.805
0.8385,0.827
0.8385,0.8385
0.8385,0.8685
0.8385,0.87
0.807,0.87
0.807,0.87
0.807,0.87
0.807,0.87
0.807,0.87
0.807,0.87
0.807,0.87
0.807,0.87
0.807,0.87
0.807,0.87
0.799,0.8975
0.799,0.8975
0.799,0.9175
0.799,0.9175
0.799,0.9175
0.7675,0.904
0.7675,0.902
0.7675,0.894
0.7675,0.886
0.7675,0.886
0.7675,0.8745
0.7675,0.8725
0.7675,0.8585
0.7675,0.839
0.7675,0.823
0.7675,0.815
0.7675,0.7975
0.7675,0.7895
0.7675,0.7855
0.7675,0.7445
0.799,0.7325
0.807,0.7165
0.819,0.709
0.819,0.689
0.819,0.677
0.819,0.6615
0.819,0.6455
0.819,0.6375
0.819,0.626
0.819,0.618
0.819,0.618
0.819,0.606
0.819,0.606
0.819,0.606
0.819,0.606
0.819,0.606
0.819,0.606
0.819,0.6255
0.819,0.6255
0.819,0.6315
0.819,0.6335
0.819,0.6255
0.819,0.606
0.819,0.606
0.819,0.594
0.819,0.5745
0.819,0.5425
0.819,0.515
0.819,0.511
0.819,0.5035
0.7795,0.5115
0.7795,0.5145
0.7675,0.531
0.7675,0.547
0.7675,0.5825
0.7675,0.606
0.7675,0.6645
0.7675,0.7
0.7675,0.7085
0.7675,0.728
0.7675,0.728
0.7675,0.728
0.7675,0.728
0.7595,0.728
0.7595,0.728
0.7595,0.728
0.7595,0.728
0.7595,0.728
0.7595,0.728
0.787,0.728
0.787,0.728
0.787,0.728
0.799,0.728
0.799,0.728
0.799,0.728
0.799,0.728
0.799,0.728
0.799,0.728
0.799,0.728
0.799,0.728
0.799,0.728
0.807,0.728
0.807,0.728
0.807,0.728
0.807,0.728
0.807,0.728
0.807,0.728
0.807,0.728
0.807,0.728
0.7795,0.728
0.7675,0.728
0.7595,0.728
0.7595,0.728
0.7595,0.728
0.7595,0.728
0.7595,0.72
0.7595,0.7085
0.7595,0.7085
0.7595,0.7085
0.7595,0.7085
0.7595,0.7085
0.7595,0.7085
0.7595,0.677
0.7595,0.633
0.7595,0.5685
0.7595,0.5155
0.7595,0.4955
0.7595,0.478
0.7595,0.464
0.7595,0.4445
0.7595,0.415
0.7595,0.389
0.7595,0.3775
0.7595,0.3575
0.7595,0.3495
0.7595,0.342
0.7595,0.342
0.7595,0.342
0.7595,0.342
0.7595,0.342
0.7595,0.33
0.7595,0.314
0.7595,0.3065
0.7475,0.2785
0.7475,0.263
0.7475,0.263
0.6535,0.254
0.5905,0.251
0.5785,0.251
0.527,0.251
0.4955,0.251
0.373,0.243
0.298,0.243
0.239,0.2355
0.228,0.2275
0.228,0.2155
0.228,0.2085
0.228,0.2085
0.228,0.2085
0.2595,0.2085
0.2595,0.2085
0.2675,0.2085
0.2675,0.2085
0.2675,0.2085
0.2675,0.2085
0.2675,0.2085
0.2675,0.2085
0.2675,0.2085
0.2675,0.2085
0.2675,0.2085
0.2675,0.2085
0.2675,0.2085
0.2675,0.2085
0.2675,0.2085
0.2675,0.2085
0.2675,0.2085
0.2675,0.2085
0.2675,0.2085
0.2675,0.2085
0.2675,0.2085
0.2675,0.2085
0.2675,0.2085
0.2675,0.2085
0.2675,0.2085
0.2745,0.2085
0.2785,0.2085
0.2785,0.2085
0.2745,0.24
0.2865,0.24
0.2865,0.2475
0.2865,0.2595
0.2865,0.2675
0.2905,0.299
0.2785,0.3385
0.2905,0.3385
0.2905,0.3385
0.2905,0.358
0.2945,0.4175
0.302,0.429
0.31,0.429
0.33,0.429
0.3535,0.429
0.373,0.39
0.464,0.3505
0.5545,0.3505
0.5665,0.3385
0.5665,0.3385
0.5865,0.3305
0.594,0.307
0.5785,0.2675
0.606,0.2595
0.622,0.2475
0.622,0.2475
0.6415,0.2475
0.665,0.2665
0.681,0.302
0.685,0.3475
0.7085,0.369
0.756,0.381
0.7675,0.4045
0.7675,0.432
0.7675,0.4595
0.7675,0.4755
0.7675,0.476
0.7675,0.476
0.7675,0.476
0.7675,0.476
0.7675,0.476
0.7675,0.476
0.7675,0.456
0.7675,0.409
0.7675,0.3735
0.7675,0.34
0.7675,0.316
0.7675,0.2945
0.7675,0.2945
0.7675,0.2945
0.7675,0.2945
0.7675,0.2945
0.7675,0.2945
0.7675,0.2945
0.7675,0.2945
0.7675,0.2945
0.7675,0.2945
0.7675,0.3615
0.7675,0.391
0.7675,0.4165
0.7675,0.46
0.7675,0.4875
0.7675,0.4955
0.7675,0.5035
0.7675,0.5115
0.7675,0.5235
0.7675,0.5235
0.7675,0.5235
0.7675,0.551
0.7675,0.563
0.7675,0.5825
0.7675,0.5905
0.74,0.614
0.74,0.614
0.74,0.614
0.74,0.622
0.74,0.634
0.74,0.6535
0.6615,0.6735
0.626,0.6735
0.527,0.681
0.5075,0.681
0.3455,0.681
0.2865,0.681
0.251,0.6415
0.247,0.614
0.24,0.594
0.24,0.594
0.24,0.5835
0.24,0.5665
0.24,0.5665
0.24,0.5585
0.24,0.5505
0.24,0.525
0.24,0.523
0.24,0.515
0.24,0.515
0.263,0.507
0.334,0.4955
0.468,0.4835
0.539,0.4835
0.5865,0.4755
0.5865,0.4755
0.5865,0.468
0.5865,0.468
0.5865,0.456
0.5865,0.4635
0.5865,0.4635
0.5865,0.4635
0.5865,0.4635
0.5865,0.4635
0.5865,0.4855
0.602,0.5345
0.602,0.5465
0.602,0.5615
0.602,0.5705
0.614,0.5645
0.5665,0.5675
0.555,0.5615
0.488,0.5585
0.48,0.5675
0.48,0.5425
0.48,0.515
0.48,0.4855
0.48,0.4635
0.48,0.444
0.4875,0.4205
0.551,0.4085
0.551,0.4005
0.551,0.365
0.551,0.3415
0.5745,0.314
0.5865,0.306
0.5865,0.306
0.5865,0.306
0.5945,0.306
0.5865,0.306
0.598,0.306
0.5825,0.306
0.602,0.306
0.5785,0.306
0.622,0.306
0.618,0.306
0.622,0.306
0.63,0.306
0.63,0.3215
0.63,0.3515
0.705,0.41
0.705,0.46
0.7325,0.527
0.7365,0.535
0.744,0.543
0.732,0.543
0.768,0.531
0.7955,0.531
0.8465,0.531
0.8465,0.531
0.8465,0.531
0.8465,0.531
0.831,0.531
0.815,0.531
0.8425,0.531
0.827,0.531
0.823,0.531
0.827,0.531
0.803,0.531
0.815,0.531
0.815,0.531
0.7635,0.4835
0.7405,0.44
0.7245,0.4165
0.7045,0.384
0.685,0.373
0.677,0.3575
0.677,0.3575
0.7045,0.3575
0.7045,0.393
0.7245,0.45
0.7245,0.515
0.7245,0.5465
0.7245,0.5505
0.7365,0.5585
0.7365,0.5585
0.7365,0.5585
0.7365,0.5585
0.7365,0.5585
0.7365,0.5585
0.7365,0.5585
0.7365,0.5585
0.7365,0.5585
0.7365,0.5585
0.7365,0.5585
0.7365,0.5585
0.7365,0.5585
0.7365,0.5585
0.7365,0.5585
0.7365,0.5585
0.7365,0.5505
0.7365,0.531
0.7365,0.521
0.7365,0.507
0.7045,0.4875
0.697,0.444
0.697,0.4285
0.697,0.4085
0.685,0.393
0.673,0.373
0.673,0.365
0.673,0.3615
0.673,0.3575
0.673,0.3455
0.673,0.3455
0.673,0.3375
0.669,0.3295
0.7125,0.322
0.7245,0.314
0.7245,0.314
0.7365,0.314
0.7365,0.381
0.7365,0.4305
0.7365,0.5045
0.7445,0.5445
0.756,0.5785
0.728,0.586
0.7085,0.586
0.7285,0.586
0.736,0.586
0.744,0.586
0.752,0.586
0.752,0.586
0.752,0.586
0.744,0.586
0.748,0.586
0.748,0.5665
0.748,0.5725
0.748,0.5725
0.748,0.5585
0.748,0.5505
0.7755,0.531
0.7955,0.515
0.7955,0.511
0.7285,0.4875
0.7405,0.448
0.7285,0.4285
0.7365,0.4005
0.7405,0.393
0.709,0.371
0.701,0.3415
0.689,0.314
0.689,0.294
0.689,0.294
0.657,0.294
0.657,0.3215
0.661,0.3215
0.673,0.4025
0.7005,0.4385
0.7005,0.4945
0.748,0.533
0.756,0.5665
0.7675,0.586
0.7675,0.586
0.7675,0.594
0.756,0.594
0.756,0.594
0.756,0.594
0.756,0.594
0.756,0.594
0.7675,0.594
0.795,0.5625
0.807,0.5625
0.807,0.5625
0.807,0.5625
0.807,0.5625
0.827,0.5625
0.827,0.5625
0.827,0.5625
0.827,0.5625
0.827,0.5745
0.827,0.5665
0.795,0.527
0.795,0.535
0.7755,0.527
0.7715,0.5195
0.7715,0.5195
0.752,0.5195
0.7205,0.488
0.6925,0.488
0.681,0.488
0.677,0.488
0.657,0.476
0.6295,0.476
0.6175,0.476
0.614,0.464
0.61,0.464
0.59,0.456
0.5665,0.4405
0.5545,0.4405
0.527,0.4205
0.515,0.407
0.515,0.3615
0.4875,0.334
0.4875,0.326
0.4795,0.318
0.503,0.318
0.503,0.318
0.515,0.3415
0.515,0.399
0.515,0.4345
0.551,0.456
0.5705,0.4835
0.602,0.5075
0.6295,0.519
0.6575,0.527
0.665,0.535
0.677,0.535
0.681,0.5465
0.689,0.5465
0.7085,0.5465
0.689,0.5465
0.701,0.5465
0.701,0.5465
0.677,0.5465
0.681,0.5465
0.681,0.5465
0.681,0.5465
0.681,0.541
0.681,0.5465
0.681,0.5465
0.669,0.541
0.669,0.5465
0.669,0.5465
0.669,0.535
0.669,0.533
0.6175,0.527
0.6175,0.527
0.61,0.519
0.61,0.5005
0.614,0.4835
0.6455,0.4755
0.6375,0.468
0.6375,0.468
0.6415,0.468
0.6415,0.468
0.6535,0.468
0.6615,0.468
0.673,0.4835
0.677,0.513
0.689,0.527
0.693,0.535
0.705,0.5465
0.7165,0.5545
0.7165,0.5545
0.7165,0.5545
0.7165,0.5545
0.705,0.5545
0.705,0.5545
0.705,0.5545
0.705,0.5545
0.705,0.5545
0.673,0.5545
0.6845,0.5625
0.7085,0.602
0.689,0.602
0.689,0.6325
0.689,0.6535
0.677,0.6535
0.689,0.6535
0.689,0.6535
0.681,0.6535
0.681,0.6535
0.681,0.622
0.6695,0.622
0.6695,0.622
0.6695,0.614
0.6695,0.614
0.6695,0.614
0.6695,0.614
0.6695,0.5825
0.6695,0.5745
0.6695,0.555
0.6695,0.547
0.6695,0.547
0.6695,0.547
0.6695,0.547
0.6695,0.547
0.6695,0.5825
0.6695,0.6025
0.6735,0.61
0.6735,0.598
0.705,0.6375
0.705,0.606
0.7125,0.606
0.7125,0.5745
0.7125,0.5545
0.7325,0.533
0.7325,0.4955
0.7325,0.4915
0.7325,0.4915
0.7325,0.4915
0.7325,0.4915
0.7325,0.4915
0.7325,0.4915
0.7325,0.4915
0.7325,0.4915
0.7325,0.4915
0.7325,0.4915
0.693,0.4915
0.685,0.4835
0.685,0.4835
0.685,0.4835
0.6735,0.4755
0.6735,0.472
0.6735,0.468
0.6735,0.456
0.6735,0.448
0.6735,0.44
0.6735,0.4325
0.6735,0.4325
0.6735,0.4205
0.6735,0.4205
0.6735,0.4205
0.6735,0.4205
0.6575,0.4205
0.6455,0.4205
0.63,0.4205
0.6455,0.4345
0.622,0.468
0.622,0.4975
0.622,0.519
0.6535,0.527
0.661,0.535
0.661,0.5465
0.673,0.5465
0.661,0.5625
0.661,0.5625
0.661,0.5625
0.657,0.5625
0.657,0.5625
0.6295,0.5625
0.6295,0.5625
0.6295,0.5625
0.618,0.5625
0.618,0.5465
0.618,0.5465
0.618,0.5465
0.618,0.5465
0.618,0.5465
0.618,0.5465
0.618,0.5465
0.618,0.5465
0.618,0.5465
0.618,0.5465
0.618,0.5685
0.618,0.5825
0.606,0.59
0.606,0.59
0.606,0.598
0.606,0.618
0.606,0.6335
0.606,0.6415
0.606,0.6535
0.606,0.6535
0.606,0.661
0.606,0.661
0.606,0.661
0.606,0.661
0.606,0.663
0.606,0.669
0.606,0.677
0.606,0.677
0.606,0.685
0.606,0.685
0.606,0.685
0.606,0.685
0.606,0.685
0.606,0.685
0.606,0.685
0.606,0.685
0.606,0.685
0.606,0.685
0.606,0.685
0.606,0.685
0.606,0.685
0.606,0.685
0.606,0.685
0.618,0.673
0.618,0.673
0.618,0.673
0.594,0.673
0.472,0.649
