valence,arousal
0.107,0.133
0.108,0.133
0.109,0.135
0.109,0.135
0.111,0.137
0.112,0.139
0.114,0.139
0.114,0.145
0.115,0.149
0.114,0.161
0.114,0.161
0.114,0.163
0.115,0.163
0.115,0.167
0.116,0.167
0.115,0.169
0.115,0.172
0.115,0.172
0.115,0.171
0.114,0.171
0.114,0.17
0.114,0.17
0.114,0.17
0.114,0.171
0.112,0.173
0.111,0.182
0.111,0.212
0.111,0.24
0.112,0.288
0.112,0.293
0.113,0.293
0.112,0.295
0.113,0.297
0.113,0.295
0.113,0.296
0.113,0.298
0.113,0.301
0.113,0.314
0.113,0.324
0.113,0.338
0.113,0.341
0.113,0.341
0.114,0.342
0.114,0.342
0.114,0.342
0.114,0.341
0.115,0.34
0.118,0.33
0.128,0.321
0.128,0.31
0.129,0.229
0.129,0.228
0.13,0.223
0.129,0.219
0.13,0.214
0.129,0.207
0.129,0.206
0.129,0.208
0.131,0.208
0.129,0.208
0.129,0.209
0.129,0.209
0.13,0.21
0.129,0.21
0.13,0.21
0.129,0.208
0.129,0.203
0.13,0.193
0.13,0.191
0.13,0.192
0.13,0.192
0.13,0.191
0.13,0.186
0.13,0.186
0.13,0.179
0.129,0.171
0.129,0.155
0.129,0.148
0.13,0.144
0.129,0.147
0.13,0.147
0.13,0.147
0.129,0.143
0.131,0.144
0.13,0.145
0.13,0.142
0.13,0.143
0.13,0.137
0.13,0.135
0.13,0.135
0.13,0.135
0.13,0.131
0.131,0.122
0.13,0.119
0.13,0.115
0.13,0.113
0.13,0.114
0.129,0.111
0.13,0.112
0.13,0.113
0.13,0.112
0.13,0.113
0.129,0.114
0.13,0.114
0.129,0.114
0.129,0.115
0.129,0.114
0.13,0.114
0.13,0.114
0.13,0.114
0.129,0.114
0.129,0.113
0.131,0.113
0.13,0.113
0.13,0.113
0.13,0.112
0.131,0.111
0.129,0.109
0.13,0.108
0.13,0.107
0.131,0.107
0.13,0.108
0.131,0.109
0.131,0.107
0.131,0.106
0.13,0.107
0.13,0.107
0.13,0.107
0.129,0.108
0.13,0.107
0.131,0.107
0.13,0.105
0.131,0.108
0.13,0.103
0.13,0.103
0.131,0.103
0.13,0.098
0.131,0.098
0.131,0.093
0.131,0.092
0.131,0.09
0.131,0.091
0.13,0.088
0.13,0.09
0.13,0.09
0.131,0.088
0.13,0.084
0.13,0.083
0.13,0.081
0.13,0.08
0.13,0.078
0.13,0.079
0.13,0.077
0.13,0.077
0.131,0.078
0.131,0.078
0.131,0.077
0.131,0.079
0.13,0.079
0.131,0.079
0.131,0.079
0.131,0.08
0.131,0.079
0.13,0.079
0.13,0.079
0.13,0.079
0.13,0.08
0.13,0.08
0.129,0.08
0.13,0.079
0.13,0.079
0.13,0.079
0.13,0.079
0.13,0.08
0.13,0.08
0.13,0.079
0.13,0.079
0.131,0.078
0.131,0.076
0.131,0.077
0.13,0.079
0.131,0.077
0.13,0.078
0.131,0.076
0.13,0.073
0.131,0.069
0.13,0.071
0.131,0.075
0.131,0.076
0.13,0.077
0.131,0.078
0.131,0.08
0.131,0.081
0.131,0.08
0.13,0.081
0.131,0.081
0.131,0.079
0.131,0.079
0.131,0.079
0.13,0.079
0.13,0.079
0.131,0.079
0.13,0.078
0.131,0.077
0.131,0.078
0.131,0.079
0.131,0.078
0.13,0.078
0.13,0.078
0.13,0.077
0.131,0.073
0.131,0.073
0.13,0.072
0.131,0.073
0.131,0.073
0.131,0.073
0.13,0.073
0.131,0.073
0.131,0.072
0.131,0.066
0.131,0.066
0.131,0.066
0.131,0.066
0.131,0.067
0.13,0.068
0.131,0.069
0.131,0.069
0.131,0.069
0.131,0.071
0.131,0.07
0.131,0.071
0.131,0.071
0.13,0.071
0.13,0.071
0.13,0.071
0.131,0.072
0.131,0.071
0.13,0.071
0.131,0.071
0.13,0.069
0.131,0.068
0.131,0.066
0.131,0.066
0.131,0.064
0.131,0.064
0.131,0.065
0.131,0.065
0.131,0.066
0.13,0.066
0.13,0.064
0.131,0.065
0.131,0.065
0.13,0.067
0.131,0.067
0.131,0.067
0.131,0.068
0.131,0.067
0.131,0.067
0.13,0.064
0.13,0.067
0.131,0.068
0.13,0.067
0.131,0.067
0.13,0.068
0.13,0.068
0.13,0.069
0.131,0.068
0.131,0.068
0.13,0.068
0.131,0.066
0.131,0.066
0.131,0.065
0.13,0.066
0.131,0.064
0.131,0.064
0.13,0.064
0.13,0.065
0.131,0.064
0.131,0.064
0.131,0.062
0.131,0.06
0.131,0.06
0.131,0.06
0.131,0.058
0.131,0.058
0.13,0.056
0.131,0.056
0.131,0.057
0.131,0.056
0.131,0.056
0.131,0.057
0.131,0.056
0.131,0.056
0.131,0.056
0.13,0.056
0.131,0.056
0.131,0.054
0.131,0.056
0.131,0.056
0.13,0.055
0.131,0.058
0.131,0.057
0.131,0.056
0.13,0.056
0.131,0.056
0.131,0.058
0.131,0.058
0.131,0.058
0.131,0.061
0.131,0.062
0.131,0.062
0.131,0.064
0.131,0.066
0.131,0.066
0.131,0.066
0.131,0.069
0.13,0.069
0.131,0.071
0.13,0.072
0.131,0.073
0.131,0.074
0.131,0.075
0.131,0.079
0.131,0.081
0.13,0.081
0.131,0.082
0.129,0.082
0.131,0.082
0.13,0.083
0.13,0.083
0.131,0.083
0.13,0.083
0.13,0.083
0.131,0.083
0.13,0.083
0.124,0.083
0.122,0.083
0.122,0.083
0.122,0.083
0.121,0.083
0.12,0.083
0.121,0.083
0.12,0.083
0.12,0.083
0.12,0.084
0.12,0.084
0.12,0.084
0.119,0.084
0.12,0.084
0.12,0.084
0.119,0.083
0.12,0.084
0.119,0.083
0.119,0.084
0.12,0.084
0.12,0.084
0.119,0.084
0.12,0.084
0.119,0.084
0.119,0.084
0.12,0.084
0.119,0.084
0.119,0.084
0.118,0.083
0.119,0.084
0.118,0.084
0.118,0.084
0.118,0.083
0.119,0.084
0.117,0.084
0.117,0.084
0.118,0.084
0.116,0.084
0.117,0.084
0.117,0.084
0.117,0.084
0.117,0.084
0.117,0.084
0.117,0.084
0.117,0.084
0.118,0.084
0.118,0.084
0.117,0.083
0.118,0.084
0.117,0.084
0.117,0.084
0.117,0.084
0.117,0.084
0.117,0.084
0.117,0.084
0.116,0.084
0.116,0.084
0.116,0.084
0.116,0.084
0.116,0.084
0.117,0.084
0.117,0.084
0.118,0.084
0.117,0.084
0.116,0.084
0.117,0.084
0.116,0.084
0.117,0.084
0.117,0.084
0.117,0.084
0.117,0.084
0.117,0.084
0.116,0.084
0.117,0.084
0.116,0.084
0.117,0.084
0.116,0.084
0.117,0.084
0.117,0.084
0.117,0.084
0.117,0.084
0.117,0.084
0.117,0.084
0.117,0.084
0.117,0.084
0.117,0.084
0.117,0.084
0.117,0.084
0.118,0.084
0.118,0.085
0.117,0.084
0.118,0.084
0.117,0.084
0.117,0.084
0.117,0.084
0.117,0.084
0.117,0.084
0.117,0.084
0.117,0.084
0.117,0.084
0.116,0.085
0.117,0.084
0.117,0.084
0.117,0.084
0.117,0.084
0.117,0.085
0.117,0.084
0.117,0.084
0.117,0.084
0.116,0.084
0.117,0.084
0.118,0.085
0.117,0.084
0.118,0.084
0.116,0.084
0.116,0.084
0.116,0.084
0.117,0.084
0.117,0.085
0.116,0.085
0.116,0.084
0.116,0.084
0.116,0.084
0.116,0.084
0.116,0.084
0.116,0.084
0.116,0.084
0.116,0.084
0.116,0.084
0.116,0.084
0.116,0.084
0.116,0.085
0.116,0.084
0.116,0.085
0.116,0.084
0.116,0.085
0.116,0.085
0.116,0.085
0.115,0.084
0.116,0.085
0.115,0.085
0.115,0.085
0.114,0.084
0.115,0.085
0.114,0.085
0.114,0.085
0.114,0.084
0.114,0.084
0.114,0.085
0.114,0.085
0.114,0.085
0.114,0.084
0.114,0.085
0.114,0.084
0.114,0.084
0.114,0.084
0.114,0.084
0.114,0.084
0.114,0.084
0.114,0.084
0.114,0.084
0.114,0.084
0.114,0.084
0.114,0.084
0.114,0.084
0.114,0.084
0.115,0.084
0.114,0.084
0.114,0.084
0.114,0.084
0.114,0.084
0.114,0.084
0.114,0.084
0.114,0.084
0.114,0.084
0.114,0.084
0.114,0.084
0.114,0.083
0.114,0.084
0.115,0.084
0.114,0.084
0.115,0.084
0.115,0.084
0.116,0.084
0.116,0.084
0.115,0.084
0.115,0.084
0.116,0.084
0.116,0.084
0.115,0.084
0.115,0.084
0.116,0.084
0.116,0.084
0.116,0.084
0.116,0.084
0.116,0.084
0.116,0.084
0.116,0.084
0.116,0.084
0.116,0.084
0.116,0.084
0.116,0.084
0.116,0.084
0.116,0.084
0.115,0.084
0.115,0.084
0.115,0.084
0.115,0.084
0.114,0.084
0.115,0.084
0.115,0.084
0.114,0.084
0.115,0.084
0.115,0.084
0.116,0.084
0.116,0.084
0.116,0.084
0.116,0.084
0.116,0.084
0.116,0.084
0.116,0.084
0.116,0.084
0.116,0.084
0.116,0.084
0.116,0.084
0.116,0.084
0.116,0.084
0.116,0.084
0.116,0.084
0.116,0.084
0.116,0.084
0.116,0.084
0.116,0.084
0.116,0.084
0.116,0.084
0.116,0.084
0.116,0.084
0.116,0.084
0.116,0.084
0.116,0.084
0.116,0.084
0.116,0.084
0.116,0.084
0.116,0.084
0.116,0.084
0.116,0.085
0.116,0.085
0.116,0.085
0.116,0.084
0.116,0.084
0.116,0.085
0.116,0.084
0.116,0.084
0.117,0.085
0.116,0.085
0.116,0.085
0.116,0.084
0.117,0.084
0.117,0.084
0.116,0.085
0.116,0.085
0.116,0.084
0.117,0.084
0.117,0.085
0.117,0.084
0.117,0.085
0.117,0.085
0.116,0.086
0.117,0.086
0.117,0.085
0.117,0.085
0.116,0.085
0.117,0.086
0.116,0.086
0.116,0.085
0.117,0.086
0.117,0.085
0.117,0.085
0.117,0.085
0.117,0.085
0.117,0.085
0.117,0.086
0.117,0.085
0.116,0.085
0.117,0.086
0.116,0.085
0.117,0.085
0.117,0.085
0.116,0.086
0.117,0.085
0.117,0.085
0.116,0.085
0.116,0.085
0.116,0.085
0.116,0.085
0.117,0.085
0.117,0.085
0.116,0.086
0.117,0.085
0.117,0.085
0.117,0.085
0.117,0.086
0.116,0.091
0.117,0.093
0.117,0.099
0.117,0.103
0.118,0.107
0.117,0.11
0.117,0.111
0.117,0.112
0.117,0.113
0.117,0.113
0.117,0.114
0.117,0.116
0.117,0.116
0.116,0.115
0.117,0.116
0.117,0.116
0.116,0.116
0.117,0.116
0.117,0.116
0.117,0.116
0.116,0.116
0.116,0.116
0.117,0.116
0.116,0.116
0.117,0.116
0.117,0.116
0.116,0.116
0.117,0.116
0.117,0.116
0.117,0.116
0.116,0.116
0.116,0.115
0.116,0.114
0.116,0.114
0.116,0.114
0.116,0.114
0.116,0.113
0.116,0.114
0.116,0.113
0.116,0.113
0.116,0.111
0.117,0.112
0.117,0.112
0.116,0.111
0.116,0.111
0.116,0.111
0.116,0.11
0.116,0.109
0.117,0.109
0.116,0.108
0.116,0.108
0.117,0.109
0.118,0.108
0.117,0.107
0.117,0.107
0.117,0.106
0.117,0.106
0.117,0.106
0.117,0.106
0.118,0.105
0.117,0.105
0.118,0.103
0.117,0.103
0.118,0.103
0.116,0.103
0.116,0.102
0.117,0.101
0.117,0.101
0.117,0.101
0.117,0.101
0.117,0.101
0.118,0.101
0.117,0.101
0.117,0.101
0.117,0.1
0.117,0.101
0.117,0.101
0.116,0.1
0.117,0.101
0.117,0.101
0.118,0.101
0.118,0.101
0.118,0.101
0.118,0.101
0.118,0.101
0.118,0.101
0.118,0.101
0.118,0.1
0.118,0.1
0.118,0.1
0.118,0.099
0.118,0.099
0.118,0.099
0.118,0.099
0.117,0.099
0.118,0.099
0.118,0.099
0.118,0.099
0.118,0.099
0.118,0.099
0.118,0.099
0.118,0.099
0.118,0.099
0.117,0.099
0.118,0.099
0.118,0.099
0.118,0.099
0.118,0.099
0.118,0.099
0.117,0.099
0.118,0.099
0.117,0.099
0.117,0.099
0.118,0.099
0.117,0.099
0.118,0.099
0.118,0.099
0.118,0.099
0.118,0.099
0.117,0.099
0.118,0.099
0.118,0.099
0.118,0.099
0.117,0.099
0.116,0.099
0.118,0.099
0.117,0.099
0.116,0.098
0.117,0.099
0.116,0.099
0.117,0.099
0.117,0.098
0.116,0.099
0.116,0.099
0.116,0.099
0.116,0.099
0.117,0.099
0.116,0.099
0.116,0.099
0.116,0.099
0.116,0.099
0.116,0.099
0.116,0.099
0.116,0.099
0.117,0.099
0.117,0.099
0.117,0.098
0.116,0.099
0.116,0.098
0.116,0.098
0.116,0.098
0.116,0.098
0.116,0.098
0.116,0.098
0.116,0.098
0.116,0.098
0.116,0.098
0.116,0.098
0.116,0.097
0.116,0.098
0.116,0.098
0.116,0.098
0.116,0.098
0.117,0.097
0.117,0.097
0.116,0.097
0.117,0.097
0.116,0.096
0.116,0.097
0.116,0.097
0.117,0.097
0.116,0.097
0.116,0.097
0.117,0.098
0.116,0.097
0.117,0.097
0.117,0.097
0.117,0.097
0.117,0.097
0.117,0.097
0.117,0.097
0.117,0.098
0.117,0.098
0.117,0.098
0.117,0.098
0.117,0.097
0.117,0.097
0.117,0.098
0.117,0.097
0.117,0.097
0.117,0.098
0.116,0.097
0.116,0.097
0.116,0.098
0.115,0.097
0.111,0.097
0.056,0.097
0.022,0.098
-0.021,0.097
-0.053,0.098
-0.099,0.099
-0.122,0.1
-0.192,0.107
-0.193,0.179
-0.191,0.248
-0.184,0.381
-0.182,0.409
-0.181,0.413
-0.181,0.405
-0.181,0.402
-0.215,0.392
-0.237,0.391
-0.253,0.391
-0.27,0.392
-0.278,0.392
-0.289,0.392
-0.287,0.392
-0.285,0.392
-0.275,0.392
-0.27,0.391
-0.264,0.39
-0.247,0.39
-0.117,0.39
-0.088,0.391
-0.083,0.391
-0.079,0.393
-0.078,0.393
-0.078,0.394
-0.076,0.393
-0.069,0.392
-0.051,0.39
-0.039,0.389
0.0,0.39
0.0,0.389
0.0,0.389
0.015,0.39
0.032,0.39
0.067,0.389
0.104,0.38
0.126,0.36
0.144,0.308
0.148,0.266
0.155,0.238
0.153,0.223
0.152,0.198
0.152,0.182
0.15,0.173
0.147,0.173
0.143,0.167
0.137,0.165
0.134,0.165
0.133,0.167
0.133,0.163
0.133,0.162
0.131,0.158
0.129,0.157
0.129,0.154
0.13,0.15
0.13,0.151
0.13,0.15
0.13,0.147
0.13,0.146
0.13,0.144
0.129,0.139
0.13,0.138
0.13,0.135
0.131,0.133
0.13,0.133
0.129,0.131
0.13,0.13
0.129,0.129
0.129,0.129
0.13,0.127
0.13,0.126
0.13,0.127
0.13,0.126
0.129,0.125
0.13,0.127
0.129,0.126
0.13,0.128
0.129,0.128
0.13,0.127
0.129,0.128
0.13,0.128
0.129,0.127
0.13,0.127
0.129,0.127
0.13,0.126
0.129,0.124
0.13,0.123
0.129,0.124
0.129,0.123
0.129,0.122
0.129,0.121
0.129,0.123
0.129,0.121
0.129,0.122
0.129,0.122
0.129,0.122
0.129,0.12
0.129,0.12
0.129,0.119
0.129,0.12
0.129,0.114
0.129,0.116
0.129,0.114
0.129,0.115
0.129,0.114
0.129,0.115
0.129,0.113
0.129,0.114
0.129,0.107
0.129,0.107
0.129,0.109
0.13,0.105
0.129,0.105
0.129,0.103
0.129,0.103
0.129,0.103
0.129,0.103
0.13,0.103
0.129,0.103
0.115,0.104
0.116,0.103
0.113,0.1
0.107,0.099
0.107,0.1
0.107,0.097
0.108,0.098
0.107,0.091
0.107,0.087
0.108,0.084
0.11,0.083
0.111,0.085
0.111,0.085
0.115,0.086
0.116,0.086
0.116,0.085
0.116,0.086
0.116,0.086
0.116,0.088
0.116,0.088
0.116,0.088
0.116,0.088
0.116,0.089
0.117,0.089
0.116,0.09
0.117,0.09
0.117,0.09
0.116,0.092
0.117,0.092
0.119,0.092
0.122,0.094
0.122,0.095
0.123,0.099
0.122,0.103
0.123,0.104
0.123,0.104
0.123,0.106
0.123,0.106
0.123,0.107
0.123,0.107
0.122,0.107
0.123,0.107
0.123,0.107
0.123,0.107
0.123,0.109
0.123,0.108
0.122,0.109
0.122,0.109
0.122,0.109
0.122,0.109
0.122,0.109
0.122,0.111
0.122,0.111
0.122,0.111
0.122,0.111
0.122,0.111
0.122,0.111
0.122,0.111
0.122,0.111
0.122,0.111
0.122,0.111
0.122,0.111
0.122,0.112
0.122,0.111
0.122,0.111
0.122,0.111
0.122,0.112
0.122,0.112
0.122,0.112
0.122,0.112
0.122,0.112
0.122,0.112
0.122,0.112
0.122,0.113
0.122,0.112
0.122,0.112
0.123,0.112
0.124,0.113
0.124,0.113
0.124,0.113
0.124,0.112
0.123,0.113
0.123,0.114
0.123,0.113
0.123,0.113
0.123,0.113
0.123,0.113
0.124,0.113
0.123,0.113
0.123,0.112
0.123,0.112
0.123,0.113
0.123,0.113
0.124,0.113
0.124,0.113
0.124,0.113
0.124,0.113
0.124,0.113
0.124,0.113
0.124,0.113
0.124,0.113
0.124,0.113
0.124,0.113
0.124,0.113
0.124,0.113
0.124,0.113
0.124,0.113
0.124,0.113
0.124,0.113
0.124,0.113
0.124,0.113
0.122,0.113
0.122,0.113
0.122,0.113
0.122,0.113
0.124,0.113
0.124,0.113
0.123,0.113
0.124,0.113
0.124,0.113
0.124,0.113
0.123,0.113
0.124,0.113
0.124,0.113
0.124,0.113
0.124,0.113
0.124,0.113
0.124,0.113
0.124,0.113
0.124,0.113
0.124,0.113
0.124,0.113
0.124,0.113
0.124,0.113
0.124,0.113
0.124,0.113
0.124,0.114
0.124,0.113
0.124,0.113
0.124,0.113
0.124,0.113
0.124,0.113
0.124,0.113
0.124,0.113
0.124,0.113
0.124,0.113
0.124,0.113
0.124,0.113
0.124,0.113
0.124,0.113
0.124,0.113
0.124,0.113
0.124,0.113
0.124,0.113
0.124,0.113
0.124,0.113
0.124,0.113
0.124,0.113
0.124,0.113
0.124,0.113
0.124,0.113
0.124,0.113
0.124,0.113
0.124,0.113
0.124,0.113
0.124,0.113
0.124,0.113
0.124,0.113
0.124,0.113
0.124,0.113
0.124,0.113
0.124,0.113
0.124,0.113
0.124,0.113
0.124,0.113
0.124,0.113
0.124,0.113
0.124,0.113
0.124,0.113
0.124,0.113
0.124,0.113
0.124,0.113
0.124,0.113
0.124,0.113
0.124,0.113
0.124,0.113
0.124,0.113
0.124,0.113
0.124,0.113
0.124,0.113
0.124,0.113
0.124,0.113
0.124,0.113
0.124,0.113
0.124,0.114
0.124,0.113
0.124,0.113
0.124,0.113
0.124,0.113
0.124,0.113
0.124,0.113
0.124,0.113
0.124,0.114
0.124,0.113
0.124,0.114
0.124,0.113
0.124,0.113
0.124,0.113
0.124,0.113
0.124,0.113
0.124,0.113
0.124,0.113
0.124,0.113
0.124,0.113
0.126,0.114
0.124,0.113
0.124,0.113
0.124,0.113
0.124,0.113
0.124,0.113
0.124,0.113
0.124,0.113
0.124,0.113
0.124,0.113
0.124,0.113
0.124,0.114
0.124,0.113
0.124,0.114
0.124,0.113
0.124,0.113
0.124,0.113
0.124,0.113
0.124,0.113
0.124,0.113
0.124,0.113
0.124,0.113
0.123,0.113
0.124,0.113
0.124,0.113
0.124,0.113
0.124,0.113
0.124,0.113
0.124,0.113
0.124,0.113
0.124,0.113
0.124,0.113
0.124,0.114
0.124,0.113
0.124,0.113
0.124,0.113
0.124,0.114
0.124,0.113
0.124,0.113
0.124,0.113
0.124,0.113
0.124,0.113
0.124,0.113
0.124,0.113
0.124,0.114
0.124,0.113
0.124,0.113
0.124,0.114
0.124,0.113
0.124,0.114
0.124,0.113
0.124,0.113
0.124,0.113
0.124,0.113
0.124,0.113
0.124,0.113
0.124,0.113
0.124,0.113
0.124,0.113
0.124,0.113
0.124,0.113
0.124,0.114
0.124,0.113
0.124,0.113
0.124,0.113
0.124,0.113
0.124,0.113
0.124,0.113
0.124,0.113
0.124,0.114
0.124,0.113
0.124,0.113
0.124,0.113
0.124,0.114
0.124,0.113
0.124,0.114
0.124,0.113
0.124,0.113
0.124,0.113
0.124,0.113
0.124,0.113
0.124,0.113
0.124,0.113
0.124,0.113
0.124,0.113
0.124,0.113
0.124,0.113
0.124,0.113
0.124,0.114
0.124,0.113
0.124,0.113
0.124,0.113
0.124,0.113
0.124,0.113
0.124,0.113
0.124,0.113
0.124,0.114
0.124,0.113
0.124,0.113
0.124,0.113
0.124,0.113
0.124,0.113
0.124,0.113
0.124,0.113
0.124,0.113
0.124,0.113
0.124,0.113
0.124,0.113
0.124,0.113
0.124,0.113
0.124,0.113
0.124,0.113
0.124,0.113
0.124,0.113
0.124,0.113
0.124,0.113
0.124,0.113
0.124,0.113
0.124,0.113
0.124,0.113
0.124,0.113
0.124,0.113
0.124,0.113
0.124,0.113
0.124,0.114
0.124,0.113
0.124,0.113
0.124,0.113
0.124,0.113
0.124,0.113
0.124,0.113
0.124,0.113
0.124,0.113
0.124,0.113
0.124,0.113
0.124,0.113
0.124,0.113
0.124,0.113
0.124,0.114
0.124,0.113
0.124,0.113
0.124,0.113
0.124,0.113
0.124,0.113
0.124,0.113
0.124,0.114
0.124,0.113
0.124,0.113
0.124,0.113
0.124,0.114
0.124,0.114
0.124,0.114
0.124,0.113
0.124,0.113
0.124,0.113
0.124,0.113
0.126,0.113
0.124,0.113
0.124,0.113
0.124,0.113
0.124,0.113
0.124,0.113
0.124,0.114
0.124,0.113
0.124,0.113
0.124,0.113
0.124,0.113
0.124,0.113
0.124,0.113
0.124,0.113
0.124,0.113
0.124,0.113
0.124,0.113
0.124,0.113
0.124,0.113
0.124,0.113
0.124,0.114
0.124,0.113
0.124,0.113
0.124,0.113
0.124,0.114
0.124,0.113
0.124,0.113
0.124,0.113
0.124,0.113
0.124,0.113
0.124,0.113
0.124,0.113
0.124,0.113
0.124,0.113
0.124,0.114
0.124,0.113
0.124,0.113
0.124,0.113
0.124,0.113
0.124,0.113
0.124,0.113
0.124,0.114
0.124,0.113
0.124,0.113
0.124,0.113
0.124,0.113
0.124,0.114
0.126,0.113
0.128,0.113
0.129,0.113
0.133,0.113
0.135,0.113
0.135,0.113
0.135,0.113
0.135,0.113
0.135,0.113
0.135,0.113
0.136,0.113
0.137,0.113
0.137,0.113
0.137,0.113
0.137,0.113
0.136,0.114
0.136,0.113
0.136,0.113
0.135,0.113
0.136,0.114
0.135,0.113
0.136,0.113
0.135,0.113
0.136,0.113
0.135,0.113
0.135,0.113
0.135,0.113
0.135,0.113
0.135,0.113
0.136,0.114
0.136,0.114
0.135,0.113
0.135,0.114
0.135,0.114
0.135,0.114
0.136,0.113
0.135,0.113
0.135,0.113
0.135,0.114
0.135,0.114
0.134,0.113
0.135,0.114
0.135,0.114
0.134,0.113
0.135,0.113
0.135,0.113
0.135,0.114
0.134,0.113
0.135,0.113
0.134,0.113
0.134,0.114
0.134,0.113
0.134,0.113
0.134,0.113
0.134,0.114
0.134,0.114
0.134,0.113
0.134,0.113
0.135,0.113
0.134,0.113
0.134,0.114
0.134,0.113
0.134,0.113
0.133,0.113
0.133,0.113
0.132,0.114
0.132,0.113
0.132,0.113
0.131,0.114
0.132,0.114
0.132,0.113
0.132,0.113
0.132,0.113
0.132,0.113
0.131,0.113
0.132,0.113
0.132,0.114
0.131,0.113
0.132,0.114
0.131,0.113
0.132,0.113
0.131,0.113
0.132,0.114
0.132,0.113
0.131,0.113
0.132,0.113
0.132,0.113
0.131,0.114
0.131,0.113
0.132,0.113
0.131,0.113
0.131,0.113
0.131,0.113
0.131,0.114
0.131,0.114
0.131,0.113
0.131,0.114
0.131,0.113
0.131,0.114
0.131,0.114
0.131,0.114
0.131,0.113
0.131,0.113
0.131,0.113
0.132,0.113
0.131,0.113
0.131,0.113
0.131,0.113
0.132,0.113
0.131,0.113
0.131,0.113
0.131,0.113
0.131,0.113
0.131,0.113
0.131,0.113
0.131,0.114
0.131,0.113
0.132,0.113
0.131,0.114
0.132,0.113
0.131,0.114
0.131,0.113
0.131,0.113
0.131,0.113
0.131,0.113
0.131,0.114
0.131,0.145
0.131,0.165
0.131,0.198
0.131,0.199
0.131,0.198
0.131,0.197
0.131,0.197
0.131,0.195
0.131,0.193
0.131,0.192
0.131,0.191
0.131,0.192
0.132,0.191
0.131,0.191
0.132,0.191
0.131,0.193
0.131,0.196
0.131,0.199
0.131,0.201
0.131,0.203
0.132,0.203
0.131,0.205
0.131,0.218
0.132,0.223
0.131,0.245
0.131,0.257
0.131,0.261
0.131,0.261
0.131,0.261
0.131,0.261
0.131,0.26
0.131,0.26
0.132,0.258
0.132,0.257
0.131,0.256
0.132,0.253
0.131,0.25
0.131,0.246
0.131,0.235
0.131,0.235
0.132,0.235
0.132,0.235
0.131,0.234
0.131,0.231
0.132,0.229
0.131,0.224
0.132,0.222
0.132,0.216
0.132,0.214
0.131,0.206
0.131,0.199
0.131,0.195
0.131,0.188
0.131,0.187
0.131,0.182
0.131,0.176
0.132,0.175
0.131,0.167
0.131,0.161
0.131,0.155
0.131,0.14
0.131,0.143
0.131,0.131
0.131,0.129
0.131,0.128
0.131,0.125
0.131,0.121
0.132,0.116
0.131,0.113
0.132,0.113
0.132,0.113
0.131,0.115
0.132,0.119
0.131,0.135
0.131,0.14
0.131,0.16
0.131,0.257
0.131,0.304
0.13,0.315
0.124,0.321
0.0,0.331
-0.054,0.355
-0.115,0.381
-0.186,0.396
-0.193,0.409
-0.191,0.412
-0.19,0.419
-0.19,0.419
-0.19,0.419
-0.192,0.419
-0.201,0.419
-0.207,0.419
-0.205,0.417
-0.204,0.417
-0.203,0.416
-0.203,0.413
-0.2,0.412
-0.196,0.403
-0.18,0.402
-0.098,0.398
-0.069,0.396
-0.061,0.397
-0.08,0.395
-0.081,0.395
-0.082,0.396
-0.088,0.396
-0.1,0.395
-0.101,0.396
-0.098,0.395
-0.091,0.394
-0.09,0.394
-0.085,0.394
-0.015,0.394
0.0,0.394
0.002,0.394
0.009,0.394
0.03,0.394
0.044,0.394
0.045,0.394
0.051,0.395
0.059,0.385
0.062,0.379
0.062,0.365
0.067,0.362
0.081,0.358
0.086,0.353
0.095,0.351
0.113,0.348
0.12,0.343
0.123,0.342
0.127,0.338
0.137,0.335
0.141,0.333
0.141,0.331
0.14,0.328
0.141,0.325
0.143,0.322
0.144,0.315
0.144,0.313
0.142,0.312
0.141,0.305
0.141,0.302
0.141,0.298
0.14,0.297
0.14,0.285
0.14,0.27
0.141,0.268
0.141,0.253
0.14,0.234
0.14,0.227
0.14,0.216
0.141,0.215
0.141,0.208
0.14,0.199
0.139,0.195
0.138,0.193
0.137,0.186
0.135,0.18
0.135,0.178
0.134,0.171
0.135,0.167
0.135,0.156
0.135,0.143
0.135,0.141
0.135,0.139
0.135,0.139
0.135,0.135
0.135,0.132
0.135,0.13
0.135,0.121
0.135,0.122
0.135,0.122
0.135,0.124
0.135,0.124
0.135,0.125
0.135,0.124
0.136,0.125
0.135,0.127
0.136,0.129
0.135,0.129
0.135,0.129
0.136,0.13
0.136,0.131
0.135,0.132
0.135,0.131
0.135,0.131
0.136,0.133
0.136,0.133
0.136,0.133
0.136,0.133
0.136,0.133
0.135,0.134
0.136,0.134
0.136,0.133
0.135,0.133
0.135,0.133
0.136,0.133
0.135,0.133
0.136,0.133
0.136,0.133
0.136,0.133
0.136,0.134
0.138,0.133
0.139,0.134
0.139,0.134
0.139,0.137
0.139,0.142
0.139,0.145
0.139,0.147
0.137,0.148
0.137,0.148
0.136,0.148
0.135,0.149
0.135,0.149
0.134,0.15
0.134,0.15
0.134,0.15
0.134,0.15
0.134,0.151
0.135,0.15
0.135,0.151
0.135,0.15
0.138,0.15
0.138,0.152
0.138,0.152
0.136,0.152
0.135,0.152
0.134,0.152
0.133,0.152
0.133,0.152
0.134,0.152
0.137,0.152
0.137,0.152
0.136,0.152
0.137,0.153
0.137,0.152
0.136,0.153
0.136,0.153
0.137,0.152
0.137,0.153
0.137,0.153
0.137,0.154
0.137,0.161
0.137,0.165
0.135,0.171
0.133,0.177
0.13,0.181
0.121,0.186
0.118,0.188
0.118,0.193
0.117,0.193
0.114,0.192
0.113,0.191
0.112,0.191
0.112,0.191
0.112,0.19
0.113,0.188
0.115,0.188
0.116,0.186
0.116,0.184
0.117,0.182
0.118,0.18
0.118,0.178
0.117,0.171
0.118,0.17
0.119,0.169
0.118,0.169
0.12,0.169
0.12,0.167
0.12,0.167
0.12,0.168
0.12,0.168
0.12,0.167
0.12,0.168
0.12,0.167
0.12,0.165
0.12,0.161
0.12,0.158
0.119,0.152
0.12,0.148
0.12,0.144
0.12,0.141
0.12,0.136
0.12,0.131
0.12,0.128
0.12,0.116
0.12,0.114
0.12,0.109
0.12,0.108
0.12,0.103
0.12,0.104
0.12,0.103
0.12,0.103
0.12,0.103
0.119,0.102
0.119,0.101
0.118,0.098
0.119,0.092
0.118,0.09
0.119,0.092
0.118,0.091
0.118,0.092
0.119,0.094
0.118,0.094
0.118,0.094
0.119,0.092
0.118,0.089
0.118,0.089
0.118,0.086
0.119,0.084
0.119,0.085
0.12,0.086
0.119,0.085
0.118,0.085
0.118,0.088
0.119,0.089
0.118,0.09
0.114,0.092
0.114,0.095
0.114,0.097
0.114,0.101
0.114,0.103
0.113,0.107
0.113,0.111
0.113,0.113
0.111,0.113
0.111,0.114
0.111,0.114
0.11,0.113
0.11,0.113
0.109,0.114
0.109,0.114
0.109,0.114
0.109,0.114
0.11,0.114
0.111,0.115
0.112,0.115
0.111,0.114
0.113,0.114
0.113,0.114
0.113,0.114
0.113,0.115
0.114,0.115
0.113,0.115
0.113,0.116
0.113,0.115
0.113,0.115
0.113,0.116
0.113,0.116
0.113,0.116
0.113,0.116
0.113,0.116
0.113,0.116
0.114,0.116
0.113,0.116
0.113,0.117
0.114,0.116
0.113,0.115
0.114,0.116
0.113,0.116
0.113,0.115
0.113,0.116
0.113,0.116
0.113,0.116
0.114,0.116
0.114,0.116
0.115,0.117
0.114,0.116
0.114,0.116
0.113,0.116
0.113,0.116
0.113,0.116
0.113,0.116
0.113,0.116
0.112,0.116
0.112,0.116
0.112,0.116
0.112,0.116
0.112,0.116
0.112,0.116
0.112,0.116
0.112,0.115
0.113,0.116
0.112,0.116
0.113,0.116
0.113,0.116
0.113,0.116
0.114,0.116
0.114,0.116
0.113,0.116
0.111,0.116
0.111,0.116
0.111,0.116
0.111,0.116
0.111,0.116
0.111,0.116
0.111,0.116
0.111,0.116
0.111,0.116
0.112,0.116
0.113,0.117
0.113,0.116
0.113,0.116
0.113,0.116
0.111,0.116
0.111,0.116
0.11,0.117
0.111,0.117
0.111,0.117
0.111,0.117
0.111,0.116
0.111,0.117
0.111,0.116
0.111,0.117
0.111,0.116
0.111,0.116
0.111,0.117
0.111,0.116
0.111,0.117
0.111,0.117
0.111,0.117
0.111,0.117
0.111,0.116
0.112,0.116
0.112,0.117
0.112,0.117
0.112,0.118
0.113,0.117
0.113,0.117
0.114,0.117
0.114,0.117
0.114,0.117
0.113,0.117
0.115,0.117
0.115,0.117
0.115,0.117
0.115,0.116
0.116,0.117
0.117,0.117
0.117,0.117
0.118,0.117
0.118,0.117
0.118,0.117
0.118,0.117
0.118,0.117
0.118,0.117
0.118,0.117
0.118,0.116
0.118,0.117
0.118,0.116
0.118,0.117
0.118,0.117
0.118,0.116
0.118,0.117
0.118,0.117
0.118,0.117
0.118,0.116
0.118,0.117
0.118,0.118
0.118,0.117
0.118,0.117
0.118,0.117
0.118,0.117
0.118,0.117
0.119,0.117
0.118,0.117
0.113,0.117
0.118,0.117
0.119,0.117
0.118,0.117
0.118,0.117
0.119,0.117
0.118,0.116
0.119,0.117
0.118,0.117
0.118,0.117
0.118,0.117
0.118,0.117
0.118,0.116
0.117,0.116
0.117,0.117
0.116,0.117
0.116,0.116
0.116,0.117
0.117,0.117
0.116,0.116
0.116,0.117
0.116,0.117
0.117,0.117
0.116,0.117
0.117,0.117
0.118,0.117
0.117,0.116
0.118,0.117
0.118,0.118
0.118,0.117
0.117,0.117
0.117,0.117
0.118,0.117
0.118,0.117
0.118,0.116
0.118,0.117
0.118,0.117
0.118,0.117
0.117,0.117
0.118,0.117
0.118,0.117
0.118,0.117
0.118,0.117
0.118,0.116
0.118,0.118
0.118,0.117
0.118,0.117
0.118,0.118
0.118,0.117
0.118,0.117
0.118,0.117
0.118,0.118
0.118,0.118
0.118,0.117
0.118,0.117
0.118,0.118
0.118,0.117
0.118,0.117
0.118,0.117
0.118,0.117
0.118,0.117
0.118,0.118
0.118,0.118
0.118,0.117
0.118,0.117
0.118,0.117
0.118,0.117
0.118,0.117
0.118,0.117
0.118,0.117
0.118,0.116
0.118,0.117
0.118,0.117
0.118,0.118
0.118,0.117
0.118,0.118
0.118,0.117
0.118,0.117
0.118,0.117
0.118,0.117
0.118,0.117
0.118,0.118
0.118,0.117
0.118,0.117
0.118,0.117
0.118,0.117
0.118,0.117
0.118,0.117
0.118,0.117
0.118,0.118
0.117,0.117
0.118,0.117
0.118,0.116
0.118,0.117
0.118,0.117
0.118,0.118
0.118,0.117
0.118,0.117
0.118,0.118
0.118,0.118
0.118,0.117
0.118,0.118
0.118,0.118
0.118,0.118
0.118,0.117
0.118,0.118
0.118,0.117
0.118,0.118
0.118,0.118
0.118,0.118
0.118,0.117
0.118,0.118
0.118,0.118
0.119,0.117
0.118,0.118
0.118,0.117
0.118,0.118
0.118,0.117
0.118,0.118
0.118,0.118
0.119,0.118
0.118,0.118
0.118,0.117
0.118,0.118
0.118,0.118
0.118,0.118
0.118,0.118
0.119,0.118
0.118,0.118
0.118,0.118
0.119,0.117
0.119,0.118
0.118,0.118
0.119,0.118
0.118,0.117
0.118,0.118
0.118,0.118
0.118,0.118
0.118,0.118
0.118,0.118
0.118,0.118
0.118,0.118
0.118,0.117
0.118,0.117
0.118,0.118
0.118,0.118
0.118,0.118
0.118,0.117
0.118,0.118
0.118,0.118
0.118,0.118
0.118,0.117
0.118,0.118
0.118,0.118
0.118,0.118
0.118,0.117
0.118,0.118
0.119,0.118
0.118,0.118
0.118,0.118
0.118,0.118
0.118,0.118
0.118,0.118
0.118,0.118
0.118,0.118
0.118,0.118
0.119,0.118
0.119,0.117
0.118,0.118
0.118,0.118
0.118,0.118
0.118,0.118
0.118,0.118
0.118,0.118
0.118,0.117
0.118,0.118
0.118,0.118
0.118,0.118
0.118,0.118
0.118,0.118
0.118,0.118
0.118,0.118
0.118,0.118
0.118,0.118
0.118,0.118
0.118,0.118
0.119,0.118
0.118,0.118
0.118,0.118
0.118,0.117
0.118,0.117
0.118,0.118
0.118,0.118
0.118,0.118
0.118,0.117
0.118,0.118
0.118,0.118
0.119,0.117
0.118,0.117
0.118,0.117
0.118,0.117
0.118,0.117
0.118,0.118
0.118,0.117
0.118,0.118
0.118,0.118
0.118,0.117
0.118,0.118
0.118,0.118
0.118,0.118
0.118,0.118
0.118,0.118
0.118,0.118
0.118,0.118
0.118,0.118
0.118,0.118
0.118,0.118
0.118,0.118
0.118,0.118
0.118,0.118
0.118,0.118
0.118,0.118
0.118,0.118
0.118,0.118
0.118,0.118
0.118,0.118
0.118,0.118
0.118,0.118
0.118,0.118
0.117,0.118
0.118,0.118
0.118,0.117
0.118,0.118
0.118,0.118
0.118,0.118
0.118,0.118
0.118,0.118
0.118,0.117
0.119,0.118
0.118,0.118
0.118,0.118
0.119,0.118
0.119,0.118
0.12,0.118
0.119,0.118
0.119,0.118
0.119,0.117
0.119,0.118
0.119,0.117
0.12,0.118
0.12,0.118
0.12,0.117
0.12,0.118
0.121,0.117
0.121,0.118
0.121,0.118
0.122,0.118
0.122,0.118
0.122,0.118
0.123,0.117
0.124,0.118
0.123,0.118
0.123,0.118
0.124,0.118
0.123,0.117
0.123,0.118
0.124,0.118
0.124,0.118
0.123,0.118
0.123,0.118
0.124,0.118
0.124,0.117
0.123,0.118
0.123,0.118
0.122,0.118
0.122,0.118
0.122,0.118
0.121,0.117
0.12,0.118
0.12,0.118
0.12,0.118
0.12,0.117
0.12,0.118
0.12,0.117
0.12,0.118
0.12,0.118
0.12,0.118
0.12,0.117
0.12,0.118
0.12,0.118
0.122,0.118
0.122,0.117
0.122,0.118
0.122,0.118
0.122,0.118
0.122,0.118
0.124,0.118
0.123,0.118
0.123,0.118
0.124,0.118
0.124,0.118
0.124,0.118
0.126,0.118
0.126,0.118
0.127,0.118
0.127,0.118
0.129,0.118
0.129,0.118
0.13,0.117
0.131,0.118
0.132,0.118
0.133,0.118
0.135,0.118
0.137,0.118
0.142,0.118
0.143,0.118
0.141,0.118
0.147,0.118
0.146,0.118
0.145,0.118
0.145,0.118
0.145,0.118
0.144,0.118
0.145,0.118
0.145,0.118
0.148,0.118
0.146,0.117
0.143,0.118
0.143,0.118
0.144,0.118
0.143,0.118
0.143,0.118
0.143,0.118
0.143,0.118
0.144,0.118
0.144,0.118
0.143,0.118
0.143,0.118
0.143,0.118
0.143,0.118
0.143,0.118
0.143,0.118
0.143,0.118
0.143,0.118
0.143,0.118
0.143,0.118
0.142,0.118
0.142,0.118
0.143,0.118
0.143,0.118
0.143,0.118
0.143,0.118
0.143,0.118
0.143,0.118
0.143,0.118
0.143,0.118
0.143,0.118
0.144,0.118
0.144,0.118
0.144,0.118
0.144,0.118
0.144,0.118
0.144,0.118
0.144,0.117
0.144,0.118
0.143,0.117
0.144,0.118
0.144,0.117
0.143,0.117
0.143,0.118
0.143,0.118
0.143,0.118
0.144,0.118
0.144,0.118
0.144,0.117
0.144,0.118
0.144,0.118
0.144,0.117
0.143,0.118
0.143,0.117
0.144,0.118
0.144,0.118
0.144,0.118
0.144,0.118
0.144,0.118
0.144,0.118
0.144,0.117
0.143,0.118
0.144,0.118
0.144,0.118
0.144,0.118
0.144,0.118
0.144,0.118
0.144,0.118
0.144,0.117
0.144,0.118
0.143,0.118
0.144,0.118
0.144,0.118
0.144,0.118
0.144,0.118
0.144,0.118
0.145,0.118
0.144,0.118
0.144,0.118
0.144,0.118
0.144,0.118
0.144,0.118
0.145,0.118
0.145,0.118
0.145,0.118
0.145,0.118
0.145,0.118
0.145,0.118
0.145,0.118
0.146,0.118
0.144,0.118
0.145,0.117
0.145,0.118
0.145,0.118
0.145,0.118
0.145,0.117
0.144,0.118
0.144,0.118
0.145,0.118
0.144,0.118
0.144,0.118
0.144,0.118
0.144,0.118
0.144,0.118
0.144,0.118
0.145,0.118
0.144,0.118
0.144,0.118
0.144,0.118
0.144,0.118
0.144,0.118
0.144,0.118
0.144,0.118
0.144,0.118
0.143,0.118
0.144,0.118
0.144,0.118
0.144,0.118
0.143,0.118
0.144,0.118
0.143,0.118
0.143,0.118
0.143,0.118
0.143,0.118
0.144,0.118
0.144,0.118
0.144,0.118
0.143,0.118
0.144,0.117
0.144,0.118
0.144,0.118
0.144,0.118
0.143,0.118
0.144,0.118
0.143,0.118
0.144,0.117
0.144,0.118
0.144,0.118
0.143,0.118
0.144,0.118
0.144,0.117
0.143,0.118
0.143,0.118
0.143,0.118
0.144,0.118
0.143,0.118
0.143,0.118
0.142,0.118
0.141,0.118
0.136,0.118
0.114,0.118
0.047,0.118
0.041,0.118
0.012,0.118
0.007,0.118
0.022,0.118
0.034,0.118
0.041,0.118
0.041,0.118
0.048,0.118
0.128,0.118
0.137,0.118
0.137,0.118
0.137,0.118
0.14,0.118
0.139,0.118
0.148,0.117
0.153,0.118
0.156,0.118
0.159,0.118
0.163,0.118
0.161,0.118
0.162,0.118
0.163,0.118
0.162,0.118
0.162,0.118
0.162,0.118
0.162,0.118
0.161,0.118
0.161,0.118
0.16,0.118
0.16,0.118
0.16,0.118
0.16,0.118
0.16,0.118
0.158,0.118
0.158,0.118
0.158,0.118
0.158,0.118
0.157,0.118
0.158,0.118
0.157,0.118
0.157,0.118
0.157,0.118
0.156,0.118
0.148,0.11
0.141,0.04
0.053,0.017
-0.014,0.018
-0.001,0.019
0.0,0.022
0.0,0.021
0.0,0.022
0.0,0.022
0.0,0.022
0.0,0.023
0.0,0.022
0.0,0.023
0.0,0.022
0.0,0.019
-0.01,0.011
0.0,0.011
0.0,0.012
0.0,0.015
0.0,0.014
0.0,0.015
0.0,0.015
0.0,0.016
0.0,0.014
0.0,0.0
0.0,-0.054
0.0,-0.067
-0.003,-0.088
-0.017,-0.087
-0.026,-0.088
-0.064,-0.096
-0.061,-0.104
-0.058,-0.109
-0.056,-0.108
-0.055,-0.105
-0.054,-0.104
-0.053,-0.102
-0.049,-0.094
-0.036,-0.086
0.0,-0.027
0.006,0.0
0.019,0.004
0.019,0.023
0.028,0.04
0.043,0.051
0.082,0.069
0.094,0.098
0.111,0.106
0.146,0.112
0.139,0.113
0.142,0.113
0.143,0.113
0.143,0.111
0.145,0.109
0.146,0.108
0.144,0.108
0.143,0.107
0.144,0.106
0.142,0.107
0.141,0.106
0.141,0.106
0.142,0.106
0.14,0.106
0.141,0.106
0.141,0.106
0.141,0.106
0.141,0.106
0.141,0.107
0.139,0.107
0.139,0.107
0.14,0.107
0.139,0.107
0.139,0.109
0.139,0.108
0.141,0.108
0.14,0.108
0.139,0.109
0.14,0.109
0.14,0.109
0.14,0.11
0.141,0.112
0.141,0.112
0.142,0.113
0.144,0.113
0.144,0.113
0.144,0.113
0.145,0.113
0.145,0.113
0.146,0.114
0.147,0.113
0.147,0.113
0.146,0.113
0.147,0.113
0.146,0.113
0.147,0.113
0.147,0.114
0.146,0.114
0.147,0.113
0.147,0.114
0.147,0.113
0.146,0.114
0.146,0.114
0.146,0.114
0.146,0.115
0.146,0.118
0.146,0.118
0.146,0.118
0.147,0.118
0.146,0.118
0.147,0.118
0.147,0.12
0.147,0.118
0.147,0.117
0.147,0.119
0.147,0.119
0.146,0.119
0.146,0.118
0.146,0.119
0.144,0.118
0.144,0.119
0.144,0.118
0.144,0.119
0.144,0.119
0.144,0.12
0.145,0.119
0.145,0.118
0.144,0.117
0.144,0.118
0.144,0.117
0.144,0.118
0.144,0.118
0.144,0.118
0.143,0.117
0.143,0.118
0.143,0.117
0.143,0.116
0.143,0.116
0.143,0.117
0.143,0.116
0.143,0.117
0.143,0.116
0.143,0.118
0.142,0.118
0.143,0.119
0.143,0.12
0.143,0.12
0.143,0.118
0.143,0.118
0.142,0.118
0.143,0.117
0.143,0.118
0.142,0.118
0.142,0.118
0.141,0.118
0.141,0.119
0.141,0.122
0.141,0.123
0.141,0.123
0.141,0.122
0.14,0.12
0.139,0.121
0.141,0.122
0.14,0.121
0.141,0.12
0.141,0.12
0.14,0.119
0.14,0.119
0.141,0.118
0.14,0.116
0.14,0.115
0.14,0.115
0.141,0.113
0.14,0.108
0.14,0.105
0.141,0.101
0.141,0.101
0.14,0.101
0.139,0.101
0.14,0.101
0.14,0.101
0.14,0.094
0.14,0.085
0.141,0.084
0.14,0.077
0.141,0.059
0.14,0.06
0.141,0.061
0.139,0.06
0.139,0.061
0.139,0.06
0.138,0.061
0.139,0.061
0.138,0.062
0.138,0.063
0.137,0.064
0.137,0.067
0.137,0.07
0.138,0.071
0.137,0.073
0.137,0.072
0.138,0.075
0.137,0.077
0.138,0.077
0.138,0.077
0.137,0.077
0.138,0.077
0.137,0.077
0.137,0.077
0.137,0.077
0.137,0.077
0.137,0.077
0.137,0.077
0.137,0.078
0.137,0.077
0.137,0.077
0.137,0.077
0.137,0.077
0.137,0.077
0.137,0.077
0.137,0.077
0.137,0.077
0.137,0.077
0.136,0.078
0.135,0.078
0.137,0.077
0.137,0.078
0.137,0.077
0.138,0.078
0.139,0.078
0.139,0.078
0.139,0.077
0.139,0.077
0.139,0.078
0.139,0.078
0.139,0.078
0.139,0.077
0.139,0.078
0.139,0.078
0.139,0.078
0.139,0.078
0.138,0.077
0.139,0.077
0.138,0.078
0.137,0.078
0.137,0.078
0.138,0.078
0.138,0.078
0.138,0.078
0.139,0.078
0.139,0.078
0.139,0.078
0.139,0.078
0.139,0.078
0.139,0.078
0.139,0.078
0.139,0.079
0.139,0.078
0.139,0.078
0.139,0.078
0.139,0.078
0.139,0.078
0.14,0.078
0.139,0.077
0.139,0.078
0.139,0.078
0.139,0.078
0.139,0.078
0.139,0.078
0.139,0.078
0.133,0.079
0.139,0.078
0.14,0.079
0.139,0.078
0.14,0.078
0.14,0.078
0.141,0.078
0.141,0.078
0.141,0.078
0.14,0.077
0.14,0.078
0.139,0.078
0.141,0.078
0.14,0.078
0.14,0.078
0.14,0.079
0.14,0.078
0.141,0.079
0.14,0.078
0.14,0.078
0.14,0.078
0.14,0.078
0.14,0.079
0.14,0.079
0.139,0.079
0.14,0.079
0.14,0.078
0.14,0.079
0.14,0.078
0.14,0.079
0.14,0.079
0.14,0.079
0.141,0.079
0.14,0.078
0.14,0.079
0.139,0.078
0.14,0.078
0.14,0.079
0.14,0.078
0.139,0.079
0.139,0.079
0.139,0.079
0.139,0.078
0.139,0.079
0.139,0.079
0.139,0.078
0.139,0.079
0.139,0.078
0.139,0.079
0.139,0.078
0.139,0.079
0.139,0.078
0.139,0.079
0.139,0.079
0.139,0.079
0.139,0.078
0.14,0.079
0.14,0.079
0.139,0.078
0.139,0.079
0.139,0.078
0.139,0.079
0.139,0.079
0.139,0.078
0.139,0.078
0.139,0.079
0.139,0.079
0.137,0.078
0.137,0.079
0.137,0.078
0.137,0.079
0.137,0.078
0.137,0.078
0.137,0.078
0.137,0.078
0.137,0.079
0.136,0.079
0.137,0.078
0.137,0.079
0.137,0.079
0.136,0.078
0.137,0.078
0.136,0.078
0.137,0.078
0.137,0.078
0.137,0.079
0.137,0.078
0.137,0.078
0.136,0.079
0.137,0.078
0.137,0.078
0.137,0.079
0.137,0.078
0.137,0.079
0.137,0.079
0.137,0.079
0.137,0.078
0.137,0.079
0.137,0.078
0.137,0.079
0.137,0.078
0.137,0.078
0.137,0.079
0.137,0.078
0.136,0.079
0.137,0.079
0.137,0.078
0.137,0.079
0.137,0.078
0.137,0.078
0.137,0.078
0.137,0.078
0.137,0.079
0.137,0.079
0.137,0.078
0.138,0.078
0.138,0.078
0.137,0.078
0.137,0.079
0.136,0.078
0.137,0.079
0.137,0.079
0.137,0.078
0.136,0.078
0.136,0.078
0.136,0.078
0.135,0.078
0.135,0.078
0.135,0.079
0.135,0.078
0.135,0.078
0.134,0.079
0.135,0.079
0.134,0.079
0.135,0.077
0.134,0.078
0.134,0.079
0.134,0.079
0.135,0.078
0.135,0.079
0.136,0.079
0.135,0.079
0.135,0.078
0.135,0.078
0.135,0.078
0.135,0.079
0.135,0.078
0.135,0.078
0.135,0.079
0.135,0.078
0.135,0.079
0.135,0.078
0.136,0.079
0.135,0.078
0.135,0.079
0.135,0.078
0.135,0.079
0.135,0.078
0.135,0.079
0.135,0.079
0.136,0.079
0.135,0.078
0.135,0.079
0.135,0.079
0.135,0.078
0.135,0.079
0.136,0.079
0.136,0.079
0.135,0.078
0.135,0.078
0.135,0.078
0.136,0.078
0.135,0.079
0.135,0.078
0.135,0.079
0.135,0.079
0.136,0.078
0.135,0.079
0.135,0.078
0.135,0.078
0.135,0.079
0.135,0.078
0.135,0.078
0.135,0.078
0.135,0.078
0.135,0.079
0.135,0.078
0.136,0.078
0.135,0.078
0.135,0.078
0.136,0.078
0.136,0.078
0.136,0.079
0.136,0.078
0.136,0.078
0.136,0.079
0.136,0.079
0.136,0.079
0.135,0.079
0.136,0.079
0.136,0.078
0.136,0.079
0.136,0.079
0.135,0.078
0.137,0.077
0.136,0.078
0.136,0.079
0.136,0.079
0.137,0.079
0.137,0.078
0.137,0.079
0.137,0.079
0.137,0.078
0.137,0.079
0.137,0.078
0.137,0.079
0.137,0.078
0.137,0.078
0.137,0.079
0.137,0.079
0.137,0.079
0.137,0.078
0.137,0.079
0.137,0.079
0.137,0.079
0.137,0.079
0.137,0.078
0.137,0.079
0.136,0.079
0.136,0.079
0.137,0.079
0.136,0.079
0.137,0.079
0.136,0.078
0.136,0.079
0.137,0.079
0.136,0.079
0.137,0.078
0.137,0.079
0.136,0.079
0.136,0.078
0.136,0.079
0.136,0.079
0.137,0.079
0.136,0.079
0.136,0.078
0.136,0.079
0.137,0.078
0.136,0.079
0.136,0.079
0.136,0.078
0.136,0.079
0.136,0.079
0.136,0.078
0.136,0.078
0.136,0.078
0.136,0.079
0.136,0.079
0.136,0.078
0.136,0.079
0.136,0.079
0.136,0.079
0.137,0.078
0.136,0.078
0.136,0.079
0.136,0.079
0.136,0.078
0.136,0.079
0.135,0.078
0.136,0.079
0.136,0.079
0.135,0.079
0.136,0.079
0.136,0.078
0.135,0.079
0.136,0.079
0.136,0.078
0.136,0.078
0.136,0.079
0.136,0.078
0.136,0.078
0.136,0.079
0.135,0.079
0.136,0.079
0.136,0.079
0.137,0.079
0.136,0.078
0.139,0.078
0.136,0.079
0.136,0.079
0.136,0.079
0.136,0.078
0.135,0.079
0.136,0.077
0.136,0.079
0.136,0.079
0.136,0.081
0.135,0.081
0.136,0.081
0.136,0.081
0.136,0.08
0.136,0.081
0.136,0.08
0.136,0.08
0.136,0.08
0.136,0.08
0.136,0.08
0.135,0.081
0.136,0.08
0.136,0.081
0.137,0.08
0.136,0.08
0.137,0.08
0.135,0.081
0.135,0.08
0.135,0.08
0.136,0.08
0.136,0.081
0.135,0.072
0.135,0.036
0.136,0.034
0.136,0.02
0.135,0.016
0.135,0.022
0.135,0.021
0.136,0.021
0.135,0.022
0.136,0.021
0.135,0.022
0.135,0.024
0.135,0.03
0.135,0.041
0.135,0.042
0.135,0.043
0.135,0.042
0.135,0.043
0.135,0.042
0.134,0.043
0.134,0.046
0.134,0.052
0.134,0.055
0.134,0.063
0.134,0.064
0.133,0.066
0.135,0.067
0.134,0.068
0.134,0.068
0.134,0.069
0.135,0.072
0.134,0.075
0.134,0.079
0.134,0.084
0.134,0.088
0.134,0.092
0.134,0.092
0.133,0.096
0.134,0.093
0.133,0.094
0.133,0.094
0.135,0.095
0.135,0.096
0.135,0.096
0.134,0.096
0.135,0.094
0.135,0.096
0.134,0.097
0.134,0.094
0.134,0.094
0.135,0.095
0.134,0.094
0.134,0.096
0.134,0.096
0.134,0.096
0.135,0.096
0.134,0.096
0.134,0.096
0.135,0.095
0.135,0.095
0.135,0.096
0.135,0.098
0.135,0.099
0.135,0.101
0.135,0.101
0.135,0.103
0.135,0.101
0.135,0.102
0.135,0.101
0.135,0.1
0.135,0.101
0.135,0.1
0.135,0.099
0.135,0.101
0.135,0.101
0.135,0.101
0.135,0.101
0.135,0.101
0.135,0.101
0.135,0.102
0.135,0.101
0.135,0.101
0.135,0.101
0.135,0.101
0.135,0.101
0.135,0.101
0.135,0.1
0.135,0.099
0.135,0.1
0.135,0.099
0.135,0.099
0.135,0.099
0.135,0.099
0.135,0.099
0.135,0.099
0.135,0.099
0.135,0.1
0.135,0.099
0.135,0.1
0.134,0.099
0.135,0.099
0.135,0.099
0.134,0.099
0.135,0.098
0.135,0.098
0.135,0.098
0.135,0.098
0.135,0.098
0.135,0.098
0.135,0.098
0.135,0.098
0.135,0.098
0.135,0.099
0.135,0.099
0.135,0.1
0.135,0.1
0.135,0.1
0.135,0.103
0.135,0.103
0.135,0.102
0.135,0.103
0.135,0.106
0.135,0.103
0.135,0.103
0.135,0.103
0.135,0.102
0.135,0.102
0.135,0.101
0.135,0.103
0.135,0.103
0.135,0.103
0.135,0.103
0.135,0.107
0.135,0.106
0.135,0.107
0.135,0.113
0.135,0.109
0.135,0.114
0.135,0.121
0.135,0.123
0.135,0.121
0.135,0.121
0.135,0.12
0.135,0.12
0.135,0.115
0.135,0.113
0.134,0.109
0.135,0.106
0.135,0.091
0.135,0.088
0.134,0.087
0.135,0.086
0.134,0.062
0.134,0.048
0.135,0.046
0.134,0.048
0.135,0.047
0.135,0.059
0.135,0.064
0.135,0.066
0.135,0.099
0.135,0.114
0.134,0.122
0.135,0.123
0.135,0.124
0.135,0.126
0.135,0.126
0.135,0.128
0.135,0.129
0.135,0.128
0.135,0.126
0.134,0.126
0.135,0.124
0.135,0.122
0.135,0.122
0.135,0.12
0.135,0.121
0.137,0.121
0.135,0.121
0.134,0.122
0.135,0.12
0.135,0.12
0.135,0.12
0.135,0.121
0.135,0.12
0.134,0.12
0.135,0.12
0.135,0.12
0.135,0.12
0.135,0.12
0.135,0.12
0.135,0.12
0.135,0.12
0.135,0.118
0.135,0.118
0.135,0.118
0.135,0.118
0.135,0.118
0.135,0.118
0.135,0.118
0.135,0.117
0.135,0.116
0.135,0.116
0.135,0.116
0.135,0.116
0.135,0.116
0.135,0.119
0.135,0.116
0.135,0.116
0.135,0.116
0.135,0.116
0.135,0.116
0.135,0.116
0.135,0.115
0.135,0.115
0.135,0.114
0.135,0.114
0.135,0.114
0.135,0.114
0.134,0.114
0.135,0.114
0.134,0.114
0.135,0.114
0.134,0.114
0.135,0.114
0.135,0.114
0.135,0.114
0.134,0.114
0.135,0.114
0.135,0.114
0.135,0.114
0.135,0.114
0.135,0.114
0.135,0.114
0.135,0.114
0.135,0.114
0.135,0.115
0.135,0.115
0.135,0.115
0.135,0.116
0.135,0.116
0.135,0.117
0.135,0.118
0.135,0.118
0.135,0.118
0.135,0.117
0.135,0.116
0.135,0.117
0.135,0.117
0.135,0.116
0.135,0.116
0.135,0.116
0.135,0.116
0.135,0.116
0.135,0.116
0.135,0.116
0.135,0.116
0.135,0.116
0.135,0.116
0.135,0.116
0.135,0.116
0.135,0.116
0.135,0.116
0.135,0.116
0.135,0.116
0.134,0.116
0.135,0.116
0.135,0.116
0.134,0.116
0.134,0.116
0.135,0.116
0.135,0.116
0.135,0.116
0.134,0.116
0.135,0.116
0.135,0.116
0.135,0.115
0.135,0.115
0.135,0.115
0.135,0.115
0.135,0.116
0.135,0.115
0.134,0.116
0.134,0.115
0.135,0.116
0.135,0.115
0.135,0.115
0.135,0.115
0.135,0.115
0.135,0.115
0.135,0.115
0.135,0.115
0.135,0.115
0.135,0.115
0.135,0.115
0.135,0.115
0.135,0.115
0.135,0.115
0.135,0.116
0.135,0.116
0.135,0.116
0.135,0.115
0.135,0.115
0.135,0.115
0.134,0.115
0.135,0.115
0.135,0.116
0.135,0.115
0.135,0.115
0.135,0.115
0.135,0.114
0.135,0.114
0.135,0.115
0.135,0.115
0.135,0.115
0.135,0.114
0.135,0.115
0.135,0.115
0.135,0.115
0.135,0.115
0.135,0.115
0.135,0.116
0.135,0.115
0.135,0.115
0.135,0.115
0.135,0.116
0.135,0.115
0.134,0.115
0.135,0.116
0.135,0.116
0.135,0.116
0.135,0.115
0.135,0.116
0.134,0.116
0.135,0.116
0.135,0.116
0.135,0.116
0.135,0.116
0.135,0.116
0.135,0.116
0.136,0.115
0.135,0.116
0.135,0.116
0.135,0.115
0.135,0.115
0.135,0.116
0.135,0.116
0.135,0.116
0.135,0.115
0.135,0.116
0.135,0.116
0.135,0.116
0.135,0.115
0.135,0.116
0.135,0.116
0.135,0.116
0.135,0.116
0.135,0.116
0.135,0.116
0.135,0.116
0.135,0.116
0.136,0.116
0.135,0.115
0.135,0.116
0.135,0.116
0.135,0.116
0.135,0.115
0.135,0.116
0.135,0.115
0.135,0.115
0.135,0.116
0.135,0.116
0.136,0.115
0.135,0.114
0.135,0.116
0.135,0.116
0.135,0.115
0.135,0.115
0.136,0.116
0.135,0.115
0.135,0.115
0.135,0.115
0.136,0.115
0.135,0.114
0.135,0.113
0.135,0.112
0.135,0.111
0.135,0.111
0.135,0.111
0.135,0.111
0.135,0.111
0.135,0.111
0.135,0.111
0.135,0.111
0.135,0.111
0.135,0.111
0.135,0.111
0.135,0.111
0.135,0.111
0.135,0.111
0.135,0.111
0.135,0.111
0.136,0.111
0.135,0.111
0.135,0.111
0.135,0.111
0.135,0.111
0.135,0.111
0.135,0.112
0.135,0.111
0.135,0.112
0.135,0.111
0.135,0.111
0.135,0.111
0.135,0.113
0.135,0.113
0.135,0.112
0.135,0.113
0.134,0.112
0.134,0.112
0.134,0.112
0.134,0.112
0.133,0.113
0.134,0.111
0.133,0.112
0.133,0.112
0.133,0.112
0.133,0.112
0.133,0.112
0.133,0.111
0.133,0.112
0.133,0.112
0.133,0.112
0.133,0.112
0.133,0.112
0.133,0.112
0.133,0.112
0.132,0.113
0.132,0.112
0.133,0.112
0.133,0.112
0.132,0.113
0.132,0.113
0.133,0.112
0.132,0.112
0.132,0.113
0.133,0.115
0.132,0.117
0.132,0.123
0.132,0.125
0.132,0.163
0.132,0.192
0.132,0.212
0.132,0.216
0.132,0.215
0.132,0.213
0.132,0.208
0.132,0.204
0.133,0.194
0.132,0.193
0.132,0.193
0.132,0.192
0.131,0.191
0.132,0.182
0.131,0.18
0.132,0.154
0.132,0.148
0.132,0.143
0.132,0.134
0.132,0.129
0.132,0.126
0.132,0.122
0.132,0.122
0.132,0.122
0.132,0.122
0.132,0.128
0.132,0.131
0.132,0.133
0.132,0.133
0.132,0.133
0.132,0.133
0.133,0.133
0.133,0.133
0.132,0.132
0.133,0.132
0.133,0.133
0.131,0.133
0.133,0.133
0.132,0.133
0.132,0.135
0.132,0.135
0.132,0.135
0.132,0.137
0.132,0.136
0.132,0.136
0.132,0.137
0.132,0.137
0.132,0.137
0.132,0.137
0.132,0.137
0.132,0.137
0.131,0.137
0.132,0.136
0.132,0.137
0.132,0.137
0.132,0.136
0.132,0.137
0.131,0.136
0.132,0.136
0.132,0.136
0.133,0.137
0.132,0.136
0.132,0.136
0.132,0.137
0.132,0.137
0.132,0.137
0.131,0.136
0.131,0.136
0.132,0.137
0.132,0.136
0.131,0.137
0.132,0.136
0.132,0.136
0.132,0.136
0.132,0.136
0.132,0.136
0.132,0.137
0.132,0.137
0.131,0.137
0.131,0.137
0.132,0.137
0.132,0.137
0.131,0.137
0.132,0.137
0.132,0.137
0.132,0.137
0.132,0.137
0.131,0.137
0.132,0.137
0.132,0.137
0.131,0.137
0.131,0.137
0.131,0.136
0.132,0.136
0.131,0.137
0.131,0.137
0.131,0.136
0.131,0.136
0.132,0.137
0.131,0.137
0.131,0.136
0.131,0.136
0.131,0.137
0.131,0.137
0.131,0.137
0.131,0.137
0.131,0.137
0.131,0.137
0.131,0.137
0.131,0.138
0.132,0.139
0.131,0.143
0.131,0.146
0.131,0.147
0.131,0.168
0.131,0.218
0.131,0.225
0.131,0.223
0.131,0.218
0.131,0.21
0.132,0.201
0.132,0.199
0.131,0.199
0.131,0.199
0.131,0.199
0.131,0.19
0.131,0.186
0.131,0.163
0.131,0.141
0.131,0.136
0.131,0.122
0.131,0.116
0.131,0.113
0.131,0.117
0.131,0.116
0.131,0.118
0.131,0.117
0.131,0.116
0.131,0.118
0.131,0.119
0.131,0.118
0.131,0.121
0.131,0.121
0.131,0.122
0.131,0.122
0.131,0.123
0.131,0.123
0.131,0.123
0.131,0.124
0.131,0.123
0.131,0.124
0.132,0.124
0.131,0.123
0.131,0.123
0.13,0.124
0.131,0.123
0.129,0.123
0.129,0.124
0.13,0.124
0.13,0.124
0.129,0.124
0.129,0.123
0.13,0.124
0.13,0.124
0.13,0.124
0.13,0.124
0.13,0.124
0.131,0.125
0.13,0.125
0.129,0.125
0.13,0.125
0.13,0.125
0.13,0.125
0.13,0.125
0.131,0.125
0.131,0.125
0.13,0.126
0.13,0.124
0.13,0.126
0.13,0.125
0.131,0.125
0.13,0.125
0.13,0.125
0.13,0.125
0.131,0.125
0.13,0.126
0.13,0.126
0.13,0.126
0.13,0.127
0.129,0.127
0.129,0.126
0.13,0.127
0.129,0.127
0.129,0.127
0.129,0.126
0.129,0.126
0.129,0.127
0.129,0.127
0.129,0.127
0.129,0.127
0.129,0.128
0.129,0.128
0.129,0.128
0.128,0.127
0.122,0.127
0.122,0.127
0.121,0.127
0.121,0.128
0.122,0.127
0.121,0.127
0.121,0.127
0.121,0.128
0.12,0.127
0.12,0.127
0.12,0.127
0.12,0.128
0.12,0.128
0.121,0.128
0.12,0.127
0.121,0.128
0.121,0.128
0.12,0.128
0.121,0.128
0.121,0.127
0.121,0.128
0.121,0.128
0.12,0.128
0.121,0.128
0.121,0.131
0.12,0.133
0.121,0.135
0.119,0.138
0.113,0.143
0.11,0.144
0.107,0.144
0.105,0.145
0.103,0.146
0.104,0.146
0.105,0.146
0.105,0.147
0.105,0.146
0.105,0.147
0.106,0.147
0.107,0.146
0.108,0.147
0.108,0.147
0.109,0.147
0.109,0.146
0.11,0.146
0.111,0.141
0.112,0.116
0.112,0.109
0.112,0.109
0.112,0.113
0.112,0.113
0.112,0.114
0.112,0.114
0.111,0.115
0.111,0.115
0.112,0.115
0.112,0.115
0.112,0.116
0.112,0.117
0.112,0.118
0.112,0.12
0.113,0.12
0.113,0.12
0.113,0.119
0.112,0.12
0.113,0.12
0.112,0.119
0.112,0.12
0.111,0.12
0.112,0.12
0.113,0.12
0.113,0.121
0.112,0.12
0.112,0.121
0.112,0.12
0.112,0.12
0.112,0.121
0.113,0.122
0.112,0.122
0.112,0.122
0.112,0.123
0.113,0.124
0.113,0.124
0.113,0.124
0.112,0.124
0.112,0.124
0.113,0.125
0.113,0.124
0.113,0.124
0.113,0.124
0.111,0.124
0.113,0.124
0.112,0.124
0.112,0.124
0.113,0.125
0.113,0.124
0.113,0.124
0.112,0.124
0.113,0.124
0.113,0.126
0.113,0.124
0.113,0.124
0.112,0.125
0.113,0.124
0.113,0.124
0.113,0.124
0.112,0.124
0.113,0.125
0.113,0.124
0.113,0.124
0.113,0.124
0.113,0.124
0.113,0.124
0.112,0.124
0.113,0.124
0.113,0.125
0.113,0.124
0.113,0.124
0.113,0.125
0.113,0.127
0.113,0.126
0.113,0.128
0.113,0.127
0.113,0.128
0.113,0.128
0.113,0.128
0.113,0.128
0.113,0.128
0.113,0.128
0.113,0.128
0.113,0.128
0.113,0.128
0.113,0.128
0.112,0.129
0.112,0.128
0.112,0.128
0.113,0.128
0.112,0.128
0.113,0.128
0.112,0.127
0.113,0.128
0.113,0.128
0.113,0.128
0.112,0.128
0.113,0.128
0.113,0.128
0.113,0.128
0.112,0.127
0.112,0.128
0.113,0.128
0.113,0.128
0.112,0.128
0.112,0.128
0.112,0.128
0.112,0.127
0.113,0.128
0.113,0.128
0.113,0.128
0.112,0.128
0.113,0.128
0.113,0.128
0.113,0.128
0.112,0.128
0.113,0.128
0.113,0.128
0.113,0.128
0.113,0.128
0.113,0.128
0.113,0.128
0.113,0.128
0.112,0.128
0.113,0.128
0.113,0.128
0.113,0.128
0.113,0.128
0.113,0.127
0.113,0.128
0.113,0.128
0.113,0.128
0.113,0.128
0.113,0.128
0.113,0.129
0.113,0.128
0.113,0.128
0.112,0.128
0.113,0.128
0.113,0.128
0.113,0.128
0.113,0.129
0.113,0.128
0.112,0.128
0.112,0.128
0.113,0.129
0.112,0.129
0.112,0.13
0.112,0.131
0.113,0.135
0.113,0.141
0.113,0.143
0.113,0.143
0.113,0.142
0.113,0.143
0.113,0.144
0.113,0.148
0.112,0.152
0.113,0.154
0.113,0.154
0.113,0.153
0.113,0.152
0.113,0.152
0.113,0.15
0.113,0.15
0.113,0.149
0.113,0.148
0.113,0.15
0.113,0.149
0.113,0.15
0.112,0.149
0.113,0.149
0.113,0.149
0.113,0.149
0.113,0.149
0.113,0.149
0.112,0.149
0.113,0.148
0.113,0.149
0.112,0.149
0.113,0.15
0.113,0.148
0.113,0.149
0.113,0.149
0.113,0.149
0.113,0.149
0.113,0.149
0.113,0.149
0.113,0.15
0.113,0.15
0.113,0.152
0.113,0.154
0.113,0.176
0.113,0.18
0.113,0.184
0.113,0.191
0.113,0.19
0.112,0.189
0.113,0.189
0.113,0.187
0.113,0.182
0.113,0.179
0.113,0.169
0.113,0.169
0.113,0.169
0.113,0.169
0.113,0.169
0.113,0.169
0.112,0.169
0.113,0.169
0.112,0.168
0.113,0.165
0.113,0.161
0.113,0.16
0.113,0.157
0.113,0.152
0.113,0.148
0.113,0.143
0.113,0.143
0.113,0.14
0.112,0.139
0.113,0.137
0.113,0.131
0.113,0.122
0.113,0.122
0.113,0.112
0.113,0.114
0.113,0.118
0.113,0.117
0.113,0.118
0.113,0.116
0.113,0.118
0.113,0.119
0.113,0.12
0.113,0.122
0.113,0.121
0.113,0.121
0.113,0.121
0.113,0.122
0.113,0.122
0.113,0.122
0.113,0.122
0.113,0.123
0.113,0.124
0.113,0.124
0.113,0.124
0.113,0.125
0.113,0.125
0.113,0.124
0.113,0.125
0.113,0.125
0.113,0.124
0.113,0.126
0.113,0.126
0.113,0.126
0.113,0.126
0.113,0.126
0.113,0.126
0.113,0.126
0.113,0.126
0.113,0.126
0.113,0.127
0.113,0.127
0.113,0.128
0.113,0.128
0.113,0.127
0.113,0.128
0.113,0.128
0.113,0.128
0.113,0.128
0.113,0.128
0.113,0.128
0.113,0.128
0.113,0.128
0.113,0.128
0.113,0.128
0.114,0.128
0.113,0.128
0.113,0.127
0.113,0.128
0.113,0.128
0.113,0.128
0.113,0.128
0.113,0.128
0.113,0.128
0.113,0.127
0.113,0.128
0.114,0.128
0.113,0.127
0.113,0.128
0.113,0.127
0.113,0.128
0.113,0.128
0.113,0.128
0.113,0.128
0.113,0.128
0.113,0.128
0.113,0.128
0.111,0.128
0.113,0.128
0.113,0.128
0.113,0.128
0.113,0.128
0.113,0.128
0.113,0.128
0.113,0.128
0.113,0.128
0.113,0.128
0.113,0.128
0.113,0.128
0.113,0.128
0.113,0.128
0.113,0.128
0.113,0.128
0.113,0.128
0.113,0.128
0.113,0.128
0.113,0.128
0.113,0.128
0.113,0.128
0.113,0.128
0.113,0.128
0.113,0.128
0.113,0.128
0.113,0.128
0.113,0.128
0.113,0.128
0.113,0.128
0.113,0.128
0.113,0.128
0.113,0.128
0.113,0.128
0.113,0.128
0.113,0.128
0.113,0.128
0.113,0.127
0.113,0.129
0.113,0.129
0.113,0.128
0.113,0.128
0.113,0.129
0.113,0.128
0.113,0.128
0.113,0.129
0.113,0.128
0.113,0.129
0.113,0.128
0.113,0.128
0.113,0.128
0.113,0.128
0.113,0.128
0.113,0.128
0.113,0.128
0.113,0.128
0.113,0.128
0.113,0.128
0.113,0.128
0.113,0.128
0.113,0.128
0.113,0.128
0.113,0.128
0.113,0.128
0.112,0.128
0.113,0.128
0.113,0.128
0.113,0.128
0.113,0.124
0.113,0.127
0.113,0.128
0.113,0.128
0.113,0.128
0.113,0.128
0.113,0.128
0.113,0.128
0.113,0.128
0.113,0.128
0.113,0.128
0.113,0.128
0.113,0.128
0.113,0.128
0.113,0.128
0.113,0.128
0.113,0.128
0.113,0.128
0.113,0.128
0.113,0.128
0.113,0.128
0.114,0.128
0.113,0.128
0.113,0.128
0.113,0.128
0.113,0.128
0.113,0.128
0.113,0.128
0.113,0.128
0.113,0.128
0.113,0.127
0.113,0.128
0.113,0.128
0.113,0.128
0.113,0.128
0.113,0.127
0.113,0.128
0.113,0.127
0.113,0.127
0.113,0.127
0.113,0.127
0.113,0.127
0.113,0.128
0.113,0.127
0.113,0.128
0.113,0.127
0.113,0.127
0.113,0.128
0.113,0.127
0.113,0.127
0.113,0.127
0.113,0.127
0.113,0.127
0.113,0.127
0.113,0.127
0.113,0.128
0.113,0.127
0.113,0.128
0.113,0.127
0.113,0.128
0.113,0.128
0.113,0.127
0.113,0.128
0.113,0.127
0.113,0.128
0.113,0.127
0.113,0.127
0.113,0.127
0.113,0.128
0.113,0.127
0.113,0.128
0.113,0.127
0.113,0.128
0.113,0.127
0.113,0.128
0.113,0.128
0.113,0.128
0.113,0.127
0.113,0.128
0.113,0.127
0.113,0.128
0.113,0.128
0.113,0.127
0.113,0.127
0.113,0.127
0.113,0.127
0.113,0.128
0.113,0.127
0.113,0.127
0.113,0.127
0.113,0.128
0.113,0.127
0.113,0.128
0.113,0.127
0.113,0.127
0.113,0.127
0.113,0.127
0.113,0.128
0.113,0.127
0.113,0.127
0.113,0.127
0.113,0.127
0.113,0.127
0.113,0.127
0.113,0.127
0.113,0.126
0.113,0.127
0.113,0.127
0.113,0.127
0.113,0.127
0.113,0.127
0.113,0.127
0.113,0.127
0.113,0.126
0.113,0.127
0.113,0.127
0.113,0.127
0.113,0.127
0.113,0.127
0.113,0.127
0.113,0.127
0.113,0.127
0.113,0.126
0.113,0.127
0.113,0.128
0.113,0.127
0.113,0.127
0.113,0.127
0.113,0.127
0.113,0.128
0.113,0.127
0.113,0.127
0.113,0.127
0.113,0.128
0.113,0.127
0.113,0.127
0.113,0.127
0.113,0.126
0.113,0.126
0.113,0.127
0.113,0.126
0.113,0.127
0.113,0.127
0.113,0.126
0.113,0.126
0.113,0.127
0.113,0.127
0.113,0.126
0.113,0.126
0.113,0.126
0.113,0.126
0.113,0.126
0.113,0.126
0.113,0.126
0.113,0.126
0.113,0.126
0.113,0.126
0.113,0.126
0.113,0.126
0.113,0.126
0.113,0.126
0.113,0.126
0.113,0.126
0.113,0.126
0.113,0.126
0.113,0.126
0.113,0.126
0.113,0.126
0.113,0.126
0.113,0.126
0.113,0.126
0.113,0.126
0.113,0.126
0.113,0.125
0.113,0.126
0.113,0.126
0.113,0.126
0.113,0.126
0.113,0.126
0.113,0.126
0.113,0.126
0.113,0.126
0.113,0.126
0.113,0.125
0.113,0.126
0.113,0.126
0.113,0.126
0.113,0.126
0.113,0.126
0.113,0.126
0.113,0.126
0.113,0.126
0.113,0.126
0.113,0.126
0.113,0.126
0.113,0.126
0.113,0.126
0.113,0.126
0.113,0.126
0.113,0.126
0.113,0.126
0.113,0.126
0.113,0.126
0.113,0.126
0.113,0.125
0.113,0.125
0.113,0.126
0.113,0.125
0.113,0.125
0.113,0.125
0.113,0.125
0.113,0.125
0.113,0.125
0.113,0.126
0.113,0.125
0.113,0.125
0.113,0.126
0.113,0.126
0.113,0.126
0.113,0.126
0.113,0.125
0.113,0.126
0.113,0.126
0.113,0.126
0.113,0.125
0.113,0.126
0.113,0.126
0.112,0.126
0.113,0.126
0.113,0.126
0.113,0.126
0.113,0.126
0.113,0.126
0.113,0.126
0.113,0.126
0.113,0.126
0.113,0.126
0.113,0.126
0.113,0.126
0.113,0.126
0.113,0.127
0.113,0.127
0.113,0.126
0.113,0.126
0.113,0.126
0.113,0.126
0.113,0.127
0.113,0.126
0.113,0.126
0.113,0.126
0.113,0.126
0.113,0.126
0.113,0.126
0.113,0.126
0.113,0.126
0.113,0.126
0.113,0.126
0.113,0.126
0.113,0.126
0.112,0.126
0.113,0.126
0.113,0.126
0.113,0.126
0.113,0.126
0.113,0.126
0.113,0.126
0.113,0.126
0.113,0.127
0.113,0.126
0.113,0.126
0.113,0.126
0.113,0.127
0.113,0.126
0.113,0.126
0.113,0.126
0.113,0.126
0.113,0.126
0.113,0.126
0.113,0.126
0.113,0.126
0.113,0.127
0.113,0.127
0.113,0.127
0.113,0.126
0.113,0.127
0.113,0.127
0.113,0.127
0.113,0.126
0.113,0.127
0.113,0.126
0.113,0.126
0.113,0.127
0.113,0.126
0.113,0.126
0.113,0.126
0.113,0.127
0.113,0.128
0.113,0.127
0.113,0.128
0.113,0.127
0.113,0.127
0.113,0.127
0.113,0.128
0.113,0.128
0.113,0.127
0.113,0.126
0.113,0.126
0.113,0.126
0.113,0.126
0.113,0.126
0.113,0.125
0.113,0.126
0.113,0.126
0.113,0.126
0.112,0.126
0.113,0.126
0.113,0.126
0.113,0.126
0.113,0.127
0.113,0.126
0.113,0.126
0.113,0.126
0.113,0.127
0.113,0.127
0.113,0.127
0.113,0.127
0.112,0.127
0.113,0.127
0.113,0.127
0.113,0.127
0.113,0.127
0.113,0.127
0.113,0.127
0.113,0.127
0.113,0.128
0.113,0.128
0.113,0.128
0.113,0.128
0.113,0.128
0.113,0.128
0.113,0.128
0.113,0.128
0.113,0.128
0.113,0.128
0.113,0.128
0.113,0.128
0.113,0.128
0.113,0.129
0.113,0.129
0.113,0.128
0.113,0.128
0.113,0.129
0.113,0.128
0.113,0.128
0.113,0.129
0.113,0.129
0.113,0.128
0.113,0.129
0.113,0.128
0.113,0.128
0.113,0.129
0.113,0.128
0.113,0.129
0.113,0.128
0.113,0.128
0.113,0.129
0.113,0.129
0.113,0.129
0.113,0.129
0.113,0.129
0.113,0.129
0.113,0.129
0.113,0.129
0.113,0.128
0.113,0.128
0.113,0.129
0.113,0.129
0.113,0.129
0.113,0.129
0.113,0.129
0.113,0.129
0.113,0.129
0.113,0.129
0.113,0.129
0.113,0.129
0.113,0.129
0.113,0.129
0.113,0.129
0.113,0.129
0.113,0.129
0.113,0.129
0.113,0.129
0.113,0.129
0.113,0.129
0.113,0.129
0.113,0.129
0.113,0.129
0.113,0.129
0.113,0.129
0.113,0.128
0.113,0.128
0.113,0.128
0.113,0.129
0.113,0.128
0.113,0.128
0.113,0.128
0.113,0.128
0.113,0.128
0.113,0.128
0.113,0.128
0.113,0.128
0.113,0.128
0.113,0.128
0.113,0.128
0.113,0.128
0.113,0.128
0.113,0.128
0.113,0.128
0.113,0.128
0.113,0.128
0.113,0.128
0.113,0.128
0.113,0.128
0.113,0.129
0.113,0.128
0.113,0.128
0.113,0.128
0.113,0.128
0.113,0.128
0.113,0.128
0.113,0.128
0.113,0.128
0.113,0.128
0.113,0.129
0.113,0.128
0.113,0.128
0.114,0.128
0.113,0.129
0.113,0.129
0.113,0.129
0.113,0.129
0.113,0.128
0.113,0.129
0.113,0.129
0.113,0.128
0.113,0.129
0.113,0.129
0.113,0.128
0.113,0.128
0.113,0.128
0.113,0.129
0.113,0.128
0.113,0.128
0.113,0.128
0.113,0.128
0.113,0.128
0.113,0.128
0.113,0.128
0.113,0.128
0.113,0.128
0.113,0.128
0.113,0.128
0.113,0.128
0.113,0.128
0.113,0.128
0.113,0.128
0.113,0.128
0.113,0.127
0.113,0.128
0.113,0.128
0.113,0.128
0.113,0.128
0.113,0.128
0.113,0.128
0.113,0.128
0.113,0.127
0.113,0.127
0.113,0.126
0.113,0.126
0.113,0.126
0.113,0.126
0.113,0.126
0.113,0.127
0.113,0.126
0.113,0.127
0.112,0.126
0.113,0.127
0.113,0.126
0.113,0.127
0.113,0.127
0.113,0.126
0.113,0.126
0.113,0.126
0.113,0.126
0.113,0.126
0.113,0.125
0.113,0.125
0.113,0.125
0.113,0.125
0.113,0.124
0.113,0.124
0.113,0.124
0.113,0.124
0.113,0.125
0.113,0.125
0.113,0.125
0.113,0.124
0.113,0.125
0.113,0.125
0.113,0.124
0.113,0.125
0.113,0.126
0.113,0.125
0.113,0.124
0.113,0.126
0.113,0.126
0.113,0.126
0.113,0.126
0.113,0.126
0.113,0.126
0.113,0.127
0.113,0.127
0.113,0.127
0.113,0.127
0.113,0.127
0.113,0.128
0.113,0.128
0.113,0.127
0.113,0.128
0.113,0.126
0.113,0.127
0.113,0.126
0.113,0.126
0.113,0.126
0.113,0.126
0.113,0.126
0.113,0.126
0.113,0.126
0.113,0.126
0.113,0.126
0.113,0.127
0.113,0.126
0.113,0.126
0.113,0.126
0.113,0.126
0.113,0.127
0.113,0.126
0.113,0.126
0.113,0.126
0.113,0.126
0.113,0.126
0.113,0.126
0.113,0.126
0.113,0.126
0.113,0.126
0.113,0.127
0.113,0.126
0.113,0.127
0.113,0.126
0.113,0.126
0.113,0.126
0.113,0.127
0.113,0.126
0.113,0.126
0.113,0.126
0.113,0.127
0.113,0.124
0.113,0.124
0.113,0.124
0.113,0.125
0.113,0.124
0.113,0.124
0.113,0.124
0.113,0.124
0.113,0.125
0.113,0.124
0.113,0.125
0.113,0.125
0.113,0.124
0.113,0.124
0.113,0.125
0.113,0.124
0.113,0.124
0.113,0.124
0.113,0.124
0.112,0.124
0.113,0.124
0.113,0.124
0.113,0.126
0.113,0.125
0.113,0.126
0.113,0.127
0.113,0.131
0.113,0.141
0.113,0.143
0.113,0.144
0.113,0.144
0.113,0.144
0.113,0.144
0.113,0.144
0.113,0.145
0.113,0.144
0.113,0.144
0.113,0.144
0.113,0.144
0.113,0.144
0.113,0.145
0.113,0.16
0.113,0.167
0.113,0.169
0.113,0.168
0.113,0.163
0.113,0.161
0.113,0.157
0.113,0.153
0.113,0.152
0.113,0.151
0.113,0.152
0.113,0.152
0.113,0.151
0.113,0.151
0.113,0.152
0.113,0.148
0.113,0.143
0.113,0.133
0.113,0.131
0.113,0.13
0.113,0.127
0.113,0.122
0.113,0.12
0.113,0.111
0.113,0.094
0.113,0.098
0.113,0.094
0.113,0.103
0.113,0.105
0.113,0.107
0.113,0.108
0.113,0.107
0.113,0.108
0.113,0.109
0.113,0.109
0.113,0.109
0.113,0.11
0.113,0.11
0.113,0.11
0.113,0.11
0.113,0.111
0.113,0.111
0.113,0.111
0.113,0.111
0.113,0.111
0.113,0.111
0.113,0.111
0.113,0.111
0.113,0.111
0.113,0.111
0.113,0.111
0.113,0.111
0.113,0.111
0.113,0.111
0.113,0.111
0.113,0.111
0.113,0.112
0.113,0.112
0.113,0.112
0.113,0.113
0.113,0.112
0.113,0.113
0.113,0.113
0.113,0.112
0.112,0.113
0.113,0.112
0.113,0.113
0.113,0.113
0.113,0.113
0.113,0.113
0.113,0.113
0.113,0.113
0.113,0.113
0.113,0.113
0.113,0.113
0.113,0.113
0.113,0.113
0.113,0.113
0.113,0.111
0.113,0.113
0.113,0.113
0.113,0.112
0.113,0.113
0.113,0.113
0.113,0.113
0.113,0.113
0.113,0.113
0.113,0.113
0.113,0.113
0.113,0.113
0.113,0.112
0.113,0.113
0.113,0.112
0.113,0.113
0.109,0.113
0.113,0.113
0.113,0.113
0.113,0.112
0.113,0.113
0.113,0.113
0.113,0.112
0.113,0.112
0.113,0.113
0.113,0.113
0.113,0.112
0.113,0.112
0.113,0.113
0.113,0.112
0.113,0.112
0.113,0.112
0.113,0.112
0.113,0.113
0.113,0.113
0.113,0.113
0.113,0.113
0.113,0.113
0.113,0.113
0.113,0.113
0.113,0.114
0.113,0.113
0.113,0.113
0.113,0.113
0.114,0.113
0.113,0.113
0.113,0.113
0.113,0.113
0.113,0.114
0.113,0.113
0.113,0.113
0.113,0.114
0.113,0.113
0.113,0.113
0.113,0.113
0.113,0.113
0.113,0.114
0.113,0.113
0.113,0.114
0.113,0.114
0.113,0.113
0.113,0.113
0.113,0.113
0.113,0.113
0.113,0.113
0.113,0.113
0.113,0.113
0.113,0.113
0.113,0.113
0.113,0.113
0.113,0.113
0.113,0.113
0.113,0.113
0.113,0.113
0.113,0.114
0.113,0.113
0.113,0.113
0.113,0.113
0.113,0.113
0.113,0.113
0.113,0.113
0.113,0.113
0.113,0.113
0.113,0.113
0.113,0.113
0.113,0.113
0.113,0.113
0.113,0.113
0.113,0.113
0.113,0.113
0.113,0.113
0.113,0.113
0.113,0.113
0.113,0.114
0.113,0.114
0.113,0.114
0.113,0.114
0.113,0.114
0.113,0.114
0.113,0.114
0.113,0.114
0.113,0.114
0.113,0.114
0.113,0.114
0.113,0.114
0.113,0.114
0.113,0.114
0.113,0.114
0.113,0.114
0.114,0.114
0.113,0.114
0.113,0.114
0.113,0.114
0.113,0.114
0.113,0.114
0.111,0.114
0.113,0.114
0.113,0.114
0.113,0.114
0.113,0.114
0.113,0.114
0.113,0.114
0.113,0.114
0.113,0.114
0.113,0.114
0.113,0.114
0.113,0.114
0.113,0.114
0.113,0.114
0.113,0.114
0.113,0.114
0.113,0.114
0.113,0.114
0.113,0.114
0.113,0.114
0.113,0.114
0.113,0.114
0.113,0.114
0.113,0.114
0.113,0.114
0.113,0.114
0.113,0.114
0.113,0.114
0.113,0.114
0.113,0.114
0.113,0.114
0.113,0.114
0.113,0.114
0.113,0.114
0.113,0.114
0.113,0.114
0.113,0.114
0.113,0.114
0.113,0.114
0.113,0.114
0.113,0.114
0.113,0.114
0.113,0.114
0.113,0.114
0.113,0.114
0.113,0.114
0.113,0.114
0.113,0.114
0.113,0.114
0.113,0.114
0.113,0.114
0.113,0.114
0.113,0.114
0.113,0.114
0.113,0.114
0.113,0.114
0.113,0.114
0.113,0.114
0.113,0.114
0.113,0.114
0.113,0.114
0.113,0.114
0.113,0.114
0.113,0.114
0.113,0.114
0.113,0.114
0.113,0.114
0.113,0.114
0.113,0.114
0.113,0.114
0.113,0.114
0.113,0.114
0.113,0.114
0.113,0.114
0.113,0.114
0.113,0.114
0.113,0.114
0.113,0.115
0.113,0.114
0.113,0.114
0.113,0.114
0.113,0.114
0.113,0.114
0.113,0.115
0.113,0.114
0.113,0.115
0.113,0.114
0.112,0.114
0.113,0.115
0.113,0.114
0.113,0.115
0.113,0.114
0.113,0.115
0.113,0.115
0.113,0.114
0.113,0.114
0.113,0.114
0.113,0.115
0.113,0.115
0.113,0.114
0.113,0.115
0.113,0.115
0.113,0.114
0.113,0.115
0.113,0.114
0.113,0.115
0.113,0.114
0.113,0.115
0.113,0.115
0.113,0.114
0.113,0.114
0.113,0.115
0.113,0.115
0.113,0.115
0.113,0.115
0.113,0.115
0.113,0.115
0.113,0.114
0.113,0.115
0.113,0.116
0.113,0.115
0.113,0.115
0.113,0.114
0.113,0.115
0.113,0.116
0.113,0.115
0.113,0.115
0.113,0.115
0.113,0.115
0.113,0.114
0.113,0.115
0.113,0.115
0.113,0.115
0.113,0.115
0.113,0.115
0.113,0.115
0.113,0.115
0.113,0.114
0.113,0.114
0.113,0.114
0.113,0.114
0.113,0.114
0.113,0.114
0.113,0.114
0.113,0.114
0.113,0.114
0.113,0.114
0.113,0.114
0.113,0.114
0.113,0.114
0.113,0.114
0.113,0.114
0.113,0.114
0.113,0.114
0.113,0.114
0.113,0.114
0.113,0.114
0.113,0.114
0.113,0.114
0.113,0.114
0.113,0.114
0.113,0.114
0.113,0.114
0.113,0.114
0.113,0.114
0.113,0.114
0.113,0.114
0.113,0.114
0.113,0.114
0.113,0.114
0.113,0.114
0.113,0.114
0.113,0.114
0.113,0.114
0.113,0.114
0.113,0.114
0.113,0.114
0.113,0.114
0.113,0.114
0.113,0.114
0.113,0.114
0.113,0.114
0.113,0.114
0.113,0.114
0.113,0.114
0.113,0.114
0.113,0.114
0.113,0.114
0.113,0.115
0.113,0.114
0.112,0.114
0.113,0.114
0.113,0.114
0.113,0.115
0.113,0.114
0.113,0.114
0.113,0.114
0.113,0.114
0.113,0.113
0.113,0.113
0.113,0.113
0.113,0.113
0.113,0.113
0.113,0.113
0.113,0.112
0.113,0.113
0.113,0.112
0.113,0.112
0.113,0.111
0.113,0.111
0.113,0.111
0.113,0.105
0.113,0.099
0.113,0.09
0.113,0.093
0.113,0.093
0.113,0.094
0.113,0.098
0.113,0.096
0.113,0.095
0.113,0.098
0.113,0.098
0.113,0.099
0.113,0.099
0.113,0.098
0.113,0.1
0.113,0.098
0.113,0.096
0.113,0.096
0.113,0.094
0.113,0.096
0.113,0.095
0.113,0.095
0.113,0.097
0.113,0.098
0.113,0.099
0.113,0.098
0.113,0.099
0.113,0.099
0.113,0.099
0.113,0.099
0.113,0.098
0.113,0.098
0.113,0.099
0.113,0.098
0.113,0.098
0.113,0.099
0.113,0.1
0.113,0.099
0.113,0.098
0.113,0.098
0.113,0.098
0.113,0.098
0.113,0.098
0.113,0.097
0.113,0.098
0.113,0.098
0.113,0.099
0.113,0.099
0.113,0.099
0.113,0.099
0.113,0.099
0.113,0.099
0.113,0.099
0.113,0.1
0.113,0.1
0.113,0.1
0.113,0.1
0.113,0.101
0.113,0.101
0.113,0.101
0.113,0.103
0.113,0.102
0.113,0.102
0.113,0.102
0.113,0.103
0.113,0.104
0.113,0.105
0.112,0.105
0.113,0.105
0.113,0.105
0.113,0.105
0.113,0.105
0.113,0.105
0.113,0.105
0.113,0.105
0.113,0.106
0.112,0.105
0.113,0.106
0.112,0.105
0.113,0.105
0.112,0.105
0.113,0.106
0.113,0.105
0.113,0.106
0.113,0.105
0.113,0.105
0.113,0.105
0.113,0.105
0.112,0.106
0.113,0.106
0.113,0.106
0.113,0.106
0.113,0.106
0.113,0.105
0.113,0.105
0.113,0.106
0.113,0.106
0.113,0.106
0.113,0.106
0.113,0.106
0.113,0.107
0.113,0.106
0.113,0.106
0.113,0.106
0.113,0.106
0.113,0.107
0.113,0.107
0.113,0.107
0.113,0.106
0.113,0.107
0.113,0.107
0.113,0.106
0.113,0.107
0.113,0.107
0.113,0.108
0.113,0.109
0.113,0.128
0.113,0.129
0.113,0.129
0.113,0.131
0.113,0.131
0.113,0.131
0.113,0.13
0.113,0.131
0.113,0.131
0.113,0.131
0.113,0.131
0.113,0.133
0.113,0.135
0.113,0.139
0.112,0.144
0.113,0.146
0.113,0.152
0.113,0.154
0.113,0.157
0.113,0.158
0.113,0.158
0.113,0.159
0.113,0.159
0.113,0.159
0.113,0.16
0.113,0.16
0.113,0.159
0.113,0.159
0.113,0.159
0.113,0.159
0.113,0.159
0.113,0.158
0.113,0.158
0.113,0.158
0.113,0.158
0.113,0.156
0.113,0.156
0.113,0.156
0.113,0.156
0.113,0.156
0.113,0.156
0.113,0.156
0.113,0.155
0.113,0.154
0.113,0.154
0.113,0.155
0.113,0.154
0.113,0.154
0.113,0.154
0.113,0.154
0.112,0.153
0.113,0.154
0.113,0.154
0.113,0.154
0.113,0.154
0.113,0.153
0.113,0.152
0.113,0.153
0.113,0.152
0.113,0.152
0.113,0.152
0.113,0.152
0.113,0.151
0.113,0.151
0.113,0.15
0.113,0.15
0.113,0.15
0.113,0.15
0.113,0.15
0.113,0.15
0.113,0.15
0.113,0.15
0.113,0.15
0.113,0.15
0.113,0.15
0.113,0.15
0.113,0.15
0.113,0.15
0.113,0.15
0.113,0.15
0.113,0.149
0.113,0.149
0.113,0.149
0.113,0.149
0.113,0.149
0.113,0.149
0.113,0.149
0.113,0.149
0.113,0.149
0.113,0.149
0.113,0.149
0.113,0.149
0.113,0.149
0.113,0.149
0.113,0.149
0.113,0.148
0.113,0.149
0.113,0.149
0.113,0.148
0.113,0.148
0.113,0.148
0.113,0.15
0.113,0.148
0.113,0.148
0.112,0.148
0.112,0.148
0.113,0.148
0.113,0.148
0.113,0.148
0.113,0.148
0.113,0.148
0.113,0.148
0.113,0.148
0.113,0.148
0.113,0.148
0.113,0.148
0.113,0.148
0.113,0.148
0.113,0.148
0.113,0.148
0.113,0.148
0.113,0.148
0.113,0.149
0.113,0.148
0.113,0.148
0.113,0.148
0.113,0.148
0.113,0.148
0.113,0.148
0.113,0.148
0.113,0.148
0.113,0.148
0.113,0.148
0.113,0.148
0.113,0.148
0.113,0.148
0.113,0.148
0.113,0.148
0.113,0.148
0.113,0.148
0.113,0.148
0.113,0.148
0.113,0.148
0.113,0.148
0.113,0.148
0.113,0.148
0.113,0.148
0.113,0.148
0.113,0.148
0.113,0.148
0.113,0.148
0.112,0.148
0.113,0.148
0.113,0.148
0.113,0.148
0.113,0.148
0.113,0.148
0.113,0.148
0.113,0.148
0.113,0.148
0.113,0.148
0.113,0.148
0.113,0.148
0.113,0.148
0.113,0.148
0.113,0.148
0.113,0.148
0.113,0.148
0.113,0.148
0.113,0.148
0.113,0.148
0.113,0.148
0.113,0.148
0.113,0.148
0.113,0.148
0.113,0.148
0.113,0.148
0.113,0.148
0.113,0.148
0.113,0.148
0.113,0.148
0.113,0.148
0.113,0.148
0.113,0.148
0.113,0.148
0.113,0.148
0.113,0.148
0.113,0.148
0.113,0.148
0.113,0.148
0.113,0.148
0.113,0.148
0.113,0.148
0.113,0.148
0.113,0.148
0.113,0.148
0.113,0.148
0.113,0.148
0.113,0.148
0.113,0.148
0.113,0.148
0.113,0.148
0.113,0.148
0.113,0.148
0.113,0.148
0.113,0.148
0.113,0.148
0.113,0.148
0.113,0.148
0.113,0.148
0.113,0.148
0.113,0.148
0.113,0.148
0.113,0.148
0.113,0.148
0.113,0.148
0.113,0.148
0.113,0.148
0.113,0.148
0.113,0.148
0.113,0.148
0.113,0.148
0.113,0.149
0.113,0.149
0.113,0.15
0.113,0.149
0.113,0.149
0.113,0.149
0.113,0.15
0.113,0.149
0.113,0.149
0.107,0.149
0.113,0.148
0.113,0.149
0.113,0.149
0.113,0.149
0.113,0.148
0.113,0.149
0.113,0.149
0.113,0.149
0.113,0.148
0.113,0.148
0.113,0.148
0.113,0.148
0.113,0.148
0.113,0.148
0.113,0.148
0.113,0.148
0.113,0.148
0.113,0.148
0.113,0.148
0.113,0.148
0.113,0.148
0.113,0.148
0.113,0.148
0.113,0.148
0.113,0.148
0.113,0.148
0.113,0.148
0.113,0.148
0.113,0.148
0.113,0.148
0.113,0.148
0.113,0.148
0.113,0.148
0.112,0.148
0.113,0.148
0.113,0.148
0.113,0.148
0.113,0.148
0.113,0.148
0.112,0.148
0.113,0.148
0.113,0.148
0.113,0.148
0.113,0.147
0.113,0.148
0.113,0.148
0.113,0.148
0.113,0.148
0.113,0.148
0.113,0.148
0.113,0.148
0.113,0.148
0.113,0.148
0.113,0.148
0.113,0.148
0.113,0.148
0.113,0.148
0.113,0.148
0.113,0.147
0.113,0.147
0.113,0.147
0.113,0.147
0.114,0.147
0.113,0.147
0.113,0.148
0.113,0.147
0.113,0.147
0.113,0.148
0.113,0.147
0.113,0.148
0.113,0.147
0.113,0.147
0.114,0.147
0.113,0.146
0.113,0.144
0.114,0.144
0.113,0.144
0.114,0.144
0.113,0.144
0.113,0.143
0.113,0.144
0.113,0.143
0.113,0.143
0.113,0.143
0.113,0.143
0.113,0.143
0.113,0.144
0.113,0.144
0.114,0.144
0.113,0.144
0.113,0.145
0.113,0.145
0.114,0.145
0.113,0.144
0.113,0.144
0.113,0.144
0.113,0.144
0.113,0.144
0.113,0.144
0.113,0.144
0.114,0.144
0.113,0.144
0.113,0.144
0.113,0.144
0.113,0.144
0.113,0.144
0.114,0.144
0.113,0.144
0.113,0.144
0.113,0.144
0.114,0.144
0.114,0.144
0.113,0.144
0.114,0.144
0.113,0.144
0.113,0.144
0.114,0.144
0.113,0.144
0.113,0.144
0.113,0.144
0.113,0.144
0.113,0.144
0.113,0.144
0.114,0.143
0.113,0.143
0.113,0.143
0.113,0.143
0.113,0.143
0.113,0.143
0.113,0.142
0.113,0.142
0.113,0.141
0.113,0.142
0.111,0.142
0.111,0.142
0.111,0.141
0.112,0.141
0.112,0.141
0.111,0.139
0.112,0.139
0.111,0.139
0.111,0.139
0.111,0.139
0.111,0.14
0.112,0.139
0.112,0.14
0.112,0.139
0.111,0.14
0.111,0.14
0.112,0.139
0.112,0.139
0.111,0.14
0.112,0.14
0.112,0.14
0.112,0.14
0.111,0.139
0.112,0.139
0.111,0.139
0.112,0.139
0.112,0.139
0.112,0.139
0.111,0.14
0.111,0.14
0.112,0.139
0.112,0.139
0.111,0.139
0.111,0.139
0.112,0.14
0.112,0.139
0.111,0.139
0.111,0.139
0.112,0.139
0.112,0.139
0.112,0.139
0.111,0.14
0.111,0.139
0.111,0.139
0.111,0.139
0.111,0.139
0.112,0.139
0.112,0.139
0.112,0.139
0.112,0.139
0.112,0.139
0.112,0.139
0.111,0.139
0.111,0.139
0.112,0.139
0.112,0.139
0.112,0.139
0.111,0.139
0.111,0.139
0.112,0.139
0.112,0.139
0.113,0.139
0.112,0.139
0.112,0.139
0.112,0.139
0.113,0.139
0.112,0.139
0.112,0.139
0.111,0.139
0.112,0.139
0.112,0.139
0.111,0.139
0.112,0.139
0.112,0.14
0.112,0.14
0.113,0.14
0.112,0.139
0.112,0.14
0.112,0.139
0.112,0.139
0.112,0.139
0.112,0.139
0.112,0.139
0.112,0.139
0.112,0.139
0.112,0.139
0.112,0.139
0.112,0.139
0.111,0.139
0.113,0.139
0.112,0.139
0.112,0.139
0.111,0.139
0.112,0.139
0.112,0.139
0.112,0.14
0.112,0.139
0.112,0.139
0.111,0.139
0.112,0.139
0.113,0.139
0.112,0.139
0.113,0.139
0.111,0.139
0.112,0.139
0.112,0.139
0.112,0.139
0.112,0.139
0.112,0.139
0.112,0.139
0.111,0.139
0.111,0.139
0.112,0.139
0.112,0.139
0.112,0.139
0.111,0.139
0.112,0.139
0.112,0.139
0.112,0.139
0.112,0.139
0.111,0.139
0.112,0.139
0.112,0.139
0.112,0.139
0.112,0.139
0.112,0.139
0.112,0.139
0.112,0.139
0.111,0.139
0.112,0.139
0.113,0.139
0.112,0.139
0.112,0.139
0.113,0.139
0.112,0.139
0.113,0.139
0.113,0.139
0.113,0.139
0.112,0.139
0.112,0.139
0.112,0.139
0.112,0.139
0.112,0.139
0.113,0.139
0.112,0.139
0.113,0.139
0.113,0.139
0.112,0.139
0.113,0.139
0.113,0.139
0.113,0.139
0.113,0.139
0.113,0.139
0.113,0.139
0.113,0.139
0.112,0.139
0.111,0.139
0.111,0.139
0.111,0.139
0.11,0.139
0.111,0.139
0.111,0.139
0.111,0.139
0.109,0.139
0.104,0.139
0.028,0.139
0.0,0.139
-0.003,0.139
-0.01,0.139
-0.001,0.139
0.0,0.139
0.0,0.139
0.0,0.139
0.0,0.139
0.0,0.071
0.0,0.063
0.0,0.062
0.0,0.064
0.0,0.058
0.0,0.056
0.0,0.056
0.001,0.056
0.001,0.059
0.001,0.059
0.001,0.064
0.002,0.069
0.002,0.073
0.002,0.081
0.002,0.085
0.002,0.087
0.002,0.087
0.003,0.088
0.014,0.088
0.018,0.088
0.019,0.088
0.019,0.088
0.019,0.088
0.019,0.088
0.019,0.088
0.019,0.088
0.02,0.088
0.021,0.088
0.025,0.088
0.028,0.088
0.028,0.088
0.031,0.089
0.031,0.088
0.03,0.089
0.036,0.089
0.042,0.089
0.074,0.089
0.075,0.089
0.077,0.089
0.08,0.089
0.083,0.088
0.077,0.089
0.081,0.089
0.08,0.089
0.082,0.089
0.082,0.089
0.081,0.089
0.08,0.089
0.08,0.09
0.081,0.089
0.08,0.089
0.079,0.089
0.079,0.089
0.079,0.089
0.079,0.089
0.079,0.089
0.078,0.089
0.079,0.09
0.079,0.089
0.079,0.09
0.079,0.09
0.079,0.09
0.079,0.09
0.079,0.09
0.079,0.089
0.079,0.09
0.078,0.09
0.079,0.09
0.079,0.09
0.078,0.09
0.079,0.09
0.077,0.09
0.077,0.09
0.077,0.09
0.077,0.09
0.077,0.09
0.076,0.094
0.076,0.098
0.076,0.108
0.076,0.16
0.076,0.18
0.075,0.199
0.075,0.197
0.075,0.193
0.075,0.182
0.075,0.178
0.075,0.179
0.075,0.178
0.073,0.179
0.071,0.178
0.071,0.179
0.071,0.178
0.071,0.179
0.07,0.179
0.071,0.178
0.073,0.179
0.073,0.179
0.075,0.179
0.078,0.179
0.078,0.178
0.078,0.178
0.078,0.176
0.078,0.174
0.077,0.164
0.077,0.162
0.077,0.156
0.077,0.152
0.076,0.148
0.077,0.144
0.076,0.141
0.076,0.141
0.077,0.138
0.077,0.138
0.079,0.141
0.08,0.141
0.081,0.141
0.082,0.141
0.081,0.141
0.082,0.143
0.083,0.143
0.082,0.143
0.082,0.143
0.083,0.144
0.084,0.144
0.084,0.143
0.083,0.144
0.083,0.143
0.083,0.143
0.083,0.144
0.085,0.143
0.085,0.143
0.085,0.143
0.086,0.143
0.085,0.143
0.086,0.143
0.085,0.143
0.085,0.143
0.086,0.143
0.084,0.143
0.086,0.143
0.084,0.144
0.085,0.144
0.084,0.143
0.08,0.143
0.079,0.143
0.079,0.144
0.079,0.144
0.079,0.143
0.079,0.143
0.08,0.143
0.08,0.144
0.08,0.144
0.08,0.144
0.079,0.144
0.079,0.144
0.079,0.144
0.08,0.144
0.079,0.144
0.08,0.144
0.08,0.144
0.079,0.144
0.08,0.145
0.081,0.144
0.081,0.144
0.08,0.144
0.08,0.144
0.08,0.144
0.08,0.144
0.08,0.144
0.08,0.144
0.079,0.144
0.079,0.144
0.079,0.144
0.079,0.144
0.078,0.144
0.077,0.144
0.077,0.144
0.078,0.144
0.077,0.144
0.077,0.144
0.077,0.144
0.077,0.144
0.077,0.145
0.077,0.144
0.077,0.145
0.077,0.145
0.077,0.145
0.077,0.146
0.077,0.146
0.077,0.146
0.077,0.146
0.077,0.147
0.077,0.146
0.077,0.148
0.077,0.148
0.077,0.148
0.077,0.148
0.076,0.148
0.077,0.148
0.077,0.148
0.077,0.148
0.077,0.148
0.077,0.148
0.077,0.148
0.077,0.148
0.077,0.148
0.077,0.149
0.077,0.148
0.077,0.149
0.077,0.149
0.077,0.149
0.077,0.148
0.077,0.148
0.077,0.149
0.077,0.149
0.077,0.149
0.077,0.148
0.077,0.148
0.077,0.149
0.077,0.149
0.077,0.149
0.077,0.149
0.077,0.149
0.077,0.149
0.078,0.149
0.077,0.149
0.077,0.148
0.078,0.149
0.077,0.149
0.078,0.149
0.077,0.149
0.077,0.149
0.078,0.149
0.077,0.149
0.078,0.149
0.077,0.149
0.077,0.148
0.077,0.149
0.078,0.149
0.078,0.149
0.078,0.149
0.077,0.148
0.077,0.149
0.078,0.149
0.079,0.149
0.078,0.149
0.078,0.149
0.078,0.149
0.079,0.149
0.078,0.149
0.078,0.15
0.078,0.149
0.078,0.149
0.078,0.149
0.078,0.15
0.077,0.149
0.077,0.149
0.077,0.15
0.077,0.149
0.077,0.15
0.078,0.15
0.077,0.15
0.077,0.149
0.077,0.149
0.077,0.149
0.077,0.15
0.077,0.15
0.077,0.15
0.078,0.15
0.077,0.15
0.078,0.149
0.077,0.15
0.077,0.15
0.077,0.15
0.077,0.15
0.078,0.15
0.077,0.15
0.077,0.15
0.077,0.15
0.076,0.15
0.077,0.15
0.077,0.15
0.077,0.15
0.077,0.15
0.077,0.15
0.077,0.15
0.077,0.15
0.076,0.15
0.077,0.15
0.077,0.15
0.075,0.15
0.077,0.15
0.077,0.15
0.077,0.15
0.077,0.15
0.077,0.15
0.077,0.15
0.076,0.15
0.077,0.15
0.077,0.15
0.077,0.15
0.076,0.15
0.077,0.15
0.077,0.15
0.077,0.15
0.077,0.15
0.077,0.15
0.077,0.15
0.077,0.15
0.077,0.15
0.077,0.15
0.077,0.15
0.077,0.15
0.077,0.15
0.077,0.15
0.077,0.15
0.077,0.15
0.077,0.15
0.077,0.15
0.076,0.15
0.077,0.15
0.077,0.15
0.077,0.15
0.077,0.15
0.077,0.15
0.076,0.15
0.076,0.15
0.076,0.15
0.075,0.15
0.075,0.15
0.076,0.15
0.075,0.15
0.075,0.15
0.075,0.15
0.073,0.15
0.075,0.15
0.074,0.15
0.074,0.15
0.074,0.15
0.074,0.15
0.073,0.15
0.074,0.15
0.073,0.15
0.073,0.15
0.073,0.15
0.073,0.15
0.072,0.15
0.071,0.15
0.07,0.151
0.07,0.15
0.071,0.15
0.07,0.15
0.069,0.15
0.069,0.15
0.07,0.15
0.069,0.15
0.07,0.15
0.07,0.15
0.07,0.15
0.071,0.15
0.07,0.15
0.07,0.15
0.071,0.15
0.071,0.15
0.07,0.15
0.071,0.15
0.071,0.15
0.071,0.15
0.071,0.15
0.072,0.15
0.072,0.15
0.073,0.15
0.074,0.15
0.075,0.15
0.077,0.15
0.079,0.15
0.082,0.15
0.083,0.15
0.083,0.15
0.084,0.15
0.084,0.152
0.084,0.152
0.084,0.152
0.085,0.153
0.086,0.153
0.086,0.154
0.087,0.154
0.088,0.154
0.087,0.154
0.088,0.154
0.087,0.154
0.088,0.154
0.086,0.154
0.086,0.154
0.086,0.155
0.087,0.155
0.086,0.154
0.086,0.154
0.086,0.154
0.087,0.154
0.087,0.155
0.088,0.154
0.089,0.154
0.088,0.154
0.088,0.154
0.089,0.154
0.088,0.154
0.088,0.154
0.088,0.154
0.088,0.154
0.088,0.154
0.088,0.154
0.088,0.154
0.09,0.154
0.088,0.154
0.088,0.154
0.088,0.151
0.088,0.15
0.088,0.15
0.088,0.146
0.087,0.144
0.087,0.131
0.087,0.126
0.087,0.124
0.087,0.116
0.087,0.124
0.087,0.124
0.086,0.124
0.086,0.122
0.086,0.122
0.087,0.123
0.086,0.124
0.086,0.124
0.086,0.124
0.086,0.124
0.087,0.124
0.087,0.126
0.087,0.127
0.086,0.128
0.087,0.128
0.086,0.128
0.086,0.128
0.086,0.128
0.086,0.128
0.086,0.129
0.086,0.129
0.086,0.13
0.086,0.131
0.086,0.132
0.086,0.133
0.086,0.135
0.086,0.135
0.086,0.135
0.086,0.128
0.086,0.135
0.086,0.134
0.086,0.134
0.086,0.134
0.086,0.134
0.086,0.133
0.086,0.133
0.086,0.133
0.086,0.133
0.086,0.133
0.085,0.131
0.085,0.13
0.086,0.131
0.085,0.129
0.085,0.129
0.085,0.129
0.085,0.128
0.085,0.128
0.085,0.126
0.085,0.121
0.085,0.114
0.085,0.115
0.085,0.116
0.085,0.121
0.085,0.12
0.085,0.12
0.085,0.12
0.085,0.118
0.085,0.119
0.085,0.119
0.085,0.119
0.084,0.122
0.085,0.119
0.085,0.119
0.085,0.12
0.084,0.114
0.084,0.111
0.085,0.109
0.084,0.112
0.085,0.111
0.084,0.112
0.084,0.11
0.084,0.114
0.085,0.111
0.084,0.115
0.084,0.118
0.084,0.117
0.084,0.116
0.084,0.117
0.083,0.116
0.083,0.116
0.083,0.116
0.083,0.116
0.083,0.116
0.083,0.116
0.081,0.116
0.081,0.116
0.081,0.114
0.081,0.115
0.081,0.114
0.081,0.115
0.081,0.116
0.081,0.116
0.08,0.115
0.081,0.116
0.081,0.116
0.081,0.116
0.08,0.116
0.081,0.118
0.079,0.117
0.08,0.116
0.08,0.116
0.081,0.115
0.08,0.117
0.081,0.116
0.079,0.117
0.079,0.116
0.08,0.116
0.079,0.116
0.079,0.117
0.08,0.118
0.08,0.117
0.08,0.118
0.08,0.118
0.08,0.118
0.079,0.118
0.079,0.116
0.079,0.118
0.079,0.118
0.08,0.118
0.08,0.118
0.079,0.118
0.079,0.118
0.079,0.118
0.079,0.118
0.079,0.118
0.079,0.118
0.079,0.118
0.079,0.118
0.079,0.118
0.079,0.118
0.079,0.118
0.079,0.118
0.077,0.118
0.078,0.118
0.077,0.118
0.077,0.118
0.077,0.118
0.077,0.118
0.077,0.118
0.078,0.118
0.077,0.118
0.077,0.118
0.077,0.119
0.077,0.12
0.077,0.118
0.077,0.118
0.078,0.119
0.078,0.119
0.078,0.12
0.078,0.119
0.078,0.118
0.078,0.118
0.078,0.118
0.078,0.118
0.077,0.118
0.077,0.118
0.077,0.118
0.079,0.119
0.079,0.12
0.078,0.119
0.078,0.12
0.078,0.119
0.079,0.119
0.079,0.119
0.078,0.119
0.079,0.119
0.079,0.119
0.078,0.12
0.078,0.119
0.079,0.119
0.077,0.119
0.078,0.119
0.078,0.119
0.078,0.119
0.078,0.119
0.078,0.12
0.078,0.119
0.078,0.119
0.079,0.119
0.079,0.118
0.078,0.118
0.078,0.119
0.078,0.119
0.079,0.12
0.079,0.12
0.079,0.12
0.079,0.119
0.078,0.119
0.079,0.119
0.079,0.119
0.079,0.119
0.078,0.119
0.079,0.119
0.079,0.119
0.079,0.119
0.079,0.119
0.079,0.12
0.079,0.12
0.079,0.12
0.079,0.12
0.078,0.12
0.079,0.12
0.079,0.12
0.078,0.12
0.079,0.12
0.079,0.12
0.079,0.119
0.079,0.119
0.079,0.12
0.079,0.12
0.078,0.12
0.079,0.12
0.079,0.12
0.079,0.119
0.078,0.121
0.079,0.12
0.079,0.12
0.079,0.12
0.078,0.12
0.079,0.12
0.079,0.119
0.079,0.119
0.079,0.12
0.079,0.12
0.079,0.12
0.079,0.12
0.079,0.12
0.079,0.119
0.079,0.119
0.079,0.12
0.079,0.12
0.079,0.12
0.079,0.119
0.079,0.12
0.079,0.119
0.078,0.119
0.079,0.12
0.079,0.12
0.079,0.119
0.079,0.119
0.08,0.12
0.079,0.119
0.079,0.119
0.08,0.12
0.08,0.119
0.079,0.12
0.08,0.12
0.081,0.119
0.079,0.12
0.08,0.12
0.08,0.119
0.08,0.12
0.079,0.12
0.079,0.119
0.079,0.12
0.079,0.12
0.079,0.121
0.079,0.12
0.079,0.121
0.079,0.12
0.079,0.121
0.079,0.12
0.079,0.12
0.078,0.12
0.078,0.12
0.078,0.121
0.078,0.122
0.077,0.12
0.074,0.12
0.078,0.12
0.078,0.12
0.077,0.121
0.078,0.121
0.078,0.12
0.077,0.12
0.077,0.12
0.078,0.121
0.078,0.121
0.078,0.121
0.078,0.121
0.079,0.121
0.079,0.121
0.079,0.121
0.079,0.12
0.079,0.121
0.079,0.121
0.079,0.12
0.079,0.12
0.079,0.121
0.079,0.12
0.079,0.121
0.079,0.121
0.079,0.122
0.079,0.12
0.078,0.12
0.078,0.12
0.079,0.12
0.079,0.12
0.079,0.12
0.079,0.121
0.079,0.12
0.079,0.121
0.079,0.12
0.079,0.121
0.079,0.121
0.079,0.12
0.079,0.12
0.079,0.12
0.079,0.121
0.079,0.121
0.079,0.121
0.079,0.121
0.079,0.121
0.079,0.12
0.079,0.121
0.079,0.12
0.079,0.12
0.079,0.117
0.079,0.116
0.079,0.107
0.078,0.081
0.078,0.084
0.079,0.079
0.079,0.079
0.078,0.084
0.078,0.086
0.079,0.085
0.079,0.085
0.078,0.089
0.079,0.09
0.079,0.092
0.079,0.096
0.079,0.098
0.079,0.103
0.079,0.107
0.079,0.114
0.079,0.115
0.079,0.115
0.079,0.115
0.079,0.115
0.079,0.115
0.079,0.115
0.079,0.115
0.079,0.117
0.078,0.141
0.079,0.162
0.078,0.165
0.079,0.181
0.078,0.178
0.078,0.185
0.078,0.191
0.078,0.192
0.079,0.217
0.078,0.22
0.078,0.228
0.077,0.227
0.078,0.227
0.079,0.226
0.079,0.223
0.077,0.218
0.077,0.216
0.078,0.214
0.077,0.212
0.077,0.211
0.078,0.202
0.077,0.199
0.077,0.199
0.078,0.199
0.077,0.199
0.077,0.189
0.077,0.175
0.077,0.169
0.077,0.165
0.077,0.153
0.077,0.149
0.077,0.151
0.077,0.148
0.077,0.143
0.076,0.137
0.077,0.139
0.077,0.139
0.077,0.142
0.077,0.14
0.077,0.141
0.077,0.142
0.077,0.143
0.076,0.144
0.077,0.144
0.077,0.144
0.077,0.144
0.075,0.145
0.076,0.145
0.076,0.145
0.076,0.146
0.076,0.146
0.075,0.146
0.075,0.146
0.075,0.146
0.075,0.145
0.075,0.145
0.075,0.145
0.075,0.144
0.074,0.144
0.075,0.144
0.075,0.143
0.075,0.142
0.075,0.141
0.075,0.137
0.075,0.133
0.075,0.132
0.075,0.128
0.075,0.129
0.075,0.128
0.076,0.124
0.076,0.124
0.076,0.122
0.076,0.118
0.076,0.124
0.076,0.125
0.077,0.124
0.076,0.124
0.076,0.124
0.076,0.123
0.077,0.124
0.076,0.126
0.076,0.128
0.076,0.127
0.076,0.126
0.076,0.126
0.077,0.127
0.076,0.127
0.076,0.126
0.077,0.127
0.076,0.127
0.076,0.126
0.076,0.128
0.077,0.126
0.076,0.126
0.075,0.126
0.077,0.127
0.077,0.127
0.077,0.128
0.077,0.127
0.077,0.128
0.079,0.129
0.077,0.129
0.077,0.129
0.077,0.129
0.077,0.129
0.077,0.13
0.077,0.131
0.077,0.13
0.077,0.13
0.077,0.131
0.077,0.131
0.077,0.131
0.077,0.132
0.077,0.133
0.077,0.131
0.077,0.131
0.077,0.131
0.077,0.132
0.077,0.133
0.077,0.134
0.077,0.133
0.077,0.134
0.077,0.135
0.077,0.134
0.077,0.134
0.077,0.135
0.077,0.135
0.077,0.135
0.077,0.135
0.077,0.135
0.077,0.135
0.077,0.135
0.077,0.135
0.077,0.135
0.077,0.135
0.077,0.135
0.077,0.135
0.077,0.135
0.077,0.135
0.077,0.135
0.077,0.135
0.077,0.134
0.077,0.135
0.077,0.134
0.077,0.134
0.077,0.135
0.077,0.134
0.077,0.134
0.077,0.134
0.077,0.135
0.078,0.135
0.078,0.136
0.078,0.135
0.078,0.135
0.077,0.135
0.078,0.135
0.077,0.136
0.078,0.136
0.078,0.135
0.077,0.136
0.077,0.136
0.077,0.136
0.078,0.136
0.077,0.136
0.078,0.136
0.078,0.136
0.078,0.136
0.078,0.136
0.078,0.136
0.078,0.135
0.077,0.136
0.077,0.137
0.077,0.136
0.077,0.137
0.077,0.136
0.077,0.135
0.077,0.135
0.077,0.135
0.077,0.136
0.078,0.136
0.077,0.137
0.077,0.136
0.078,0.136
0.077,0.136
0.078,0.136
0.078,0.137
0.079,0.136
0.078,0.135
0.079,0.137
0.079,0.136
0.079,0.136
0.079,0.137
0.079,0.137
0.079,0.136
0.079,0.137
0.078,0.137
0.079,0.136
0.079,0.137
0.079,0.137
0.078,0.137
0.079,0.136
0.079,0.137
0.078,0.137
0.078,0.137
0.078,0.136
0.079,0.137
0.079,0.137
0.079,0.137
0.078,0.137
0.078,0.137
0.078,0.137
0.078,0.137
0.078,0.137
0.078,0.137
0.078,0.138
0.078,0.137
0.077,0.138
0.077,0.138
0.077,0.138
0.077,0.14
0.077,0.138
0.077,0.138
0.077,0.138
0.077,0.139
0.077,0.139
0.078,0.132
0.077,0.139
0.077,0.139
0.077,0.139
0.078,0.139
0.077,0.137
0.077,0.139
0.077,0.138
0.078,0.139
0.077,0.139
0.078,0.138
0.078,0.139
0.078,0.139
0.078,0.138
0.078,0.139
0.078,0.139
0.078,0.139
0.077,0.139
0.078,0.139
0.078,0.139
0.078,0.139
0.078,0.139
0.078,0.139
0.078,0.139
0.079,0.139
0.078,0.139
0.078,0.139
0.078,0.14
0.079,0.139
0.079,0.139
0.079,0.139
0.079,0.139
0.079,0.14
0.079,0.139
0.079,0.139
0.079,0.139
0.079,0.139
0.079,0.139
0.079,0.139
0.079,0.139
0.079,0.139
0.079,0.14
0.079,0.139
0.079,0.139
0.079,0.14
0.079,0.139
0.079,0.14
0.078,0.139
0.079,0.14
0.079,0.139
0.078,0.139
0.079,0.14
0.079,0.139
0.079,0.139
0.079,0.139
0.079,0.14
0.079,0.14
0.078,0.14
0.079,0.139
0.079,0.14
0.079,0.14
0.079,0.139
0.079,0.14
0.079,0.139
0.079,0.139
0.079,0.139
0.079,0.139
0.079,0.14
0.079,0.139
0.079,0.14
0.079,0.14
0.079,0.139
0.079,0.139
0.079,0.139
0.079,0.139
0.079,0.14
0.079,0.14
0.078,0.139
0.079,0.14
0.079,0.14
0.079,0.141
0.079,0.14
0.079,0.14
0.079,0.14
0.079,0.14
0.079,0.14
0.079,0.139
0.078,0.138
0.078,0.135
0.079,0.133
0.079,0.133
0.078,0.132
0.079,0.132
0.079,0.131
0.078,0.13
0.078,0.13
0.078,0.131
0.079,0.129
0.078,0.131
0.078,0.129
0.078,0.129
0.078,0.129
0.077,0.128
0.077,0.127
0.077,0.126
0.077,0.124
0.077,0.118
0.077,0.113
0.077,0.113
0.077,0.118
0.077,0.122
0.077,0.133
0.077,0.146
0.077,0.147
0.078,0.148
0.079,0.148
0.083,0.175
0.084,0.203
0.086,0.244
0.088,0.249
0.089,0.255
0.091,0.28
0.092,0.291
0.094,0.319
0.113,0.319
0.111,0.321
0.231,0.321
0.25,0.327
0.258,0.337
0.257,0.371
0.256,0.387
0.255,0.411
0.256,0.413
0.257,0.412
0.256,0.412
0.256,0.411
0.256,0.411
0.256,0.41
0.256,0.408
0.256,0.403
0.255,0.4
0.255,0.389
0.254,0.385
0.25,0.318
0.244,0.268
0.233,0.221
0.233,0.184
0.232,0.171
0.232,0.155
0.233,0.126
0.233,0.125
0.227,0.121
0.224,0.122
0.209,0.118
0.199,0.113
0.197,0.113
0.186,0.113
0.184,0.118
0.163,0.119
0.149,0.135
0.146,0.137
0.139,0.139
0.122,0.141
0.12,0.145
0.116,0.167
0.116,0.172
0.12,0.179
0.122,0.187
0.129,0.193
0.131,0.231
0.133,0.241
0.139,0.252
0.142,0.255
0.145,0.255
0.146,0.255
0.146,0.255
0.148,0.256
0.149,0.255
0.155,0.254
0.158,0.25
0.158,0.233
0.158,0.232
0.158,0.176
0.158,0.16
0.158,0.126
0.158,0.12
0.16,0.079
0.157,0.082
0.156,0.08
0.155,0.084
0.152,0.082
0.15,0.081
0.148,0.084
0.148,0.084
0.148,0.084
0.147,0.085
0.146,0.085
0.147,0.086
0.146,0.087
0.146,0.087
0.147,0.086
0.147,0.087
0.148,0.088
0.148,0.089
0.148,0.088
0.149,0.088
0.149,0.088
0.149,0.089
0.149,0.09
0.149,0.092
0.149,0.093
0.149,0.094
0.149,0.094
0.149,0.096
0.149,0.098
0.15,0.101
0.15,0.103
0.149,0.103
0.149,0.103
0.15,0.105
0.149,0.105
0.149,0.105
0.15,0.105
0.15,0.106
0.149,0.107
0.149,0.107
0.149,0.107
0.148,0.107
0.149,0.107
0.148,0.108
0.149,0.108
0.149,0.108
0.15,0.108
0.149,0.109
0.149,0.109
0.15,0.109
0.145,0.109
0.149,0.109
0.15,0.109
0.15,0.11
0.149,0.11
0.149,0.111
0.15,0.11
0.15,0.11
0.149,0.11
0.149,0.11
0.149,0.11
0.149,0.109
0.149,0.11
0.149,0.11
0.15,0.11
0.15,0.11
0.149,0.11
0.149,0.11
0.149,0.11
0.15,0.11
0.149,0.108
0.15,0.109
0.149,0.11
0.149,0.109
0.149,0.11
0.149,0.11
0.149,0.11
0.149,0.11
0.149,0.11
0.149,0.111
0.15,0.11
0.15,0.11
0.149,0.111
0.149,0.11
0.15,0.11
0.149,0.11
0.149,0.11
0.149,0.11
0.149,0.11
0.149,0.11
0.149,0.11
0.149,0.111
0.15,0.111
0.15,0.111
0.15,0.11
0.15,0.111
0.15,0.111
0.15,0.111
0.15,0.111
0.15,0.111
0.15,0.111
0.15,0.111
0.15,0.111
0.15,0.111
0.15,0.11
0.15,0.11
0.15,0.111
0.15,0.111
0.15,0.111
0.15,0.111
0.15,0.106
0.151,0.105
0.15,0.103
0.15,0.099
0.15,0.099
0.15,0.095
0.151,0.094
0.151,0.093
0.15,0.086
0.15,0.086
0.15,0.084
0.15,0.084
0.15,0.085
0.15,0.084
0.15,0.083
0.15,0.084
0.15,0.084
0.15,0.084
0.15,0.085
0.15,0.085
0.149,0.088
0.15,0.092
0.15,0.1
0.15,0.101
0.15,0.101
0.15,0.118
0.151,0.129
0.151,0.139
0.151,0.142
0.151,0.146
0.15,0.154
0.15,0.153
0.151,0.156
0.151,0.153
0.15,0.152
0.152,0.15
0.15,0.148
0.151,0.147
0.152,0.147
0.151,0.146
0.151,0.145
0.151,0.143
0.151,0.141
0.151,0.139
0.15,0.138
0.151,0.138
0.15,0.138
0.15,0.137
0.15,0.138
0.15,0.137
0.15,0.138
0.15,0.137
0.141,0.137
0.085,0.137
0.083,0.137
0.08,0.138
0.06,0.137
0.045,0.137
0.034,0.137
0.038,0.138
0.05,0.137
0.056,0.138
0.056,0.138
0.073,0.137
0.079,0.134
0.078,0.134
0.08,0.134
0.08,0.134
0.081,0.134
0.081,0.134
0.081,0.134
0.081,0.135
0.082,0.135
0.082,0.135
0.083,0.135
0.083,0.135
0.083,0.135
0.083,0.135
0.083,0.135
0.083,0.135
0.083,0.135
0.083,0.136
0.083,0.135
0.083,0.135
0.084,0.135
0.084,0.136
0.084,0.135
0.085,0.135
0.089,0.135
0.09,0.135
0.094,0.135
0.096,0.135
0.109,0.135
0.114,0.135
0.115,0.136
0.116,0.135
0.123,0.135
0.126,0.135
0.126,0.134
0.126,0.133
0.125,0.133
0.124,0.132
0.122,0.133
0.123,0.133
0.12,0.133
0.121,0.133
0.121,0.133
0.12,0.133
0.12,0.133
0.12,0.133
0.12,0.133
0.12,0.133
0.12,0.133
0.12,0.133
0.118,0.133
0.118,0.133
0.118,0.133
0.118,0.133
0.118,0.133
0.118,0.133
0.118,0.133
0.118,0.133
0.118,0.133
0.117,0.133
0.117,0.133
0.117,0.132
0.118,0.132
0.117,0.132
0.116,0.133
0.116,0.133
0.117,0.133
0.117,0.133
0.118,0.133
0.117,0.133
0.118,0.133
0.118,0.134
0.118,0.133
0.118,0.134
0.118,0.134
0.118,0.134
0.118,0.134
0.118,0.135
0.118,0.135
0.118,0.134
0.118,0.134
0.118,0.135
0.118,0.134
0.118,0.135
0.118,0.135
0.118,0.135
0.118,0.135
0.118,0.135
0.118,0.135
0.118,0.134
0.118,0.135
0.118,0.135
0.118,0.135
0.118,0.135
0.118,0.135
0.118,0.135
0.118,0.135
0.118,0.134
0.118,0.134
0.118,0.134
0.118,0.135
0.118,0.134
0.118,0.135
0.118,0.134
0.118,0.134
0.118,0.135
0.118,0.135
0.118,0.134
0.118,0.135
0.118,0.134
0.118,0.135
0.118,0.135
0.118,0.135
0.118,0.134
0.118,0.135
0.118,0.135
0.118,0.135
0.118,0.135
0.118,0.135
0.118,0.135
0.118,0.135
0.118,0.134
0.118,0.135
0.118,0.135
0.118,0.135
0.118,0.135
0.118,0.135
0.118,0.135
0.116,0.135
0.116,0.135
0.116,0.135
0.116,0.135
0.116,0.135
0.116,0.135
0.116,0.135
0.116,0.135
0.116,0.135
0.116,0.135
0.117,0.135
0.116,0.135
0.118,0.135
0.118,0.135
0.118,0.135
0.117,0.135
0.117,0.135
0.116,0.135
0.116,0.135
0.116,0.135
0.116,0.135
0.117,0.135
0.116,0.135
0.116,0.135
0.116,0.135
0.116,0.135
0.116,0.135
0.116,0.135
0.116,0.135
0.116,0.135
0.116,0.135
0.116,0.135
0.116,0.134
0.116,0.135
0.115,0.135
0.115,0.135
0.115,0.135
0.114,0.135
0.114,0.135
0.114,0.135
0.114,0.135
0.114,0.135
0.114,0.135
0.114,0.135
0.114,0.135
0.114,0.135
0.114,0.135
0.114,0.135
0.112,0.135
0.111,0.135
0.111,0.135
0.111,0.135
0.111,0.136
0.112,0.135
0.111,0.135
0.111,0.135
0.113,0.135
0.113,0.135
0.113,0.137
0.113,0.135
0.113,0.135
0.113,0.135
0.112,0.135
0.113,0.135
0.113,0.135
0.113,0.135
0.113,0.135
0.112,0.135
0.112,0.135
0.112,0.135
0.113,0.135
0.113,0.135
0.112,0.135
0.113,0.135
0.112,0.135
0.112,0.135
0.113,0.135
0.112,0.135
0.112,0.135
0.113,0.135
0.113,0.135
0.113,0.135
0.113,0.135
0.112,0.135
0.113,0.135
0.113,0.135
0.113,0.135
0.113,0.135
0.113,0.135
0.113,0.135
0.113,0.135
0.113,0.135
0.113,0.135
0.113,0.135
0.113,0.135
0.112,0.135
0.113,0.135
0.113,0.135
0.112,0.135
0.113,0.135
0.112,0.135
0.113,0.135
0.113,0.135
0.112,0.135
0.113,0.135
0.113,0.135
0.113,0.135
0.113,0.135
0.113,0.136
0.113,0.135
0.113,0.135
0.113,0.135
0.113,0.135
0.113,0.135
0.113,0.135
0.111,0.135
0.112,0.135
0.112,0.135
0.112,0.135
0.111,0.135
0.111,0.135
0.112,0.135
0.112,0.135
0.112,0.135
0.112,0.135
0.112,0.135
0.113,0.135
0.111,0.134
0.112,0.134
0.112,0.135
0.112,0.135
0.112,0.135
0.112,0.135
0.112,0.135
0.111,0.135
0.112,0.135
0.111,0.135
0.112,0.135
0.112,0.135
0.111,0.135
0.112,0.135
0.112,0.135
0.111,0.135
0.112,0.135
0.111,0.135
0.111,0.135
0.112,0.135
0.111,0.135
0.111,0.135
0.112,0.135
0.112,0.135
0.112,0.135
0.112,0.135
0.111,0.135
0.111,0.135
0.112,0.135
0.112,0.135
0.111,0.135
0.113,0.135
0.112,0.135
0.112,0.135
0.112,0.135
0.112,0.135
0.112,0.135
0.112,0.135
0.112,0.135
0.111,0.135
0.111,0.135
0.111,0.135
0.111,0.135
0.111,0.135
0.111,0.135
0.112,0.135
0.112,0.135
0.113,0.135
0.113,0.135
0.113,0.135
0.113,0.135
0.111,0.135
0.112,0.135
0.112,0.135
0.113,0.135
0.112,0.135
0.112,0.133
0.111,0.129
0.112,0.12
0.112,0.118
0.112,0.114
0.113,0.113
0.112,0.109
0.112,0.11
0.112,0.11
0.112,0.111
0.112,0.111
0.112,0.112
0.112,0.112
0.113,0.114
0.113,0.112
0.111,0.113
0.112,0.113
0.112,0.113
0.112,0.113
0.112,0.113
0.111,0.113
0.112,0.112
0.113,0.113
0.113,0.113
0.112,0.113
0.111,0.113
0.112,0.113
0.112,0.113
0.112,0.113
0.113,0.113
0.113,0.113
0.112,0.113
0.112,0.113
0.112,0.114
0.112,0.113
0.112,0.113
0.111,0.113
0.112,0.114
0.111,0.114
0.111,0.114
0.111,0.114
0.111,0.113
0.111,0.114
0.111,0.115
0.111,0.116
0.111,0.118
0.111,0.118
0.111,0.118
0.111,0.118
0.111,0.118
0.111,0.118
0.111,0.118
0.111,0.118
0.111,0.118
0.111,0.118
0.111,0.118
0.112,0.119
0.111,0.118
0.111,0.118
0.111,0.118
0.111,0.117
0.111,0.117
0.111,0.116
0.111,0.116
0.112,0.116
0.111,0.116
0.111,0.117
0.111,0.117
0.111,0.117
0.111,0.117
0.112,0.118
0.111,0.117
0.111,0.117
0.111,0.117
0.111,0.117
0.111,0.118
0.111,0.118
0.111,0.118
0.111,0.119
0.111,0.119
0.112,0.119
0.111,0.12
0.111,0.121
0.112,0.122
0.111,0.122
0.112,0.123
0.112,0.123
0.113,0.123
0.113,0.123
0.113,0.124
0.114,0.123
0.114,0.122
0.115,0.124
0.115,0.122
0.115,0.123
0.116,0.124
0.118,0.123
0.12,0.125
0.118,0.126
0.119,0.127
0.121,0.128
0.122,0.128
0.122,0.128
0.121,0.126
0.123,0.12
0.123,0.119
0.124,0.118
0.124,0.117
0.124,0.114
0.124,0.11
0.124,0.105
0.125,0.102
0.125,0.105
0.125,0.103
0.126,0.105
0.125,0.103
0.125,0.096
0.125,0.078
0.126,0.073
0.124,0.073
0.125,0.073
0.124,0.075
0.125,0.077
0.126,0.077
0.125,0.077
0.124,0.077
0.124,0.077
0.125,0.077
0.124,0.078
0.124,0.079
0.124,0.079
0.124,0.08
0.124,0.081
0.124,0.081
0.123,0.08
0.123,0.081
0.124,0.082
0.123,0.083
0.124,0.082
0.124,0.083
0.124,0.083
0.124,0.085
0.124,0.086
0.123,0.088
0.123,0.089
0.123,0.09
0.124,0.09
0.123,0.09
0.123,0.09
0.123,0.09
0.122,0.09
0.122,0.092
0.122,0.092
0.122,0.093
0.122,0.092
0.122,0.092
0.121,0.092
0.122,0.092
0.121,0.092
0.122,0.092
0.122,0.092
0.12,0.092
0.121,0.092
0.12,0.092
0.121,0.093
0.121,0.093
0.121,0.093
0.122,0.093
0.122,0.094
0.121,0.093
0.12,0.094
0.121,0.094
0.121,0.094
0.121,0.092
0.121,0.093
0.121,0.092
0.121,0.092
0.12,0.092
0.12,0.092
0.12,0.092
0.119,0.093
0.12,0.093
0.119,0.093
0.118,0.094
0.118,0.093
0.119,0.093
0.119,0.094
0.119,0.093
0.118,0.093
0.119,0.094
0.118,0.094
0.118,0.094
0.118,0.093
0.118,0.094
0.119,0.094
0.119,0.094
0.118,0.094
0.118,0.094
0.118,0.094
0.118,0.094
0.118,0.094
0.119,0.094
0.118,0.094
0.118,0.094
0.118,0.094
0.118,0.094
0.118,0.094
0.119,0.094
0.118,0.094
0.118,0.094
0.118,0.094
0.118,0.094
0.118,0.093
0.118,0.094
0.118,0.093
0.118,0.093
0.116,0.094
0.116,0.094
0.116,0.093
0.116,0.094
0.116,0.094
0.116,0.094
0.116,0.094
0.117,0.094
0.117,0.094
0.116,0.094
0.116,0.094
0.117,0.094
0.117,0.094
0.117,0.094
0.117,0.094
0.117,0.094
0.116,0.094
0.117,0.094
0.117,0.094
0.117,0.093
0.116,0.094
0.116,0.094
0.116,0.095
0.116,0.094
0.116,0.094
0.116,0.094
0.117,0.094
0.117,0.094
0.116,0.094
0.117,0.094
0.117,0.094
0.117,0.094
0.117,0.094
0.118,0.094
0.118,0.094
0.118,0.094
0.117,0.094
0.118,0.094
0.118,0.094
0.118,0.094
0.118,0.094
0.118,0.094
0.118,0.094
0.118,0.094
0.118,0.094
0.118,0.094
0.118,0.094
0.118,0.094
0.118,0.094
0.118,0.094
0.118,0.094
0.118,0.094
0.118,0.094
0.119,0.094
0.118,0.094
0.118,0.094
0.118,0.094
0.118,0.094
0.118,0.094
0.118,0.094
0.118,0.094
0.118,0.096
0.118,0.094
0.118,0.094
0.118,0.094
0.118,0.094
0.118,0.094
0.118,0.094
