valence,arousal
0.0,0.133
0.0,0.133
0.0,0.133
0.0,0.133
0.0,0.133
0.0,0.133
0.0,0.133
0.0,0.133
0.0,0.133
0.0,0.133
0.0,0.133
0.0,0.133
0.0,0.133
0.0,0.148
0.0,0.156
0.0,0.18
0.0,0.188
0.0,0.188
0.0,0.188
0.0,0.188
0.0,0.188
0.0,0.188
0.0,0.188
0.0,0.188
0.014,0.188
0.014,0.188
0.014,0.188
0.02,0.188
0.038,0.188
0.038,0.156
0.054,0.148
0.054,0.148
0.077,0.148
0.093,0.133
0.136,0.133
0.172,0.133
0.204,0.133
0.227,0.133
0.227,0.133
0.227,0.196
0.227,0.227
0.267,0.251
0.267,0.298
0.282,0.385
0.282,0.48
0.282,0.519
0.282,0.551
0.282,0.59
0.282,0.598
0.282,0.598
0.282,0.598
0.282,0.598
0.282,0.598
0.298,0.598
0.298,0.598
0.298,0.598
0.298,0.598
0.298,0.598
0.298,0.574
0.298,0.559
0.298,0.559
0.298,0.543
0.298,0.527
0.298,0.527
0.298,0.527
0.298,0.519
0.298,0.511
0.298,0.511
0.298,0.511
0.298,0.48
0.298,0.472
0.298,0.472
0.298,0.472
0.298,0.448
0.298,0.432
0.298,0.401
0.298,0.377
0.298,0.369
0.298,0.369
0.298,0.338
0.298,0.33
0.298,0.322
0.298,0.298
0.298,0.29
0.298,0.275
0.298,0.275
0.298,0.275
0.298,0.267
0.298,0.267
0.298,0.259
0.298,0.259
0.298,0.259
0.298,0.251
0.298,0.251
0.282,0.251
0.255,0.251
0.227,0.251
0.215,0.251
0.204,0.251
0.204,0.251
0.188,0.251
0.188,0.251
0.172,0.251
0.16,0.251
0.148,0.251
0.148,0.251
0.148,0.251
0.136,0.235
0.133,0.235
0.127,0.227
0.109,0.227
0.109,0.227
0.093,0.227
0.081,0.227
0.077,0.227
0.054,0.227
0.054,0.219
0.054,0.204
0.054,0.196
0.054,0.196
0.054,0.188
0.054,0.188
0.054,0.18
0.054,0.18
0.054,0.18
0.054,0.18
0.054,0.18
0.06,0.156
0.054,0.133
0.054,0.133
0.054,0.125
0.054,0.125
0.054,0.125
0.054,0.125
0.054,0.125
0.054,0.125
0.054,0.125
0.054,0.125
0.054,0.125
0.054,0.125
0.054,0.125
0.054,0.125
0.06,0.125
0.054,0.125
0.054,0.125
0.054,0.125
0.054,0.125
0.054,0.125
0.054,0.125
0.054,0.125
0.054,0.125
0.077,0.125
0.081,0.117
0.093,0.093
0.093,0.085
0.093,0.085
0.093,0.077
0.109,0.077
0.109,0.077
0.133,0.077
0.133,0.117
0.148,0.125
0.148,0.125
0.148,0.156
0.148,0.164
0.148,0.188
0.148,0.188
0.148,0.188
0.148,0.227
0.148,0.259
0.148,0.275
0.148,0.29
0.148,0.29
0.148,0.29
0.148,0.29
0.148,0.259
0.148,0.227
0.148,0.164
0.148,0.133
0.148,0.117
0.148,0.109
0.148,0.085
0.148,0.077
0.148,0.062
0.148,0.062
0.148,0.054
0.148,0.054
0.148,0.054
0.148,0.054
0.148,0.054
0.148,0.054
0.148,0.054
0.148,0.054
0.148,0.054
0.148,0.054
0.148,0.054
0.172,0.125
0.209,0.156
0.243,0.18
0.243,0.188
0.267,0.188
0.282,0.227
0.282,0.235
0.282,0.259
0.282,0.267
0.282,0.267
0.282,0.267
0.282,0.267
0.282,0.267
0.282,0.18
0.227,0.133
0.209,0.109
0.204,0.062
0.204,0.046
0.204,0.046
0.204,0.038
0.204,0.038
0.188,0.038
0.172,0.038
0.148,0.038
0.148,0.038
0.148,0.038
0.148,0.038
0.148,0.038
0.148,0.038
0.148,0.038
0.148,0.038
0.148,0.038
0.148,0.038
0.148,0.038
0.148,0.038
0.148,0.038
0.148,0.038
0.148,0.038
0.148,0.038
0.148,0.038
0.148,0.022
0.148,0.006
0.148,0.006
0.148,0.006
0.148,0.0
0.148,0.0
0.148,0.0
0.148,0.0
0.148,0.0
0.148,0.0
0.148,0.0
0.148,0.0
0.133,0.0
0.133,0.0
0.133,0.0
0.133,0.038
0.133,0.117
0.133,0.125
0.133,0.125
0.133,0.125
0.133,0.125
0.133,0.125
0.133,0.125
0.188,0.125
0.204,0.148
0.209,0.156
0.204,0.156
0.204,0.164
0.204,0.188
0.204,0.188
0.204,0.188
0.176,0.227
0.054,0.227
0.0,0.235
0.0,0.235
0.0,0.235
-0.08,0.235
-0.083,0.235
-0.107,0.235
-0.107,0.235
-0.107,0.235
-0.123,0.235
-0.123,0.235
-0.139,0.235
-0.139,0.235
-0.155,0.235
-0.167,0.235
-0.171,0.235
-0.174,0.235
-0.186,0.235
-0.186,0.235
-0.186,0.235
-0.186,0.235
-0.186,0.235
-0.186,0.235
-0.186,0.235
-0.186,0.235
-0.186,0.235
-0.186,0.235
-0.186,0.235
-0.198,0.235
-0.186,0.235
-0.21,0.235
-0.204,0.235
-0.21,0.235
-0.21,0.235
-0.218,0.235
-0.226,0.235
-0.23,0.235
-0.269,0.235
-0.273,0.235
-0.289,0.235
-0.289,0.235
-0.289,0.235
-0.289,0.235
-0.289,0.235
-0.289,0.235
-0.289,0.235
-0.289,0.235
-0.289,0.235
-0.289,0.251
-0.289,0.251
-0.289,0.251
-0.289,0.251
-0.289,0.251
-0.289,0.251
-0.289,0.251
-0.289,0.251
-0.289,0.251
-0.289,0.251
-0.289,0.251
-0.289,0.251
-0.289,0.251
-0.289,0.251
-0.289,0.251
-0.289,0.251
-0.289,0.251
-0.289,0.251
-0.289,0.251
-0.289,0.251
-0.289,0.251
-0.289,0.251
-0.289,0.251
-0.289,0.251
-0.289,0.251
-0.289,0.251
-0.289,0.251
-0.289,0.251
-0.289,0.251
-0.289,0.267
-0.289,0.298
-0.293,0.306
-0.329,0.322
-0.329,0.33
-0.329,0.346
-0.329,0.369
-0.345,0.377
-0.345,0.377
-0.345,0.377
-0.345,0.377
-0.345,0.377
-0.345,0.377
-0.345,0.377
-0.345,0.377
-0.345,0.377
-0.345,0.377
-0.345,0.377
-0.345,0.377
-0.345,0.377
-0.345,0.377
-0.345,0.377
-0.345,0.377
-0.345,0.377
-0.345,0.377
-0.345,0.377
-0.345,0.33
-0.285,0.29
-0.242,0.259
-0.204,0.235
-0.163,0.204
-0.123,0.188
-0.08,0.164
-0.052,0.156
-0.024,0.148
-0.004,0.125
0.0,0.117
0.0,0.109
0.0,0.109
0.0,0.093
0.0,0.077
0.0,0.062
0.0,0.062
0.0,0.054
-0.032,0.046
-0.064,0.046
-0.083,0.046
-0.089,0.046
-0.107,0.046
-0.107,0.038
-0.107,0.022
-0.107,0.022
-0.107,0.022
-0.107,0.014
-0.123,0.006
-0.123,0.006
-0.123,0.006
-0.123,0.0
-0.123,0.0
-0.123,0.0
-0.123,0.0
-0.123,0.0
-0.123,0.0
-0.123,0.0
-0.123,0.0
-0.123,0.0
-0.123,0.014
-0.143,0.062
-0.171,0.133
-0.186,0.156
-0.226,0.156
-0.226,0.156
-0.242,0.164
-0.242,0.188
-0.242,0.188
-0.242,0.196
-0.242,0.219
-0.258,0.227
-0.258,0.235
-0.258,0.235
-0.258,0.235
-0.258,0.235
-0.258,0.235
-0.258,0.235
-0.258,0.235
-0.258,0.235
-0.258,0.235
-0.258,0.235
-0.258,0.235
-0.258,0.235
-0.258,0.235
-0.171,0.235
-0.107,0.235
-0.072,0.235
0.0,0.235
0.0,0.235
0.0,0.235
0.0,0.235
0.0,0.29
0.002,0.322
0.054,0.361
0.077,0.377
0.093,0.377
0.109,0.377
0.133,0.377
0.148,0.377
0.148,0.377
0.154,0.377
0.172,0.377
0.172,0.377
0.172,0.377
0.188,0.377
0.188,0.377
0.188,0.377
0.188,0.377
0.188,0.377
0.188,0.377
0.188,0.377
0.188,0.377
0.188,0.377
0.188,0.377
0.188,0.377
0.188,0.377
0.204,0.377
0.227,0.377
0.267,0.377
0.286,0.377
0.298,0.377
0.298,0.377
0.298,0.377
0.298,0.377
0.298,0.377
0.298,0.33
0.298,0.298
0.298,0.298
0.298,0.298
0.298,0.29
0.298,0.29
0.298,0.29
0.298,0.275
0.267,0.259
0.255,0.251
0.243,0.235
0.227,0.227
0.227,0.219
0.227,0.196
0.221,0.188
0.204,0.18
0.204,0.18
0.204,0.18
0.204,0.18
0.204,0.164
0.148,0.164
0.133,0.156
0.109,0.156
0.109,0.156
0.093,0.156
0.081,0.148
0.077,0.148
0.054,0.133
0.054,0.133
0.038,0.133
0.038,0.133
0.038,0.133
0.038,0.133
0.038,0.133
0.038,0.125
0.038,0.125
0.038,0.125
0.038,0.125
0.077,0.125
0.077,0.117
0.093,0.117
0.133,0.109
0.148,0.109
0.16,0.109
0.172,0.109
0.188,0.093
0.188,0.093
0.204,0.093
0.204,0.093
0.204,0.093
0.227,0.093
0.227,0.093
0.227,0.125
0.243,0.133
0.243,0.164
0.243,0.18
0.243,0.188
0.243,0.196
0.267,0.204
0.267,0.227
0.267,0.235
0.271,0.235
0.282,0.251
0.282,0.251
0.282,0.251
0.282,0.267
0.282,0.306
0.282,0.322
0.282,0.322
0.282,0.322
0.282,0.322
0.282,0.322
0.282,0.322
0.282,0.322
0.282,0.322
0.282,0.322
0.282,0.322
0.243,0.322
0.227,0.322
0.227,0.322
0.204,0.322
0.204,0.322
0.204,0.322
0.188,0.322
0.16,0.322
0.133,0.322
0.109,0.322
0.093,0.322
0.077,0.322
0.077,0.322
0.071,0.259
0.054,0.227
0.054,0.188
0.038,0.18
0.038,0.164
0.038,0.156
0.038,0.148
0.038,0.133
0.038,0.125
0.038,0.125
0.038,0.117
0.038,0.117
0.038,0.117
0.038,0.117
0.093,0.117
0.133,0.148
0.172,0.164
0.188,0.164
0.188,0.18
0.188,0.188
0.188,0.196
0.204,0.196
0.204,0.219
0.204,0.219
0.204,0.219
0.204,0.219
0.204,0.219
0.204,0.219
0.204,0.219
0.204,0.219
0.204,0.219
0.204,0.188
0.204,0.18
0.204,0.18
0.204,0.164
0.204,0.164
0.204,0.164
0.204,0.164
0.204,0.164
0.204,0.164
0.133,0.164
0.133,0.164
0.133,0.204
0.133,0.235
0.133,0.306
0.133,0.369
0.142,0.409
0.192,0.409
0.204,0.409
0.227,0.409
0.243,0.409
0.267,0.417
0.282,0.417
0.282,0.417
0.282,0.417
0.282,0.417
0.282,0.377
0.282,0.298
0.298,0.267
0.298,0.235
0.298,0.227
0.298,0.219
0.298,0.204
0.298,0.188
0.298,0.164
0.298,0.156
0.298,0.156
0.298,0.156
0.298,0.156
0.267,0.156
0.227,0.156
0.227,0.156
0.204,0.148
0.204,0.148
0.204,0.133
0.188,0.117
0.188,0.117
0.188,0.117
0.172,0.117
0.172,0.117
0.172,0.117
0.148,0.117
0.148,0.117
0.148,0.148
0.148,0.164
0.148,0.18
0.148,0.188
0.154,0.235
0.148,0.259
0.148,0.267
0.148,0.267
0.148,0.267
0.148,0.267
0.148,0.267
0.148,0.188
0.133,0.133
0.093,0.109
0.077,0.054
0.054,0.022
0.054,0.0
0.038,0.0
0.038,0.0
0.038,0.0
0.014,0.0
0.014,0.0
0.014,0.0
0.014,0.0
0.014,0.022
0.014,0.125
0.046,0.148
0.077,0.164
0.133,0.18
0.148,0.196
0.148,0.259
0.148,0.275
0.148,0.306
0.148,0.306
0.148,0.306
0.148,0.322
0.148,0.322
0.148,0.298
0.148,0.322
0.148,0.322
0.148,0.322
0.148,0.322
0.148,0.322
0.148,0.322
0.148,0.322
0.148,0.322
0.16,0.322
0.188,0.322
0.204,0.322
0.227,0.322
0.227,0.322
0.227,0.322
0.227,0.322
0.227,0.322
0.227,0.322
0.227,0.322
0.227,0.322
0.227,0.322
0.227,0.322
0.227,0.346
0.227,0.377
0.227,0.385
0.227,0.385
0.227,0.385
0.227,0.385
0.227,0.385
0.227,0.385
0.227,0.385
0.227,0.385
0.227,0.361
0.215,0.338
0.204,0.338
0.2,0.338
0.188,0.33
0.188,0.322
0.172,0.298
0.172,0.29
0.172,0.29
0.172,0.29
0.172,0.29
0.172,0.29
0.172,0.29
0.172,0.29
0.172,0.29
0.172,0.29
0.172,0.29
0.172,0.29
0.172,0.275
0.172,0.267
0.172,0.267
0.172,0.259
0.172,0.259
0.172,0.259
0.133,0.259
0.093,0.259
0.065,0.259
0.054,0.259
0.038,0.259
0.032,0.251
0.014,0.235
0.0,0.235
0.0,0.235
0.0,0.227
0.0,0.219
0.0,0.188
0.0,0.164
0.0,0.164
0.0,0.164
0.0,0.164
0.0,0.164
0.0,0.164
0.0,0.164
0.0,0.164
0.0,0.164
0.0,0.164
0.0,0.164
0.038,0.164
0.038,0.164
0.054,0.164
0.054,0.164
0.077,0.164
0.077,0.164
0.077,0.164
0.093,0.164
0.093,0.164
0.093,0.164
0.093,0.164
0.093,0.164
0.093,0.164
0.093,0.164
0.093,0.164
0.101,0.164
0.109,0.164
0.133,0.156
0.148,0.156
0.176,0.156
0.188,0.156
0.204,0.156
0.204,0.156
0.204,0.156
0.204,0.156
0.204,0.156
0.204,0.156
0.204,0.156
0.204,0.156
0.204,0.156
0.204,0.156
0.204,0.196
0.204,0.227
0.204,0.227
0.204,0.227
0.204,0.227
0.204,0.227
0.204,0.227
0.204,0.227
0.204,0.227
0.204,0.227
0.204,0.227
0.204,0.227
0.204,0.227
0.204,0.227
0.204,0.227
0.204,0.227
0.204,0.227
0.204,0.227
0.204,0.227
0.204,0.227
0.204,0.227
0.204,0.227
0.204,0.227
0.204,0.227
0.204,0.227
0.204,0.227
0.204,0.196
0.204,0.196
0.204,0.196
0.204,0.196
0.204,0.188
0.204,0.188
0.204,0.188
0.204,0.18
0.204,0.164
0.204,0.164
0.204,0.164
0.204,0.164
0.204,0.156
0.204,0.156
0.204,0.156
0.204,0.156
0.204,0.156
0.204,0.156
0.204,0.156
0.204,0.148
0.204,0.148
0.204,0.148
0.204,0.148
0.204,0.148
0.204,0.148
0.204,0.148
0.204,0.148
0.204,0.148
0.204,0.148
0.204,0.148
0.204,0.148
0.204,0.148
0.204,0.148
0.204,0.148
0.204,0.148
0.204,0.148
0.204,0.148
0.204,0.148
0.204,0.148
0.204,0.148
0.204,0.148
0.204,0.148
0.204,0.148
0.204,0.148
0.204,0.148
0.204,0.148
0.204,0.133
0.204,0.133
0.204,0.133
0.204,0.133
0.196,0.133
0.188,0.133
0.176,0.133
0.172,0.133
0.16,0.133
0.148,0.133
0.148,0.133
0.133,0.133
0.109,0.133
0.085,0.133
0.06,0.133
0.054,0.133
0.054,0.133
0.054,0.133
0.054,0.133
0.054,0.133
0.054,0.133
0.054,0.133
0.054,0.133
0.054,0.133
0.054,0.18
0.054,0.188
0.054,0.196
0.06,0.219
0.054,0.219
0.054,0.219
0.054,0.219
0.054,0.219
0.054,0.219
0.06,0.219
0.054,0.227
0.054,0.227
0.054,0.227
0.054,0.227
0.054,0.227
0.054,0.227
0.054,0.227
0.054,0.227
0.054,0.227
0.054,0.227
0.065,0.227
0.065,0.227
0.054,0.227
0.054,0.227
0.054,0.227
0.054,0.227
0.054,0.227
0.054,0.227
0.054,0.227
0.054,0.227
0.054,0.227
0.054,0.227
0.054,0.227
0.054,0.227
0.054,0.227
0.054,0.227
0.054,0.227
0.054,0.227
0.054,0.227
0.054,0.227
0.065,0.227
0.054,0.227
0.077,0.227
0.071,0.227
0.077,0.227
0.077,0.227
0.077,0.227
0.077,0.227
0.077,0.227
0.077,0.227
0.077,0.227
0.077,0.227
0.077,0.227
0.077,0.227
0.077,0.227
0.077,0.227
0.077,0.227
0.077,0.227
0.077,0.227
0.077,0.227
0.109,0.227
0.109,0.227
0.133,0.227
0.133,0.227
0.133,0.227
0.136,0.227
0.148,0.227
0.148,0.204
0.148,0.204
0.148,0.204
0.148,0.204
0.148,0.196
0.148,0.196
0.148,0.196
0.148,0.196
0.172,0.196
0.172,0.196
0.172,0.196
0.176,0.188
0.188,0.188
0.192,0.188
0.204,0.188
0.227,0.188
0.227,0.188
0.243,0.188
0.243,0.188
0.243,0.188
0.243,0.188
0.243,0.188
0.243,0.188
0.243,0.188
0.243,0.188
0.243,0.188
0.243,0.188
0.243,0.188
0.267,0.188
0.282,0.188
0.282,0.259
0.282,0.267
0.282,0.306
0.282,0.322
0.282,0.369
0.282,0.385
0.282,0.385
0.282,0.385
0.282,0.385
0.282,0.385
0.282,0.385
0.282,0.385
0.282,0.385
0.282,0.385
0.282,0.385
0.282,0.385
0.282,0.385
0.282,0.385
0.282,0.361
0.282,0.322
0.282,0.298
0.282,0.259
0.282,0.219
0.282,0.204
0.282,0.196
0.282,0.18
0.282,0.164
0.282,0.156
0.282,0.148
0.282,0.133
0.282,0.117
0.282,0.093
0.282,0.085
0.282,0.085
0.282,0.077
0.282,0.077
0.282,0.077
0.227,0.077
0.204,0.062
0.188,0.062
0.172,0.062
0.133,0.062
0.109,0.062
0.093,0.062
0.054,0.062
0.054,0.054
0.014,0.054
0.014,0.054
0.014,0.054
0.014,0.054
0.014,0.046
0.014,0.046
0.014,0.046
0.014,0.046
0.014,0.046
0.014,0.046
0.014,0.046
0.014,0.046
0.014,0.046
0.014,0.046
0.014,0.046
0.014,0.046
0.014,0.046
0.014,0.046
0.014,0.046
0.014,0.046
0.014,0.046
0.014,0.038
0.014,0.038
0.014,0.038
0.014,0.038
0.014,0.038
0.014,0.038
0.014,0.038
0.014,0.038
0.014,0.038
0.014,0.022
0.014,0.022
0.014,0.022
0.014,0.022
0.014,0.022
0.014,0.022
0.014,0.022
0.014,0.022
0.014,0.022
0.014,0.022
0.014,0.022
0.026,0.022
0.02,0.022
0.038,0.046
0.054,0.022
0.054,0.022
0.038,0.022
0.02,0.022
0.032,0.022
0.038,0.022
0.014,0.022
0.014,0.022
0.038,0.022
0.014,0.022
0.014,0.022
0.014,0.014
0.014,0.014
0.014,0.006
0.038,0.006
0.038,0.006
0.038,0.006
0.054,0.006
0.054,0.0
0.054,0.0
0.054,0.0
0.054,0.0
0.054,0.0
0.054,0.0
0.054,0.0
0.054,0.0
0.054,0.0
0.054,0.0
0.054,0.0
0.077,0.0
0.077,0.0
0.077,0.0
0.077,0.0
0.077,0.0
0.077,0.0
0.077,0.0
0.077,0.0
0.077,0.0
0.081,0.0
0.093,0.0
0.093,0.0
0.093,0.0
0.093,0.0
0.093,0.0
0.093,0.0
0.093,0.0
0.093,0.0
0.093,0.0
0.093,0.0
0.093,0.0
0.093,0.0
0.093,0.0
0.093,0.0
0.093,0.0
0.093,0.0
0.093,0.0
0.093,0.0
0.093,0.0
0.093,0.0
0.093,0.0
0.093,0.0
0.093,0.0
0.093,0.0
0.093,0.0
0.093,0.0
0.083,0.0
0.038,0.0
0.0,0.0
0.0,0.0
0.0,0.0
0.0,0.0
0.0,-0.023
0.0,-0.039
0.0,-0.063
-0.004,-0.087
-0.004,-0.111
-0.004,-0.135
-0.02,-0.143
-0.036,-0.143
-0.036,-0.159
-0.036,-0.159
-0.052,-0.159
-0.052,-0.167
-0.052,-0.167
-0.068,-0.167
-0.068,-0.167
-0.068,-0.167
-0.068,-0.167
-0.068,-0.167
-0.068,-0.183
-0.068,-0.183
-0.072,-0.183
-0.083,-0.183
-0.083,-0.183
-0.083,-0.183
-0.083,-0.183
-0.083,-0.183
-0.083,-0.183
-0.083,-0.183
-0.083,-0.183
-0.083,-0.183
-0.083,-0.183
-0.083,-0.183
-0.083,-0.183
-0.083,-0.183
-0.083,-0.183
-0.083,-0.183
-0.083,-0.183
-0.083,-0.183
-0.107,-0.183
-0.089,-0.143
-0.083,-0.111
-0.083,-0.007
-0.101,0.0
-0.083,0.0
-0.056,0.0
-0.036,0.022
0.0,0.046
0.0,0.085
0.0,0.117
0.0,0.133
0.0,0.148
0.0,0.148
0.0,0.18
0.0,0.18
0.0,0.18
0.0,0.18
0.0,0.188
0.0,0.188
0.0,0.188
0.0,0.188
0.0,0.188
0.0,0.188
0.0,0.188
0.038,0.188
0.054,0.188
0.054,0.188
0.054,0.188
0.071,0.188
0.093,0.188
0.093,0.188
0.093,0.188
0.093,0.188
0.093,0.188
0.093,0.188
0.109,0.188
0.109,0.188
0.133,0.188
0.133,0.188
0.133,0.188
0.136,0.188
0.148,0.164
0.148,0.164
0.148,0.156
0.172,0.156
0.176,0.156
0.188,0.156
0.204,0.156
0.204,0.156
0.204,0.156
0.204,0.156
0.204,0.156
0.204,0.156
0.227,0.156
0.227,0.156
0.227,0.156
0.221,0.156
0.221,0.156
0.221,0.156
0.221,0.156
0.227,0.148
0.204,0.148
0.204,0.133
0.209,0.133
0.227,0.133
0.221,0.133
0.227,0.133
0.204,0.133
0.227,0.133
0.227,0.133
0.221,0.133
0.215,0.133
0.209,0.133
0.227,0.133
0.215,0.133
0.227,0.133
0.227,0.133
0.221,0.125
0.221,0.125
0.209,0.125
0.227,0.125
0.227,0.125
0.227,0.125
0.227,0.125
0.209,0.117
0.227,0.109
0.227,0.109
0.209,0.109
0.221,0.109
0.204,0.093
0.221,0.093
0.227,0.093
0.209,0.093
0.227,0.093
0.215,0.085
0.221,0.085
0.227,0.085
0.227,0.085
0.227,0.085
0.227,0.085
0.227,0.085
0.227,0.077
0.227,0.077
0.227,0.077
0.227,0.077
0.227,0.077
0.227,0.077
0.227,0.077
0.227,0.077
0.227,0.077
0.227,0.077
0.227,0.077
0.227,0.077
0.227,0.077
0.227,0.077
0.227,0.077
0.227,0.077
0.227,0.077
0.227,0.117
0.227,0.148
0.227,0.164
0.227,0.164
0.227,0.164
0.227,0.164
0.227,0.164
0.227,0.164
0.227,0.164
0.267,0.164
0.267,0.164
0.282,0.164
0.282,0.164
0.282,0.164
0.282,0.164
0.282,0.164
0.282,0.164
0.282,0.164
0.282,0.164
0.282,0.164
0.282,0.164
0.282,0.164
0.282,0.164
0.282,0.164
0.282,0.164
0.282,0.164
0.282,0.164
0.282,0.164
0.282,0.164
0.282,0.164
0.282,0.164
0.282,0.164
0.282,0.164
0.282,0.133
0.282,0.133
0.282,0.125
0.282,0.125
0.282,0.125
0.282,0.125
0.282,0.125
0.282,0.125
0.282,0.125
0.282,0.125
0.282,0.117
0.282,0.109
0.282,0.109
0.282,0.093
0.282,0.077
0.282,0.077
0.282,0.077
0.282,0.077
0.282,0.077
0.282,0.077
0.282,0.077
0.282,0.077
0.282,0.077
0.282,0.077
0.282,0.077
0.282,0.077
0.282,0.077
0.282,0.077
0.282,0.062
0.282,0.062
0.282,0.062
0.282,0.062
0.282,0.062
0.282,0.062
0.282,0.062
0.282,0.062
0.282,0.062
0.282,0.062
0.282,0.062
0.243,0.062
0.227,0.062
0.227,0.062
0.227,0.062
0.215,0.062
0.204,0.062
0.196,0.062
0.188,0.062
0.188,0.062
0.172,0.062
0.172,0.062
0.172,0.062
0.148,0.062
0.148,0.062
0.148,0.062
0.133,0.062
0.121,0.062
0.115,0.062
0.085,0.062
0.077,0.062
0.054,0.062
0.054,0.062
0.054,0.062
0.038,0.062
0.038,0.109
0.038,0.125
0.02,0.133
0.014,0.148
0.0,0.148
0.0,0.148
0.0,0.148
0.0,0.148
0.0,0.148
0.0,0.148
-0.02,0.148
-0.052,0.148
-0.068,0.156
-0.107,0.156
-0.107,0.156
-0.107,0.156
-0.107,0.156
-0.107,0.156
-0.119,0.156
-0.123,0.156
-0.123,0.156
-0.139,0.156
-0.155,0.156
-0.155,0.156
-0.155,0.156
-0.171,0.156
-0.171,0.156
-0.171,0.156
-0.171,0.156
-0.171,0.156
-0.171,0.156
-0.107,0.156
0.0,0.156
0.0,0.156
0.0,0.156
0.054,0.164
0.054,0.188
0.093,0.196
0.127,0.219
0.148,0.219
0.172,0.219
0.188,0.219
0.204,0.219
0.204,0.219
0.227,0.219
0.227,0.219
0.243,0.219
0.271,0.227
0.282,0.227
0.282,0.251
0.282,0.259
0.282,0.267
0.282,0.267
0.282,0.267
0.282,0.267
0.282,0.267
0.282,0.267
0.282,0.267
0.282,0.267
0.282,0.267
0.282,0.267
0.282,0.267
0.235,0.267
0.227,0.267
0.227,0.267
0.227,0.235
0.282,0.235
0.338,0.235
0.405,0.235
0.438,0.267
0.456,0.29
0.46,0.306
0.472,0.322
0.472,0.322
0.472,0.322
0.472,0.322
0.472,0.322
0.472,0.322
0.472,0.322
0.472,0.322
0.472,0.322
0.417,0.322
0.361,0.322
0.338,0.322
0.33,0.322
0.298,0.322
0.298,0.322
0.282,0.322
0.267,0.322
0.243,0.322
0.243,0.322
0.243,0.322
0.249,0.322
0.227,0.322
0.227,0.322
0.227,0.267
0.227,0.259
0.227,0.235
0.227,0.219
0.227,0.196
0.227,0.196
0.227,0.196
0.227,0.188
0.227,0.188
0.227,0.18
0.227,0.18
0.227,0.18
0.227,0.18
0.204,0.18
0.196,0.18
0.172,0.18
0.148,0.18
0.133,0.18
0.109,0.18
0.109,0.18
0.109,0.18
0.109,0.18
0.115,0.18
0.109,0.18
0.133,0.18
0.196,0.18
0.227,0.219
0.227,0.259
0.271,0.267
0.282,0.267
0.298,0.267
0.298,0.267
0.322,0.267
0.322,0.267
0.322,0.267
0.338,0.267
0.344,0.267
0.344,0.267
0.361,0.267
0.361,0.275
0.361,0.275
0.377,0.275
0.377,0.275
0.377,0.275
0.377,0.275
0.377,0.29
0.377,0.29
0.377,0.29
0.393,0.29
0.393,0.29
0.393,0.29
0.393,0.29
0.393,0.29
0.393,0.29
0.393,0.29
0.393,0.29
0.393,0.29
0.393,0.298
0.393,0.298
0.428,0.275
0.432,0.298
0.456,0.298
0.478,0.306
0.495,0.306
0.495,0.306
0.495,0.322
0.495,0.33
0.511,0.33
0.527,0.33
0.527,0.33
0.527,0.33
0.527,0.33
0.527,0.33
0.527,0.33
0.527,0.33
0.527,0.33
0.527,0.33
0.527,0.33
0.527,0.33
0.527,0.33
0.527,0.33
0.527,0.298
0.527,0.275
0.527,0.219
0.527,0.196
0.527,0.196
0.472,0.196
0.456,0.196
0.432,0.196
0.393,0.196
0.377,0.196
0.377,0.196
0.377,0.196
0.377,0.196
0.361,0.196
0.361,0.196
0.361,0.196
0.361,0.196
0.361,0.188
0.361,0.188
0.361,0.188
0.361,0.188
0.361,0.188
0.361,0.188
0.361,0.188
0.361,0.188
0.361,0.188
0.361,0.188
0.361,0.188
0.361,0.188
0.361,0.188
0.361,0.188
0.361,0.188
0.361,0.188
0.361,0.188
0.361,0.188
0.361,0.188
0.361,0.18
0.361,0.18
0.361,0.18
0.361,0.18
0.361,0.18
0.361,0.18
0.361,0.18
0.361,0.18
0.361,0.18
0.361,0.18
0.361,0.18
0.361,0.18
0.361,0.18
0.361,0.18
0.361,0.204
0.361,0.204
0.361,0.204
0.361,0.219
0.361,0.219
0.361,0.219
0.361,0.219
0.361,0.227
0.361,0.235
0.361,0.251
0.361,0.251
0.361,0.275
0.361,0.275
0.361,0.29
0.361,0.29
0.361,0.298
0.361,0.322
0.361,0.322
0.361,0.346
0.361,0.361
0.361,0.361
0.361,0.369
0.361,0.369
0.361,0.369
0.361,0.369
0.361,0.369
0.361,0.369
0.361,0.369
0.361,0.369
0.361,0.369
0.361,0.369
0.417,0.369
0.417,0.369
0.421,0.369
0.432,0.369
0.432,0.369
0.432,0.369
0.432,0.369
0.432,0.369
0.393,0.369
0.344,0.369
0.271,0.369
0.121,0.369
0.0,0.369
0.0,0.369
-0.083,0.369
-0.107,0.369
-0.123,0.369
-0.139,0.369
-0.147,0.369
-0.155,0.369
-0.182,0.369
-0.21,0.377
-0.226,0.401
-0.238,0.417
-0.269,0.488
-0.285,0.519
-0.289,0.519
-0.289,0.519
-0.289,0.519
-0.293,0.519
-0.329,0.519
-0.317,0.519
-0.329,0.519
-0.329,0.511
-0.329,0.503
-0.333,0.44
-0.345,0.401
-0.345,0.401
-0.345,0.401
-0.36,0.401
-0.36,0.401
-0.36,0.385
-0.376,0.377
-0.376,0.377
-0.392,0.369
-0.392,0.369
-0.392,0.369
-0.392,0.369
-0.392,0.369
-0.392,0.369
-0.392,0.369
-0.392,0.409
-0.408,0.44
-0.432,0.543
-0.448,0.543
-0.463,0.543
-0.463,0.543
-0.463,0.543
-0.463,0.543
-0.463,0.511
-0.463,0.456
-0.463,0.448
-0.463,0.448
-0.463,0.448
-0.463,0.448
-0.463,0.44
-0.463,0.44
-0.463,0.44
-0.463,0.44
-0.463,0.44
-0.463,0.44
-0.463,0.44
-0.463,0.44
-0.463,0.44
-0.463,0.44
-0.463,0.44
-0.463,0.44
-0.463,0.48
-0.463,0.527
-0.463,0.551
-0.463,0.551
-0.463,0.551
-0.463,0.527
-0.463,0.527
-0.463,0.527
-0.463,0.527
-0.463,0.527
-0.463,0.527
-0.463,0.527
-0.463,0.527
-0.463,0.527
-0.463,0.527
-0.463,0.527
-0.432,0.527
-0.408,0.527
-0.392,0.527
-0.392,0.519
-0.376,0.519
-0.376,0.488
-0.36,0.48
-0.345,0.472
-0.345,0.456
-0.329,0.456
-0.329,0.456
-0.329,0.456
-0.329,0.456
-0.305,0.448
-0.289,0.44
-0.273,0.432
-0.258,0.432
-0.254,0.409
-0.242,0.377
-0.242,0.377
-0.21,0.369
-0.174,0.369
-0.155,0.369
-0.143,0.361
-0.139,0.361
-0.139,0.338
-0.139,0.338
-0.139,0.322
-0.139,0.306
-0.139,0.306
-0.139,0.298
-0.139,0.298
-0.139,0.298
-0.135,0.298
-0.123,0.298
-0.123,0.29
-0.123,0.275
-0.123,0.275
-0.123,0.267
-0.123,0.267
-0.123,0.259
-0.123,0.259
-0.123,0.259
-0.123,0.259
-0.155,0.251
-0.155,0.251
-0.155,0.251
-0.155,0.251
-0.171,0.251
-0.171,0.251
-0.171,0.251
-0.171,0.251
-0.171,0.251
-0.186,0.251
-0.186,0.235
-0.186,0.235
-0.186,0.235
-0.186,0.267
-0.186,0.29
-0.186,0.298
-0.186,0.306
-0.21,0.306
-0.21,0.306
-0.21,0.322
-0.21,0.298
-0.21,0.322
-0.21,0.369
-0.21,0.385
-0.095,0.385
0.0,0.401
0.01,0.401
0.121,0.401
0.204,0.401
0.267,0.401
0.282,0.401
0.282,0.401
0.282,0.401
0.282,0.401
0.282,0.401
0.282,0.401
0.282,0.401
0.282,0.401
0.282,0.401
0.282,0.401
0.282,0.401
0.282,0.401
0.282,0.401
0.282,0.401
0.282,0.401
0.282,0.401
0.282,0.401
0.282,0.401
0.282,0.401
0.282,0.401
0.282,0.401
0.282,0.401
0.282,0.401
0.282,0.401
0.282,0.401
0.282,0.401
0.282,0.377
0.282,0.369
0.282,0.346
0.282,0.346
0.282,0.33
0.282,0.322
0.282,0.298
0.298,0.275
0.304,0.251
0.298,0.227
0.322,0.204
0.322,0.204
0.338,0.204
0.338,0.196
0.338,0.196
0.338,0.196
0.361,0.188
0.377,0.188
0.417,0.18
0.432,0.164
0.438,0.164
0.432,0.164
0.464,0.164
0.456,0.164
0.456,0.164
0.456,0.164
0.472,0.156
0.472,0.156
0.472,0.133
0.495,0.133
0.495,0.133
0.495,0.125
0.495,0.125
0.495,0.125
0.495,0.125
0.495,0.117
0.495,0.117
0.503,0.117
0.495,0.117
0.495,0.117
0.495,0.117
0.495,0.117
0.495,0.117
0.495,0.117
0.495,0.117
0.495,0.156
0.495,0.164
0.472,0.164
0.456,0.164
0.444,0.18
0.432,0.18
0.417,0.188
0.393,0.188
0.393,0.188
0.393,0.188
0.377,0.188
0.377,0.188
0.377,0.188
0.377,0.188
0.377,0.188
0.377,0.196
0.377,0.204
0.377,0.204
0.377,0.219
0.377,0.227
0.377,0.227
0.361,0.227
0.361,0.227
0.361,0.227
0.361,0.227
0.35,0.227
0.338,0.235
0.35,0.235
0.338,0.235
0.338,0.235
0.338,0.235
0.338,0.235
0.338,0.235
0.338,0.235
0.344,0.235
0.338,0.251
0.338,0.259
0.35,0.259
0.338,0.259
0.338,0.267
0.338,0.275
0.338,0.29
0.338,0.306
0.35,0.306
0.338,0.306
0.322,0.322
0.322,0.33
0.298,0.33
0.298,0.33
0.267,0.33
0.243,0.33
0.227,0.33
0.227,0.33
0.227,0.33
0.227,0.33
0.227,0.33
0.221,0.33
0.227,0.33
0.209,0.33
0.204,0.33
0.204,0.33
0.204,0.33
0.204,0.33
0.204,0.33
0.204,0.33
0.204,0.33
0.204,0.33
0.204,0.33
0.204,0.33
0.204,0.33
0.204,0.33
0.204,0.33
0.227,0.33
0.227,0.33
0.237,0.33
0.267,0.33
0.282,0.33
0.282,0.33
0.282,0.33
0.282,0.33
0.282,0.33
0.282,0.33
0.282,0.33
0.282,0.33
0.282,0.33
0.282,0.33
0.282,0.33
0.282,0.33
0.282,0.33
0.282,0.33
0.282,0.33
0.282,0.33
0.282,0.33
0.282,0.275
0.282,0.251
0.282,0.235
0.282,0.235
0.282,0.235
0.282,0.235
0.282,0.235
0.282,0.235
0.282,0.235
0.282,0.235
0.282,0.227
0.282,0.227
0.282,0.227
0.282,0.227
0.282,0.227
0.282,0.227
0.282,0.227
0.282,0.227
0.282,0.227
0.282,0.227
0.282,0.227
0.282,0.227
0.282,0.227
0.282,0.227
0.282,0.227
0.282,0.227
0.282,0.227
0.282,0.227
0.282,0.227
0.282,0.227
0.282,0.227
0.282,0.227
0.282,0.219
0.282,0.219
0.282,0.219
0.282,0.219
0.282,0.219
0.282,0.219
0.282,0.219
0.282,0.204
0.282,0.196
0.282,0.18
0.282,0.18
0.282,0.18
0.282,0.18
0.282,0.18
0.282,0.18
0.282,0.18
0.282,0.18
0.282,0.18
0.282,0.18
0.282,0.18
0.282,0.164
0.282,0.164
0.282,0.164
0.282,0.164
0.282,0.164
0.282,0.164
0.282,0.164
0.282,0.164
0.282,0.164
0.282,0.164
0.282,0.156
0.282,0.148
0.282,0.133
0.282,0.125
0.282,0.117
0.282,0.117
0.282,0.117
0.282,0.117
0.282,0.117
0.282,0.117
0.282,0.148
0.282,0.156
0.282,0.164
0.243,0.18
0.204,0.204
0.204,0.251
0.172,0.267
0.148,0.29
0.148,0.322
0.148,0.377
0.148,0.385
0.148,0.385
0.148,0.385
0.148,0.385
0.133,0.385
0.133,0.385
0.109,0.385
0.093,0.385
0.093,0.385
0.077,0.385
0.077,0.385
0.077,0.385
0.077,0.385
0.077,0.385
0.077,0.385
0.077,0.385
0.077,0.385
0.077,0.385
0.077,0.385
0.121,0.385
0.148,0.385
0.188,0.385
0.227,0.385
0.227,0.385
0.267,0.385
0.267,0.385
0.282,0.385
0.298,0.385
0.298,0.385
0.322,0.385
0.322,0.385
0.338,0.385
0.338,0.385
0.338,0.385
0.338,0.385
0.338,0.385
0.338,0.385
0.361,0.385
0.361,0.385
0.361,0.385
0.361,0.385
0.377,0.385
0.377,0.385
0.393,0.385
0.417,0.385
0.432,0.385
0.432,0.385
0.432,0.417
0.472,0.448
0.495,0.559
0.495,0.614
0.511,0.645
0.511,0.653
0.511,0.661
0.511,0.685
0.511,0.764
0.511,0.772
0.511,0.772
0.511,0.772
0.511,0.772
0.511,0.772
0.511,0.772
0.511,0.772
0.511,0.772
0.511,0.772
0.511,0.772
0.511,0.772
0.511,0.772
0.511,0.724
0.472,0.653
0.428,0.582
0.377,0.543
0.361,0.519
0.338,0.456
0.322,0.369
0.316,0.298
0.298,0.259
0.298,0.251
0.304,0.227
0.298,0.227
0.282,0.219
0.267,0.219
0.255,0.219
0.227,0.204
0.227,0.204
0.227,0.204
0.215,0.204
0.204,0.204
0.204,0.204
0.204,0.204
0.204,0.204
0.215,0.204
0.204,0.204
0.204,0.204
0.204,0.204
0.204,0.204
0.204,0.204
0.204,0.204
0.204,0.204
0.204,0.204
0.204,0.235
0.204,0.235
0.204,0.235
0.204,0.235
0.204,0.235
0.204,0.235
0.204,0.235
0.204,0.235
0.209,0.235
0.204,0.235
0.204,0.235
0.204,0.235
0.204,0.235
0.204,0.235
0.204,0.235
0.204,0.235
0.204,0.235
0.204,0.235
0.209,0.235
0.215,0.235
0.204,0.235
0.204,0.235
0.204,0.235
0.204,0.251
0.204,0.251
0.204,0.251
0.204,0.251
0.204,0.251
0.204,0.251
0.204,0.251
0.204,0.251
0.204,0.251
0.204,0.251
0.204,0.251
0.209,0.251
0.215,0.251
0.204,0.251
0.215,0.251
0.204,0.251
0.204,0.251
0.204,0.251
0.204,0.251
0.204,0.251
0.204,0.251
0.204,0.251
0.215,0.251
0.215,0.251
0.204,0.251
0.204,0.251
0.204,0.251
0.204,0.251
0.204,0.251
0.204,0.251
0.204,0.251
0.204,0.251
0.192,0.251
0.192,0.251
0.188,0.251
0.188,0.251
0.188,0.251
0.188,0.251
0.188,0.251
0.188,0.251
0.188,0.251
0.188,0.251
0.188,0.251
0.188,0.251
0.188,0.251
0.18,0.251
0.188,0.251
0.188,0.251
0.172,0.251
0.172,0.251
0.172,0.251
0.172,0.251
0.172,0.251
0.172,0.251
0.172,0.251
0.172,0.227
0.172,0.227
0.172,0.219
0.172,0.196
0.172,0.196
0.172,0.196
0.172,0.196
0.172,0.196
0.172,0.196
0.172,0.196
0.172,0.196
0.172,0.18
0.172,0.18
0.172,0.18
0.172,0.18
0.172,0.18
0.172,0.164
0.172,0.164
0.172,0.164
0.172,0.164
0.172,0.164
0.172,0.164
0.172,0.164
0.172,0.164
0.172,0.164
0.172,0.164
0.172,0.164
0.172,0.164
0.172,0.164
0.172,0.164
0.172,0.164
0.172,0.164
0.172,0.164
0.172,0.164
0.172,0.164
0.172,0.164
0.172,0.164
0.172,0.164
0.172,0.164
0.172,0.164
0.172,0.164
0.172,0.164
0.172,0.164
0.172,0.164
0.172,0.164
0.172,0.164
0.172,0.164
0.172,0.164
0.172,0.164
0.172,0.164
0.172,0.164
0.172,0.164
0.172,0.164
0.172,0.164
0.172,0.164
0.172,0.164
0.172,0.164
0.172,0.164
0.172,0.164
0.172,0.164
0.172,0.164
0.172,0.164
0.172,0.164
0.172,0.164
0.172,0.164
0.172,0.164
0.172,0.164
0.172,0.156
0.172,0.156
0.172,0.156
0.172,0.148
0.172,0.148
0.172,0.148
0.172,0.148
0.172,0.148
0.172,0.148
0.172,0.148
0.172,0.148
0.172,0.148
0.172,0.148
0.172,0.148
0.172,0.148
0.172,0.148
0.172,0.148
0.172,0.148
0.172,0.148
0.172,0.148
0.172,0.148
0.172,0.148
0.172,0.133
0.172,0.133
0.172,0.133
0.172,0.133
0.172,0.133
0.172,0.133
0.172,0.133
0.172,0.133
0.172,0.133
0.172,0.133
0.172,0.133
0.172,0.133
0.172,0.133
0.172,0.133
0.172,0.133
0.172,0.133
0.172,0.133
0.172,0.133
0.172,0.133
0.172,0.133
0.172,0.133
0.172,0.133
0.188,0.133
0.204,0.133
0.204,0.133
0.221,0.133
0.227,0.133
0.227,0.133
0.267,0.133
0.338,0.133
0.432,0.133
0.511,0.125
0.545,0.188
0.59,0.219
0.661,0.251
0.701,0.259
0.78,0.306
0.839,0.409
0.918,0.503
0.977,0.559
1.0,0.63
1.0,0.756
1.0,0.78
1.0,0.78
1.0,0.78
1.0,0.78
1.0,0.78
1.0,0.78
1.0,0.78
1.0,0.78
1.0,0.78
1.0,0.78
1.0,0.78
1.0,0.78
1.0,0.78
1.0,0.78
1.0,0.78
1.0,0.78
1.0,0.78
1.0,0.78
1.0,0.78
1.0,0.78
1.0,0.78
1.0,0.78
1.0,0.78
1.0,0.78
1.0,0.78
1.0,0.78
1.0,0.78
1.0,0.78
1.0,0.78
1.0,0.78
1.0,0.78
1.0,0.78
1.0,0.78
1.0,0.78
1.0,0.78
1.0,0.78
1.0,0.78
1.0,0.78
1.0,0.78
1.0,0.78
1.0,0.78
1.0,0.78
1.0,0.78
1.0,0.78
1.0,0.78
1.0,0.78
1.0,0.78
1.0,0.78
1.0,0.78
1.0,0.78
1.0,0.756
1.0,0.756
1.0,0.756
1.0,0.74
1.0,0.74
1.0,0.74
1.0,0.74
1.0,0.74
1.0,0.732
1.0,0.732
1.0,0.732
1.0,0.724
1.0,0.709
1.0,0.709
1.0,0.701
1.0,0.701
1.0,0.701
1.0,0.701
1.0,0.701
1.0,0.701
1.0,0.693
1.0,0.693
1.0,0.685
1.0,0.685
1.0,0.685
1.0,0.669
1.0,0.669
1.0,0.669
1.0,0.669
1.0,0.661
1.0,0.653
1.0,0.622
1.0,0.614
1.0,0.614
1.0,0.614
1.0,0.614
1.0,0.598
1.0,0.598
1.0,0.598
1.0,0.598
1.0,0.598
1.0,0.598
1.0,0.598
1.0,0.598
1.0,0.598
1.0,0.59
1.0,0.59
1.0,0.59
1.0,0.59
1.0,0.59
1.0,0.59
1.0,0.59
1.0,0.59
1.0,0.59
1.0,0.582
1.0,0.582
1.0,0.582
1.0,0.582
1.0,0.582
1.0,0.582
1.0,0.582
1.0,0.582
1.0,0.582
1.0,0.582
1.0,0.582
1.0,0.582
1.0,0.582
1.0,0.582
1.0,0.582
1.0,0.582
1.0,0.582
1.0,0.582
1.0,0.582
1.0,0.582
1.0,0.582
1.0,0.582
1.0,0.582
1.0,0.582
1.0,0.582
1.0,0.582
1.0,0.582
1.0,0.582
1.0,0.582
1.0,0.582
1.0,0.582
1.0,0.582
1.0,0.582
1.0,0.582
1.0,0.582
1.0,0.582
1.0,0.582
1.0,0.614
1.0,0.63
1.0,0.645
1.0,0.645
1.0,0.645
1.0,0.645
1.0,0.645
1.0,0.645
1.0,0.645
1.0,0.661
1.0,0.661
1.0,0.669
1.0,0.669
1.0,0.669
1.0,0.685
1.0,0.685
1.0,0.693
1.0,0.693
1.0,0.693
1.0,0.693
1.0,0.693
1.0,0.693
1.0,0.693
1.0,0.693
1.0,0.693
1.0,0.693
1.0,0.693
1.0,0.693
1.0,0.693
1.0,0.693
1.0,0.693
1.0,0.693
1.0,0.693
1.0,0.693
1.0,0.693
1.0,0.693
1.0,0.693
1.0,0.693
1.0,0.693
1.0,0.693
1.0,0.693
1.0,0.693
1.0,0.693
1.0,0.693
1.0,0.693
1.0,0.693
1.0,0.693
1.0,0.693
1.0,0.693
1.0,0.693
1.0,0.693
1.0,0.693
1.0,0.63
1.0,0.598
1.0,0.59
1.0,0.59
1.0,0.582
1.0,0.574
1.0,0.574
1.0,0.574
1.0,0.574
1.0,0.574
1.0,0.574
1.0,0.574
1.0,0.574
1.0,0.559
1.0,0.559
1.0,0.559
1.0,0.559
1.0,0.559
1.0,0.559
1.0,0.559
1.0,0.559
1.0,0.559
1.0,0.559
1.0,0.559
1.0,0.559
1.0,0.559
1.0,0.559
1.0,0.559
1.0,0.559
1.0,0.559
1.0,0.559
1.0,0.559
1.0,0.559
1.0,0.559
1.0,0.559
1.0,0.559
1.0,0.559
1.0,0.559
1.0,0.559
1.0,0.559
1.0,0.559
1.0,0.582
1.0,0.582
1.0,0.59
1.0,0.598
1.0,0.598
1.0,0.614
1.0,0.614
1.0,0.614
1.0,0.622
1.0,0.622
1.0,0.622
1.0,0.622
1.0,0.622
1.0,0.63
1.0,0.645
1.0,0.645
1.0,0.645
0.969,0.653
0.951,0.661
0.945,0.669
0.918,0.669
0.89,0.669
0.851,0.669
0.835,0.669
0.811,0.669
0.78,0.669
0.756,0.669
0.74,0.669
0.701,0.669
0.701,0.669
0.701,0.669
0.701,0.669
0.701,0.669
0.701,0.669
0.701,0.669
0.701,0.669
0.701,0.669
0.701,0.669
0.701,0.669
0.701,0.669
0.701,0.669
0.701,0.645
0.701,0.645
0.701,0.63
0.744,0.63
0.795,0.63
0.89,0.622
0.951,0.622
0.985,0.614
1.0,0.614
1.0,0.598
1.0,0.598
1.0,0.59
1.0,0.582
1.0,0.582
1.0,0.582
1.0,0.582
1.0,0.574
1.0,0.574
1.0,0.574
1.0,0.574
1.0,0.574
1.0,0.574
0.969,0.574
0.969,0.574
0.969,0.574
0.969,0.574
0.969,0.574
0.969,0.574
0.969,0.574
0.969,0.574
0.969,0.574
0.963,0.574
0.951,0.574
0.969,0.574
0.957,0.574
0.951,0.559
0.957,0.559
0.963,0.559
0.969,0.559
0.951,0.582
0.969,0.559
0.969,0.559
0.969,0.559
0.963,0.559
0.957,0.559
0.945,0.559
0.969,0.559
0.963,0.559
0.969,0.559
0.945,0.559
0.963,0.559
0.969,0.559
0.957,0.559
0.963,0.559
0.957,0.559
0.969,0.559
0.969,0.559
0.969,0.559
0.969,0.559
0.969,0.559
0.951,0.559
0.969,0.559
0.969,0.551
0.969,0.551
0.969,0.551
0.969,0.551
0.963,0.551
0.969,0.551
0.969,0.551
0.969,0.551
0.969,0.551
0.963,0.551
0.969,0.551
0.963,0.551
0.969,0.551
0.969,0.551
0.957,0.551
0.969,0.551
0.963,0.551
0.963,0.551
0.969,0.551
0.969,0.551
0.969,0.551
0.969,0.551
0.969,0.551
0.969,0.551
0.969,0.551
0.951,0.551
0.969,0.551
0.969,0.551
0.969,0.551
0.969,0.551
0.945,0.551
0.969,0.551
0.945,0.551
0.963,0.551
0.963,0.551
0.957,0.551
0.957,0.551
0.969,0.551
0.969,0.551
0.969,0.551
0.963,0.551
0.969,0.551
0.969,0.551
0.963,0.551
0.957,0.551
0.957,0.551
0.969,0.551
0.969,0.551
0.969,0.551
0.945,0.551
0.969,0.551
0.969,0.551
0.963,0.551
0.969,0.551
0.969,0.551
0.969,0.551
0.969,0.551
0.969,0.551
0.963,0.574
0.969,0.598
0.969,0.614
0.969,0.614
0.969,0.622
0.969,0.645
0.963,0.653
0.969,0.653
0.951,0.661
0.969,0.661
0.918,0.661
0.835,0.661
0.734,0.661
0.649,0.661
0.578,0.622
0.456,0.59
0.377,0.582
0.338,0.574
0.298,0.511
0.298,0.409
0.282,0.338
0.282,0.306
0.282,0.235
0.282,0.204
0.267,0.18
0.243,0.156
0.215,0.133
0.204,0.117
0.18,0.109
0.148,0.085
0.133,0.077
0.109,0.054
0.109,0.046
0.109,0.038
0.077,0.014
0.071,0.0
0.071,0.0
0.065,0.0
0.054,0.0
0.054,0.0
0.054,0.0
0.054,0.0
0.065,0.0
0.054,0.0
0.071,0.0
0.06,0.0
0.077,0.0
0.077,0.0
0.093,0.0
0.097,0.014
0.109,0.022
0.133,0.038
0.133,0.054
0.148,0.054
0.148,0.054
0.148,0.054
0.172,0.054
0.172,0.062
0.172,0.062
0.204,0.062
0.204,0.085
0.204,0.085
0.204,0.093
0.204,0.093
0.204,0.109
0.148,0.125
0.089,0.133
0.054,0.133
0.038,0.133
0.014,0.133
0.014,0.133
0.0,0.133
0.0,0.133
0.0,0.133
0.0,0.133
0.0,0.133
0.0,0.133
0.0,0.133
0.0,0.133
0.0,0.133
0.0,0.133
0.0,0.133
0.0,0.156
0.0,0.156
0.0,0.164
0.0,0.164
0.0,0.164
0.0,0.164
0.0,0.164
-0.004,0.164
-0.02,0.164
-0.02,0.164
-0.02,0.164
-0.02,0.164
-0.02,0.164
-0.02,0.164
-0.02,0.164
-0.036,0.18
-0.052,0.18
-0.052,0.18
-0.052,0.18
-0.052,0.18
-0.052,0.18
-0.052,0.18
-0.052,0.18
-0.052,0.18
-0.052,0.18
-0.052,0.18
0.0,0.18
0.0,0.18
0.0,0.18
0.0,0.18
0.0,0.18
0.002,0.18
0.038,0.18
0.054,0.18
0.054,0.18
0.054,0.188
0.054,0.188
0.0,0.188
0.0,0.188
0.0,0.188
0.0,0.188
0.0,0.188
0.0,0.188
0.0,0.188
0.0,0.188
0.0,0.188
0.0,0.188
0.0,0.188
-0.004,0.196
-0.036,0.196
-0.036,0.196
-0.052,0.196
-0.068,0.196
-0.068,0.196
-0.107,0.196
-0.123,0.196
-0.139,0.196
-0.151,0.196
-0.155,0.196
-0.155,0.196
-0.155,0.196
-0.155,0.196
-0.155,0.196
-0.155,0.196
-0.155,0.196
-0.155,0.196
-0.155,0.196
-0.155,0.196
-0.155,0.196
-0.155,0.196
-0.167,0.196
-0.226,0.204
-0.273,0.267
-0.289,0.29
-0.289,0.33
-0.289,0.338
-0.289,0.346
-0.289,0.346
-0.289,0.346
-0.258,0.361
-0.242,0.361
-0.186,0.369
-0.155,0.369
-0.101,0.369
-0.068,0.369
-0.052,0.369
0.0,0.369
0.0,0.369
0.0,0.369
0.0,0.377
0.0,0.377
0.0,0.409
0.0,0.44
0.0,0.503
-0.048,0.511
-0.143,0.511
-0.178,0.511
-0.242,0.511
-0.281,0.511
-0.305,0.519
-0.345,0.519
-0.345,0.527
-0.345,0.559
-0.345,0.574
-0.345,0.582
-0.258,0.582
-0.131,0.582
-0.107,0.582
0.0,0.582
0.0,0.582
0.0,0.582
0.0,0.582
0.0,0.582
0.0,0.582
0.0,0.582
0.0,0.582
0.0,0.582
0.0,0.582
0.0,0.582
0.0,0.527
0.0,0.488
0.0,0.432
0.0,0.401
0.0,0.377
0.0,0.369
0.0,0.369
0.0,0.369
0.0,0.369
0.0,0.369
0.0,0.369
0.0,0.369
0.0,0.369
0.0,0.369
0.0,0.369
0.0,0.369
0.0,0.369
-0.052,0.338
-0.052,0.306
-0.107,0.275
-0.107,0.259
-0.107,0.251
-0.107,0.251
-0.107,0.251
-0.107,0.227
-0.123,0.219
-0.123,0.204
-0.123,0.18
-0.123,0.164
-0.123,0.164
-0.123,0.164
-0.123,0.156
-0.123,0.156
-0.123,0.156
-0.123,0.156
-0.123,0.156
-0.123,0.148
-0.135,0.133
-0.139,0.133
-0.139,0.125
-0.139,0.109
-0.139,0.085
-0.139,0.085
-0.139,0.077
-0.139,0.062
-0.139,0.062
-0.139,0.077
-0.139,0.077
-0.139,0.077
-0.139,0.054
-0.139,0.054
-0.139,0.054
-0.139,0.054
-0.139,0.054
-0.139,0.054
-0.139,0.054
-0.139,0.054
-0.139,0.054
-0.139,0.054
-0.139,0.054
-0.139,0.054
-0.139,0.054
-0.139,0.054
-0.139,0.054
-0.139,0.054
-0.139,0.054
-0.139,0.054
-0.139,0.046
-0.139,0.046
-0.139,0.046
-0.139,0.046
-0.139,0.046
-0.139,0.046
-0.139,0.046
-0.139,0.046
-0.139,0.046
-0.139,0.046
-0.139,0.046
-0.139,0.046
-0.139,0.046
-0.139,0.038
-0.139,0.038
-0.139,0.038
-0.139,0.038
-0.139,0.038
-0.139,0.038
-0.139,0.038
-0.139,0.038
-0.139,0.038
-0.139,0.038
-0.139,0.038
-0.139,0.038
-0.139,0.038
-0.139,0.038
-0.139,0.038
-0.139,0.038
-0.139,0.038
-0.139,0.038
-0.139,0.038
-0.139,0.038
-0.139,0.038
-0.139,0.077
-0.139,0.093
-0.139,0.109
-0.139,0.125
-0.139,0.133
-0.139,0.133
-0.139,0.133
-0.139,0.133
-0.139,0.133
-0.139,0.133
-0.139,0.133
-0.139,0.133
-0.155,0.133
-0.155,0.133
-0.155,0.133
-0.155,0.133
-0.163,0.133
-0.171,0.133
-0.171,0.133
-0.171,0.133
-0.171,0.148
-0.171,0.148
-0.171,0.148
-0.171,0.156
-0.171,0.164
-0.171,0.196
-0.171,0.227
-0.171,0.275
-0.171,0.322
-0.171,0.346
-0.171,0.361
-0.171,0.361
-0.171,0.361
-0.171,0.369
-0.171,0.369
-0.171,0.385
-0.107,0.385
-0.107,0.385
-0.107,0.385
-0.101,0.385
-0.107,0.385
-0.107,0.385
-0.107,0.401
-0.107,0.401
-0.107,0.401
-0.107,0.401
-0.107,0.401
-0.107,0.401
-0.107,0.401
-0.107,0.401
-0.095,0.401
-0.107,0.401
-0.107,0.401
-0.107,0.401
-0.107,0.401
-0.107,0.401
-0.107,0.401
-0.123,0.401
-0.139,0.401
-0.155,0.401
-0.155,0.401
-0.155,0.401
-0.155,0.401
-0.155,0.401
-0.155,0.401
-0.171,0.401
-0.171,0.401
-0.171,0.401
-0.186,0.401
-0.186,0.401
-0.186,0.401
-0.186,0.401
-0.186,0.377
-0.186,0.377
-0.186,0.377
-0.186,0.377
-0.186,0.377
-0.186,0.377
-0.186,0.377
-0.186,0.377
-0.186,0.377
-0.186,0.377
-0.186,0.377
-0.186,0.369
-0.186,0.361
-0.186,0.346
-0.186,0.338
-0.186,0.33
-0.186,0.322
-0.155,0.306
-0.139,0.306
-0.101,0.29
-0.083,0.29
-0.083,0.29
-0.083,0.29
-0.083,0.275
-0.083,0.275
-0.068,0.267
-0.068,0.267
-0.068,0.267
-0.048,0.259
-0.016,0.251
-0.004,0.235
-0.004,0.235
-0.004,0.235
0.0,0.235
0.0,0.235
0.0,0.227
0.0,0.227
0.0,0.219
0.0,0.219
0.0,0.275
0.0,0.298
0.0,0.322
0.038,0.33
0.042,0.33
0.054,0.377
0.054,0.385
0.077,0.401
0.109,0.417
0.133,0.432
0.188,0.44
0.192,0.448
0.204,0.448
0.204,0.448
0.227,0.448
0.227,0.448
0.227,0.448
0.255,0.448
0.267,0.448
0.282,0.448
0.298,0.448
0.322,0.448
0.338,0.448
0.338,0.448
0.338,0.448
0.338,0.448
0.338,0.448
0.344,0.448
0.338,0.448
0.344,0.448
0.338,0.448
0.355,0.448
0.338,0.448
0.338,0.448
0.35,0.417
0.338,0.401
0.338,0.401
0.338,0.377
0.338,0.361
0.361,0.338
0.338,0.338
0.338,0.306
0.338,0.298
0.338,0.298
0.338,0.298
0.338,0.298
0.338,0.298
0.338,0.298
0.35,0.298
0.338,0.298
0.355,0.298
0.338,0.298
0.338,0.298
0.338,0.298
0.322,0.298
0.282,0.298
0.255,0.298
0.243,0.298
0.227,0.298
0.227,0.298
0.227,0.298
0.215,0.298
0.204,0.298
0.204,0.298
0.204,0.298
0.204,0.298
0.204,0.298
0.204,0.298
0.204,0.298
0.204,0.298
0.204,0.298
0.204,0.298
0.204,0.322
0.227,0.33
0.227,0.33
0.243,0.338
0.267,0.338
0.282,0.338
0.282,0.338
0.282,0.338
0.298,0.338
0.298,0.338
0.298,0.338
0.298,0.338
0.298,0.338
0.298,0.346
0.298,0.346
0.298,0.346
0.298,0.346
0.298,0.346
0.298,0.346
0.298,0.346
0.298,0.346
0.298,0.346
0.298,0.346
0.298,0.346
0.298,0.346
0.298,0.346
0.267,0.346
0.267,0.306
0.255,0.259
0.243,0.188
0.243,0.148
0.243,0.125
0.227,0.117
0.227,0.085
0.204,0.085
0.209,0.077
0.204,0.077
0.204,0.077
0.204,0.077
0.204,0.077
0.204,0.077
0.204,0.133
0.204,0.148
0.204,0.156
0.204,0.164
0.204,0.188
0.204,0.188
0.204,0.196
0.227,0.196
0.227,0.196
0.227,0.196
0.243,0.196
0.243,0.196
0.271,0.196
0.282,0.196
0.282,0.196
0.282,0.196
0.282,0.196
0.282,0.196
0.282,0.196
0.282,0.196
0.282,0.196
0.282,0.196
0.282,0.204
0.282,0.204
0.282,0.204
0.282,0.204
0.282,0.204
0.282,0.204
0.282,0.204
0.282,0.204
0.282,0.204
0.282,0.204
0.282,0.204
0.282,0.204
0.282,0.204
0.282,0.204
0.282,0.204
0.282,0.204
0.282,0.204
0.282,0.204
0.282,0.204
0.282,0.204
0.282,0.204
0.282,0.204
0.282,0.204
0.282,0.204
0.282,0.204
0.282,0.204
0.282,0.204
0.282,0.204
0.282,0.204
0.282,0.204
0.282,0.204
0.282,0.204
0.282,0.227
0.282,0.227
0.282,0.235
0.282,0.235
0.282,0.235
0.282,0.251
0.282,0.251
0.282,0.251
0.282,0.259
0.282,0.267
0.282,0.267
0.282,0.267
0.282,0.267
0.282,0.267
0.282,0.267
0.282,0.275
0.282,0.275
0.282,0.275
0.282,0.275
0.282,0.275
0.282,0.275
0.282,0.275
0.282,0.275
0.282,0.275
0.282,0.275
0.282,0.275
0.282,0.275
0.282,0.251
0.243,0.235
0.243,0.235
0.227,0.235
0.227,0.235
0.227,0.235
0.227,0.235
0.204,0.235
0.204,0.227
0.204,0.219
0.188,0.196
0.188,0.188
0.188,0.188
0.188,0.188
0.188,0.188
0.188,0.18
0.188,0.18
0.188,0.18
0.188,0.18
0.188,0.18
0.188,0.164
0.188,0.164
0.188,0.156
0.188,0.156
0.188,0.156
0.18,0.156
0.172,0.156
0.172,0.156
0.148,0.148
0.148,0.148
0.133,0.148
0.133,0.148
0.133,0.148
0.133,0.148
0.133,0.148
0.133,0.148
0.133,0.148
0.133,0.164
0.133,0.188
0.133,0.196
0.133,0.204
0.133,0.204
0.172,0.204
0.188,0.204
0.204,0.204
0.227,0.204
0.227,0.204
0.227,0.204
0.227,0.204
0.227,0.204
0.227,0.204
0.227,0.204
0.227,0.204
0.243,0.204
0.243,0.204
0.243,0.204
0.243,0.204
0.243,0.204
0.243,0.204
0.243,0.204
0.243,0.204
0.243,0.204
0.243,0.204
0.243,0.204
0.243,0.18
0.243,0.164
0.243,0.156
0.243,0.156
0.243,0.156
0.243,0.148
0.243,0.148
0.243,0.125
0.243,0.085
0.243,0.062
0.243,0.062
0.243,0.062
0.243,0.062
0.243,0.062
0.243,0.062
0.243,0.054
0.243,0.054
0.243,0.054
0.243,0.054
0.243,0.054
0.243,0.054
0.233,0.054
0.188,0.054
0.172,0.054
0.144,0.054
0.133,0.054
0.133,0.054
0.133,0.117
0.133,0.148
0.133,0.148
0.133,0.156
0.133,0.156
0.133,0.156
0.133,0.156
0.133,0.156
0.133,0.156
0.133,0.156
0.133,0.156
0.133,0.156
0.133,0.156
0.133,0.156
0.133,0.156
0.133,0.156
0.133,0.156
0.133,0.156
0.133,0.156
0.133,0.156
0.133,0.156
0.188,0.156
0.204,0.156
0.204,0.156
0.204,0.156
0.227,0.156
0.227,0.156
0.227,0.156
0.227,0.156
0.227,0.156
0.227,0.156
0.267,0.156
0.282,0.156
0.282,0.156
0.282,0.164
0.282,0.18
0.282,0.18
0.282,0.188
0.282,0.196
0.282,0.196
0.282,0.196
0.282,0.196
0.282,0.196
0.282,0.196
0.282,0.196
0.282,0.196
0.282,0.196
0.282,0.196
0.282,0.196
0.282,0.196
0.282,0.196
0.282,0.196
0.282,0.204
0.282,0.204
0.282,0.235
0.282,0.259
0.282,0.298
0.282,0.306
0.282,0.306
0.282,0.306
0.298,0.33
0.298,0.346
0.322,0.369
0.338,0.417
0.361,0.448
0.377,0.456
0.417,0.472
0.417,0.472
0.432,0.472
0.432,0.48
0.432,0.48
0.432,0.48
0.432,0.48
0.432,0.48
