valence,arousal
0.0,-0.266
0.0,-0.297
0.0,-0.313
0.0,-0.345
0.0,-0.36
0.0,-0.36
0.0,-0.36
0.0,-0.36
0.0,-0.36
0.0,-0.36
0.0,-0.36
0.0,-0.36
0.0,-0.36
0.0,-0.36
0.0,-0.36
0.0,-0.36
0.0,-0.36
0.0,-0.36
0.0,-0.36
0.0,-0.36
0.0,-0.36
0.0,-0.36
0.0,-0.36
0.0,-0.36
0.0,-0.36
0.0,-0.36
0.0,-0.36
0.0,-0.36
0.0,-0.36
0.0,-0.36
0.0,-0.36
0.0,-0.36
0.0,-0.36
0.0,-0.36
0.0,-0.36
0.0,-0.36
0.0,-0.36
0.0,-0.36
0.0,-0.36
0.0,-0.36
0.0,-0.36
0.0,-0.36
0.0,-0.36
0.0,-0.36
0.0,-0.36
0.0,-0.36
0.0,-0.36
0.0,-0.36
0.0,-0.36
0.0,-0.36
0.0,-0.36
0.0,-0.36
0.0,-0.36
0.0,-0.36
0.0,-0.36
0.0,-0.36
0.0,-0.36
0.0,-0.36
0.0,-0.36
0.0,-0.36
0.0,-0.36
0.0,-0.36
0.0,-0.36
0.0,-0.36
0.0,-0.36
0.0,-0.36
0.0,-0.36
0.0,-0.36
0.0,-0.36
0.0,-0.36
0.0,-0.36
0.0,-0.36
0.0,-0.36
0.0,-0.36
0.0,-0.36
0.0,-0.36
0.0,-0.36
0.0,-0.36
0.0,-0.36
0.0,-0.36
0.0,-0.36
0.0,-0.36
0.0,-0.36
0.0,-0.36
0.0,-0.36
0.0,-0.36
0.0,-0.36
0.0,-0.36
0.0,-0.36
0.0,-0.36
0.0,-0.36
0.0,-0.36
0.0,-0.36
0.0,-0.36
0.0,-0.36
0.0,-0.36
0.0,-0.36
0.0,-0.36
0.0,-0.36
0.0,-0.36
0.0,-0.36
0.0,-0.36
0.0,-0.36
0.0,-0.36
0.0,-0.36
0.0,-0.36
0.0,-0.36
0.014,-0.36
0.038,-0.36
0.038,-0.36
0.038,-0.36
0.054,-0.36
0.054,-0.36
0.065,-0.36
0.054,-0.36
0.071,-0.36
0.077,-0.36
0.077,-0.36
0.077,-0.36
0.06,-0.36
0.077,-0.36
0.071,-0.36
0.077,-0.36
0.06,-0.36
0.071,-0.36
0.071,-0.36
0.077,-0.36
0.077,-0.36
0.077,-0.36
0.077,-0.36
0.077,-0.36
0.077,-0.36
0.077,-0.36
0.077,-0.36
0.077,-0.36
0.077,-0.36
0.077,-0.36
0.077,-0.36
0.077,-0.36
0.077,-0.36
0.077,-0.36
0.077,-0.36
0.077,-0.36
0.077,-0.36
0.077,-0.36
0.077,-0.36
0.077,-0.36
0.077,-0.36
0.077,-0.36
0.077,-0.36
0.077,-0.36
0.077,-0.36
0.077,-0.36
0.077,-0.36
0.077,-0.36
0.077,-0.36
0.077,-0.36
0.077,-0.36
0.077,-0.36
0.077,-0.36
0.077,-0.36
0.077,-0.36
0.077,-0.36
0.077,-0.36
0.077,-0.36
0.077,-0.36
0.077,-0.36
0.077,-0.36
0.077,-0.36
0.077,-0.36
0.077,-0.36
0.077,-0.36
0.077,-0.36
0.077,-0.36
0.077,-0.36
0.077,-0.36
0.077,-0.36
0.077,-0.36
0.077,-0.36
0.077,-0.36
0.077,-0.36
0.077,-0.36
0.077,-0.36
0.077,-0.36
0.077,-0.36
0.077,-0.36
0.077,-0.36
0.077,-0.36
0.077,-0.36
0.077,-0.36
0.077,-0.36
0.077,-0.36
0.077,-0.36
0.077,-0.36
0.077,-0.36
0.077,-0.36
0.077,-0.36
0.077,-0.36
0.077,-0.36
0.077,-0.36
0.077,-0.36
0.077,-0.36
0.077,-0.36
0.077,-0.36
0.077,-0.36
0.077,-0.36
0.077,-0.36
0.077,-0.36
0.077,-0.36
0.077,-0.36
0.077,-0.36
0.077,-0.36
0.077,-0.36
0.077,-0.36
0.077,-0.36
0.077,-0.36
0.077,-0.36
0.077,-0.36
0.077,-0.36
0.077,-0.36
0.077,-0.36
0.077,-0.36
0.077,-0.36
0.077,-0.36
0.077,-0.36
0.077,-0.36
0.077,-0.36
0.077,-0.36
0.077,-0.36
0.077,-0.36
0.109,-0.36
0.109,-0.36
0.121,-0.36
0.133,-0.329
0.133,-0.329
0.133,-0.329
0.164,-0.317
0.164,-0.313
0.164,-0.313
0.164,-0.313
0.164,-0.313
0.164,-0.313
0.164,-0.313
0.164,-0.313
0.164,-0.313
0.164,-0.297
0.164,-0.297
0.164,-0.297
0.164,-0.297
0.164,-0.297
0.164,-0.297
0.164,-0.297
0.164,-0.281
0.164,-0.281
0.164,-0.281
0.164,-0.266
0.164,-0.266
0.164,-0.266
0.164,-0.25
0.164,-0.25
0.164,-0.25
0.164,-0.25
0.164,-0.25
0.164,-0.25
0.164,-0.25
0.164,-0.25
0.164,-0.25
0.164,-0.25
0.164,-0.25
0.164,-0.25
0.164,-0.25
0.164,-0.25
0.164,-0.25
0.164,-0.25
0.164,-0.25
0.164,-0.25
0.164,-0.25
0.164,-0.25
0.164,-0.242
0.164,-0.234
0.164,-0.218
0.164,-0.218
0.164,-0.186
0.164,-0.04
0.164,0.0
0.164,0.054
0.164,0.227
0.127,0.298
0.054,0.33
0.0,0.346
0.0,0.346
0.0,0.346
0.0,0.346
-0.024,0.346
-0.052,0.346
-0.107,0.346
-0.107,0.346
-0.107,0.346
-0.107,0.346
-0.107,0.346
-0.107,0.346
-0.107,0.346
-0.107,0.346
-0.107,0.346
-0.107,0.346
-0.107,0.346
-0.107,0.346
-0.107,0.351
-0.107,0.346
-0.107,0.33
-0.107,0.306
-0.107,0.227
-0.107,0.188
-0.107,0.15
-0.107,0.06
-0.107,0.038
-0.107,0.014
-0.107,0.0
-0.107,0.0
-0.107,0.0
-0.107,0.0
-0.107,0.0
-0.083,0.0
-0.068,0.0
-0.052,0.0
-0.004,0.0
0.0,0.0
0.0,0.0
0.0,0.0
0.0,0.0
0.0,0.0
0.0,0.0
0.0,0.0
0.0,0.0
0.0,0.0
0.0,0.0
0.0,0.0
0.0,0.0
0.0,0.0
0.0,0.0
0.0,0.0
0.0,0.0
0.0,0.0
0.0,0.0
0.0,0.0
0.0,0.0
0.0,0.038
0.0,0.038
0.0,0.054
0.0,0.054
0.0,0.054
0.0,0.077
0.0,0.077
0.0,0.077
0.0,0.093
0.0,0.093
0.0,0.093
0.0,0.093
0.0,0.093
0.0,0.093
0.0,0.093
0.0,0.093
0.0,0.093
0.0,0.093
0.0,0.093
-0.004,0.093
-0.02,0.093
-0.02,0.093
-0.02,0.093
-0.02,0.093
-0.02,0.093
-0.02,0.093
-0.036,0.093
-0.036,0.093
-0.036,0.093
-0.036,0.093
-0.036,0.093
-0.036,0.093
-0.036,0.093
-0.036,0.093
-0.036,0.093
-0.052,0.093
-0.052,0.093
-0.052,0.093
-0.052,0.093
-0.052,0.093
-0.052,0.093
-0.052,0.093
-0.052,0.093
-0.052,0.093
-0.052,0.093
-0.052,0.093
-0.052,0.093
-0.052,0.093
-0.052,0.093
-0.052,0.093
-0.052,0.093
-0.052,0.105
-0.052,0.093
-0.052,0.093
-0.052,0.093
-0.052,0.105
-0.052,0.117
-0.052,0.117
-0.052,0.117
-0.052,0.117
-0.068,0.117
-0.08,0.117
-0.123,0.156
-0.163,0.188
-0.198,0.227
-0.226,0.227
-0.226,0.233
-0.226,0.267
-0.226,0.273
-0.226,0.267
-0.242,0.29
-0.242,0.318
-0.258,0.33
-0.273,0.33
-0.285,0.346
-0.289,0.346
-0.289,0.346
-0.289,0.346
-0.289,0.357
-0.289,0.369
-0.329,0.424
-0.329,0.464
-0.329,0.503
-0.329,0.515
-0.345,0.543
-0.345,0.543
-0.345,0.57
-0.36,0.59
-0.36,0.598
-0.376,0.659
-0.376,0.677
-0.376,0.693
-0.376,0.716
-0.376,0.72
-0.376,0.732
-0.376,0.732
-0.384,0.732
-0.392,0.732
-0.392,0.732
-0.392,0.732
-0.392,0.732
-0.392,0.732
-0.392,0.732
-0.392,0.732
-0.392,0.732
-0.392,0.732
-0.392,0.732
-0.392,0.732
-0.392,0.732
-0.392,0.732
-0.392,0.732
-0.392,0.732
-0.392,0.732
-0.392,0.732
-0.392,0.732
-0.392,0.732
-0.392,0.732
-0.392,0.653
-0.392,0.641
-0.392,0.638
-0.392,0.614
-0.36,0.614
-0.345,0.598
-0.345,0.582
-0.345,0.582
-0.345,0.559
-0.345,0.559
-0.333,0.559
-0.329,0.559
-0.329,0.559
-0.329,0.559
-0.329,0.559
-0.329,0.559
-0.329,0.559
-0.329,0.559
-0.329,0.559
-0.329,0.559
-0.311,0.559
-0.305,0.559
-0.305,0.559
-0.305,0.559
-0.305,0.519
-0.305,0.519
-0.305,0.519
-0.305,0.519
-0.289,0.525
-0.289,0.519
-0.289,0.519
-0.289,0.519
-0.289,0.519
-0.289,0.519
-0.289,0.519
-0.289,0.519
-0.273,0.519
-0.258,0.519
-0.258,0.507
-0.258,0.503
-0.258,0.503
-0.258,0.503
-0.258,0.48
-0.242,0.48
-0.242,0.48
-0.242,0.48
-0.242,0.48
-0.238,0.48
-0.226,0.476
-0.226,0.464
-0.21,0.464
-0.21,0.464
-0.21,0.464
-0.21,0.464
-0.21,0.44
-0.204,0.44
-0.186,0.44
-0.186,0.424
-0.171,0.401
-0.171,0.401
-0.171,0.385
-0.155,0.369
-0.155,0.369
-0.155,0.369
-0.155,0.369
-0.139,0.369
-0.139,0.369
-0.139,0.369
-0.139,0.369
-0.139,0.369
-0.139,0.369
-0.139,0.369
-0.139,0.346
-0.139,0.346
-0.139,0.346
-0.139,0.346
-0.139,0.351
-0.139,0.346
-0.139,0.346
-0.139,0.346
-0.139,0.334
-0.139,0.33
-0.139,0.33
-0.139,0.33
-0.139,0.33
-0.139,0.33
-0.139,0.33
-0.139,0.33
-0.139,0.33
-0.139,0.33
-0.139,0.33
-0.139,0.324
-0.139,0.306
-0.139,0.318
-0.139,0.306
-0.139,0.306
-0.139,0.306
-0.139,0.306
-0.139,0.306
-0.139,0.306
-0.139,0.306
-0.139,0.306
-0.139,0.324
-0.139,0.33
-0.139,0.33
-0.139,0.33
-0.139,0.324
-0.139,0.33
-0.123,0.33
-0.123,0.33
-0.123,0.33
-0.123,0.33
-0.123,0.33
-0.107,0.33
-0.107,0.318
-0.107,0.33
-0.107,0.33
-0.107,0.33
-0.095,0.33
-0.089,0.33
-0.107,0.33
-0.107,0.33
-0.107,0.33
-0.083,0.33
-0.089,0.33
-0.107,0.33
-0.101,0.33
-0.095,0.33
-0.107,0.324
-0.107,0.318
-0.089,0.306
-0.101,0.306
-0.095,0.306
-0.107,0.306
-0.089,0.306
-0.107,0.29
-0.101,0.29
-0.083,0.29
-0.107,0.267
-0.107,0.273
-0.107,0.267
-0.107,0.251
-0.089,0.251
-0.089,0.251
-0.107,0.251
-0.107,0.251
-0.083,0.251
-0.107,0.251
-0.107,0.251
-0.107,0.251
-0.107,0.251
-0.083,0.251
-0.107,0.227
-0.107,0.227
-0.107,0.227
-0.089,0.227
-0.107,0.227
-0.107,0.227
-0.107,0.227
-0.107,0.227
-0.107,0.227
-0.107,0.227
-0.107,0.227
-0.107,0.227
-0.107,0.227
-0.107,0.227
-0.107,0.227
-0.107,0.227
-0.107,0.227
-0.101,0.227
-0.095,0.227
-0.107,0.227
-0.107,0.227
-0.107,0.227
-0.107,0.227
-0.095,0.233
-0.107,0.227
-0.107,0.227
-0.107,0.227
-0.101,0.227
-0.101,0.227
-0.095,0.227
-0.095,0.227
-0.107,0.227
-0.107,0.227
-0.107,0.227
-0.107,0.227
-0.107,0.227
-0.095,0.227
-0.107,0.227
-0.095,0.227
-0.107,0.227
-0.107,0.227
-0.107,0.227
-0.107,0.227
-0.107,0.227
-0.107,0.227
-0.107,0.227
-0.107,0.227
-0.089,0.227
-0.107,0.227
-0.107,0.227
-0.107,0.227
-0.107,0.227
-0.107,0.239
-0.107,0.227
-0.107,0.227
-0.107,0.227
-0.107,0.227
-0.095,0.227
-0.101,0.227
-0.107,0.227
-0.107,0.227
-0.107,0.227
-0.107,0.227
-0.107,0.227
-0.107,0.227
-0.107,0.227
-0.089,0.227
-0.107,0.227
-0.107,0.227
-0.107,0.227
-0.095,0.227
-0.101,0.227
-0.083,0.227
-0.107,0.227
-0.107,0.227
-0.107,0.227
-0.095,0.227
-0.095,0.227
-0.107,0.227
-0.107,0.239
-0.107,0.227
-0.107,0.227
-0.107,0.227
-0.095,0.227
-0.101,0.227
-0.107,0.227
-0.101,0.227
-0.107,0.227
-0.107,0.233
-0.107,0.227
-0.107,0.227
-0.107,0.227
-0.107,0.227
-0.107,0.227
-0.089,0.227
-0.107,0.227
-0.107,0.239
-0.107,0.227
-0.107,0.227
-0.107,0.227
-0.107,0.227
-0.107,0.227
-0.107,0.227
-0.107,0.227
-0.101,0.227
-0.101,0.239
-0.101,0.227
-0.107,0.227
-0.107,0.227
-0.107,0.227
-0.107,0.227
-0.107,0.227
-0.107,0.227
-0.107,0.227
-0.107,0.227
-0.095,0.227
-0.107,0.227
-0.107,0.227
-0.107,0.227
-0.107,0.227
-0.107,0.227
-0.107,0.227
-0.107,0.227
-0.107,0.227
-0.107,0.227
-0.107,0.227
-0.107,0.227
-0.107,0.227
-0.107,0.227
-0.107,0.227
-0.101,0.227
-0.107,0.227
-0.107,0.239
-0.107,0.227
-0.107,0.227
-0.107,0.227
-0.095,0.227
-0.107,0.239
-0.107,0.227
-0.107,0.227
-0.107,0.227
-0.107,0.227
-0.107,0.227
-0.107,0.227
-0.107,0.227
-0.107,0.227
-0.107,0.227
-0.107,0.211
-0.107,0.211
-0.107,0.211
-0.107,0.211
-0.101,0.211
-0.101,0.188
-0.107,0.194
-0.107,0.188
-0.107,0.188
-0.107,0.176
-0.101,0.172
-0.107,0.156
-0.107,0.156
-0.107,0.156
-0.107,0.133
-0.101,0.133
-0.107,0.138
-0.107,0.125
-0.107,0.117
-0.107,0.117
-0.107,0.117
-0.107,0.117
-0.101,0.117
-0.107,0.105
-0.107,0.099
-0.107,0.093
-0.107,0.093
-0.101,0.093
-0.107,0.093
-0.107,0.093
-0.095,0.093
-0.107,0.093
-0.107,0.093
-0.107,0.093
-0.101,0.093
-0.107,0.093
-0.107,0.099
-0.107,0.093
-0.107,0.093
-0.107,0.093
-0.107,0.093
-0.107,0.099
-0.107,0.093
-0.155,0.093
-0.204,0.093
-0.226,0.093
-0.226,0.093
-0.226,0.093
-0.226,0.093
-0.226,0.099
-0.226,0.093
-0.226,0.093
-0.226,0.093
-0.226,0.093
-0.226,0.093
-0.226,0.093
-0.226,0.093
-0.226,0.093
-0.226,0.093
-0.226,0.093
-0.226,0.093
-0.226,0.138
-0.226,0.156
-0.226,0.188
-0.226,0.188
-0.226,0.211
-0.226,0.227
-0.226,0.227
-0.226,0.227
-0.226,0.267
-0.226,0.267
-0.226,0.267
-0.226,0.267
-0.226,0.267
-0.242,0.267
-0.242,0.267
-0.242,0.267
-0.242,0.267
-0.242,0.279
-0.242,0.267
-0.242,0.267
-0.242,0.267
-0.242,0.279
-0.242,0.267
-0.25,0.267
-0.289,0.267
-0.329,0.267
-0.36,0.267
-0.376,0.267
-0.392,0.267
-0.392,0.267
-0.436,0.267
-0.463,0.267
-0.479,0.267
-0.479,0.273
-0.495,0.267
-0.495,0.267
-0.503,0.29
-0.55,0.29
-0.566,0.29
-0.582,0.29
-0.598,0.29
-0.63,0.33
-0.653,0.369
-0.701,0.385
-0.717,0.424
-0.717,0.424
-0.717,0.44
-0.717,0.44
-0.717,0.44
-0.717,0.44
-0.732,0.44
-0.732,0.44
-0.732,0.44
-0.732,0.44
-0.732,0.44
-0.732,0.44
-0.732,0.401
-0.732,0.369
-0.732,0.369
-0.732,0.346
-0.685,0.33
-0.669,0.306
-0.641,0.306
-0.63,0.29
-0.63,0.267
-0.614,0.251
-0.614,0.251
-0.614,0.251
-0.598,0.251
-0.598,0.239
-0.582,0.227
-0.566,0.227
-0.55,0.227
-0.535,0.227
-0.499,0.239
-0.483,0.227
-0.463,0.259
-0.463,0.306
-0.463,0.385
-0.463,0.464
-0.535,0.464
-0.566,0.48
-0.598,0.48
-0.614,0.48
-0.614,0.48
-0.614,0.48
-0.614,0.48
-0.614,0.48
-0.614,0.48
-0.614,0.48
-0.614,0.48
-0.614,0.48
-0.614,0.48
-0.614,0.48
-0.63,0.48
-0.653,0.503
-0.669,0.503
-0.717,0.519
-0.756,0.519
-0.772,0.519
-0.772,0.519
-0.772,0.519
-0.772,0.519
-0.772,0.519
-0.772,0.519
-0.732,0.48
-0.717,0.464
-0.669,0.464
-0.653,0.464
-0.63,0.464
-0.614,0.464
-0.598,0.464
-0.582,0.464
-0.55,0.464
-0.511,0.44
-0.495,0.424
-0.479,0.397
-0.479,0.369
-0.463,0.369
-0.463,0.369
-0.463,0.346
-0.463,0.33
-0.459,0.33
-0.448,0.306
-0.448,0.306
-0.448,0.306
-0.448,0.29
-0.432,0.29
-0.432,0.284
-0.408,0.267
-0.408,0.267
-0.392,0.251
-0.392,0.251
-0.392,0.251
-0.392,0.251
-0.376,0.251
-0.376,0.251
-0.376,0.251
-0.376,0.251
-0.36,0.251
-0.345,0.227
-0.345,0.233
-0.345,0.227
-0.341,0.227
-0.329,0.227
-0.329,0.227
-0.329,0.227
-0.317,0.227
-0.323,0.227
-0.305,0.227
-0.305,0.227
-0.289,0.227
-0.289,0.227
-0.289,0.227
-0.289,0.227
-0.289,0.227
-0.258,0.227
-0.258,0.227
-0.258,0.227
-0.258,0.227
-0.258,0.227
-0.258,0.227
-0.258,0.227
-0.258,0.227
-0.258,0.227
-0.258,0.227
-0.258,0.227
-0.258,0.227
-0.258,0.227
-0.258,0.227
-0.258,0.227
-0.258,0.227
-0.258,0.227
-0.242,0.227
-0.242,0.227
-0.242,0.227
-0.242,0.227
-0.242,0.227
-0.242,0.227
-0.242,0.227
-0.242,0.227
-0.242,0.227
-0.242,0.188
-0.242,0.188
-0.242,0.188
-0.242,0.188
-0.242,0.188
-0.242,0.188
-0.242,0.188
-0.242,0.188
-0.242,0.188
-0.242,0.2
-0.242,0.188
-0.242,0.188
-0.242,0.188
-0.242,0.188
-0.242,0.188
-0.242,0.188
-0.242,0.188
-0.242,0.188
-0.242,0.188
-0.242,0.188
-0.242,0.2
-0.242,0.188
-0.242,0.188
-0.242,0.188
-0.242,0.188
-0.242,0.188
-0.242,0.188
-0.242,0.188
-0.242,0.188
-0.242,0.188
-0.242,0.188
-0.242,0.188
-0.242,0.188
-0.242,0.188
-0.242,0.188
-0.242,0.188
-0.242,0.188
-0.242,0.188
-0.242,0.188
-0.242,0.172
-0.242,0.172
-0.242,0.172
-0.242,0.172
-0.242,0.172
-0.242,0.172
-0.242,0.172
-0.242,0.172
-0.242,0.172
-0.242,0.172
-0.242,0.172
-0.242,0.172
-0.242,0.172
-0.242,0.172
-0.242,0.172
-0.242,0.172
-0.242,0.156
-0.242,0.156
-0.242,0.156
-0.242,0.156
-0.242,0.156
-0.242,0.156
-0.242,0.156
-0.242,0.156
-0.242,0.156
-0.242,0.156
-0.242,0.156
-0.242,0.156
-0.242,0.156
-0.242,0.156
-0.242,0.156
-0.242,0.156
-0.242,0.156
-0.242,0.156
-0.242,0.156
-0.242,0.156
-0.242,0.156
-0.242,0.133
-0.242,0.133
-0.242,0.133
-0.242,0.117
-0.242,0.093
-0.242,0.085
-0.242,0.077
-0.242,0.077
-0.242,0.077
-0.242,0.054
-0.242,0.054
-0.242,0.054
-0.242,0.054
-0.242,0.054
-0.242,0.054
-0.242,0.054
-0.242,0.054
-0.242,0.06
-0.242,0.06
-0.242,0.054
-0.242,0.06
-0.242,0.054
-0.242,0.054
-0.242,0.054
-0.242,0.054
-0.242,0.054
-0.242,0.077
-0.242,0.054
-0.242,0.054
-0.242,0.065
-0.242,0.06
-0.242,0.054
-0.242,0.054
-0.242,0.054
-0.242,0.065
-0.242,0.077
-0.242,0.054
-0.242,0.054
-0.242,0.054
-0.242,0.06
-0.242,0.054
-0.242,0.054
-0.242,0.071
-0.242,0.077
-0.242,0.054
-0.242,0.065
-0.242,0.054
-0.242,0.06
-0.242,0.06
-0.242,0.054
-0.242,0.054
-0.242,0.06
-0.242,0.065
-0.242,0.06
-0.242,0.065
-0.242,0.054
-0.242,0.054
-0.242,0.054
-0.242,0.054
-0.242,0.077
-0.242,0.071
-0.242,0.054
-0.242,0.054
-0.242,0.071
-0.242,0.054
-0.242,0.054
-0.242,0.077
-0.242,0.06
-0.242,0.06
-0.242,0.054
-0.242,0.077
-0.242,0.071
-0.242,0.054
-0.242,0.054
-0.242,0.06
-0.242,0.06
-0.242,0.06
-0.242,0.054
-0.242,0.06
-0.242,0.054
-0.242,0.071
-0.242,0.065
-0.242,0.06
-0.242,0.071
-0.242,0.054
-0.242,0.054
-0.242,0.054
-0.242,0.06
-0.242,0.054
-0.242,0.054
-0.242,0.054
-0.242,0.077
-0.242,0.054
-0.242,0.077
-0.242,0.06
-0.242,0.054
-0.242,0.06
-0.242,0.054
-0.242,0.054
-0.242,0.054
-0.242,0.054
-0.242,0.077
-0.242,0.054
-0.242,0.054
-0.242,0.06
-0.242,0.054
-0.242,0.077
-0.242,0.077
-0.242,0.077
-0.242,0.077
-0.242,0.093
-0.242,0.093
-0.242,0.105
-0.242,0.117
-0.242,0.133
-0.242,0.144
-0.242,0.156
-0.242,0.156
-0.242,0.156
-0.242,0.156
-0.242,0.156
-0.242,0.156
-0.242,0.156
-0.242,0.156
-0.242,0.156
-0.242,0.156
-0.242,0.156
-0.242,0.156
-0.242,0.156
-0.242,0.16
-0.242,0.172
-0.242,0.172
-0.242,0.172
-0.242,0.172
-0.242,0.172
-0.242,0.172
-0.242,0.172
-0.242,0.172
-0.242,0.172
-0.242,0.172
-0.242,0.172
-0.242,0.172
-0.242,0.172
-0.242,0.172
-0.242,0.172
-0.242,0.172
-0.242,0.172
-0.242,0.172
-0.242,0.172
-0.242,0.172
-0.242,0.172
-0.242,0.172
-0.242,0.172
-0.242,0.172
-0.242,0.172
-0.242,0.172
-0.242,0.172
-0.242,0.172
-0.242,0.172
-0.242,0.172
-0.242,0.172
-0.242,0.172
-0.242,0.172
-0.242,0.172
-0.242,0.172
-0.242,0.172
-0.242,0.172
-0.242,0.172
-0.242,0.172
-0.242,0.172
-0.242,0.172
-0.242,0.172
-0.242,0.172
-0.242,0.172
-0.242,0.172
-0.242,0.172
-0.242,0.172
-0.242,0.172
-0.242,0.172
-0.242,0.172
-0.242,0.172
-0.242,0.172
-0.242,0.172
-0.242,0.172
-0.242,0.172
-0.242,0.172
-0.242,0.172
-0.242,0.172
-0.242,0.172
-0.242,0.172
-0.242,0.172
-0.242,0.172
-0.242,0.172
-0.242,0.172
-0.242,0.172
-0.242,0.172
-0.242,0.172
-0.242,0.172
-0.242,0.172
-0.242,0.172
-0.242,0.172
-0.242,0.172
-0.242,0.172
-0.242,0.172
-0.242,0.172
-0.242,0.172
-0.242,0.172
-0.242,0.172
-0.242,0.172
-0.242,0.172
-0.242,0.172
-0.242,0.172
-0.242,0.172
-0.242,0.172
-0.242,0.172
-0.242,0.172
-0.242,0.172
-0.242,0.172
-0.242,0.172
-0.242,0.172
-0.242,0.172
-0.242,0.172
-0.242,0.172
-0.242,0.172
-0.242,0.172
-0.289,0.172
-0.345,0.172
-0.392,0.172
-0.432,0.172
-0.42,0.172
-0.432,0.172
-0.432,0.172
-0.448,0.172
-0.451,0.172
-0.463,0.172
-0.463,0.172
-0.463,0.172
-0.463,0.172
-0.463,0.188
-0.471,0.188
-0.479,0.188
-0.479,0.188
-0.479,0.188
-0.479,0.206
-0.491,0.211
-0.495,0.211
-0.495,0.211
-0.507,0.211
-0.511,0.211
-0.535,0.227
-0.55,0.227
-0.566,0.227
-0.566,0.227
-0.566,0.227
-0.566,0.227
-0.566,0.227
-0.566,0.227
-0.582,0.227
-0.582,0.227
-0.598,0.251
-0.598,0.251
-0.614,0.29
-0.614,0.29
-0.614,0.29
-0.614,0.29
-0.614,0.29
-0.614,0.29
-0.614,0.29
-0.614,0.29
-0.614,0.29
-0.614,0.29
-0.614,0.29
-0.614,0.29
-0.614,0.29
-0.614,0.29
-0.614,0.29
-0.614,0.29
-0.614,0.29
-0.614,0.29
-0.582,0.29
-0.566,0.29
-0.566,0.29
-0.535,0.29
-0.511,0.29
-0.495,0.29
-0.495,0.29
-0.495,0.29
-0.495,0.29
-0.479,0.29
-0.479,0.29
-0.479,0.29
-0.479,0.29
-0.479,0.29
-0.479,0.29
-0.479,0.29
-0.479,0.29
-0.479,0.29
-0.479,0.29
-0.479,0.29
-0.479,0.29
-0.479,0.29
-0.479,0.29
-0.479,0.29
-0.463,0.29
-0.463,0.29
-0.463,0.29
-0.463,0.29
-0.463,0.29
-0.463,0.29
-0.463,0.29
-0.463,0.29
-0.463,0.29
-0.448,0.29
-0.448,0.29
-0.448,0.29
-0.432,0.29
-0.432,0.29
-0.432,0.29
-0.408,0.29
-0.408,0.29
-0.408,0.29
-0.408,0.29
-0.404,0.29
-0.392,0.29
-0.392,0.29
-0.392,0.29
-0.392,0.29
-0.392,0.29
-0.376,0.29
-0.376,0.29
-0.376,0.29
-0.376,0.29
-0.36,0.29
-0.36,0.29
-0.36,0.29
-0.345,0.29
-0.345,0.29
-0.345,0.29
-0.345,0.29
-0.345,0.29
-0.345,0.29
-0.345,0.29
-0.345,0.29
-0.345,0.29
-0.345,0.29
-0.345,0.29
-0.345,0.29
-0.345,0.29
-0.345,0.29
-0.345,0.29
-0.345,0.29
-0.345,0.29
-0.345,0.29
-0.345,0.29
-0.345,0.29
-0.345,0.29
-0.345,0.29
-0.345,0.29
-0.345,0.29
-0.345,0.29
-0.345,0.29
-0.345,0.29
-0.345,0.29
-0.345,0.29
-0.345,0.29
-0.345,0.29
-0.345,0.29
-0.345,0.29
-0.345,0.29
-0.345,0.29
-0.345,0.29
-0.345,0.29
-0.345,0.29
-0.345,0.29
-0.345,0.29
-0.345,0.29
-0.345,0.29
-0.345,0.29
-0.345,0.29
-0.345,0.29
-0.345,0.29
-0.345,0.29
-0.345,0.29
-0.345,0.29
-0.345,0.29
-0.345,0.29
-0.345,0.29
-0.345,0.29
-0.345,0.29
-0.345,0.29
-0.345,0.29
-0.345,0.29
-0.345,0.29
-0.345,0.29
-0.345,0.29
-0.345,0.29
-0.345,0.29
-0.329,0.29
-0.329,0.29
-0.305,0.29
-0.305,0.29
-0.305,0.29
-0.305,0.29
-0.305,0.29
-0.305,0.29
-0.305,0.29
-0.305,0.29
-0.305,0.29
-0.305,0.29
-0.297,0.29
-0.273,0.29
-0.273,0.29
-0.273,0.29
-0.273,0.29
-0.273,0.29
-0.273,0.29
-0.273,0.29
-0.273,0.29
-0.273,0.29
-0.273,0.29
-0.273,0.29
-0.273,0.29
-0.273,0.29
-0.273,0.29
-0.273,0.29
-0.273,0.29
-0.273,0.29
-0.273,0.29
-0.273,0.29
-0.273,0.29
-0.273,0.267
-0.273,0.267
-0.305,0.267
-0.329,0.251
-0.329,0.251
-0.345,0.251
-0.353,0.251
-0.36,0.251
-0.36,0.251
-0.36,0.251
-0.36,0.251
-0.36,0.251
-0.36,0.251
-0.36,0.251
-0.36,0.251
-0.36,0.251
-0.463,0.306
-0.487,0.369
-0.582,0.464
-0.61,0.519
-0.63,0.559
-0.653,0.614
-0.669,0.638
-0.685,0.653
-0.685,0.653
-0.717,0.653
-0.721,0.653
-0.732,0.653
-0.732,0.653
-0.732,0.653
-0.732,0.653
-0.732,0.653
-0.732,0.653
-0.732,0.653
-0.732,0.653
-0.732,0.653
-0.732,0.653
-0.732,0.653
-0.732,0.653
-0.732,0.653
-0.732,0.653
-0.732,0.665
-0.732,0.653
-0.732,0.653
-0.732,0.653
-0.732,0.653
-0.732,0.653
-0.732,0.653
-0.732,0.653
-0.732,0.653
-0.732,0.653
-0.732,0.659
-0.732,0.653
-0.732,0.653
-0.732,0.653
-0.732,0.653
-0.732,0.653
-0.732,0.653
-0.732,0.653
-0.732,0.653
-0.732,0.653
-0.732,0.653
-0.732,0.653
-0.732,0.653
-0.732,0.653
-0.732,0.653
-0.732,0.653
-0.732,0.653
-0.732,0.653
-0.732,0.653
-0.732,0.653
-0.732,0.665
-0.732,0.653
-0.732,0.665
-0.732,0.653
-0.732,0.653
-0.732,0.653
-0.732,0.653
-0.732,0.653
-0.732,0.653
-0.732,0.653
-0.732,0.653
-0.732,0.653
-0.732,0.653
-0.732,0.653
-0.732,0.653
-0.732,0.653
-0.732,0.665
-0.732,0.653
-0.732,0.653
-0.732,0.653
-0.732,0.653
-0.732,0.653
-0.732,0.653
-0.732,0.653
-0.732,0.659
-0.732,0.653
-0.732,0.653
-0.732,0.659
-0.732,0.653
-0.732,0.653
-0.732,0.653
-0.732,0.653
-0.732,0.653
-0.732,0.653
-0.732,0.653
-0.732,0.653
-0.732,0.653
-0.732,0.653
-0.732,0.653
-0.732,0.653
-0.732,0.659
-0.732,0.659
-0.732,0.653
-0.732,0.653
-0.732,0.653
-0.732,0.653
-0.732,0.653
-0.732,0.653
-0.732,0.653
-0.732,0.653
-0.732,0.653
-0.732,0.653
-0.701,0.653
-0.701,0.653
-0.701,0.653
-0.701,0.653
-0.701,0.665
-0.701,0.659
-0.701,0.665
-0.685,0.653
-0.685,0.653
-0.685,0.653
-0.685,0.653
-0.685,0.653
-0.685,0.653
-0.685,0.653
-0.685,0.653
-0.685,0.653
-0.685,0.641
-0.685,0.606
-0.685,0.598
-0.685,0.582
-0.685,0.565
-0.685,0.559
-0.685,0.543
-0.669,0.543
-0.669,0.525
-0.669,0.519
-0.669,0.519
-0.669,0.519
-0.669,0.486
-0.669,0.48
-0.669,0.48
-0.669,0.464
-0.669,0.464
-0.669,0.464
-0.669,0.464
-0.669,0.44
-0.669,0.44
-0.669,0.385
-0.669,0.385
-0.653,0.385
-0.653,0.369
-0.653,0.369
-0.653,0.369
-0.653,0.369
-0.653,0.369
-0.653,0.369
-0.63,0.369
-0.63,0.369
-0.63,0.369
-0.63,0.369
-0.63,0.369
-0.618,0.369
-0.614,0.369
-0.614,0.369
-0.614,0.369
-0.614,0.369
-0.614,0.369
-0.614,0.369
-0.614,0.369
-0.614,0.369
-0.614,0.369
-0.614,0.369
-0.614,0.369
-0.614,0.369
-0.614,0.369
-0.614,0.369
-0.614,0.369
-0.614,0.369
-0.614,0.369
-0.614,0.369
-0.61,0.369
-0.598,0.369
-0.598,0.369
-0.598,0.369
-0.598,0.369
-0.598,0.369
-0.598,0.369
-0.598,0.369
-0.598,0.369
-0.598,0.369
-0.598,0.369
-0.598,0.369
-0.598,0.369
-0.598,0.369
-0.598,0.369
-0.598,0.369
-0.598,0.369
-0.598,0.369
-0.598,0.369
-0.598,0.369
-0.598,0.369
-0.598,0.369
-0.598,0.369
-0.598,0.369
-0.598,0.369
-0.598,0.369
-0.598,0.424
-0.598,0.424
-0.598,0.424
-0.598,0.424
-0.598,0.44
-0.598,0.44
-0.598,0.44
-0.598,0.44
-0.598,0.44
-0.598,0.44
-0.598,0.44
-0.598,0.44
-0.598,0.44
-0.598,0.44
-0.598,0.44
-0.598,0.446
-0.598,0.44
-0.598,0.44
-0.598,0.44
-0.598,0.44
-0.598,0.44
-0.598,0.446
-0.598,0.44
-0.598,0.44
-0.598,0.44
-0.598,0.44
-0.598,0.44
-0.598,0.44
-0.598,0.446
-0.598,0.44
-0.598,0.44
-0.598,0.446
-0.598,0.44
-0.598,0.44
-0.598,0.44
-0.598,0.44
-0.598,0.44
-0.598,0.446
-0.598,0.44
-0.598,0.44
-0.582,0.44
-0.582,0.44
-0.582,0.44
-0.578,0.44
-0.566,0.44
-0.566,0.44
-0.566,0.44
-0.55,0.44
-0.535,0.44
-0.511,0.44
-0.511,0.44
-0.495,0.44
-0.495,0.44
-0.495,0.44
-0.495,0.44
-0.479,0.44
-0.479,0.44
-0.479,0.44
-0.479,0.44
-0.479,0.44
-0.479,0.44
-0.479,0.44
-0.479,0.44
-0.479,0.44
-0.479,0.44
-0.479,0.44
-0.479,0.44
-0.479,0.44
-0.479,0.44
-0.479,0.44
-0.479,0.44
-0.479,0.44
-0.479,0.44
-0.479,0.44
-0.479,0.44
-0.479,0.44
-0.479,0.44
-0.479,0.44
-0.479,0.44
-0.479,0.44
-0.479,0.452
-0.479,0.44
-0.479,0.44
-0.479,0.44
-0.479,0.44
-0.479,0.44
-0.479,0.44
-0.479,0.44
-0.479,0.44
-0.479,0.44
-0.479,0.44
-0.479,0.44
-0.479,0.44
-0.479,0.44
-0.479,0.44
-0.479,0.452
-0.479,0.44
-0.479,0.44
-0.479,0.44
-0.479,0.44
-0.479,0.44
-0.479,0.44
-0.479,0.44
-0.479,0.44
-0.479,0.44
-0.479,0.44
-0.479,0.44
-0.479,0.44
-0.479,0.44
-0.479,0.44
-0.479,0.44
-0.479,0.44
-0.479,0.44
-0.479,0.44
-0.479,0.44
-0.479,0.44
-0.479,0.44
-0.479,0.44
-0.479,0.44
-0.479,0.452
-0.479,0.44
-0.479,0.44
-0.479,0.44
-0.479,0.44
-0.479,0.44
-0.479,0.44
-0.479,0.44
-0.479,0.44
-0.479,0.44
-0.479,0.44
-0.479,0.44
-0.479,0.44
-0.479,0.44
-0.479,0.44
-0.479,0.44
-0.479,0.44
-0.479,0.44
-0.479,0.44
-0.479,0.44
-0.479,0.44
-0.479,0.44
-0.479,0.44
-0.479,0.44
-0.479,0.44
-0.479,0.446
-0.479,0.44
-0.479,0.44
-0.479,0.44
-0.479,0.44
-0.479,0.44
-0.479,0.44
-0.479,0.44
-0.479,0.452
-0.479,0.44
-0.479,0.44
-0.479,0.44
-0.479,0.44
-0.479,0.452
-0.479,0.44
-0.479,0.44
-0.479,0.44
-0.479,0.44
-0.479,0.44
-0.479,0.44
-0.479,0.44
-0.479,0.44
-0.479,0.452
-0.479,0.44
-0.479,0.452
-0.479,0.44
-0.479,0.44
-0.479,0.44
-0.479,0.44
-0.479,0.44
-0.479,0.44
-0.479,0.452
-0.479,0.452
-0.479,0.44
-0.479,0.44
-0.479,0.44
-0.479,0.44
-0.479,0.44
-0.479,0.446
-0.479,0.44
-0.479,0.446
-0.479,0.44
-0.479,0.44
-0.479,0.44
-0.479,0.44
-0.479,0.44
-0.479,0.452
-0.479,0.44
-0.479,0.452
-0.479,0.44
-0.479,0.44
-0.479,0.44
-0.479,0.44
-0.479,0.44
-0.479,0.452
-0.479,0.446
-0.479,0.446
-0.479,0.44
-0.479,0.44
-0.479,0.44
-0.479,0.44
-0.479,0.44
-0.479,0.452
-0.479,0.44
-0.479,0.44
-0.479,0.44
-0.479,0.44
-0.479,0.44
-0.479,0.44
-0.479,0.44
-0.479,0.452
-0.479,0.44
-0.479,0.44
-0.479,0.44
-0.479,0.44
-0.479,0.44
-0.479,0.44
-0.479,0.44
-0.479,0.44
-0.479,0.446
-0.479,0.44
-0.479,0.44
-0.479,0.44
-0.479,0.44
-0.479,0.44
-0.479,0.44
-0.479,0.446
-0.479,0.44
-0.479,0.44
-0.479,0.44
-0.479,0.44
-0.479,0.44
-0.479,0.44
-0.479,0.44
-0.479,0.44
-0.479,0.446
-0.479,0.44
-0.479,0.44
-0.479,0.44
-0.479,0.44
-0.479,0.44
-0.479,0.44
-0.479,0.44
-0.479,0.44
-0.479,0.44
-0.479,0.44
-0.479,0.44
-0.479,0.44
-0.479,0.44
-0.479,0.44
-0.479,0.446
-0.479,0.44
-0.479,0.44
-0.479,0.44
-0.479,0.44
-0.479,0.44
-0.479,0.44
-0.479,0.44
-0.479,0.44
-0.479,0.446
-0.479,0.44
-0.479,0.44
-0.479,0.44
-0.479,0.44
-0.479,0.44
-0.479,0.44
-0.479,0.446
-0.495,0.44
-0.511,0.446
-0.511,0.44
-0.535,0.44
-0.535,0.44
-0.55,0.44
-0.55,0.44
-0.55,0.446
-0.55,0.44
-0.566,0.44
-0.566,0.44
-0.566,0.44
-0.566,0.44
-0.566,0.44
-0.566,0.44
-0.566,0.44
-0.566,0.44
-0.566,0.44
-0.566,0.44
-0.566,0.44
-0.566,0.44
-0.566,0.44
-0.566,0.44
-0.566,0.446
-0.566,0.44
-0.566,0.44
-0.566,0.44
-0.566,0.44
-0.566,0.44
-0.566,0.44
-0.566,0.44
-0.566,0.44
-0.566,0.44
-0.566,0.44
-0.566,0.44
-0.535,0.44
-0.535,0.44
-0.535,0.44
-0.511,0.44
-0.511,0.44
-0.511,0.44
-0.511,0.44
-0.511,0.44
-0.511,0.44
-0.511,0.44
-0.511,0.44
-0.511,0.44
-0.511,0.44
-0.511,0.44
-0.511,0.44
-0.511,0.44
-0.511,0.44
-0.511,0.44
-0.495,0.44
-0.495,0.44
-0.495,0.44
-0.495,0.44
-0.495,0.44
-0.495,0.44
-0.495,0.44
-0.495,0.44
-0.495,0.44
-0.495,0.452
-0.495,0.44
-0.495,0.432
-0.495,0.385
-0.495,0.369
-0.495,0.369
-0.495,0.369
-0.495,0.369
-0.495,0.369
-0.495,0.369
-0.495,0.369
-0.495,0.369
-0.495,0.369
-0.495,0.369
-0.495,0.369
-0.495,0.369
-0.495,0.369
-0.495,0.369
-0.495,0.369
-0.495,0.369
-0.495,0.369
-0.495,0.369
-0.495,0.369
-0.495,0.369
-0.495,0.369
-0.495,0.369
-0.495,0.369
-0.495,0.369
-0.495,0.369
-0.495,0.369
-0.495,0.369
-0.495,0.369
-0.495,0.369
-0.495,0.369
-0.479,0.369
-0.479,0.369
-0.479,0.369
-0.479,0.369
-0.479,0.369
-0.479,0.369
-0.479,0.369
-0.479,0.369
-0.479,0.369
-0.479,0.369
-0.479,0.369
-0.479,0.369
-0.479,0.369
-0.479,0.369
-0.479,0.369
-0.479,0.369
-0.479,0.369
-0.479,0.369
-0.479,0.369
-0.479,0.369
-0.479,0.369
-0.479,0.369
-0.479,0.369
-0.479,0.369
-0.479,0.369
-0.479,0.369
-0.479,0.369
-0.479,0.369
-0.479,0.369
-0.479,0.369
-0.479,0.369
-0.479,0.369
-0.479,0.369
-0.479,0.369
-0.479,0.369
-0.479,0.369
-0.479,0.369
-0.479,0.369
-0.479,0.369
-0.479,0.369
-0.479,0.369
-0.479,0.369
-0.479,0.369
-0.479,0.369
-0.479,0.369
-0.479,0.369
-0.479,0.369
-0.479,0.369
-0.479,0.369
-0.479,0.369
-0.479,0.369
-0.479,0.369
-0.479,0.369
-0.479,0.369
-0.479,0.369
-0.479,0.369
-0.479,0.369
-0.479,0.369
-0.479,0.369
-0.479,0.369
-0.479,0.369
-0.479,0.369
-0.479,0.369
-0.479,0.369
-0.479,0.369
-0.479,0.369
-0.479,0.369
-0.479,0.369
-0.511,0.369
-0.511,0.369
-0.535,0.369
-0.535,0.369
-0.55,0.369
-0.55,0.369
-0.55,0.369
-0.55,0.369
-0.55,0.369
-0.55,0.369
-0.55,0.369
-0.55,0.369
-0.55,0.369
-0.55,0.369
-0.55,0.369
-0.55,0.369
-0.55,0.369
-0.55,0.369
-0.55,0.369
-0.55,0.369
-0.55,0.369
-0.55,0.369
-0.55,0.369
-0.55,0.369
-0.55,0.369
-0.55,0.369
-0.55,0.369
-0.55,0.369
-0.55,0.369
-0.55,0.369
-0.55,0.369
-0.55,0.369
-0.55,0.369
-0.55,0.369
-0.55,0.369
-0.55,0.369
-0.55,0.346
-0.55,0.346
-0.55,0.346
-0.55,0.346
-0.55,0.346
-0.55,0.346
-0.55,0.342
-0.55,0.33
-0.55,0.33
-0.55,0.33
-0.55,0.33
-0.55,0.33
-0.55,0.33
-0.55,0.33
-0.55,0.33
-0.55,0.33
-0.55,0.33
-0.55,0.33
-0.55,0.33
-0.55,0.33
-0.55,0.33
-0.55,0.33
-0.55,0.33
-0.55,0.33
-0.55,0.33
-0.55,0.33
-0.55,0.33
-0.55,0.33
-0.55,0.306
-0.55,0.318
-0.55,0.324
-0.55,0.324
-0.55,0.312
-0.55,0.306
-0.55,0.306
-0.55,0.324
-0.55,0.306
-0.55,0.306
-0.55,0.318
-0.55,0.306
-0.55,0.324
-0.55,0.312
-0.55,0.306
-0.55,0.318
-0.55,0.306
-0.55,0.318
-0.55,0.312
-0.55,0.324
-0.55,0.312
-0.55,0.306
-0.55,0.306
-0.55,0.306
-0.55,0.306
-0.55,0.306
-0.55,0.306
-0.55,0.306
-0.55,0.306
-0.55,0.33
-0.55,0.312
-0.55,0.306
-0.55,0.318
-0.55,0.306
-0.55,0.33
-0.55,0.312
-0.55,0.33
-0.55,0.306
-0.55,0.33
-0.55,0.33
-0.55,0.306
-0.55,0.306
-0.55,0.306
-0.55,0.33
-0.55,0.306
-0.55,0.312
-0.55,0.312
-0.55,0.306
-0.55,0.312
-0.55,0.306
-0.55,0.312
-0.55,0.306
-0.55,0.312
-0.55,0.306
-0.55,0.318
-0.55,0.306
-0.55,0.318
-0.55,0.306
-0.55,0.33
-0.55,0.306
-0.55,0.306
-0.55,0.312
-0.55,0.312
-0.55,0.33
-0.55,0.33
-0.55,0.342
-0.55,0.346
-0.55,0.369
-0.55,0.373
-0.55,0.369
-0.55,0.369
-0.55,0.369
-0.55,0.385
-0.55,0.385
-0.55,0.385
-0.55,0.424
-0.55,0.424
-0.55,0.44
-0.55,0.44
-0.55,0.44
-0.55,0.44
-0.55,0.44
-0.55,0.44
-0.55,0.44
-0.55,0.44
-0.55,0.44
-0.55,0.44
-0.55,0.44
-0.495,0.44
-0.479,0.44
-0.463,0.44
-0.448,0.44
-0.408,0.44
-0.392,0.44
-0.376,0.44
-0.345,0.44
-0.345,0.44
-0.345,0.44
-0.345,0.44
-0.345,0.44
-0.345,0.44
-0.345,0.44
-0.345,0.44
-0.345,0.44
-0.329,0.44
-0.329,0.44
-0.305,0.44
-0.289,0.44
-0.273,0.44
-0.258,0.44
-0.258,0.44
-0.258,0.44
-0.258,0.44
-0.242,0.44
-0.242,0.44
-0.226,0.44
-0.21,0.44
-0.21,0.44
-0.21,0.44
-0.21,0.44
-0.182,0.44
-0.171,0.44
-0.171,0.44
-0.171,0.397
-0.171,0.369
-0.171,0.369
-0.139,0.369
-0.139,0.369
-0.139,0.369
-0.139,0.369
-0.139,0.369
-0.139,0.369
-0.139,0.369
-0.139,0.369
-0.139,0.369
-0.139,0.369
-0.139,0.369
-0.139,0.369
-0.139,0.369
-0.139,0.369
-0.139,0.369
-0.139,0.369
-0.139,0.369
-0.139,0.369
-0.139,0.369
-0.139,0.369
-0.139,0.369
-0.139,0.369
-0.139,0.369
-0.139,0.369
-0.139,0.369
-0.139,0.369
-0.139,0.369
-0.139,0.369
-0.139,0.369
-0.139,0.369
-0.139,0.369
-0.139,0.369
-0.139,0.369
-0.139,0.369
-0.186,0.369
-0.242,0.413
-0.289,0.476
-0.4,0.503
-0.463,0.543
-0.479,0.543
-0.495,0.543
-0.495,0.582
-0.495,0.614
-0.511,0.632
-0.529,0.659
-0.55,0.681
-0.55,0.716
-0.55,0.732
-0.55,0.744
-0.55,0.732
-0.55,0.744
-0.55,0.732
-0.55,0.732
-0.55,0.732
-0.55,0.732
-0.55,0.75
-0.55,0.732
-0.55,0.756
-0.55,0.732
-0.55,0.744
-0.55,0.732
-0.55,0.744
-0.55,0.732
-0.55,0.744
-0.55,0.732
-0.55,0.732
-0.55,0.732
-0.55,0.732
-0.55,0.732
-0.55,0.738
-0.55,0.732
-0.55,0.732
-0.55,0.732
-0.55,0.732
-0.55,0.732
-0.55,0.732
-0.55,0.756
-0.55,0.732
-0.55,0.756
-0.55,0.772
-0.55,0.778
-0.55,0.795
-0.55,0.811
-0.55,0.851
-0.558,0.855
-0.566,0.866
-0.566,0.866
-0.582,0.866
-0.614,0.866
-0.653,0.866
-0.701,0.866
-0.732,0.866
-0.732,0.866
-0.732,0.866
-0.738,0.866
-0.756,0.866
-0.732,0.866
-0.756,0.866
-0.756,0.866
-0.744,0.866
-0.738,0.866
-0.738,0.866
-0.732,0.866
-0.732,0.866
-0.732,0.866
-0.732,0.866
-0.732,0.89
-0.732,0.906
-0.732,0.906
-0.732,0.906
-0.732,0.929
-0.732,0.949
-0.732,0.985
-0.732,0.985
-0.732,0.985
-0.732,0.985
-0.732,0.985
-0.732,0.985
-0.732,0.985
-0.732,0.985
-0.732,0.985
-0.732,0.985
-0.732,0.985
-0.732,0.985
-0.732,0.985
-0.732,0.985
-0.732,0.985
-0.685,0.985
-0.669,0.955
-0.63,0.945
-0.63,0.929
-0.614,0.929
-0.61,0.929
-0.598,0.929
-0.582,0.929
-0.582,0.929
-0.562,0.929
-0.55,0.929
-0.535,0.929
-0.523,0.929
-0.511,0.929
-0.511,0.929
-0.511,0.906
-0.511,0.89
-0.511,0.89
-0.511,0.872
-0.511,0.866
-0.511,0.851
-0.511,0.851
-0.511,0.851
-0.511,0.851
-0.511,0.827
-0.511,0.833
-0.511,0.827
-0.511,0.811
-0.507,0.795
-0.495,0.795
-0.495,0.772
-0.495,0.772
-0.495,0.756
-0.495,0.756
-0.495,0.732
-0.495,0.738
-0.495,0.732
-0.495,0.716
-0.495,0.716
-0.495,0.716
-0.495,0.716
-0.495,0.716
-0.495,0.716
-0.495,0.716
-0.495,0.716
-0.495,0.716
-0.495,0.716
-0.495,0.693
-0.495,0.693
-0.495,0.693
-0.495,0.681
-0.495,0.677
-0.495,0.677
-0.495,0.677
-0.495,0.677
-0.495,0.677
-0.495,0.677
-0.495,0.677
-0.495,0.677
-0.495,0.677
-0.495,0.677
-0.495,0.677
-0.495,0.677
-0.495,0.677
-0.495,0.677
-0.495,0.677
-0.495,0.677
-0.495,0.677
-0.495,0.677
-0.495,0.677
-0.495,0.677
-0.495,0.677
-0.495,0.677
-0.495,0.677
-0.495,0.677
-0.535,0.677
-0.535,0.677
-0.535,0.677
-0.546,0.677
-0.55,0.677
-0.55,0.677
-0.55,0.677
-0.55,0.677
-0.55,0.677
-0.55,0.677
-0.55,0.677
-0.55,0.677
-0.55,0.677
-0.55,0.677
-0.55,0.677
-0.55,0.677
-0.55,0.677
-0.55,0.677
-0.55,0.677
-0.55,0.677
-0.55,0.671
-0.55,0.653
-0.55,0.638
-0.55,0.638
-0.55,0.62
-0.55,0.598
-0.55,0.582
-0.55,0.559
-0.55,0.559
-0.55,0.559
-0.55,0.555
-0.55,0.543
-0.55,0.543
-0.55,0.543
-0.55,0.543
-0.55,0.543
-0.55,0.543
-0.55,0.543
-0.55,0.543
-0.55,0.543
-0.55,0.543
-0.55,0.543
-0.55,0.543
-0.55,0.543
-0.55,0.519
-0.55,0.519
-0.55,0.519
-0.55,0.519
-0.55,0.519
-0.55,0.519
-0.55,0.519
-0.55,0.519
-0.55,0.543
-0.55,0.582
-0.55,0.598
-0.55,0.614
-0.55,0.653
-0.55,0.659
-0.566,0.693
-0.598,0.693
-0.614,0.716
-0.653,0.716
-0.669,0.716
-0.669,0.716
-0.685,0.716
-0.685,0.716
-0.685,0.716
-0.685,0.716
-0.685,0.716
-0.685,0.716
-0.685,0.716
-0.685,0.716
-0.685,0.716
-0.685,0.716
-0.685,0.716
-0.685,0.716
-0.685,0.716
-0.685,0.716
-0.685,0.716
-0.685,0.716
-0.685,0.716
-0.685,0.716
-0.685,0.716
-0.685,0.716
-0.685,0.716
-0.685,0.716
-0.685,0.716
-0.685,0.716
-0.685,0.716
-0.685,0.716
-0.685,0.716
-0.685,0.756
-0.685,0.795
-0.685,0.799
-0.685,0.811
-0.685,0.827
-0.685,0.827
-0.685,0.827
-0.685,0.827
-0.685,0.827
-0.685,0.839
-0.685,0.827
-0.685,0.827
-0.685,0.827
-0.685,0.827
-0.685,0.839
-0.685,0.827
-0.685,0.827
-0.685,0.827
-0.685,0.827
-0.685,0.833
-0.685,0.827
-0.685,0.827
-0.685,0.827
-0.685,0.827
-0.685,0.833
-0.685,0.827
-0.685,0.827
-0.685,0.827
-0.685,0.827
-0.685,0.827
-0.685,0.827
-0.685,0.827
-0.685,0.827
-0.685,0.827
-0.685,0.827
-0.685,0.827
-0.653,0.827
-0.653,0.827
-0.653,0.827
-0.653,0.827
-0.653,0.827
-0.653,0.827
-0.653,0.827
-0.653,0.827
-0.653,0.827
-0.653,0.811
-0.653,0.811
-0.653,0.795
-0.653,0.772
-0.653,0.772
-0.653,0.772
-0.653,0.756
-0.653,0.756
-0.653,0.732
-0.653,0.732
-0.653,0.732
-0.653,0.716
-0.653,0.716
-0.653,0.716
-0.653,0.716
-0.653,0.716
-0.653,0.716
-0.653,0.716
-0.653,0.716
-0.653,0.693
-0.653,0.693
-0.653,0.685
-0.653,0.677
-0.653,0.677
-0.653,0.677
-0.653,0.653
-0.653,0.638
-0.653,0.638
-0.653,0.638
-0.653,0.638
-0.653,0.638
-0.653,0.614
-0.653,0.62
-0.653,0.614
-0.653,0.614
-0.653,0.598
-0.653,0.598
-0.653,0.598
-0.653,0.598
-0.653,0.598
-0.653,0.598
-0.653,0.598
-0.653,0.598
-0.653,0.598
-0.653,0.598
-0.653,0.586
-0.653,0.582
-0.653,0.582
-0.653,0.582
-0.653,0.582
-0.653,0.559
-0.653,0.559
-0.653,0.555
-0.653,0.543
-0.653,0.543
-0.653,0.543
-0.653,0.543
-0.653,0.543
-0.653,0.519
-0.653,0.519
-0.653,0.519
-0.653,0.519
-0.653,0.519
-0.653,0.519
-0.653,0.519
-0.653,0.519
-0.653,0.519
-0.653,0.519
-0.653,0.519
-0.653,0.503
-0.653,0.503
-0.653,0.503
-0.653,0.48
-0.653,0.48
-0.653,0.48
-0.653,0.464
-0.653,0.464
-0.653,0.464
-0.653,0.464
-0.653,0.464
-0.653,0.464
-0.653,0.464
-0.653,0.464
-0.653,0.464
-0.653,0.464
-0.653,0.464
-0.653,0.464
-0.653,0.464
-0.653,0.464
-0.653,0.464
-0.653,0.464
-0.653,0.464
-0.653,0.464
-0.653,0.464
-0.653,0.464
-0.653,0.464
-0.653,0.464
-0.653,0.464
-0.653,0.464
-0.653,0.464
-0.653,0.464
-0.653,0.464
-0.653,0.464
-0.653,0.464
-0.653,0.464
-0.653,0.464
-0.653,0.464
-0.653,0.464
-0.653,0.464
-0.653,0.464
-0.653,0.464
-0.653,0.464
-0.653,0.464
-0.653,0.464
-0.653,0.464
-0.653,0.464
-0.653,0.464
-0.653,0.464
-0.653,0.464
-0.653,0.464
-0.653,0.464
-0.653,0.464
-0.653,0.464
-0.653,0.464
-0.653,0.464
-0.653,0.464
-0.653,0.464
-0.653,0.464
-0.653,0.464
-0.653,0.464
-0.63,0.464
-0.63,0.464
-0.598,0.464
-0.598,0.464
-0.598,0.464
-0.598,0.464
-0.598,0.464
-0.598,0.464
-0.582,0.464
-0.566,0.464
-0.55,0.464
-0.511,0.464
-0.495,0.464
-0.495,0.464
-0.495,0.464
-0.479,0.464
-0.479,0.464
-0.479,0.458
-0.479,0.44
-0.475,0.424
-0.463,0.401
-0.463,0.385
-0.463,0.385
-0.463,0.369
-0.463,0.369
-0.463,0.369
-0.448,0.369
-0.448,0.369
-0.448,0.369
-0.448,0.369
-0.448,0.369
-0.448,0.369
-0.448,0.369
-0.448,0.369
-0.448,0.369
-0.448,0.369
-0.448,0.369
-0.448,0.369
-0.448,0.346
-0.448,0.346
-0.448,0.346
-0.448,0.33
-0.448,0.33
-0.448,0.33
-0.448,0.33
-0.448,0.33
-0.448,0.33
-0.448,0.33
-0.448,0.33
-0.448,0.33
-0.448,0.33
-0.448,0.33
-0.448,0.33
-0.448,0.33
-0.448,0.33
-0.448,0.33
-0.448,0.33
-0.448,0.33
-0.448,0.33
-0.448,0.33
-0.448,0.33
-0.448,0.33
-0.448,0.33
-0.448,0.33
-0.448,0.33
-0.448,0.33
-0.448,0.33
-0.448,0.33
-0.448,0.33
-0.448,0.33
-0.448,0.312
-0.448,0.324
-0.448,0.324
-0.448,0.306
-0.448,0.306
-0.448,0.33
-0.448,0.33
-0.448,0.306
-0.448,0.312
-0.448,0.306
-0.448,0.312
-0.448,0.33
-0.448,0.33
-0.448,0.306
-0.448,0.306
-0.448,0.324
-0.448,0.33
-0.448,0.306
-0.448,0.312
-0.448,0.324
-0.448,0.324
-0.448,0.33
-0.448,0.306
-0.448,0.33
-0.448,0.306
-0.448,0.306
-0.448,0.306
-0.448,0.33
-0.448,0.306
-0.448,0.324
-0.448,0.324
-0.448,0.306
-0.448,0.306
-0.448,0.318
-0.448,0.318
-0.448,0.324
-0.448,0.33
-0.448,0.312
-0.448,0.318
-0.448,0.324
-0.448,0.306
-0.448,0.306
-0.448,0.33
-0.448,0.33
-0.448,0.312
-0.448,0.312
-0.448,0.306
-0.448,0.33
-0.448,0.33
-0.448,0.306
-0.448,0.312
-0.448,0.33
-0.448,0.312
-0.448,0.306
-0.448,0.33
-0.448,0.312
-0.448,0.306
-0.448,0.33
-0.448,0.33
-0.448,0.318
-0.448,0.318
-0.448,0.306
-0.448,0.306
-0.448,0.33
-0.448,0.33
-0.448,0.33
-0.448,0.33
-0.448,0.33
-0.448,0.33
-0.448,0.33
-0.448,0.33
-0.448,0.33
-0.448,0.33
-0.448,0.346
-0.448,0.346
-0.448,0.346
-0.448,0.346
-0.448,0.346
-0.448,0.346
-0.448,0.346
-0.448,0.346
-0.448,0.351
-0.448,0.346
-0.448,0.346
-0.448,0.369
-0.448,0.369
-0.448,0.369
-0.448,0.369
-0.448,0.369
-0.448,0.369
-0.448,0.369
-0.448,0.369
-0.448,0.369
-0.448,0.369
-0.448,0.385
-0.448,0.385
-0.448,0.385
-0.448,0.385
-0.448,0.385
-0.448,0.385
-0.448,0.424
-0.448,0.44
-0.448,0.44
-0.448,0.44
-0.448,0.44
-0.448,0.44
-0.448,0.44
-0.448,0.452
-0.448,0.44
-0.448,0.44
-0.448,0.446
-0.448,0.458
-0.448,0.464
-0.448,0.464
-0.448,0.48
-0.448,0.48
-0.448,0.48
-0.448,0.48
-0.448,0.48
-0.448,0.48
-0.448,0.503
-0.448,0.503
-0.448,0.503
-0.448,0.503
-0.448,0.503
-0.448,0.503
-0.448,0.503
-0.448,0.503
-0.448,0.503
-0.448,0.503
-0.448,0.503
-0.448,0.503
-0.448,0.503
-0.448,0.503
-0.448,0.503
-0.448,0.503
-0.448,0.503
-0.448,0.503
-0.448,0.503
-0.448,0.503
-0.448,0.503
-0.448,0.503
-0.448,0.503
-0.448,0.503
-0.448,0.503
-0.448,0.48
-0.448,0.472
-0.448,0.464
-0.448,0.464
-0.448,0.464
-0.448,0.44
-0.448,0.424
-0.448,0.401
-0.448,0.385
-0.479,0.369
-0.479,0.369
-0.479,0.369
-0.479,0.369
-0.479,0.369
-0.479,0.369
-0.479,0.369
-0.479,0.369
-0.479,0.369
-0.479,0.369
-0.479,0.369
-0.479,0.369
-0.479,0.346
-0.479,0.346
-0.479,0.346
-0.479,0.346
-0.479,0.33
-0.479,0.33
-0.479,0.33
-0.479,0.33
-0.479,0.33
-0.479,0.33
-0.479,0.33
-0.479,0.33
-0.479,0.33
-0.479,0.33
-0.448,0.33
-0.432,0.33
-0.408,0.33
-0.408,0.324
-0.384,0.33
-0.376,0.33
-0.345,0.306
-0.329,0.306
-0.329,0.312
-0.305,0.33
-0.289,0.33
-0.289,0.33
-0.289,0.33
-0.289,0.324
-0.289,0.33
-0.289,0.33
-0.289,0.33
-0.289,0.33
-0.289,0.33
-0.289,0.33
-0.273,0.33
-0.273,0.33
-0.273,0.346
-0.273,0.369
-0.273,0.377
-0.273,0.385
-0.273,0.424
-0.273,0.424
-0.273,0.44
-0.273,0.44
-0.273,0.44
-0.273,0.44
-0.273,0.44
-0.273,0.44
-0.273,0.44
-0.273,0.44
-0.273,0.44
-0.273,0.44
-0.273,0.44
-0.273,0.44
-0.273,0.44
-0.273,0.44
-0.273,0.44
-0.273,0.44
-0.273,0.44
-0.273,0.44
-0.273,0.44
-0.273,0.44
-0.273,0.452
-0.273,0.44
-0.273,0.44
-0.273,0.44
-0.273,0.44
-0.273,0.44
-0.273,0.44
-0.273,0.452
-0.273,0.44
-0.273,0.44
-0.273,0.44
-0.273,0.44
-0.273,0.44
-0.273,0.44
-0.273,0.424
-0.273,0.424
-0.273,0.401
-0.273,0.385
-0.273,0.385
-0.273,0.385
-0.273,0.369
-0.273,0.369
-0.273,0.369
-0.273,0.369
-0.273,0.369
-0.273,0.369
-0.273,0.369
-0.273,0.369
-0.273,0.369
-0.273,0.369
-0.273,0.369
-0.273,0.369
-0.273,0.369
-0.273,0.369
-0.329,0.369
-0.329,0.369
-0.329,0.369
-0.329,0.369
-0.329,0.369
-0.337,0.369
-0.345,0.369
-0.345,0.369
-0.345,0.346
-0.345,0.346
-0.345,0.346
-0.345,0.33
-0.345,0.33
-0.345,0.33
-0.345,0.33
-0.345,0.33
-0.345,0.33
-0.345,0.33
-0.345,0.33
-0.345,0.33
-0.345,0.33
-0.345,0.33
-0.345,0.33
-0.345,0.33
-0.345,0.33
-0.345,0.33
-0.345,0.33
-0.345,0.33
-0.345,0.33
-0.345,0.33
-0.345,0.33
-0.345,0.33
-0.345,0.33
-0.345,0.33
-0.345,0.33
-0.345,0.33
-0.345,0.33
-0.345,0.33
-0.345,0.33
-0.345,0.33
-0.345,0.33
-0.345,0.33
-0.345,0.33
-0.345,0.33
-0.345,0.33
-0.345,0.33
-0.345,0.33
-0.345,0.33
-0.345,0.33
-0.345,0.33
-0.345,0.33
-0.345,0.33
-0.345,0.33
-0.345,0.33
-0.345,0.33
-0.345,0.33
-0.345,0.33
-0.345,0.33
-0.372,0.33
-0.432,0.33
-0.479,0.428
-0.495,0.48
-0.59,0.503
-0.673,0.519
-0.768,0.559
-0.819,0.57
-0.819,0.632
-0.819,0.653
-0.819,0.685
-0.819,0.716
-0.819,0.732
-0.772,0.756
-0.772,0.756
-0.756,0.772
-0.756,0.772
-0.732,0.772
-0.728,0.772
-0.717,0.772
-0.701,0.772
-0.701,0.772
-0.701,0.772
-0.701,0.772
-0.701,0.772
-0.701,0.772
-0.701,0.772
-0.701,0.772
-0.701,0.772
-0.701,0.772
-0.701,0.772
-0.701,0.772
-0.701,0.772
-0.701,0.772
-0.701,0.772
-0.701,0.772
-0.701,0.772
-0.701,0.772
-0.701,0.772
-0.701,0.772
-0.701,0.772
-0.701,0.772
-0.701,0.772
-0.701,0.772
-0.701,0.772
-0.701,0.772
-0.701,0.772
-0.701,0.772
-0.701,0.772
-0.701,0.772
-0.701,0.772
-0.701,0.772
-0.701,0.772
-0.701,0.772
-0.701,0.772
-0.701,0.772
-0.701,0.772
-0.701,0.772
-0.701,0.772
-0.701,0.772
-0.701,0.772
-0.701,0.772
-0.701,0.772
-0.701,0.772
-0.701,0.772
-0.701,0.772
-0.701,0.772
-0.701,0.772
-0.701,0.772
-0.701,0.772
-0.701,0.772
-0.701,0.772
-0.701,0.772
-0.701,0.772
-0.701,0.772
-0.701,0.772
-0.701,0.772
-0.701,0.772
-0.701,0.772
-0.701,0.772
-0.701,0.772
-0.701,0.772
-0.701,0.772
-0.701,0.772
-0.701,0.772
-0.701,0.772
-0.701,0.772
-0.701,0.772
-0.701,0.772
-0.701,0.772
-0.701,0.772
-0.701,0.772
-0.701,0.772
-0.701,0.772
-0.701,0.772
-0.701,0.772
-0.701,0.772
-0.701,0.772
-0.701,0.772
-0.701,0.772
-0.701,0.756
-0.701,0.732
-0.701,0.732
-0.701,0.732
-0.701,0.732
-0.701,0.75
-0.685,0.732
-0.653,0.75
-0.614,0.732
-0.582,0.732
-0.55,0.732
-0.535,0.732
-0.511,0.732
-0.511,0.689
-0.495,0.677
-0.479,0.677
-0.479,0.677
-0.479,0.677
-0.471,0.677
-0.463,0.653
-0.463,0.659
-0.463,0.653
-0.463,0.653
-0.463,0.653
-0.463,0.653
-0.463,0.653
-0.463,0.653
-0.463,0.659
-0.448,0.653
-0.448,0.653
-0.448,0.653
-0.448,0.653
-0.448,0.653
-0.448,0.653
-0.448,0.653
-0.448,0.653
-0.448,0.653
-0.448,0.653
-0.448,0.653
-0.448,0.653
-0.448,0.638
-0.448,0.614
-0.448,0.614
-0.448,0.602
-0.448,0.598
-0.448,0.598
-0.448,0.598
-0.448,0.598
-0.448,0.582
-0.448,0.582
-0.448,0.582
-0.448,0.582
-0.448,0.582
-0.448,0.559
-0.448,0.559
-0.448,0.559
-0.448,0.559
-0.448,0.543
-0.448,0.543
-0.448,0.543
-0.448,0.543
-0.448,0.543
-0.448,0.543
-0.448,0.543
-0.448,0.543
-0.448,0.543
-0.432,0.519
-0.392,0.537
-0.392,0.537
-0.376,0.543
-0.376,0.519
-0.376,0.519
-0.376,0.519
-0.376,0.519
-0.376,0.519
-0.376,0.519
-0.36,0.519
-0.36,0.519
-0.345,0.519
-0.345,0.519
-0.345,0.519
-0.345,0.519
-0.345,0.519
-0.345,0.519
-0.345,0.519
-0.345,0.519
-0.329,0.519
-0.329,0.519
-0.329,0.519
-0.329,0.519
-0.329,0.519
-0.329,0.503
-0.329,0.503
-0.329,0.503
-0.329,0.503
-0.329,0.503
-0.329,0.503
-0.329,0.503
-0.329,0.503
-0.329,0.503
-0.329,0.503
-0.329,0.503
-0.329,0.503
-0.36,0.543
-0.448,0.553
-0.463,0.576
-0.463,0.61
-0.479,0.638
-0.479,0.653
-0.479,0.677
-0.479,0.677
-0.479,0.677
-0.479,0.693
-0.479,0.693
-0.479,0.716
-0.479,0.716
-0.479,0.716
-0.479,0.716
-0.479,0.716
-0.479,0.716
-0.479,0.716
-0.479,0.716
-0.479,0.716
-0.479,0.716
-0.479,0.716
-0.479,0.716
-0.479,0.716
-0.479,0.716
-0.479,0.716
-0.479,0.716
-0.479,0.716
-0.479,0.716
-0.479,0.716
-0.479,0.716
-0.479,0.716
-0.479,0.716
-0.479,0.699
-0.479,0.677
-0.479,0.677
-0.479,0.677
-0.479,0.677
-0.479,0.677
-0.479,0.653
-0.479,0.638
-0.479,0.638
-0.479,0.614
-0.479,0.626
-0.479,0.614
-0.479,0.614
-0.479,0.614
-0.479,0.598
-0.479,0.598
-0.479,0.598
-0.479,0.598
-0.479,0.598
-0.479,0.598
-0.479,0.598
-0.479,0.598
-0.479,0.598
-0.479,0.582
-0.479,0.582
-0.479,0.582
-0.479,0.582
-0.479,0.582
-0.479,0.582
-0.479,0.582
-0.479,0.582
-0.479,0.582
-0.479,0.582
-0.479,0.559
-0.479,0.559
-0.479,0.559
-0.479,0.559
-0.479,0.559
-0.479,0.559
-0.487,0.559
-0.495,0.559
-0.495,0.559
-0.495,0.559
-0.511,0.565
-0.511,0.559
-0.535,0.559
-0.535,0.559
-0.535,0.57
-0.535,0.559
-0.55,0.559
-0.55,0.559
-0.55,0.559
-0.55,0.559
-0.55,0.559
-0.55,0.559
-0.55,0.559
-0.55,0.559
-0.55,0.559
-0.55,0.559
-0.55,0.559
-0.55,0.559
-0.55,0.559
-0.55,0.559
-0.55,0.559
-0.55,0.559
-0.55,0.559
-0.55,0.559
-0.55,0.559
-0.55,0.559
-0.55,0.565
-0.55,0.559
-0.55,0.559
-0.55,0.559
-0.55,0.559
-0.55,0.559
-0.55,0.559
-0.55,0.559
-0.55,0.559
-0.55,0.559
-0.55,0.57
-0.55,0.559
-0.511,0.559
-0.491,0.559
-0.463,0.559
-0.459,0.559
-0.432,0.559
-0.368,0.559
-0.329,0.559
-0.262,0.559
-0.242,0.559
-0.21,0.559
-0.192,0.559
-0.171,0.559
-0.171,0.559
-0.171,0.559
-0.167,0.565
-0.155,0.559
-0.155,0.559
-0.155,0.559
-0.155,0.559
-0.155,0.559
-0.155,0.559
-0.155,0.559
-0.155,0.559
-0.155,0.565
-0.155,0.565
-0.155,0.598
-0.155,0.614
-0.155,0.614
-0.155,0.638
-0.155,0.638
-0.155,0.638
-0.155,0.638
-0.155,0.638
-0.155,0.638
-0.155,0.638
-0.155,0.638
-0.155,0.638
-0.186,0.614
-0.186,0.638
-0.21,0.638
-0.21,0.638
-0.21,0.638
-0.21,0.614
-0.21,0.614
-0.21,0.614
-0.21,0.62
-0.21,0.632
-0.234,0.626
-0.242,0.614
-0.242,0.614
-0.242,0.62
-0.242,0.614
-0.254,0.614
-0.258,0.598
-0.273,0.598
-0.285,0.598
-0.289,0.582
-0.289,0.582
-0.289,0.582
-0.289,0.582
-0.289,0.582
-0.289,0.559
-0.289,0.559
-0.289,0.559
-0.289,0.565
-0.289,0.559
-0.289,0.543
-0.289,0.543
-0.289,0.543
-0.289,0.543
-0.289,0.543
-0.289,0.543
-0.289,0.543
-0.289,0.572
-0.289,0.582
-0.289,0.598
-0.289,0.614
-0.289,0.653
-0.289,0.659
-0.305,0.677
-0.329,0.693
-0.323,0.716
-0.329,0.716
-0.329,0.72
-0.329,0.732
-0.329,0.732
-0.329,0.732
-0.329,0.732
-0.329,0.732
-0.329,0.732
-0.329,0.732
-0.329,0.732
-0.329,0.732
-0.329,0.732
-0.329,0.732
-0.329,0.732
-0.323,0.732
-0.329,0.732
-0.329,0.732
-0.329,0.732
-0.329,0.732
-0.329,0.732
-0.329,0.732
-0.329,0.732
-0.329,0.732
-0.329,0.732
-0.329,0.732
-0.329,0.732
-0.329,0.732
-0.329,0.732
-0.329,0.732
-0.323,0.732
-0.329,0.732
-0.329,0.732
-0.329,0.732
-0.329,0.732
-0.329,0.693
-0.329,0.677
-0.329,0.677
-0.329,0.653
-0.323,0.649
-0.329,0.638
-0.329,0.638
-0.329,0.638
-0.345,0.614
-0.345,0.614
-0.36,0.598
-0.36,0.598
-0.36,0.598
-0.36,0.598
-0.36,0.598
-0.36,0.598
-0.36,0.598
-0.36,0.582
-0.36,0.582
-0.36,0.582
-0.36,0.582
-0.36,0.559
-0.36,0.559
-0.36,0.543
-0.36,0.543
-0.36,0.537
-0.36,0.519
-0.36,0.531
-0.36,0.519
-0.36,0.519
-0.36,0.519
-0.36,0.519
-0.36,0.519
-0.36,0.519
-0.36,0.519
-0.36,0.525
-0.36,0.519
-0.36,0.511
-0.36,0.503
-0.36,0.503
-0.36,0.48
-0.36,0.48
-0.36,0.48
-0.36,0.48
-0.36,0.48
-0.36,0.48
-0.36,0.48
-0.36,0.48
-0.36,0.48
-0.36,0.48
-0.36,0.48
-0.36,0.48
-0.36,0.48
-0.36,0.48
-0.36,0.48
-0.36,0.472
-0.36,0.464
-0.36,0.464
-0.36,0.464
-0.36,0.464
-0.36,0.464
-0.36,0.464
-0.36,0.464
-0.36,0.464
-0.36,0.464
-0.36,0.464
-0.376,0.464
-0.392,0.464
-0.432,0.547
-0.455,0.61
-0.479,0.649
-0.479,0.677
-0.479,0.699
-0.479,0.716
-0.479,0.716
-0.479,0.716
-0.479,0.76
-0.479,0.795
-0.479,0.823
-0.479,0.851
-0.479,0.851
-0.479,0.851
-0.479,0.851
-0.479,0.866
-0.479,0.866
-0.479,0.866
-0.479,0.866
-0.479,0.866
-0.479,0.866
-0.479,0.866
-0.479,0.866
-0.479,0.866
-0.479,0.866
-0.479,0.866
-0.479,0.866
-0.479,0.866
-0.479,0.866
-0.479,0.866
-0.479,0.866
-0.479,0.866
-0.479,0.866
-0.479,0.866
-0.479,0.827
-0.479,0.795
-0.479,0.772
-0.479,0.756
-0.479,0.72
-0.479,0.716
-0.479,0.716
-0.479,0.716
-0.479,0.716
-0.479,0.693
-0.479,0.693
-0.479,0.677
-0.479,0.677
-0.479,0.677
-0.479,0.677
-0.479,0.653
-0.479,0.638
-0.479,0.638
-0.479,0.638
-0.479,0.638
-0.479,0.638
-0.479,0.638
-0.479,0.638
-0.479,0.638
-0.479,0.638
-0.479,0.638
-0.479,0.638
-0.479,0.638
-0.479,0.638
-0.479,0.638
-0.495,0.638
-0.511,0.728
-0.554,0.772
-0.574,0.795
-0.61,0.827
-0.635,0.851
-0.653,0.851
-0.669,0.866
-0.669,0.878
-0.669,0.89
-0.669,0.89
-0.669,0.89
-0.669,0.89
-0.669,0.9
-0.669,0.929
-0.669,0.929
-0.669,0.945
-0.685,0.945
-0.685,0.945
-0.685,0.945
-0.685,0.945
-0.685,0.945
-0.685,0.945
-0.685,0.945
-0.685,0.945
-0.685,0.945
-0.685,0.945
-0.685,0.945
-0.685,0.945
-0.685,0.945
-0.685,0.945
-0.685,0.945
-0.685,0.945
-0.685,0.945
-0.685,0.945
-0.685,0.945
-0.685,0.945
-0.685,0.945
-0.685,0.951
