valence,arousal
-0.015,0.0
-0.015,0.0
-0.015,0.0
-0.014,0.001
-0.011,0.004
-0.008,0.008
-0.001,0.012
0.0,0.018
0.0,0.024
0.0,0.041
0.0,0.042
0.002,0.043
0.004,0.043
0.009,0.041
0.013,0.043
0.016,0.046
0.024,0.049
0.032,0.049
0.053,0.048
0.068,0.075
0.075,0.096
0.078,0.114
0.085,0.135
0.085,0.189
0.086,0.201
0.085,0.217
0.085,0.227
0.084,0.225
0.083,0.228
0.083,0.222
0.081,0.202
0.08,0.197
0.081,0.195
0.081,0.195
0.08,0.195
0.084,0.194
0.086,0.195
0.113,0.194
0.164,0.194
0.211,0.194
0.221,0.194
0.233,0.194
0.231,0.194
0.228,0.194
0.218,0.194
0.212,0.19
0.208,0.176
0.208,0.144
0.208,0.131
0.211,0.137
0.213,0.137
0.219,0.138
0.26,0.139
0.323,0.141
0.332,0.141
0.34,0.143
0.342,0.147
0.34,0.148
0.338,0.156
0.336,0.156
0.331,0.157
0.32,0.158
0.32,0.169
0.319,0.196
0.317,0.216
0.317,0.28
0.317,0.346
0.316,0.374
0.327,0.421
0.415,0.437
0.44,0.455
0.462,0.515
0.514,0.546
0.527,0.565
0.559,0.568
0.623,0.57
0.646,0.593
0.654,0.602
0.657,0.604
0.666,0.604
0.674,0.604
0.702,0.615
0.715,0.621
0.719,0.628
0.727,0.626
0.726,0.623
0.727,0.602
0.728,0.574
0.728,0.476
0.727,0.429
0.721,0.407
0.715,0.364
0.701,0.29
0.701,0.218
0.68,0.189
0.66,0.167
0.634,0.166
0.616,0.165
0.576,0.165
0.505,0.161
0.506,0.16
0.524,0.161
0.533,0.165
0.578,0.169
0.664,0.172
0.677,0.181
0.683,0.182
0.681,0.184
0.682,0.184
0.681,0.184
0.679,0.184
0.679,0.185
0.68,0.185
0.679,0.185
0.677,0.184
0.674,0.185
0.674,0.185
0.674,0.185
0.673,0.174
0.678,0.167
0.679,0.148
0.68,0.148
0.681,0.144
0.681,0.143
0.681,0.143
0.681,0.141
0.679,0.139
0.677,0.139
0.675,0.148
0.665,0.152
0.659,0.163
0.658,0.165
0.659,0.166
0.659,0.177
0.599,0.18
0.599,0.184
0.601,0.188
0.598,0.19
0.591,0.191
0.593,0.192
0.592,0.193
0.589,0.198
0.597,0.209
0.606,0.22
0.621,0.257
0.629,0.304
0.648,0.323
0.674,0.325
0.676,0.33
0.679,0.334
0.702,0.354
0.741,0.362
0.759,0.39
0.795,0.405
0.821,0.434
0.822,0.467
0.822,0.477
0.826,0.477
0.829,0.481
0.833,0.49
0.838,0.499
0.856,0.507
0.862,0.529
0.862,0.544
0.861,0.547
0.861,0.548
0.862,0.548
0.863,0.548
0.863,0.548
0.864,0.556
0.863,0.565
0.857,0.572
0.854,0.574
0.85,0.576
0.85,0.576
0.85,0.574
0.85,0.577
0.85,0.577
0.85,0.578
0.849,0.578
0.848,0.577
0.843,0.573
0.838,0.556
0.836,0.545
0.835,0.545
0.835,0.545
0.835,0.511
0.811,0.429
0.772,0.4
0.765,0.367
0.761,0.349
0.757,0.333
0.76,0.31
0.758,0.28
0.765,0.267
0.767,0.25
0.773,0.247
0.782,0.255
0.783,0.27
0.837,0.315
0.911,0.434
0.932,0.556
0.93,0.606
0.92,0.628
0.908,0.638
0.907,0.653
0.905,0.668
0.906,0.684
0.906,0.683
0.907,0.684
0.905,0.679
0.906,0.674
0.905,0.662
0.905,0.619
0.906,0.579
0.906,0.526
0.906,0.464
0.879,0.406
0.807,0.366
0.783,0.342
0.783,0.305
0.777,0.28
0.775,0.261
0.78,0.238
0.77,0.231
0.76,0.222
0.752,0.214
0.751,0.196
0.75,0.189
0.734,0.181
0.712,0.167
0.676,0.144
0.647,0.122
0.605,0.12
0.565,0.123
0.547,0.124
0.472,0.124
0.424,0.124
0.383,0.125
0.34,0.128
0.326,0.129
0.298,0.131
0.284,0.133
0.25,0.138
0.243,0.14
0.236,0.141
0.231,0.142
0.213,0.143
0.211,0.143
0.202,0.144
0.206,0.143
0.192,0.137
0.18,0.126
0.181,0.11
0.184,0.103
0.178,0.096
0.165,0.095
0.17,0.094
0.166,0.094
0.098,0.096
0.081,0.097
0.079,0.098
0.079,0.098
0.057,0.099
0.044,0.1
0.034,0.101
0.035,0.102
0.035,0.103
0.029,0.103
0.013,0.102
0.009,0.102
0.005,0.102
0.009,0.102
0.0,0.103
0.0,0.102
-0.006,0.101
-0.018,0.102
-0.029,0.103
-0.055,0.103
-0.08,0.103
-0.088,0.103
-0.091,0.106
-0.096,0.107
-0.098,0.108
-0.097,0.111
-0.096,0.113
-0.095,0.113
-0.096,0.115
-0.1,0.12
-0.104,0.122
-0.102,0.122
-0.102,0.122
-0.1,0.123
-0.1,0.123
-0.101,0.124
-0.103,0.124
-0.113,0.124
-0.117,0.124
-0.125,0.124
-0.125,0.125
-0.137,0.125
-0.158,0.125
-0.167,0.126
-0.171,0.126
-0.175,0.126
-0.189,0.126
-0.194,0.126
-0.195,0.126
-0.193,0.126
-0.19,0.126
-0.188,0.126
-0.186,0.126
-0.185,0.126
-0.186,0.126
-0.186,0.126
-0.187,0.126
-0.186,0.126
-0.186,0.126
-0.187,0.126
-0.186,0.126
-0.188,0.126
-0.191,0.126
-0.193,0.126
-0.193,0.127
-0.194,0.127
-0.194,0.127
-0.197,0.127
-0.199,0.126
-0.203,0.127
-0.205,0.126
-0.214,0.127
-0.224,0.126
-0.229,0.126
-0.247,0.126
-0.252,0.127
-0.251,0.126
-0.25,0.126
-0.25,0.126
-0.252,0.126
-0.256,0.126
-0.255,0.126
-0.256,0.127
-0.259,0.126
-0.258,0.128
-0.258,0.144
-0.271,0.15
-0.316,0.152
-0.315,0.158
-0.309,0.166
-0.305,0.181
-0.292,0.188
-0.289,0.191
-0.288,0.199
-0.288,0.209
-0.288,0.212
-0.287,0.213
-0.287,0.213
-0.287,0.212
-0.288,0.211
-0.287,0.208
-0.287,0.206
-0.287,0.206
-0.287,0.206
-0.287,0.206
-0.287,0.206
-0.287,0.205
-0.286,0.205
-0.287,0.204
-0.287,0.205
-0.286,0.204
-0.287,0.205
-0.286,0.204
-0.286,0.205
-0.286,0.205
-0.286,0.204
-0.286,0.205
-0.286,0.204
-0.286,0.205
-0.286,0.2
-0.286,0.199
-0.286,0.197
-0.286,0.193
-0.286,0.191
-0.286,0.191
-0.286,0.191
-0.286,0.19
-0.286,0.191
-0.286,0.191
-0.286,0.191
-0.286,0.191
-0.286,0.191
-0.286,0.191
-0.286,0.191
-0.286,0.191
-0.286,0.191
-0.286,0.191
-0.286,0.19
-0.286,0.188
-0.286,0.186
-0.286,0.186
-0.286,0.185
-0.213,0.187
-0.11,0.19
-0.035,0.211
-0.01,0.299
-0.016,0.315
-0.027,0.313
-0.036,0.302
-0.077,0.298
-0.071,0.293
-0.054,0.29
-0.05,0.289
-0.05,0.29
-0.05,0.289
-0.05,0.289
-0.027,0.289
-0.008,0.288
0.0,0.289
-0.009,0.289
-0.016,0.288
-0.031,0.289
-0.101,0.289
-0.109,0.288
-0.116,0.288
-0.121,0.288
-0.13,0.287
-0.148,0.286
-0.156,0.281
-0.159,0.264
-0.162,0.241
-0.169,0.236
-0.174,0.227
-0.176,0.223
-0.186,0.219
-0.202,0.223
-0.215,0.225
-0.218,0.233
-0.226,0.242
-0.224,0.245
-0.222,0.246
-0.216,0.246
-0.213,0.249
-0.214,0.246
-0.214,0.247
-0.214,0.247
-0.213,0.248
-0.213,0.247
-0.21,0.282
-0.21,0.293
-0.212,0.309
-0.213,0.31
-0.216,0.309
-0.216,0.308
-0.22,0.308
-0.227,0.309
-0.226,0.309
-0.227,0.312
-0.226,0.315
-0.227,0.316
-0.225,0.319
-0.222,0.32
-0.213,0.319
-0.202,0.319
-0.197,0.317
-0.197,0.315
-0.196,0.315
-0.194,0.314
-0.193,0.314
-0.193,0.318
-0.193,0.328
-0.193,0.349
-0.193,0.352
-0.193,0.381
-0.193,0.384
-0.193,0.386
-0.193,0.387
-0.193,0.393
-0.193,0.391
-0.179,0.391
-0.178,0.392
-0.178,0.39
-0.175,0.384
-0.159,0.377
-0.12,0.368
-0.1,0.366
-0.106,0.366
-0.107,0.366
-0.112,0.366
-0.061,0.366
-0.017,0.349
0.0,0.33
0.0,0.317
0.0,0.301
0.0,0.293
0.0,0.255
0.015,0.253
0.039,0.243
0.124,0.239
0.184,0.236
0.204,0.235
0.264,0.237
0.265,0.231
0.248,0.228
0.244,0.228
0.243,0.229
0.22,0.232
0.188,0.227
0.188,0.229
0.195,0.229
0.197,0.216
0.195,0.217
0.185,0.201
0.182,0.201
0.175,0.202
0.163,0.198
0.156,0.187
0.154,0.188
0.152,0.187
0.142,0.184
0.143,0.174
0.138,0.17
0.135,0.169
0.132,0.167
0.139,0.169
0.14,0.166
0.143,0.167
0.146,0.168
0.149,0.171
0.149,0.176
0.146,0.186
0.118,0.188
0.118,0.29
0.149,0.328
0.151,0.336
0.242,0.358
0.292,0.38
0.298,0.419
0.311,0.435
0.347,0.458
0.376,0.465
0.502,0.468
0.567,0.473
0.586,0.473
0.585,0.477
0.585,0.487
0.59,0.511
0.597,0.549
0.628,0.559
0.653,0.576
0.672,0.588
0.715,0.59
0.724,0.597
0.749,0.602
0.766,0.608
0.77,0.616
0.778,0.62
0.778,0.629
0.782,0.645
0.816,0.652
0.826,0.653
0.864,0.651
0.89,0.653
0.905,0.652
0.903,0.652
0.895,0.652
0.88,0.651
0.869,0.651
0.862,0.651
0.851,0.649
0.83,0.649
0.815,0.651
0.791,0.652
0.734,0.664
0.614,0.664
0.564,0.666
0.505,0.666
0.341,0.666
0.255,0.667
0.052,0.672
-0.001,0.681
-0.107,0.698
-0.219,0.732
-0.309,0.739
-0.319,0.738
-0.32,0.742
-0.331,0.742
-0.334,0.745
-0.354,0.746
-0.371,0.749
-0.401,0.765
-0.425,0.768
-0.436,0.766
-0.438,0.766
-0.465,0.766
-0.49,0.766
-0.513,0.762
-0.521,0.76
-0.533,0.759
-0.537,0.758
-0.536,0.756
-0.537,0.755
-0.541,0.752
-0.539,0.753
-0.539,0.754
-0.539,0.758
-0.538,0.758
-0.538,0.763
-0.537,0.763
-0.534,0.762
-0.513,0.759
-0.513,0.755
-0.513,0.741
-0.513,0.74
-0.513,0.739
-0.512,0.736
-0.513,0.714
-0.512,0.688
-0.472,0.672
-0.462,0.625
-0.454,0.621
-0.456,0.621
-0.46,0.623
-0.467,0.636
-0.469,0.629
-0.47,0.597
-0.465,0.588
-0.442,0.589
-0.345,0.598
-0.305,0.617
-0.298,0.619
-0.297,0.664
-0.296,0.693
-0.296,0.692
-0.293,0.682
-0.294,0.675
-0.293,0.674
-0.291,0.648
-0.286,0.621
-0.283,0.602
-0.286,0.578
-0.286,0.567
-0.286,0.522
-0.286,0.484
-0.288,0.457
-0.288,0.445
-0.29,0.422
-0.29,0.398
-0.281,0.389
-0.273,0.39
-0.253,0.389
-0.243,0.381
-0.244,0.379
-0.25,0.376
-0.271,0.364
-0.273,0.357
-0.274,0.345
-0.274,0.349
-0.274,0.357
-0.274,0.375
-0.274,0.377
-0.28,0.42
-0.291,0.434
-0.292,0.435
-0.292,0.431
-0.299,0.418
-0.302,0.417
-0.339,0.417
-0.342,0.419
-0.343,0.433
-0.344,0.441
-0.348,0.464
-0.351,0.504
-0.351,0.53
-0.349,0.564
-0.35,0.57
-0.354,0.597
-0.354,0.615
-0.357,0.622
-0.364,0.641
-0.376,0.659
-0.381,0.661
-0.394,0.665
-0.395,0.668
-0.404,0.672
-0.412,0.674
-0.41,0.681
-0.409,0.694
-0.407,0.694
-0.41,0.693
-0.42,0.693
-0.419,0.692
-0.422,0.692
-0.42,0.691
-0.42,0.688
-0.418,0.687
-0.419,0.687
-0.419,0.688
-0.414,0.69
-0.413,0.709
-0.415,0.724
-0.416,0.727
-0.42,0.726
-0.422,0.726
-0.421,0.728
-0.424,0.728
-0.435,0.727
-0.437,0.727
-0.44,0.726
-0.439,0.717
-0.437,0.707
-0.436,0.696
-0.436,0.672
-0.432,0.634
-0.425,0.538
-0.422,0.499
-0.411,0.437
-0.409,0.416
-0.407,0.392
-0.342,0.355
-0.257,0.329
-0.236,0.302
-0.161,0.289
-0.105,0.278
-0.061,0.276
-0.049,0.279
-0.035,0.282
-0.032,0.289
-0.024,0.288
-0.016,0.291
-0.013,0.293
-0.02,0.298
-0.021,0.313
-0.021,0.313
-0.021,0.319
-0.022,0.332
-0.022,0.348
-0.022,0.348
-0.022,0.349
-0.023,0.349
-0.026,0.349
-0.036,0.35
-0.058,0.35
-0.084,0.353
-0.079,0.353
-0.089,0.355
-0.104,0.354
-0.107,0.357
-0.101,0.358
-0.109,0.368
-0.123,0.388
-0.149,0.409
-0.172,0.411
-0.235,0.413
-0.251,0.417
-0.25,0.419
-0.247,0.428
-0.247,0.437
-0.247,0.445
-0.248,0.451
-0.281,0.455
-0.301,0.46
-0.301,0.463
-0.301,0.47
-0.312,0.49
-0.321,0.495
-0.324,0.496
-0.335,0.5
-0.34,0.505
-0.339,0.512
-0.341,0.513
-0.371,0.524
-0.384,0.529
-0.423,0.531
-0.437,0.531
-0.453,0.53
-0.453,0.53
-0.456,0.531
-0.448,0.533
-0.448,0.533
-0.447,0.533
-0.447,0.535
-0.442,0.539
-0.434,0.542
-0.428,0.542
-0.424,0.541
-0.422,0.548
-0.422,0.564
-0.422,0.569
-0.422,0.571
-0.422,0.57
-0.422,0.569
-0.422,0.569
-0.422,0.57
-0.422,0.57
-0.421,0.569
-0.422,0.569
-0.422,0.569
-0.42,0.569
-0.421,0.569
-0.42,0.569
-0.42,0.568
-0.42,0.568
-0.42,0.567
-0.42,0.567
-0.42,0.567
-0.42,0.565
-0.42,0.565
-0.42,0.565
-0.42,0.566
-0.42,0.565
-0.419,0.564
-0.419,0.561
-0.42,0.561
-0.42,0.56
-0.419,0.557
-0.42,0.557
-0.42,0.556
-0.42,0.553
-0.42,0.553
-0.419,0.553
-0.419,0.552
-0.42,0.551
-0.42,0.55
-0.419,0.551
-0.419,0.551
-0.419,0.55
-0.419,0.549
-0.419,0.547
-0.414,0.546
-0.411,0.538
-0.41,0.539
-0.41,0.539
-0.41,0.539
-0.41,0.531
-0.408,0.531
-0.409,0.527
-0.409,0.522
-0.408,0.509
-0.408,0.478
-0.408,0.46
-0.408,0.449
-0.408,0.444
-0.408,0.43
-0.408,0.422
-0.408,0.42
-0.408,0.395
-0.408,0.397
-0.408,0.395
-0.408,0.394
-0.408,0.39
-0.408,0.39
-0.408,0.388
-0.408,0.378
-0.408,0.378
-0.408,0.377
-0.409,0.368
-0.409,0.366
-0.409,0.343
-0.41,0.343
-0.41,0.34
-0.41,0.341
-0.411,0.338
-0.411,0.339
-0.411,0.339
-0.411,0.335
-0.411,0.34
-0.411,0.34
-0.46,0.337
-0.47,0.333
-0.47,0.33
-0.47,0.322
-0.469,0.315
-0.469,0.316
-0.469,0.314
-0.468,0.308
-0.468,0.301
-0.468,0.276
-0.467,0.271
-0.461,0.27
-0.447,0.264
-0.444,0.263
-0.444,0.262
-0.444,0.252
-0.443,0.25
-0.38,0.25
-0.299,0.23
-0.086,0.223
-0.062,0.226
-0.062,0.223
-0.07,0.215
-0.071,0.219
-0.064,0.212
-0.078,0.21
-0.09,0.215
-0.286,0.219
-0.339,0.22
-0.354,0.218
-0.397,0.217
-0.465,0.217
-0.463,0.216
-0.457,0.22
-0.456,0.219
-0.45,0.219
-0.442,0.22
-0.441,0.22
-0.388,0.221
-0.309,0.22
-0.267,0.22
-0.109,0.22
0.037,0.223
0.12,0.223
0.287,0.223
0.479,0.233
0.539,0.236
0.609,0.24
0.638,0.246
0.683,0.272
0.7,0.294
0.699,0.306
0.699,0.323
0.704,0.338
0.706,0.355
0.713,0.384
0.73,0.392
0.77,0.393
0.786,0.398
0.786,0.403
0.786,0.404
0.788,0.413
0.787,0.413
0.786,0.417
0.787,0.417
0.787,0.421
0.786,0.421
0.779,0.423
0.77,0.424
0.77,0.424
0.771,0.427
0.771,0.431
0.774,0.43
0.776,0.432
0.779,0.43
0.779,0.431
0.776,0.431
0.774,0.432
0.773,0.43
0.774,0.43
0.776,0.43
0.777,0.432
0.79,0.436
0.818,0.435
0.86,0.442
0.869,0.461
0.871,0.474
0.868,0.488
0.867,0.501
0.867,0.503
0.868,0.512
0.869,0.515
0.869,0.521
0.875,0.522
0.878,0.522
0.889,0.522
0.944,0.524
1.0,0.525
1.0,0.524
1.0,0.524
0.999,0.522
0.998,0.522
0.982,0.518
0.98,0.517
0.978,0.511
0.976,0.509
0.976,0.505
0.972,0.501
0.912,0.501
0.857,0.5
0.852,0.5
0.847,0.499
0.85,0.5
0.851,0.499
0.855,0.495
0.856,0.492
0.851,0.491
0.828,0.491
0.824,0.49
0.826,0.491
0.828,0.491
0.826,0.49
0.829,0.49
0.83,0.491
0.833,0.491
0.833,0.492
0.832,0.491
0.831,0.477
0.831,0.466
0.83,0.43
0.83,0.433
0.83,0.44
0.831,0.449
0.831,0.466
0.836,0.527
0.838,0.599
0.843,0.611
0.852,0.616
0.853,0.613
0.852,0.616
0.854,0.614
0.856,0.614
0.856,0.614
0.858,0.614
0.857,0.614
0.858,0.614
0.905,0.612
0.936,0.604
0.967,0.602
0.961,0.602
0.95,0.601
0.914,0.6
0.899,0.597
0.89,0.597
0.88,0.597
0.878,0.597
0.877,0.595
0.878,0.591
0.878,0.584
0.878,0.585
0.881,0.585
0.884,0.585
0.886,0.584
0.89,0.585
0.898,0.586
0.899,0.585
0.899,0.584
0.899,0.585
0.899,0.584
0.899,0.579
0.9,0.576
0.899,0.559
0.9,0.544
0.899,0.543
0.899,0.538
0.899,0.524
0.899,0.513
0.897,0.514
0.897,0.511
0.897,0.503
0.896,0.492
0.89,0.485
0.889,0.486
0.877,0.475
0.804,0.467
0.752,0.46
0.544,0.444
0.282,0.443
0.104,0.439
-0.08,0.421
-0.14,0.41
-0.305,0.412
-0.315,0.411
-0.304,0.403
-0.299,0.398
-0.292,0.398
-0.308,0.392
-0.386,0.399
-0.386,0.397
-0.382,0.395
-0.383,0.393
-0.399,0.4
-0.408,0.416
-0.406,0.421
-0.509,0.474
-0.539,0.488
-0.547,0.491
-0.556,0.492
-0.612,0.493
-0.617,0.492
-0.615,0.487
-0.615,0.468
-0.614,0.468
-0.613,0.468
-0.613,0.468
-0.613,0.461
-0.613,0.433
-0.612,0.407
-0.612,0.4
-0.612,0.4
-0.612,0.401
-0.611,0.399
-0.613,0.395
-0.616,0.394
-0.622,0.394
-0.622,0.39
-0.623,0.398
-0.622,0.39
-0.62,0.394
-0.617,0.389
-0.616,0.382
-0.614,0.379
-0.613,0.382
-0.612,0.372
-0.611,0.374
-0.608,0.374
-0.608,0.372
-0.608,0.363
-0.608,0.355
-0.611,0.346
-0.611,0.351
-0.611,0.341
-0.609,0.337
-0.606,0.33
-0.599,0.323
-0.599,0.316
-0.599,0.314
-0.599,0.313
-0.599,0.312
-0.572,0.302
-0.552,0.29
-0.527,0.276
-0.519,0.278
-0.504,0.278
-0.481,0.269
-0.481,0.274
-0.48,0.28
-0.478,0.283
-0.475,0.285
-0.477,0.287
-0.478,0.289
-0.479,0.289
-0.484,0.29
-0.487,0.29
-0.488,0.289
-0.492,0.29
-0.496,0.291
-0.497,0.291
-0.503,0.29
-0.505,0.291
-0.505,0.291
-0.505,0.292
-0.506,0.293
-0.505,0.296
-0.506,0.295
-0.506,0.297
-0.506,0.3
-0.506,0.3
-0.507,0.301
-0.509,0.303
-0.509,0.303
-0.508,0.305
-0.507,0.306
-0.507,0.307
-0.508,0.306
-0.507,0.307
-0.507,0.307
-0.508,0.307
-0.508,0.307
-0.508,0.307
-0.507,0.306
-0.508,0.31
-0.508,0.31
-0.508,0.31
-0.507,0.31
-0.507,0.31
-0.497,0.31
-0.486,0.31
-0.417,0.31
-0.397,0.31
-0.375,0.311
-0.348,0.31
-0.336,0.31
-0.302,0.311
-0.242,0.311
-0.189,0.311
-0.171,0.31
-0.132,0.311
-0.098,0.311
-0.051,0.31
-0.041,0.31
-0.037,0.311
-0.035,0.31
-0.036,0.31
-0.034,0.31
-0.029,0.308
-0.021,0.309
-0.02,0.308
-0.021,0.308
-0.023,0.309
-0.023,0.308
-0.023,0.307
-0.023,0.304
-0.024,0.303
-0.024,0.299
-0.024,0.3
-0.04,0.298
-0.04,0.3
-0.06,0.3
-0.092,0.299
-0.101,0.3
-0.107,0.3
-0.107,0.3
-0.119,0.3
-0.121,0.3
-0.147,0.3
-0.15,0.3
-0.158,0.301
-0.182,0.301
-0.185,0.302
-0.185,0.302
-0.185,0.302
-0.188,0.302
-0.188,0.301
-0.187,0.301
-0.185,0.302
-0.183,0.302
-0.18,0.302
-0.174,0.302
-0.169,0.302
-0.167,0.302
-0.165,0.297
-0.162,0.302
-0.161,0.302
-0.16,0.302
-0.16,0.302
-0.16,0.302
-0.16,0.302
-0.159,0.302
-0.159,0.303
-0.159,0.302
-0.158,0.302
-0.158,0.302
-0.159,0.302
-0.158,0.302
-0.158,0.302
-0.158,0.302
-0.158,0.302
-0.158,0.303
-0.158,0.304
-0.157,0.303
-0.142,0.303
-0.141,0.303
-0.141,0.304
-0.14,0.303
-0.138,0.303
-0.137,0.303
-0.136,0.304
-0.114,0.303
-0.103,0.304
-0.043,0.302
-0.008,0.302
-0.001,0.302
0.0,0.302
0.002,0.302
0.022,0.302
0.036,0.295
0.04,0.28
0.058,0.259
0.075,0.254
0.084,0.268
0.094,0.267
0.094,0.253
0.093,0.254
0.094,0.248
0.093,0.258
0.092,0.257
0.092,0.252
0.09,0.256
0.089,0.257
0.089,0.276
0.086,0.281
0.086,0.29
0.086,0.294
0.087,0.294
0.087,0.295
0.088,0.295
0.09,0.295
0.091,0.295
0.091,0.296
0.091,0.295
0.092,0.296
0.092,0.296
0.094,0.296
0.102,0.295
0.112,0.296
0.12,0.296
0.118,0.325
0.118,0.364
0.12,0.372
0.123,0.405
0.124,0.417
0.132,0.421
0.126,0.458
0.101,0.466
0.099,0.479
0.099,0.481
0.075,0.487
-0.04,0.496
-0.126,0.501
-0.229,0.508
-0.261,0.514
-0.283,0.511
-0.34,0.507
-0.372,0.506
-0.407,0.505
-0.43,0.504
-0.46,0.5
-0.461,0.5
-0.463,0.499
-0.504,0.497
-0.525,0.496
-0.524,0.492
-0.521,0.484
-0.522,0.482
-0.524,0.481
-0.521,0.48
-0.516,0.48
-0.503,0.481
-0.5,0.481
-0.459,0.482
-0.456,0.481
-0.455,0.481
-0.441,0.481
-0.434,0.466
-0.418,0.418
-0.365,0.405
-0.341,0.402
-0.168,0.403
-0.104,0.402
-0.016,0.394
0.0,0.396
0.019,0.39
0.043,0.392
0.049,0.394
0.056,0.392
0.067,0.396
0.067,0.396
0.065,0.396
0.065,0.399
0.064,0.402
0.062,0.402
0.061,0.402
0.058,0.403
0.054,0.403
0.059,0.402
0.094,0.402
0.121,0.403
0.114,0.403
-0.033,0.401
-0.134,0.389
-0.396,0.384
-0.396,0.385
-0.405,0.409
-0.42,0.418
-0.435,0.482
-0.465,0.562
-0.524,0.616
-0.552,0.619
-0.567,0.649
-0.581,0.698
-0.62,0.736
-0.626,0.74
-0.637,0.762
-0.664,0.778
-0.666,0.809
-0.661,0.809
-0.65,0.812
-0.649,0.813
-0.65,0.817
-0.649,0.824
-0.649,0.835
-0.649,0.891
-0.648,0.905
-0.646,0.915
-0.643,0.931
-0.629,0.935
-0.58,0.943
-0.452,0.944
-0.342,0.944
-0.168,0.944
-0.065,0.946
0.087,0.946
0.309,0.946
0.401,0.946
0.524,0.949
0.602,0.949
0.661,0.95
0.681,0.95
0.685,0.949
0.686,0.946
0.685,0.944
0.686,0.94
0.708,0.937
0.74,0.925
0.777,0.924
0.785,0.924
0.791,0.887
0.793,0.847
0.788,0.817
0.781,0.78
0.781,0.77
0.8,0.746
0.805,0.741
0.805,0.74
0.807,0.741
0.815,0.741
0.813,0.742
0.812,0.743
0.812,0.744
0.812,0.745
0.812,0.745
0.811,0.744
0.811,0.745
0.82,0.745
0.825,0.745
0.823,0.745
0.818,0.747
0.802,0.749
0.802,0.751
0.761,0.756
0.702,0.761
0.679,0.766
0.603,0.765
0.563,0.766
0.497,0.766
0.428,0.766
0.405,0.768
0.375,0.768
0.361,0.768
0.352,0.768
0.334,0.768
0.29,0.768
0.281,0.769
0.287,0.768
0.285,0.769
0.27,0.769
0.266,0.769
0.27,0.769
0.274,0.77
0.274,0.769
0.272,0.77
0.257,0.77
0.263,0.77
0.262,0.769
0.265,0.77
0.263,0.769
0.255,0.769
0.25,0.769
0.248,0.769
0.25,0.769
0.237,0.769
0.234,0.769
0.229,0.771
0.234,0.779
0.235,0.78
0.235,0.78
0.236,0.781
0.237,0.78
0.24,0.779
0.238,0.777
0.24,0.777
0.242,0.763
0.24,0.732
0.239,0.7
0.241,0.689
0.241,0.67
0.257,0.647
0.259,0.646
0.259,0.637
0.259,0.636
0.259,0.634
0.259,0.631
0.258,0.63
0.256,0.625
0.257,0.627
0.258,0.625
0.259,0.624
0.26,0.621
0.26,0.626
0.261,0.623
0.261,0.626
0.261,0.628
0.262,0.628
0.261,0.628
0.261,0.628
0.262,0.628
0.262,0.629
0.246,0.63
0.207,0.63
0.195,0.629
0.179,0.629
0.167,0.629
0.152,0.629
0.146,0.619
0.143,0.606
0.141,0.599
0.142,0.576
0.137,0.562
0.137,0.549
0.124,0.549
0.1,0.53
0.103,0.517
0.084,0.508
0.056,0.505
0.033,0.49
0.032,0.479
0.034,0.469
0.022,0.451
0.022,0.441
0.022,0.437
0.022,0.421
0.021,0.414
0.021,0.415
0.022,0.425
0.021,0.435
0.021,0.446
0.022,0.448
0.04,0.449
0.04,0.449
0.154,0.449
0.219,0.449
0.225,0.45
0.233,0.45
0.239,0.449
0.251,0.449
0.251,0.451
0.272,0.45
0.322,0.45
0.343,0.477
0.432,0.49
0.599,0.526
0.658,0.542
0.69,0.577
0.691,0.609
0.686,0.634
0.676,0.659
0.674,0.674
0.674,0.685
0.672,0.71
0.672,0.71
0.761,0.71
0.807,0.713
0.888,0.719
0.944,0.726
0.945,0.733
0.946,0.746
0.946,0.758
0.945,0.781
0.945,0.784
0.946,0.784
0.946,0.78
0.947,0.775
0.946,0.758
0.946,0.76
0.944,0.759
0.942,0.758
0.931,0.758
0.922,0.758
0.903,0.758
0.884,0.758
0.886,0.758
0.772,0.759
0.721,0.761
0.681,0.769
0.602,0.777
0.58,0.785
0.565,0.791
0.53,0.797
0.502,0.793
0.478,0.783
0.443,0.77
0.43,0.77
0.419,0.743
0.413,0.717
0.396,0.67
0.381,0.663
0.379,0.659
0.364,0.66
0.334,0.664
0.295,0.664
0.277,0.663
0.277,0.638
0.281,0.629
0.289,0.601
0.296,0.57
0.303,0.563
0.303,0.54
0.303,0.533
0.306,0.535
0.311,0.544
0.312,0.566
0.312,0.567
0.313,0.64
0.315,0.658
0.317,0.664
0.317,0.668
0.317,0.671
0.317,0.671
0.317,0.67
0.317,0.661
0.317,0.646
0.317,0.646
0.317,0.641
0.317,0.573
0.324,0.563
0.338,0.536
0.353,0.526
0.378,0.523
0.379,0.514
0.372,0.517
0.368,0.518
0.365,0.519
0.364,0.522
0.358,0.522
0.353,0.522
0.352,0.53
0.353,0.538
0.353,0.547
0.347,0.549
0.289,0.548
0.289,0.55
0.285,0.55
0.286,0.559
0.284,0.567
0.272,0.576
0.267,0.588
0.258,0.601
0.246,0.609
0.246,0.609
0.242,0.614
0.24,0.625
0.234,0.624
0.233,0.625
0.229,0.627
0.226,0.626
0.231,0.629
0.235,0.63
0.235,0.628
0.241,0.625
0.242,0.624
0.242,0.617
0.242,0.61
0.243,0.602
0.244,0.602
0.243,0.609
0.243,0.634
0.246,0.659
0.246,0.737
0.246,0.758
0.246,0.759
0.253,0.773
0.257,0.782
0.259,0.826
0.259,0.856
0.272,0.882
0.277,0.887
0.277,0.89
0.276,0.908
0.273,0.915
0.273,0.932
0.274,0.944
0.301,0.954
0.35,0.966
0.434,0.974
0.52,0.978
0.564,1.0
0.643,1.0
0.677,1.0
0.724,1.0
0.786,1.0
0.811,1.0
0.829,1.0
0.83,1.0
0.83,1.0
0.863,1.0
0.89,0.996
0.931,0.996
0.992,0.988
1.0,0.957
1.0,0.939
1.0,0.905
1.0,0.88
1.0,0.838
1.0,0.779
1.0,0.749
1.0,0.691
1.0,0.667
0.996,0.627
0.991,0.621
0.831,0.613
0.764,0.607
0.672,0.604
0.646,0.603
0.619,0.599
0.599,0.601
0.577,0.601
0.536,0.596
0.532,0.586
0.525,0.586
0.527,0.581
0.522,0.571
0.52,0.564
0.511,0.562
0.513,0.561
0.517,0.559
0.516,0.556
0.513,0.56
0.503,0.559
0.507,0.551
0.511,0.542
0.516,0.542
0.515,0.537
0.514,0.528
0.521,0.522
0.53,0.512
0.531,0.523
0.539,0.511
0.541,0.497
0.541,0.504
0.542,0.503
0.543,0.504
0.543,0.505
0.542,0.49
0.543,0.483
0.543,0.468
0.543,0.462
0.543,0.456
0.543,0.446
0.544,0.431
0.544,0.424
0.539,0.42
0.536,0.415
0.536,0.419
0.537,0.415
0.539,0.405
0.539,0.408
0.541,0.409
0.541,0.405
0.541,0.405
0.541,0.391
0.541,0.39
0.541,0.39
0.541,0.377
0.541,0.377
0.54,0.381
0.539,0.379
0.54,0.366
0.539,0.37
0.539,0.37
0.539,0.372
0.54,0.366
0.539,0.359
0.54,0.359
0.539,0.347
0.538,0.339
0.538,0.33
0.537,0.333
0.535,0.333
0.498,0.331
0.486,0.316
0.452,0.313
0.434,0.319
0.43,0.322
0.428,0.324
0.432,0.325
0.431,0.325
0.43,0.325
0.429,0.325
0.428,0.325
0.429,0.323
0.43,0.321
0.43,0.321
0.432,0.324
0.432,0.325
0.432,0.327
0.43,0.328
0.402,0.328
0.326,0.323
0.291,0.297
0.282,0.304
0.279,0.297
0.251,0.287
0.246,0.276
0.252,0.268
0.23,0.265
0.206,0.264
0.184,0.268
0.18,0.268
0.156,0.276
0.113,0.283
0.056,0.285
0.024,0.285
0.0,0.285
-0.004,0.287
-0.004,0.287
-0.002,0.289
0.0,0.289
0.0,0.292
0.0,0.293
0.0,0.295
0.0,0.302
0.0,0.303
0.0,0.315
0.0,0.372
0.041,0.439
0.077,0.445
0.164,0.458
0.193,0.477
0.205,0.484
0.221,0.509
0.227,0.518
0.236,0.513
0.238,0.512
0.238,0.504
0.242,0.495
0.24,0.492
0.241,0.489
0.24,0.488
0.239,0.481
0.238,0.421
0.237,0.412
0.237,0.387
0.236,0.385
0.236,0.36
0.236,0.369
0.236,0.341
0.238,0.315
0.239,0.33
0.246,0.332
0.248,0.317
0.248,0.321
0.252,0.317
0.253,0.31
0.253,0.309
0.252,0.323
0.251,0.334
0.248,0.338
0.248,0.361
0.247,0.384
0.246,0.405
0.246,0.413
0.246,0.421
0.246,0.424
0.246,0.432
0.246,0.441
0.246,0.441
0.246,0.451
0.246,0.449
0.246,0.453
0.246,0.452
0.246,0.452
0.246,0.452
0.247,0.45
0.247,0.449
0.246,0.445
0.247,0.445
0.247,0.445
0.247,0.445
0.247,0.447
0.248,0.445
0.248,0.446
0.248,0.446
0.248,0.445
0.247,0.443
0.246,0.441
0.246,0.439
0.244,0.439
0.243,0.441
0.24,0.441
0.239,0.439
0.239,0.435
0.238,0.428
0.238,0.427
0.238,0.426
0.238,0.427
0.238,0.427
0.237,0.428
0.238,0.428
0.238,0.42
0.238,0.417
0.238,0.417
0.238,0.411
0.237,0.407
0.238,0.403
0.238,0.374
0.237,0.38
0.237,0.37
0.236,0.366
0.236,0.366
0.235,0.37
0.234,0.367
0.235,0.352
0.232,0.357
0.232,0.364
0.232,0.364
0.232,0.365
0.231,0.364
0.229,0.362
0.227,0.362
0.221,0.358
0.22,0.344
0.218,0.344
0.218,0.349
0.217,0.338
0.216,0.341
0.216,0.339
0.216,0.344
0.216,0.345
0.217,0.342
0.216,0.334
0.217,0.328
0.217,0.325
0.216,0.323
0.217,0.32
0.217,0.325
0.217,0.326
0.216,0.329
0.216,0.329
0.217,0.328
0.218,0.328
0.217,0.328
0.217,0.333
0.217,0.335
0.218,0.336
0.218,0.338
0.217,0.337
0.217,0.34
0.217,0.342
0.217,0.342
0.217,0.343
0.217,0.343
0.217,0.343
0.217,0.343
0.217,0.343
0.217,0.343
0.217,0.344
0.217,0.343
0.217,0.342
0.217,0.338
0.217,0.337
0.217,0.338
0.218,0.337
0.218,0.336
0.217,0.334
0.217,0.332
0.218,0.325
0.218,0.32
0.216,0.312
0.213,0.317
0.212,0.319
0.213,0.32
0.215,0.319
0.216,0.315
0.216,0.315
0.216,0.317
0.216,0.321
0.216,0.32
0.216,0.316
0.217,0.313
0.217,0.312
0.217,0.309
0.217,0.302
0.217,0.294
0.217,0.285
0.216,0.285
0.216,0.296
0.216,0.297
0.216,0.299
0.217,0.298
0.217,0.297
0.217,0.297
0.217,0.285
0.216,0.283
0.217,0.255
0.221,0.264
0.259,0.288
0.274,0.32
0.293,0.325
0.295,0.468
0.294,0.483
0.294,0.497
0.295,0.511
0.296,0.522
0.298,0.525
0.298,0.528
0.298,0.534
0.298,0.54
0.298,0.538
0.298,0.539
0.297,0.538
0.297,0.535
0.296,0.539
0.295,0.539
0.295,0.541
0.295,0.541
0.295,0.541
0.295,0.538
0.295,0.539
0.295,0.536
0.294,0.528
0.294,0.524
0.293,0.523
0.289,0.52
0.282,0.514
0.272,0.512
0.268,0.513
0.268,0.512
0.268,0.512
0.268,0.511
0.268,0.512
0.268,0.512
0.268,0.512
0.268,0.512
0.268,0.512
0.268,0.511
0.268,0.511
0.268,0.499
0.269,0.496
0.268,0.48
0.268,0.444
0.268,0.427
0.269,0.422
0.269,0.419
0.269,0.409
0.268,0.393
0.268,0.402
0.269,0.39
0.269,0.397
0.268,0.393
0.269,0.397
0.269,0.382
0.268,0.39
0.269,0.379
0.268,0.374
0.268,0.36
0.269,0.348
0.269,0.334
0.27,0.327
0.269,0.324
0.269,0.317
0.223,0.311
0.189,0.302
0.187,0.31
0.188,0.293
0.18,0.28
0.134,0.278
0.054,0.275
0.012,0.272
-0.041,0.247
-0.065,0.261
-0.095,0.238
-0.198,0.238
-0.294,0.251
-0.318,0.258
-0.336,0.253
-0.371,0.231
-0.386,0.227
-0.397,0.235
-0.423,0.244
-0.428,0.25
-0.436,0.253
-0.441,0.253
-0.44,0.252
-0.441,0.255
-0.444,0.258
-0.445,0.257
-0.445,0.255
-0.445,0.251
-0.45,0.253
-0.453,0.254
-0.451,0.257
-0.451,0.251
-0.448,0.251
-0.447,0.244
-0.445,0.256
-0.445,0.255
-0.442,0.255
-0.441,0.247
-0.434,0.244
-0.429,0.245
-0.425,0.216
-0.423,0.236
-0.421,0.228
-0.422,0.214
-0.421,0.229
-0.421,0.223
-0.422,0.226
-0.422,0.229
-0.422,0.231
-0.425,0.233
-0.426,0.236
-0.428,0.238
-0.431,0.24
-0.435,0.242
-0.439,0.242
-0.447,0.248
-0.469,0.249
-0.474,0.25
-0.475,0.25
-0.475,0.25
-0.484,0.251
-0.484,0.25
-0.488,0.242
-0.49,0.229
-0.491,0.203
-0.491,0.193
-0.49,0.2
-0.49,0.183
-0.488,0.166
-0.485,0.143
-0.482,0.144
-0.481,0.141
-0.481,0.14
-0.476,0.143
-0.475,0.144
-0.475,0.146
-0.474,0.145
-0.469,0.144
-0.465,0.142
-0.464,0.139
-0.464,0.134
-0.464,0.133
-0.463,0.134
-0.463,0.133
-0.463,0.144
-0.463,0.161
-0.463,0.286
-0.463,0.333
-0.463,0.347
-0.465,0.362
-0.508,0.405
-0.54,0.418
-0.639,0.433
-0.704,0.46
-0.742,0.535
-0.778,0.6
-0.778,0.617
-0.778,0.652
-0.778,0.657
-0.778,0.657
-0.779,0.659
-0.781,0.659
-0.781,0.658
-0.781,0.659
-0.784,0.659
-0.784,0.661
-0.784,0.661
-0.784,0.66
-0.785,0.66
-0.784,0.659
-0.783,0.657
-0.784,0.657
-0.788,0.654
-0.804,0.653
-0.812,0.653
-0.818,0.653
-0.818,0.653
-0.818,0.653
-0.818,0.653
-0.818,0.653
-0.818,0.653
-0.821,0.651
-0.821,0.632
-0.82,0.631
-0.803,0.631
-0.803,0.631
-0.803,0.631
-0.8,0.629
-0.789,0.607
-0.783,0.541
-0.785,0.546
-0.786,0.503
-0.786,0.483
-0.786,0.492
-0.786,0.496
-0.786,0.499
-0.785,0.501
-0.785,0.501
-0.785,0.501
-0.79,0.512
-0.792,0.525
-0.793,0.533
-0.794,0.632
-0.794,0.681
-0.795,0.721
-0.795,0.74
-0.795,0.743
-0.795,0.745
-0.795,0.748
-0.796,0.768
-0.795,0.776
-0.796,0.779
-0.796,0.779
-0.796,0.778
-0.796,0.777
-0.796,0.778
-0.796,0.777
-0.797,0.778
-0.824,0.779
-0.828,0.782
-0.828,0.781
-0.821,0.782
-0.81,0.781
-0.81,0.784
-0.81,0.786
-0.81,0.788
-0.81,0.8
-0.81,0.806
-0.81,0.809
-0.81,0.815
-0.81,0.814
-0.81,0.814
-0.81,0.815
-0.81,0.815
-0.81,0.815
-0.809,0.815
-0.809,0.813
-0.809,0.808
-0.809,0.803
-0.787,0.793
-0.781,0.787
-0.779,0.788
-0.772,0.788
-0.77,0.788
-0.767,0.775
-0.765,0.775
-0.757,0.773
-0.753,0.774
-0.754,0.774
-0.754,0.769
-0.754,0.755
-0.754,0.73
-0.754,0.713
-0.755,0.706
-0.756,0.691
-0.757,0.668
-0.759,0.659
-0.759,0.646
-0.767,0.621
-0.778,0.608
-0.778,0.593
-0.778,0.599
-0.778,0.578
-0.778,0.581
-0.778,0.589
-0.778,0.602
-0.778,0.622
-0.778,0.635
-0.778,0.731
-0.778,0.747
-0.777,0.771
-0.777,0.775
-0.776,0.792
-0.774,0.798
-0.77,0.798
-0.766,0.798
-0.76,0.798
-0.759,0.798
-0.756,0.797
-0.754,0.798
-0.754,0.798
-0.753,0.797
-0.751,0.797
-0.751,0.796
-0.751,0.797
-0.752,0.797
-0.752,0.798
-0.753,0.795
-0.751,0.79
-0.725,0.779
-0.704,0.778
-0.644,0.779
-0.645,0.783
-0.652,0.785
-0.668,0.786
-0.671,0.789
-0.671,0.791
-0.671,0.794
-0.672,0.794
-0.672,0.795
-0.672,0.796
-0.673,0.801
-0.691,0.803
-0.697,0.815
-0.698,0.835
-0.701,0.839
-0.701,0.858
-0.7,0.869
-0.7,0.874
-0.7,0.877
-0.7,0.875
-0.699,0.877
-0.698,0.875
-0.696,0.875
-0.695,0.873
-0.695,0.871
-0.695,0.871
-0.695,0.87
-0.695,0.869
-0.695,0.865
-0.695,0.86
-0.695,0.856
-0.695,0.856
-0.695,0.855
-0.694,0.855
-0.694,0.854
-0.695,0.851
-0.695,0.85
-0.695,0.85
-0.695,0.85
-0.694,0.85
-0.694,0.85
-0.694,0.85
-0.694,0.85
-0.693,0.849
-0.692,0.85
-0.692,0.85
-0.688,0.85
-0.685,0.85
-0.684,0.843
-0.684,0.84
-0.683,0.819
-0.684,0.799
-0.683,0.782
-0.685,0.785
-0.695,0.787
-0.704,0.789
-0.705,0.789
-0.705,0.79
-0.704,0.79
-0.704,0.773
-0.697,0.775
-0.694,0.775
-0.693,0.785
-0.692,0.8
-0.691,0.801
-0.689,0.807
-0.689,0.812
-0.689,0.813
-0.689,0.813
-0.689,0.813
-0.689,0.814
-0.689,0.813
-0.689,0.814
-0.689,0.814
-0.689,0.815
-0.689,0.814
-0.689,0.814
-0.689,0.813
-0.689,0.814
-0.689,0.813
-0.689,0.814
-0.689,0.814
-0.689,0.813
-0.689,0.809
-0.689,0.809
-0.689,0.809
-0.689,0.809
-0.689,0.809
-0.689,0.808
-0.689,0.808
-0.689,0.809
-0.689,0.809
-0.689,0.809
-0.689,0.808
-0.689,0.8
-0.689,0.769
-0.689,0.73
-0.689,0.714
-0.689,0.71
-0.689,0.706
-0.689,0.694
-0.689,0.677
-0.689,0.656
-0.689,0.631
-0.689,0.613
-0.689,0.585
-0.689,0.567
-0.689,0.559
-0.689,0.558
-0.689,0.537
-0.689,0.525
-0.689,0.507
-0.689,0.497
-0.689,0.479
-0.689,0.477
-0.689,0.468
-0.689,0.46
-0.689,0.437
-0.689,0.433
-0.689,0.43
-0.689,0.435
-0.689,0.428
-0.689,0.427
-0.689,0.398
-0.689,0.374
-0.689,0.342
-0.689,0.331
-0.689,0.288
-0.689,0.257
-0.689,0.261
-0.689,0.24
-0.689,0.238
-0.689,0.226
-0.689,0.242
-0.689,0.245
-0.689,0.259
-0.689,0.265
-0.689,0.27
-0.689,0.353
-0.689,0.417
-0.689,0.456
-0.689,0.488
-0.689,0.498
-0.689,0.501
-0.689,0.505
-0.689,0.492
-0.689,0.486
-0.689,0.481
-0.689,0.481
-0.682,0.481
-0.678,0.474
-0.673,0.398
-0.626,0.375
-0.612,0.371
-0.608,0.358
-0.607,0.362
-0.602,0.35
-0.601,0.343
-0.601,0.34
-0.605,0.32
-0.606,0.328
-0.606,0.315
-0.606,0.317
-0.608,0.295
-0.61,0.258
-0.611,0.279
-0.611,0.281
-0.611,0.227
-0.611,0.216
-0.612,0.229
-0.614,0.238
-0.614,0.242
-0.62,0.229
-0.627,0.227
-0.628,0.226
-0.627,0.232
-0.628,0.224
-0.628,0.221
-0.628,0.222
-0.628,0.227
-0.628,0.236
-0.628,0.248
-0.628,0.255
-0.628,0.259
-0.628,0.259
-0.628,0.259
-0.628,0.258
-0.628,0.259
-0.634,0.26
-0.642,0.262
-0.65,0.342
-0.652,0.418
-0.654,0.453
-0.657,0.465
-0.656,0.477
-0.656,0.477
-0.652,0.477
-0.652,0.477
-0.652,0.478
-0.652,0.478
-0.652,0.477
-0.652,0.477
-0.652,0.476
-0.652,0.453
-0.651,0.452
-0.65,0.45
-0.65,0.45
-0.65,0.445
-0.65,0.442
-0.65,0.442
-0.65,0.442
-0.65,0.441
-0.65,0.44
-0.65,0.441
-0.65,0.441
-0.65,0.436
-0.65,0.427
-0.65,0.388
-0.65,0.388
-0.655,0.368
-0.65,0.364
-0.65,0.363
-0.65,0.369
-0.65,0.386
-0.65,0.392
-0.65,0.396
-0.65,0.396
-0.65,0.398
-0.65,0.398
-0.65,0.398
-0.65,0.399
-0.648,0.399
-0.648,0.399
-0.648,0.399
-0.648,0.399
-0.648,0.4
-0.648,0.4
-0.646,0.4
-0.646,0.4
-0.642,0.4
-0.641,0.4
-0.641,0.401
-0.641,0.4
-0.64,0.401
-0.641,0.4
-0.641,0.4
-0.641,0.4
-0.641,0.4
-0.641,0.4
-0.641,0.401
-0.64,0.401
-0.641,0.401
-0.641,0.401
-0.641,0.401
-0.641,0.402
-0.626,0.401
-0.616,0.402
-0.61,0.401
-0.608,0.402
-0.609,0.402
-0.611,0.401
-0.613,0.401
-0.627,0.402
-0.634,0.402
-0.634,0.402
-0.634,0.401
-0.634,0.402
-0.635,0.402
-0.635,0.401
-0.635,0.402
-0.635,0.402
-0.635,0.402
-0.635,0.402
-0.635,0.402
-0.635,0.401
-0.635,0.402
-0.635,0.402
-0.635,0.401
-0.635,0.401
-0.635,0.402
-0.635,0.402
-0.635,0.398
-0.635,0.402
-0.635,0.402
-0.635,0.402
-0.635,0.401
-0.635,0.401
-0.635,0.401
-0.635,0.402
-0.635,0.402
-0.635,0.401
-0.635,0.401
-0.635,0.402
-0.635,0.402
-0.635,0.401
-0.635,0.401
-0.635,0.402
-0.635,0.394
-0.635,0.385
-0.636,0.382
-0.635,0.377
-0.635,0.372
-0.635,0.357
-0.635,0.349
-0.635,0.329
-0.635,0.34
-0.635,0.341
-0.635,0.328
-0.635,0.332
-0.635,0.366
-0.635,0.37
-0.635,0.411
-0.635,0.474
-0.635,0.483
-0.635,0.49
-0.635,0.495
-0.635,0.495
-0.635,0.495
-0.635,0.495
-0.635,0.495
-0.635,0.495
-0.635,0.495
-0.635,0.495
-0.635,0.495
-0.635,0.495
-0.635,0.495
-0.635,0.486
-0.635,0.475
-0.635,0.474
-0.636,0.473
-0.635,0.473
-0.635,0.471
-0.635,0.463
-0.635,0.461
-0.635,0.449
-0.636,0.435
-0.636,0.403
-0.635,0.388
-0.636,0.377
-0.636,0.395
-0.635,0.394
-0.636,0.391
-0.635,0.381
-0.635,0.381
-0.635,0.389
-0.635,0.388
-0.635,0.389
-0.635,0.396
-0.635,0.408
-0.636,0.41
-0.636,0.412
-0.636,0.412
-0.636,0.413
-0.635,0.413
-0.635,0.413
-0.635,0.415
-0.636,0.413
-0.636,0.414
-0.636,0.414
-0.636,0.414
-0.636,0.414
-0.636,0.415
-0.636,0.415
-0.635,0.414
-0.635,0.415
-0.635,0.415
-0.636,0.415
-0.636,0.415
-0.636,0.414
-0.636,0.414
-0.635,0.415
-0.636,0.415
-0.636,0.414
-0.635,0.415
-0.635,0.415
-0.636,0.415
-0.635,0.415
-0.636,0.414
-0.636,0.415
-0.635,0.415
-0.635,0.415
-0.635,0.415
-0.635,0.415
-0.636,0.415
-0.636,0.415
-0.635,0.415
-0.636,0.415
-0.636,0.415
-0.636,0.415
-0.636,0.415
-0.635,0.415
-0.63,0.415
-0.601,0.416
-0.575,0.415
-0.564,0.416
-0.559,0.415
-0.558,0.415
-0.559,0.415
-0.562,0.415
-0.562,0.415
-0.564,0.415
-0.565,0.416
-0.565,0.414
-0.567,0.407
-0.568,0.403
-0.569,0.38
-0.57,0.374
-0.573,0.368
-0.581,0.355
-0.582,0.362
-0.583,0.36
-0.583,0.36
-0.587,0.345
-0.593,0.335
-0.594,0.325
-0.595,0.323
-0.595,0.315
-0.597,0.31
-0.597,0.308
-0.597,0.266
-0.596,0.277
-0.593,0.28
-0.589,0.268
-0.515,0.276
-0.442,0.27
-0.286,0.257
-0.119,0.262
-0.113,0.259
-0.117,0.227
-0.122,0.208
-0.127,0.233
-0.131,0.216
-0.138,0.217
-0.138,0.204
-0.14,0.197
-0.14,0.204
-0.16,0.204
-0.258,0.209
-0.304,0.209
-0.303,0.257
-0.301,0.309
-0.29,0.343
-0.278,0.351
-0.281,0.351
-0.397,0.351
-0.43,0.366
-0.484,0.375
-0.534,0.398
-0.558,0.403
-0.59,0.406
-0.635,0.411
-0.663,0.409
-0.671,0.41
-0.667,0.411
-0.667,0.409
-0.667,0.412
-0.668,0.411
-0.67,0.411
-0.673,0.41
-0.686,0.41
-0.686,0.41
-0.685,0.409
-0.669,0.409
-0.669,0.401
-0.668,0.385
-0.668,0.384
-0.668,0.313
-0.668,0.317
-0.668,0.302
-0.667,0.301
-0.658,0.306
-0.656,0.308
-0.651,0.306
-0.624,0.302
-0.611,0.292
-0.607,0.27
-0.603,0.242
-0.603,0.239
-0.602,0.229
-0.601,0.254
-0.6,0.246
-0.589,0.247
-0.578,0.252
-0.576,0.254
-0.575,0.276
-0.572,0.287
-0.567,0.295
-0.565,0.32
-0.559,0.342
-0.561,0.362
-0.566,0.364
-0.584,0.384
-0.599,0.385
-0.624,0.386
-0.627,0.412
-0.629,0.423
-0.63,0.452
-0.627,0.509
-0.627,0.515
-0.627,0.516
-0.627,0.516
-0.628,0.517
-0.629,0.518
-0.629,0.518
-0.631,0.518
-0.63,0.517
-0.63,0.518
-0.635,0.518
-0.639,0.518
-0.654,0.518
-0.666,0.518
-0.668,0.518
-0.667,0.518
-0.664,0.518
-0.653,0.518
-0.652,0.518
-0.652,0.517
-0.652,0.518
-0.652,0.517
-0.652,0.516
-0.652,0.517
-0.652,0.518
-0.652,0.518
-0.652,0.518
-0.655,0.517
-0.664,0.517
-0.677,0.516
-0.689,0.502
-0.694,0.494
-0.697,0.494
-0.698,0.492
-0.697,0.494
-0.698,0.493
-0.698,0.494
-0.698,0.493
-0.698,0.493
-0.697,0.494
-0.695,0.493
-0.692,0.493
-0.69,0.493
-0.69,0.493
-0.69,0.494
-0.69,0.493
-0.69,0.494
-0.691,0.494
-0.692,0.494
-0.692,0.493
-0.694,0.49
-0.694,0.478
-0.696,0.465
-0.698,0.458
-0.701,0.46
-0.707,0.465
-0.714,0.465
-0.727,0.479
-0.744,0.484
-0.753,0.493
-0.753,0.495
-0.752,0.495
-0.752,0.501
-0.752,0.503
-0.753,0.505
-0.756,0.507
-0.757,0.507
-0.76,0.506
-0.76,0.506
-0.76,0.507
-0.76,0.506
-0.759,0.506
-0.759,0.506
-0.759,0.506
-0.76,0.505
-0.76,0.505
-0.761,0.505
-0.763,0.504
-0.765,0.504
-0.766,0.504
-0.765,0.504
-0.763,0.505
-0.76,0.505
-0.761,0.5
-0.762,0.489
-0.767,0.49
-0.77,0.489
-0.771,0.49
-0.772,0.489
-0.772,0.49
-0.773,0.49
-0.773,0.49
-0.776,0.49
-0.777,0.49
-0.78,0.487
-0.788,0.482
-0.791,0.479
-0.792,0.48
-0.792,0.48
-0.791,0.462
-0.791,0.404
-0.789,0.409
-0.787,0.39
-0.784,0.372
-0.781,0.354
-0.78,0.354
-0.778,0.357
-0.776,0.357
-0.775,0.358
-0.773,0.357
-0.772,0.356
-0.772,0.356
-0.772,0.354
-0.772,0.355
-0.772,0.342
-0.772,0.319
-0.772,0.306
-0.772,0.302
-0.772,0.226
-0.772,0.212
-0.771,0.229
-0.769,0.242
-0.769,0.22
-0.769,0.225
-0.769,0.234
-0.769,0.237
-0.767,0.236
-0.762,0.237
-0.758,0.238
-0.753,0.238
-0.754,0.238
-0.754,0.238
-0.754,0.237
-0.755,0.236
-0.756,0.235
-0.756,0.227
-0.757,0.226
-0.76,0.22
-0.76,0.22
-0.763,0.227
-0.763,0.226
-0.765,0.226
-0.765,0.223
-0.765,0.204
-0.765,0.2
-0.765,0.209
-0.764,0.216
-0.75,0.218
-0.742,0.213
-0.743,0.213
-0.744,0.217
-0.747,0.216
-0.747,0.218
-0.748,0.218
-0.75,0.218
-0.75,0.219
-0.748,0.22
-0.735,0.216
-0.722,0.218
-0.676,0.215
-0.666,0.214
-0.647,0.216
-0.64,0.214
-0.642,0.218
-0.649,0.217
-0.664,0.219
-0.665,0.219
-0.665,0.218
-0.667,0.218
-0.683,0.218
-0.694,0.217
-0.698,0.194
-0.717,0.196
-0.731,0.197
-0.75,0.198
-0.752,0.202
-0.754,0.205
-0.763,0.208
-0.778,0.217
-0.787,0.22
-0.792,0.224
-0.796,0.225
-0.801,0.225
-0.803,0.225
-0.805,0.226
-0.806,0.227
-0.806,0.228
-0.806,0.229
-0.806,0.229
-0.806,0.229
-0.806,0.229
-0.804,0.23
-0.803,0.23
-0.793,0.231
-0.79,0.231
-0.79,0.231
-0.79,0.232
-0.79,0.233
-0.789,0.233
-0.772,0.233
-0.767,0.233
-0.753,0.233
-0.743,0.235
-0.744,0.234
-0.747,0.234
-0.747,0.234
-0.75,0.234
-0.751,0.234
-0.751,0.235
-0.75,0.234
-0.747,0.234
-0.747,0.235
-0.747,0.235
-0.748,0.234
-0.748,0.234
-0.748,0.234
-0.749,0.235
-0.749,0.235
-0.749,0.234
-0.749,0.234
-0.749,0.235
-0.749,0.235
-0.748,0.235
-0.748,0.234
-0.748,0.234
-0.748,0.235
-0.748,0.235
-0.749,0.235
-0.75,0.235
-0.751,0.235
-0.751,0.235
-0.753,0.235
-0.76,0.235
-0.76,0.235
-0.761,0.236
-0.762,0.235
-0.762,0.235
-0.762,0.235
-0.762,0.236
-0.762,0.235
-0.762,0.236
-0.762,0.235
-0.762,0.235
-0.761,0.236
-0.76,0.236
-0.759,0.236
-0.76,0.236
-0.759,0.236
-0.757,0.235
-0.751,0.235
-0.749,0.235
-0.734,0.236
-0.711,0.235
-0.713,0.235
-0.718,0.235
-0.719,0.235
-0.72,0.236
-0.721,0.236
-0.724,0.235
-0.73,0.235
-0.738,0.235
-0.738,0.235
-0.738,0.235
-0.738,0.235
-0.738,0.236
-0.738,0.235
-0.738,0.235
-0.739,0.236
-0.739,0.295
-0.72,0.342
-0.715,0.346
-0.715,0.346
-0.715,0.347
-0.717,0.347
-0.714,0.351
-0.7,0.34
-0.7,0.387
-0.704,0.415
-0.704,0.415
-0.689,0.427
-0.687,0.436
-0.685,0.438
-0.687,0.454
-0.682,0.475
-0.66,0.484
-0.657,0.488
-0.659,0.509
-0.664,0.513
-0.664,0.514
-0.643,0.52
-0.646,0.52
-0.651,0.523
-0.65,0.524
-0.651,0.528
-0.654,0.534
-0.655,0.533
-0.657,0.535
-0.659,0.533
-0.658,0.535
-0.658,0.533
-0.661,0.529
-0.663,0.529
-0.663,0.528
-0.663,0.529
-0.663,0.528
-0.663,0.528
-0.663,0.528
-0.663,0.528
-0.663,0.527
-0.662,0.5
-0.662,0.501
-0.662,0.499
-0.663,0.499
-0.663,0.496
-0.663,0.494
-0.666,0.494
-0.665,0.495
-0.664,0.495
-0.661,0.495
-0.664,0.494
-0.666,0.492
-0.667,0.472
-0.664,0.451
-0.662,0.455
-0.658,0.452
-0.658,0.454
-0.657,0.468
-0.657,0.481
-0.648,0.512
-0.62,0.559
-0.613,0.556
-0.604,0.56
-0.605,0.586
-0.605,0.592
-0.604,0.61
-0.606,0.632
-0.609,0.649
-0.611,0.653
-0.613,0.658
-0.615,0.657
-0.618,0.658
-0.623,0.645
-0.628,0.635
-0.629,0.613
-0.629,0.601
-0.629,0.601
-0.632,0.604
-0.63,0.616
-0.63,0.624
-0.631,0.63
-0.631,0.651
-0.631,0.652
-0.631,0.659
-0.631,0.692
-0.631,0.694
-0.631,0.694
-0.631,0.693
-0.631,0.694
-0.631,0.695
-0.631,0.688
-0.631,0.674
-0.63,0.66
-0.631,0.616
-0.631,0.54
-0.631,0.483
-0.631,0.464
-0.631,0.417
-0.63,0.423
-0.627,0.422
-0.617,0.428
-0.611,0.441
-0.603,0.449
-0.596,0.47
-0.589,0.485
-0.582,0.531
-0.583,0.532
-0.586,0.56
-0.588,0.593
-0.589,0.597
-0.597,0.602
-0.599,0.601
-0.599,0.604
-0.598,0.608
-0.598,0.61
-0.599,0.615
-0.599,0.614
-0.599,0.614
-0.598,0.615
-0.599,0.617
-0.599,0.619
-0.599,0.621
-0.599,0.619
-0.6,0.62
-0.601,0.626
-0.601,0.629
-0.601,0.637
-0.601,0.649
-0.601,0.653
-0.601,0.653
-0.601,0.655
-0.599,0.655
-0.599,0.655
-0.596,0.625
-0.564,0.623
-0.546,0.622
-0.54,0.602
-0.543,0.566
-0.548,0.573
-0.549,0.52
-0.558,0.534
-0.555,0.52
-0.555,0.48
-0.556,0.469
-0.562,0.465
-0.566,0.454
-0.566,0.445
-0.566,0.4
-0.566,0.444
-0.567,0.455
-0.567,0.461
-0.567,0.471
-0.567,0.486
-0.567,0.486
-0.567,0.489
-0.567,0.492
-0.567,0.509
-0.567,0.523
-0.567,0.526
-0.567,0.541
-0.567,0.543
-0.567,0.544
-0.517,0.544
-0.513,0.546
-0.51,0.546
-0.507,0.546
-0.506,0.547
-0.512,0.546
-0.514,0.546
-0.515,0.547
-0.513,0.55
-0.512,0.55
-0.512,0.563
-0.515,0.574
-0.518,0.58
-0.523,0.582
-0.525,0.583
-0.524,0.591
-0.524,0.591
-0.524,0.611
-0.524,0.619
-0.524,0.638
-0.524,0.653
-0.524,0.658
-0.524,0.659
-0.524,0.661
-0.524,0.668
-0.524,0.676
-0.524,0.678
-0.524,0.682
-0.524,0.685
-0.524,0.687
-0.524,0.686
-0.524,0.685
-0.524,0.684
-0.524,0.684
-0.524,0.684
-0.524,0.685
-0.524,0.685
-0.524,0.686
-0.524,0.688
-0.524,0.689
-0.524,0.687
-0.524,0.687
-0.524,0.686
-0.524,0.687
-0.524,0.695
-0.524,0.762
-0.524,0.794
-0.524,0.827
-0.524,0.83
-0.521,0.828
-0.484,0.828
-0.458,0.829
-0.446,0.828
-0.452,0.826
-0.469,0.816
-0.506,0.811
-0.552,0.809
-0.58,0.808
-0.59,0.807
-0.596,0.806
-0.604,0.807
-0.619,0.807
-0.615,0.807
-0.618,0.804
-0.615,0.805
-0.614,0.805
-0.612,0.805
-0.61,0.805
-0.609,0.805
-0.609,0.805
-0.607,0.805
-0.606,0.805
-0.606,0.805
-0.606,0.805
-0.606,0.805
-0.604,0.805
-0.603,0.805
-0.602,0.805
-0.604,0.805
-0.607,0.805
-0.608,0.805
-0.61,0.806
-0.61,0.805
-0.611,0.806
-0.611,0.805
-0.61,0.805
-0.606,0.789
-0.599,0.726
-0.592,0.738
-0.591,0.739
-0.59,0.736
-0.59,0.704
-0.589,0.657
-0.59,0.623
-0.59,0.609
-0.57,0.618
-0.563,0.621
-0.559,0.625
-0.557,0.645
-0.558,0.648
-0.559,0.719
-0.565,0.739
-0.575,0.74
-0.581,0.74
-0.581,0.74
-0.582,0.741
-0.582,0.741
-0.582,0.741
-0.582,0.741
-0.582,0.741
-0.582,0.741
-0.582,0.741
-0.583,0.741
-0.583,0.741
-0.582,0.725
-0.582,0.721
-0.583,0.721
-0.583,0.721
-0.582,0.72
-0.582,0.716
-0.582,0.709
-0.582,0.694
-0.583,0.655
-0.582,0.646
-0.583,0.652
-0.582,0.659
-0.582,0.66
-0.583,0.653
-0.583,0.644
-0.59,0.642
-0.594,0.644
-0.598,0.617
-0.598,0.599
-0.598,0.565
-0.598,0.563
-0.598,0.538
-0.599,0.509
-0.599,0.496
-0.599,0.48
-0.599,0.449
-0.599,0.446
-0.596,0.455
-0.595,0.463
-0.593,0.466
-0.593,0.468
-0.593,0.469
-0.592,0.472
-0.59,0.494
-0.587,0.503
-0.587,0.539
-0.587,0.543
-0.587,0.548
-0.587,0.548
-0.587,0.549
-0.587,0.55
-0.587,0.55
-0.587,0.55
-0.586,0.55
-0.586,0.549
-0.587,0.55
-0.587,0.55
-0.587,0.549
-0.587,0.549
-0.587,0.549
-0.587,0.548
-0.587,0.548
-0.586,0.548
-0.586,0.535
-0.587,0.529
-0.586,0.529
-0.587,0.529
-0.587,0.529
-0.587,0.529
-0.586,0.529
-0.587,0.529
-0.587,0.529
-0.587,0.528
-0.587,0.529
-0.587,0.528
-0.587,0.529
-0.587,0.528
-0.587,0.529
-0.586,0.529
-0.587,0.528
-0.587,0.529
-0.587,0.529
-0.587,0.529
-0.587,0.529
-0.587,0.529
-0.587,0.528
-0.586,0.529
-0.587,0.529
-0.587,0.527
-0.587,0.528
-0.586,0.528
-0.587,0.528
-0.587,0.527
-0.587,0.528
-0.587,0.528
-0.586,0.528
-0.587,0.528
-0.587,0.528
-0.587,0.528
-0.586,0.527
-0.586,0.529
-0.586,0.529
-0.586,0.528
-0.586,0.528
-0.587,0.529
-0.586,0.529
-0.587,0.529
-0.587,0.529
-0.587,0.529
-0.587,0.529
-0.586,0.529
-0.586,0.529
-0.586,0.529
-0.587,0.529
-0.586,0.528
-0.586,0.529
-0.586,0.529
-0.587,0.529
-0.586,0.528
-0.586,0.528
-0.586,0.529
-0.586,0.528
-0.586,0.529
-0.586,0.529
-0.586,0.528
-0.586,0.528
-0.586,0.529
-0.586,0.529
-0.586,0.533
-0.587,0.538
-0.586,0.599
-0.581,0.623
-0.578,0.636
-0.578,0.636
-0.58,0.638
-0.582,0.64
-0.584,0.638
-0.583,0.629
-0.583,0.628
-0.583,0.623
-0.583,0.614
-0.584,0.61
-0.584,0.61
-0.584,0.611
-0.584,0.61
-0.584,0.61
-0.584,0.61
-0.584,0.61
-0.583,0.61
-0.584,0.61
-0.584,0.61
-0.584,0.611
-0.583,0.61
-0.583,0.61
-0.583,0.61
-0.583,0.61
-0.584,0.611
-0.584,0.611
-0.581,0.61
-0.584,0.61
-0.584,0.61
-0.584,0.61
-0.583,0.61
-0.584,0.61
-0.584,0.61
-0.583,0.61
-0.565,0.61
-0.555,0.611
-0.533,0.611
-0.512,0.61
-0.486,0.61
-0.475,0.61
-0.475,0.61
-0.476,0.61
-0.478,0.61
-0.479,0.611
-0.481,0.611
-0.485,0.611
-0.485,0.611
-0.485,0.611
-0.485,0.61
-0.485,0.611
-0.485,0.606
-0.484,0.578
-0.482,0.573
-0.448,0.574
-0.341,0.574
-0.295,0.581
-0.294,0.601
-0.294,0.604
-0.293,0.608
-0.292,0.608
-0.299,0.608
-0.427,0.608
-0.475,0.608
-0.533,0.608
-0.56,0.61
-0.561,0.614
-0.562,0.614
-0.561,0.616
-0.563,0.625
-0.561,0.629
-0.558,0.638
-0.556,0.648
-0.556,0.65
-0.556,0.648
-0.556,0.649
-0.555,0.645
-0.554,0.622
-0.552,0.621
-0.552,0.622
-0.552,0.622
-0.551,0.622
-0.55,0.621
-0.55,0.621
-0.55,0.621
-0.55,0.621
-0.548,0.622
-0.548,0.621
-0.547,0.623
-0.549,0.622
-0.546,0.623
-0.547,0.622
-0.547,0.622
-0.545,0.622
-0.542,0.617
-0.541,0.614
-0.541,0.597
-0.541,0.557
-0.541,0.538
-0.54,0.529
-0.541,0.526
-0.54,0.533
-0.54,0.533
-0.54,0.533
-0.54,0.534
-0.54,0.537
-0.54,0.539
-0.54,0.539
-0.539,0.539
-0.54,0.538
-0.539,0.539
-0.539,0.531
-0.536,0.511
-0.535,0.506
-0.534,0.477
-0.534,0.394
-0.526,0.385
-0.52,0.393
-0.515,0.385
-0.514,0.413
-0.514,0.403
-0.513,0.401
-0.51,0.4
-0.491,0.387
-0.494,0.355
-0.496,0.333
-0.497,0.355
-0.497,0.346
-0.496,0.306
-0.491,0.306
-0.479,0.317
-0.471,0.297
-0.433,0.27
-0.383,0.262
-0.237,0.238
-0.181,0.238
-0.131,0.22
-0.099,0.219
-0.079,0.23
-0.036,0.192
-0.035,0.165
-0.051,0.165
-0.054,0.164
-0.055,0.164
-0.057,0.148
-0.057,0.147
-0.057,0.137
-0.058,0.129
-0.058,0.128
-0.059,0.116
-0.059,0.113
-0.059,0.102
-0.058,0.103
-0.059,0.094
-0.059,0.083
-0.067,0.073
-0.11,0.062
-0.325,0.065
-0.386,0.067
-0.389,0.068
-0.386,0.075
-0.386,0.086
-0.386,0.095
-0.386,0.118
-0.392,0.128
-0.392,0.13
-0.406,0.161
-0.422,0.178
-0.422,0.187
-0.41,0.199
-0.406,0.212
-0.407,0.253
-0.408,0.264
-0.409,0.261
-0.414,0.277
-0.415,0.285
-0.414,0.306
-0.413,0.33
-0.412,0.33
-0.412,0.33
-0.412,0.343
-0.412,0.354
-0.414,0.355
-0.416,0.371
-0.442,0.377
-0.44,0.38
-0.445,0.382
-0.449,0.377
-0.45,0.393
-0.451,0.396
-0.447,0.394
-0.432,0.39
-0.428,0.39
-0.429,0.392
-0.431,0.401
-0.432,0.413
-0.44,0.396
-0.444,0.407
-0.462,0.423
-0.478,0.426
-0.491,0.424
-0.493,0.429
-0.49,0.431
-0.485,0.432
-0.485,0.434
-0.482,0.433
-0.471,0.434
-0.468,0.433
-0.468,0.433
-0.468,0.433
-0.467,0.433
-0.468,0.434
-0.467,0.434
-0.468,0.433
-0.468,0.432
-0.468,0.414
-0.467,0.412
-0.467,0.412
-0.472,0.412
-0.467,0.411
-0.467,0.402
-0.467,0.374
-0.467,0.362
-0.467,0.297
-0.467,0.3
-0.467,0.282
-0.467,0.264
-0.466,0.237
-0.467,0.223
-0.467,0.24
-0.467,0.242
-0.467,0.221
-0.467,0.207
-0.467,0.215
-0.467,0.193
-0.467,0.194
-0.466,0.197
-0.467,0.169
-0.467,0.17
-0.467,0.163
-0.466,0.161
-0.467,0.162
-0.467,0.142
-0.467,0.15
-0.466,0.152
-0.465,0.168
-0.465,0.133
-0.461,0.319
-0.459,0.343
-0.459,0.349
-0.459,0.352
-0.46,0.353
-0.46,0.352
-0.46,0.353
-0.46,0.353
-0.46,0.353
-0.46,0.353
-0.46,0.353
-0.46,0.353
-0.46,0.353
-0.46,0.356
-0.462,0.353
-0.47,0.382
-0.474,0.425
-0.474,0.44
-0.474,0.439
-0.474,0.444
-0.475,0.447
-0.479,0.448
-0.503,0.45
-0.502,0.45
-0.505,0.45
-0.503,0.451
-0.506,0.452
-0.503,0.455
-0.503,0.451
-0.505,0.447
-0.508,0.454
-0.518,0.454
-0.518,0.456
-0.518,0.453
-0.526,0.453
-0.53,0.454
-0.528,0.455
-0.525,0.454
-0.526,0.454
-0.526,0.454
-0.526,0.453
-0.526,0.432
-0.526,0.43
-0.525,0.432
-0.525,0.431
-0.527,0.431
-0.528,0.431
-0.528,0.43
-0.53,0.43
-0.536,0.4
-0.533,0.477
-0.537,0.574
-0.54,0.617
-0.542,0.64
-0.542,0.643
-0.541,0.643
-0.536,0.643
-0.522,0.642
-0.518,0.642
-0.517,0.624
-0.516,0.619
-0.516,0.479
-0.516,0.445
-0.516,0.397
-0.516,0.389
-0.516,0.394
-0.516,0.372
-0.516,0.379
-0.516,0.355
-0.516,0.361
-0.516,0.353
-0.516,0.296
-0.515,0.313
-0.515,0.318
-0.516,0.319
-0.515,0.322
-0.515,0.325
-0.515,0.325
-0.516,0.328
-0.549,0.331
-0.575,0.332
-0.574,0.334
-0.581,0.334
-0.585,0.336
-0.59,0.336
-0.591,0.334
-0.594,0.278
-0.604,0.263
-0.609,0.263
-0.612,0.203
-0.615,0.234
-0.618,0.227
-0.63,0.227
-0.633,0.215
-0.632,0.209
-0.632,0.202
-0.632,0.199
-0.633,0.195
-0.633,0.174
-0.633,0.152
-0.632,0.15
-0.633,0.151
-0.632,0.151
-0.633,0.152
-0.633,0.153
-0.634,0.152
-0.633,0.153
-0.632,0.153
-0.63,0.153
-0.627,0.152
-0.613,0.15
-0.567,0.15
-0.53,0.149
-0.46,0.15
-0.363,0.152
-0.289,0.152
-0.099,0.151
-0.08,0.151
-0.035,0.152
-0.013,0.153
-0.023,0.153
-0.024,0.153
-0.024,0.154
-0.024,0.152
-0.024,0.153
-0.024,0.154
-0.024,0.155
-0.024,0.156
-0.024,0.156
-0.024,0.156
-0.024,0.153
-0.026,0.144
-0.027,0.132
-0.029,0.135
-0.039,0.135
-0.052,0.129
-0.071,0.139
-0.086,0.109
-0.1,0.084
-0.1,0.058
-0.107,0.012
-0.122,-0.001
-0.119,0.0
-0.123,0.0
-0.154,0.0
-0.195,0.0
-0.203,0.0
-0.206,0.0
-0.218,0.0
-0.22,0.0
-0.219,0.0
-0.218,0.0
-0.217,0.0
-0.215,0.0
-0.215,0.0
-0.215,0.0
-0.215,0.0
-0.215,0.0
-0.214,0.0
-0.216,0.0
-0.23,0.0
-0.229,0.0
-0.236,-0.001
-0.256,-0.001
-0.261,-0.001
-0.262,0.0
-0.263,0.0
-0.268,-0.001
-0.272,0.0
-0.279,0.0
-0.284,0.0
-0.287,0.0
-0.286,0.0
-0.285,0.0
-0.285,0.0
-0.284,-0.001
-0.284,-0.001
-0.284,-0.009
-0.284,-0.027
-0.284,-0.024
-0.284,-0.034
-0.285,-0.032
-0.284,-0.05
-0.284,-0.053
-0.284,-0.06
-0.284,-0.081
-0.284,-0.083
-0.284,-0.081
-0.284,-0.081
-0.284,-0.094
-0.284,-0.104
-0.284,-0.119
-0.284,-0.119
-0.284,-0.128
-0.286,-0.138
-0.287,-0.145
-0.288,-0.163
-0.287,-0.177
-0.287,-0.205
-0.286,-0.206
-0.286,-0.21
-0.286,-0.217
-0.285,-0.219
-0.285,-0.221
-0.286,-0.222
-0.284,-0.224
-0.284,-0.228
-0.284,-0.229
-0.283,-0.23
-0.283,-0.227
-0.282,-0.227
-0.282,-0.228
-0.281,-0.228
-0.281,-0.227
-0.28,-0.224
-0.28,-0.223
-0.279,-0.221
-0.278,-0.2
-0.278,-0.198
-0.277,-0.197
-0.277,-0.197
-0.277,-0.197
-0.277,-0.193
-0.277,-0.058
-0.277,0.0
-0.277,0.051
-0.277,0.056
-0.278,0.062
-0.278,0.079
-0.28,0.086
-0.281,0.099
-0.281,0.108
-0.279,0.113
-0.276,0.12
-0.265,0.122
-0.239,0.125
-0.168,0.126
-0.157,0.131
-0.154,0.165
-0.155,0.154
-0.155,0.173
-0.153,0.18
-0.153,0.18
-0.151,0.256
-0.148,0.267
-0.151,0.27
-0.165,0.272
-0.176,0.271
-0.184,0.27
-0.245,0.276
-0.331,0.268
-0.344,0.276
-0.345,0.294
-0.34,0.301
-0.326,0.297
-0.324,0.328
-0.28,0.335
-0.281,0.358
-0.281,0.36
-0.288,0.375
-0.298,0.373
-0.324,0.39
-0.379,0.411
-0.405,0.434
-0.456,0.434
-0.474,0.436
-0.486,0.436
-0.491,0.435
-0.54,0.435
-0.571,0.435
-0.571,0.435
-0.57,0.434
-0.571,0.43
-0.57,0.43
-0.571,0.43
-0.571,0.429
-0.566,0.43
-0.561,0.43
-0.553,0.429
-0.553,0.426
-0.555,0.42
-0.555,0.42
-0.553,0.419
-0.535,0.419
-0.484,0.419
-0.46,0.419
-0.465,0.419
-0.468,0.405
-0.479,0.294
-0.481,0.281
-0.482,0.313
-0.511,0.279
-0.511,0.268
-0.515,0.285
-0.515,0.263
-0.516,0.244
-0.516,0.244
-0.515,0.25
-0.513,0.248
-0.51,0.265
-0.491,0.244
-0.355,0.25
-0.243,0.255
-0.121,0.259
-0.101,0.265
-0.076,0.268
-0.069,0.27
-0.069,0.271
-0.073,0.272
-0.078,0.278
-0.079,0.293
-0.08,0.304
-0.088,0.311
-0.092,0.313
-0.099,0.313
-0.112,0.315
-0.148,0.315
-0.175,0.314
-0.225,0.333
-0.278,0.336
-0.36,0.345
-0.381,0.345
-0.403,0.365
-0.421,0.368
-0.431,0.381
-0.431,0.394
-0.434,0.418
-0.438,0.416
-0.439,0.436
-0.44,0.462
-0.459,0.466
-0.473,0.471
-0.482,0.475
-0.479,0.473
-0.478,0.475
-0.476,0.477
-0.476,0.479
-0.474,0.481
-0.468,0.481
-0.466,0.477
-0.463,0.484
-0.461,0.478
-0.46,0.484
-0.46,0.487
-0.46,0.486
-0.46,0.483
-0.46,0.486
-0.46,0.486
-0.46,0.485
-0.46,0.484
-0.46,0.485
-0.46,0.486
-0.46,0.486
-0.46,0.484
-0.459,0.484
-0.459,0.484
-0.46,0.484
-0.46,0.48
-0.459,0.477
-0.46,0.471
-0.458,0.468
-0.457,0.467
-0.457,0.47
-0.457,0.473
-0.457,0.475
-0.457,0.475
-0.457,0.475
-0.457,0.475
-0.457,0.474
-0.457,0.472
-0.457,0.472
-0.457,0.471
-0.458,0.472
-0.46,0.472
-0.462,0.471
-0.465,0.469
-0.465,0.468
-0.465,0.465
-0.465,0.45
-0.465,0.449
-0.465,0.45
-0.467,0.445
-0.476,0.44
-0.492,0.422
-0.493,0.392
-0.489,0.364
-0.486,0.359
-0.474,0.292
-0.471,0.3
-0.471,0.211
-0.471,0.22
-0.47,0.234
-0.469,0.244
-0.469,0.257
-0.469,0.265
-0.468,0.271
-0.468,0.285
-0.468,0.287
-0.467,0.285
-0.472,0.333
-0.472,0.347
-0.471,0.352
-0.474,0.353
-0.474,0.375
-0.473,0.395
-0.472,0.405
-0.473,0.413
-0.474,0.413
-0.473,0.405
-0.472,0.389
-0.471,0.375
-0.472,0.298
-0.473,0.232
-0.478,0.21
-0.586,0.198
-0.594,0.182
-0.592,0.186
-0.587,0.178
-0.579,0.161
-0.578,0.156
-0.577,0.16
-0.577,0.169
-0.576,0.176
-0.576,0.178
-0.576,0.189
-0.575,0.205
-0.572,0.246
-0.558,0.252
-0.558,0.251
-0.558,0.251
-0.558,0.249
-0.558,0.244
-0.559,0.238
-0.559,0.238
-0.558,0.238
-0.559,0.206
-0.561,0.111
-0.562,0.099
-0.562,0.086
-0.561,0.059
-0.559,0.056
-0.508,0.049
-0.479,0.036
-0.467,0.034
-0.468,0.029
-0.466,0.025
-0.461,0.024
-0.456,0.019
-0.454,0.018
-0.448,0.017
-0.428,0.009
-0.424,0.003
-0.425,0.012
-0.429,0.011
-0.442,0.005
-0.444,0.008
-0.445,0.013
-0.453,0.03
-0.493,0.038
-0.5,0.041
-0.498,0.081
-0.498,0.086
-0.494,0.161
-0.488,0.171
-0.484,0.236
-0.48,0.281
-0.481,0.332
-0.441,0.345
-0.429,0.346
-0.427,0.348
-0.417,0.347
-0.414,0.345
-0.41,0.345
-0.411,0.346
-0.416,0.346
-0.437,0.347
-0.438,0.345
-0.439,0.345
-0.44,0.347
-0.44,0.347
-0.438,0.348
-0.417,0.349
-0.39,0.347
-0.393,0.349
-0.397,0.351
-0.397,0.351
-0.389,0.353
-0.38,0.349
-0.377,0.347
-0.373,0.346
-0.338,0.342
-0.302,0.33
-0.172,0.33
-0.122,0.33
-0.058,0.33
-0.018,0.33
-0.024,0.33
-0.03,0.333
-0.032,0.34
-0.07,0.34
-0.088,0.34
-0.083,0.34
-0.08,0.341
-0.073,0.338
-0.067,0.332
-0.063,0.332
-0.062,0.332
-0.054,0.325
-0.038,0.227
-0.033,0.248
0.0,0.248
0.0,0.243
0.007,0.235
0.032,0.248
0.052,0.257
0.069,0.261
0.074,0.276
0.075,0.29
0.077,0.292
0.094,0.293
0.096,0.294
0.096,0.294
0.104,0.294
0.118,0.295
0.126,0.294
0.138,0.301
0.173,0.306
0.196,0.307
0.204,0.307
0.205,0.307
0.179,0.307
-0.018,0.304
-0.103,0.302
-0.254,0.303
-0.394,0.314
-0.459,0.332
-0.507,0.427
-0.51,0.451
-0.516,0.462
-0.523,0.462
-0.545,0.464
-0.547,0.465
-0.546,0.466
-0.547,0.466
-0.547,0.466
-0.537,0.465
-0.52,0.465
-0.48,0.464
-0.413,0.437
-0.328,0.424
-0.311,0.355
-0.328,0.28
-0.385,0.208
-0.425,0.203
-0.529,0.197
-0.54,0.198
-0.564,0.208
-0.577,0.219
-0.581,0.22
-0.581,0.247
-0.584,0.343
-0.59,0.353
-0.593,0.367
-0.599,0.392
-0.607,0.4
-0.606,0.41
-0.601,0.413
-0.594,0.416
-0.589,0.417
-0.527,0.417
-0.525,0.421
-0.525,0.421
-0.525,0.421
-0.525,0.42
-0.527,0.417
-0.531,0.415
-0.531,0.41
-0.53,0.409
-0.53,0.409
-0.531,0.407
-0.533,0.399
-0.536,0.399
-0.538,0.399
-0.538,0.399
-0.544,0.354
-0.564,0.333
-0.564,0.312
-0.576,0.317
-0.58,0.298
-0.581,0.31
-0.575,0.293
-0.561,0.278
-0.537,0.27
-0.504,0.263
-0.46,0.276
-0.452,0.28
-0.447,0.285
-0.448,0.285
-0.449,0.28
-0.45,0.269
-0.453,0.261
-0.466,0.262
-0.468,0.257
-0.468,0.261
-0.468,0.27
-0.463,0.276
-0.378,0.276
-0.342,0.272
-0.341,0.272
-0.345,0.271
-0.346,0.271
-0.345,0.273
-0.348,0.278
-0.364,0.299
-0.373,0.31
-0.384,0.313
-0.384,0.334
-0.385,0.359
-0.386,0.36
-0.391,0.36
-0.394,0.363
-0.411,0.364
-0.456,0.365
-0.462,0.366
-0.469,0.367
-0.473,0.367
-0.473,0.368
-0.472,0.367
-0.47,0.368
-0.471,0.361
-0.47,0.358
-0.463,0.356
-0.453,0.356
-0.452,0.356
-0.407,0.356
-0.403,0.356
-0.404,0.356
-0.407,0.362
-0.407,0.363
-0.406,0.365
-0.406,0.373
-0.411,0.373
-0.421,0.37
-0.428,0.37
-0.428,0.371
-0.429,0.372
-0.428,0.371
-0.428,0.371
-0.429,0.37
-0.429,0.364
-0.429,0.362
-0.46,0.361
-0.5,0.351
-0.505,0.331
-0.502,0.283
-0.492,0.276
-0.487,0.263
-0.485,0.265
-0.479,0.231
-0.462,0.244
-0.416,0.245
-0.38,0.259
-0.333,0.251
-0.303,0.259
-0.169,0.262
-0.126,0.264
-0.105,0.265
-0.07,0.268
-0.051,0.267
-0.02,0.265
-0.014,0.266
-0.03,0.268
-0.032,0.269
-0.033,0.274
-0.033,0.277
-0.033,0.28
-0.035,0.283
-0.035,0.285
-0.035,0.289
-0.035,0.291
-0.035,0.293
-0.035,0.293
-0.035,0.293
-0.035,0.294
-0.035,0.295
-0.035,0.294
-0.036,0.294
-0.034,0.294
-0.027,0.295
0.0,0.295
0.0,0.293
0.006,0.289
0.007,0.287
0.005,0.285
0.002,0.285
0.002,0.281
0.002,0.279
0.003,0.278
0.004,0.276
0.004,0.27
0.002,0.254
0.0,0.25
0.0,0.258
0.0,0.251
0.0,0.248
0.0,0.237
0.0,0.243
0.0,0.251
0.0,0.258
0.0,0.257
-0.02,0.257
-0.057,0.234
-0.135,0.229
-0.229,0.23
-0.378,0.232
-0.498,0.233
-0.561,0.246
-0.598,0.256
-0.668,0.273
-0.68,0.291
-0.679,0.291
-0.678,0.307
-0.666,0.31
-0.666,0.31
-0.666,0.31
-0.665,0.308
-0.665,0.307
-0.66,0.307
-0.608,0.306
-0.601,0.308
-0.595,0.307
-0.588,0.307
-0.589,0.303
-0.589,0.302
-0.593,0.302
-0.6,0.302
-0.601,0.302
-0.604,0.303
-0.608,0.304
-0.609,0.304
-0.609,0.305
-0.617,0.305
-0.643,0.31
-0.645,0.339
-0.641,0.351
-0.638,0.339
-0.63,0.358
-0.629,0.367
-0.629,0.377
-0.628,0.373
-0.629,0.368
-0.628,0.38
-0.628,0.389
-0.628,0.387
-0.628,0.394
-0.627,0.402
-0.628,0.4
-0.627,0.411
-0.627,0.408
-0.627,0.415
-0.628,0.413
-0.627,0.413
-0.627,0.419
-0.627,0.415
-0.627,0.415
-0.627,0.416
-0.627,0.409
-0.627,0.418
-0.627,0.409
-0.627,0.419
-0.627,0.419
-0.628,0.423
-0.627,0.42
-0.627,0.421
-0.599,0.424
-0.601,0.417
-0.599,0.418
-0.601,0.42
-0.6,0.419
-0.599,0.417
-0.598,0.419
-0.598,0.417
-0.596,0.418
-0.592,0.415
-0.592,0.417
-0.589,0.416
-0.586,0.417
-0.581,0.417
-0.576,0.416
-0.567,0.415
-0.566,0.414
-0.562,0.413
-0.563,0.413
-0.565,0.413
-0.57,0.413
-0.573,0.411
-0.573,0.41
-0.573,0.41
-0.574,0.409
-0.578,0.409
-0.582,0.405
-0.626,0.404
-0.633,0.403
-0.64,0.403
-0.64,0.402
-0.636,0.402
-0.628,0.402
-0.627,0.402
-0.627,0.403
-0.626,0.402
-0.624,0.401
-0.607,0.391
-0.592,0.391
-0.568,0.391
-0.546,0.392
-0.526,0.391
-0.5,0.391
-0.5,0.391
-0.5,0.387
-0.499,0.37
-0.498,0.368
-0.5,0.372
-0.502,0.373
-0.502,0.377
-0.502,0.376
-0.501,0.372
-0.502,0.357
-0.502,0.298
-0.513,0.217
-0.558,0.229
-0.582,0.261
-0.612,0.265
-0.613,0.3
-0.615,0.31
-0.614,0.324
-0.612,0.397
-0.608,0.42
-0.606,0.44
-0.605,0.446
-0.605,0.444
-0.605,0.475
-0.608,0.486
-0.609,0.483
-0.61,0.488
-0.609,0.489
-0.608,0.49
-0.596,0.495
-0.596,0.494
-0.595,0.494
-0.595,0.495
-0.595,0.497
-0.595,0.496
-0.594,0.495
-0.594,0.512
-0.593,0.572
-0.594,0.586
-0.594,0.588
-0.595,0.588
-0.575,0.586
-0.534,0.582
-0.522,0.567
-0.507,0.561
-0.508,0.56
-0.506,0.56
-0.508,0.561
-0.518,0.56
-0.52,0.56
-0.523,0.56
-0.539,0.561
-0.543,0.56
-0.543,0.559
-0.54,0.56
-0.538,0.56
-0.53,0.54
-0.53,0.522
-0.528,0.514
-0.5,0.52
-0.497,0.499
-0.491,0.396
-0.487,0.379
-0.486,0.351
-0.488,0.361
-0.487,0.337
-0.477,0.308
-0.478,0.241
-0.476,0.251
-0.474,0.273
-0.473,0.278
-0.472,0.281
-0.468,0.293
-0.457,0.296
-0.455,0.297
-0.451,0.298
-0.442,0.293
-0.438,0.293
-0.426,0.294
-0.396,0.291
-0.364,0.282
-0.351,0.261
-0.351,0.255
-0.351,0.259
-0.349,0.22
-0.346,0.218
-0.339,0.206
-0.33,0.225
-0.318,0.234
-0.313,0.253
-0.309,0.285
-0.312,0.291
-0.313,0.301
-0.314,0.37
-0.312,0.422
-0.309,0.447
-0.31,0.458
-0.312,0.458
-0.313,0.463
-0.312,0.463
-0.312,0.464
-0.315,0.463
-0.33,0.462
-0.335,0.456
-0.336,0.445
-0.337,0.439
-0.338,0.439
-0.338,0.439
-0.339,0.439
-0.339,0.439
-0.339,0.439
-0.339,0.439
-0.339,0.439
-0.338,0.439
-0.327,0.439
-0.324,0.36
-0.32,0.349
-0.318,0.358
-0.318,0.302
-0.318,0.299
-0.318,0.257
-0.318,0.227
-0.317,0.204
-0.315,0.216
-0.301,0.216
-0.286,0.21
-0.256,0.204
-0.222,0.215
-0.187,0.199
-0.114,0.201
-0.064,0.191
-0.018,0.165
0.006,0.163
0.046,0.182
0.089,0.193
0.316,0.207
0.494,0.218
0.529,0.234
0.534,0.27
0.522,0.293
0.506,0.301
0.504,0.301
0.434,0.312
0.383,0.311
0.385,0.314
0.387,0.308
0.392,0.321
0.407,0.321
0.416,0.338
0.456,0.376
0.46,0.394
0.462,0.393
0.474,0.393
0.49,0.395
0.49,0.394
0.491,0.39
0.494,0.389
0.494,0.384
0.502,0.376
0.514,0.373
0.521,0.372
0.556,0.372
0.577,0.372
0.584,0.372
0.591,0.372
0.6,0.372
0.608,0.372
0.637,0.372
0.661,0.372
0.736,0.373
0.766,0.372
0.801,0.373
0.811,0.373
0.811,0.373
0.81,0.372
0.809,0.372
0.807,0.373
0.805,0.373
0.804,0.373
0.802,0.372
0.802,0.374
0.803,0.372
0.803,0.372
0.803,0.372
0.803,0.373
0.803,0.373
0.802,0.373
0.8,0.373
0.798,0.373
0.794,0.373
0.794,0.373
0.792,0.373
0.792,0.373
0.792,0.373
0.791,0.373
0.786,0.373
0.724,0.373
0.659,0.37
0.613,0.37
0.577,0.372
0.489,0.372
0.456,0.372
0.445,0.378
0.297,0.407
0.024,0.426
-0.035,0.465
-0.305,0.558
-0.346,0.575
-0.353,0.584
-0.352,0.593
-0.351,0.621
-0.352,0.634
-0.402,0.644
-0.481,0.675
-0.527,0.689
-0.553,0.721
-0.612,0.73
-0.637,0.747
-0.639,0.752
-0.64,0.764
-0.643,0.791
-0.645,0.79
-0.646,0.79
-0.648,0.792
-0.648,0.792
-0.648,0.792
-0.646,0.791
-0.645,0.791
-0.645,0.791
-0.644,0.79
-0.644,0.792
-0.643,0.791
-0.643,0.791
-0.642,0.791
-0.641,0.791
-0.64,0.791
-0.64,0.79
-0.64,0.791
-0.64,0.79
-0.638,0.792
-0.636,0.791
-0.635,0.791
-0.635,0.791
-0.633,0.791
-0.633,0.791
-0.633,0.791
-0.635,0.791
-0.639,0.79
-0.64,0.79
-0.64,0.79
-0.64,0.79
-0.64,0.79
-0.639,0.79
-0.637,0.79
-0.637,0.789
-0.634,0.788
-0.633,0.788
-0.633,0.786
-0.633,0.786
-0.633,0.786
-0.633,0.786
-0.633,0.786
-0.633,0.785
-0.633,0.786
-0.633,0.785
-0.632,0.785
-0.631,0.783
-0.631,0.783
-0.63,0.784
-0.63,0.784
-0.627,0.783
-0.623,0.785
-0.623,0.786
-0.623,0.786
-0.623,0.786
-0.623,0.788
-0.618,0.788
-0.617,0.789
-0.617,0.789
-0.617,0.79
-0.617,0.791
-0.617,0.792
-0.617,0.792
-0.618,0.792
-0.619,0.8
-0.62,0.805
-0.619,0.809
-0.619,0.81
-0.62,0.811
-0.625,0.813
-0.62,0.811
-0.62,0.815
-0.62,0.818
-0.62,0.818
-0.62,0.819
-0.62,0.82
-0.619,0.822
-0.619,0.828
-0.619,0.83
-0.619,0.829
-0.619,0.83
-0.62,0.831
-0.62,0.832
-0.621,0.831
-0.623,0.831
-0.623,0.825
-0.624,0.831
-0.625,0.831
-0.625,0.831
-0.625,0.831
-0.625,0.831
-0.625,0.831
-0.625,0.831
-0.625,0.831
-0.626,0.831
-0.626,0.831
-0.626,0.83
-0.626,0.83
-0.626,0.83
-0.626,0.83
-0.626,0.829
-0.626,0.829
-0.626,0.828
-0.626,0.828
-0.626,0.827
-0.626,0.826
-0.626,0.826
-0.626,0.827
-0.626,0.828
-0.626,0.83
-0.626,0.831
-0.626,0.831
-0.626,0.835
-0.626,0.84
-0.626,0.845
-0.626,0.856
-0.626,0.869
-0.626,0.925
-0.626,0.922
-0.626,0.921
-0.626,0.917
-0.626,0.916
-0.626,0.907
-0.626,0.896
-0.626,0.896
-0.626,0.896
-0.626,0.895
-0.626,0.895
-0.626,0.896
-0.626,0.895
-0.626,0.895
-0.626,0.895
-0.626,0.89
-0.626,0.882
-0.626,0.873
-0.626,0.875
-0.626,0.876
-0.627,0.875
-0.627,0.875
-0.627,0.874
-0.627,0.874
-0.627,0.875
-0.627,0.873
-0.627,0.865
-0.627,0.869
-0.627,0.858
-0.627,0.824
-0.627,0.803
-0.627,0.799
-0.627,0.798
-0.627,0.794
-0.627,0.797
-0.627,0.798
-0.627,0.8
-0.627,0.8
-0.627,0.8
-0.627,0.797
-0.627,0.794
-0.627,0.792
-0.627,0.791
-0.627,0.788
-0.627,0.768
-0.627,0.717
-0.627,0.711
-0.627,0.72
-0.627,0.73
-0.627,0.731
-0.627,0.741
-0.627,0.751
-0.627,0.752
-0.627,0.753
-0.627,0.754
-0.627,0.755
-0.627,0.755
-0.627,0.756
-0.627,0.756
-0.627,0.757
-0.627,0.757
-0.627,0.758
-0.627,0.756
-0.627,0.757
-0.627,0.757
-0.627,0.757
-0.627,0.758
-0.627,0.758
-0.627,0.757
-0.627,0.758
-0.627,0.757
-0.627,0.756
-0.627,0.709
-0.627,0.67
-0.627,0.688
-0.627,0.693
-0.627,0.711
-0.627,0.717
-0.627,0.73
-0.627,0.81
-0.627,0.821
-0.627,0.824
-0.627,0.822
-0.627,0.824
-0.627,0.824
-0.627,0.823
-0.627,0.825
-0.627,0.828
-0.627,0.833
-0.627,0.842
-0.627,0.862
-0.627,0.869
-0.627,0.876
-0.627,0.875
-0.627,0.874
-0.627,0.874
-0.627,0.874
-0.627,0.877
-0.627,0.876
-0.627,0.876
-0.627,0.875
-0.627,0.874
-0.627,0.871
-0.627,0.85
-0.627,0.849
-0.627,0.829
-0.627,0.751
-0.627,0.72
-0.627,0.687
-0.627,0.68
-0.627,0.681
-0.627,0.681
-0.627,0.685
-0.627,0.687
-0.627,0.702
-0.627,0.708
-0.646,0.708
-0.67,0.714
-0.672,0.72
-0.673,0.721
-0.676,0.732
-0.677,0.768
-0.677,0.779
-0.677,0.79
-0.677,0.815
-0.677,0.825
-0.676,0.831
-0.676,0.833
-0.674,0.837
-0.673,0.865
-0.671,0.884
-0.671,0.899
-0.669,0.903
-0.666,0.904
-0.666,0.914
-0.665,0.918
-0.662,0.922
-0.661,0.922
-0.661,0.922
-0.661,0.922
-0.66,0.92
-0.661,0.917
-0.66,0.916
-0.661,0.914
-0.66,0.912
-0.66,0.91
-0.66,0.908
-0.66,0.903
-0.66,0.895
-0.66,0.894
-0.66,0.894
-0.66,0.895
-0.66,0.894
-0.66,0.895
-0.66,0.894
-0.66,0.894
-0.66,0.894
-0.66,0.894
-0.66,0.894
-0.66,0.894
-0.66,0.894
-0.66,0.893
-0.66,0.893
-0.66,0.893
-0.66,0.893
-0.66,0.894
-0.66,0.893
-0.66,0.893
-0.66,0.893
-0.66,0.894
-0.659,0.894
-0.659,0.893
-0.659,0.893
-0.659,0.892
-0.659,0.892
-0.659,0.893
-0.659,0.893
-0.659,0.893
-0.659,0.893
-0.659,0.893
-0.659,0.892
-0.659,0.89
-0.659,0.888
-0.659,0.87
-0.659,0.865
-0.659,0.866
-0.659,0.867
-0.659,0.867
-0.659,0.867
-0.659,0.868
-0.659,0.869
-0.659,0.865
-0.659,0.865
-0.659,0.864
-0.659,0.866
-0.659,0.869
-0.659,0.867
-0.659,0.864
-0.659,0.866
-0.659,0.865
-0.659,0.867
-0.659,0.864
-0.659,0.864
-0.659,0.863
-0.659,0.864
-0.659,0.861
-0.659,0.858
-0.658,0.852
-0.658,0.847
-0.659,0.842
-0.659,0.844
-0.659,0.847
-0.659,0.845
-0.658,0.844
-0.659,0.845
-0.659,0.843
-0.659,0.845
-0.659,0.843
-0.658,0.836
-0.658,0.83
-0.659,0.822
-0.659,0.818
-0.659,0.81
-0.659,0.808
-0.659,0.811
-0.659,0.813
-0.659,0.814
-0.658,0.816
-0.659,0.818
-0.659,0.819
-0.658,0.818
-0.658,0.817
-0.659,0.818
-0.659,0.819
-0.658,0.82
-0.658,0.825
-0.658,0.825
-0.658,0.835
-0.658,0.843
-0.659,0.848
-0.658,0.848
-0.658,0.848
-0.658,0.848
-0.658,0.847
-0.659,0.848
-0.658,0.847
-0.659,0.847
-0.658,0.847
-0.658,0.847
-0.658,0.847
-0.659,0.848
-0.658,0.848
-0.659,0.848
-0.658,0.848
-0.659,0.848
-0.659,0.848
-0.659,0.848
-0.659,0.848
-0.658,0.848
-0.658,0.848
-0.659,0.848
-0.659,0.853
-0.659,0.86
-0.659,0.869
-0.658,0.875
-0.659,0.875
-0.659,0.877
-0.659,0.877
-0.659,0.876
-0.659,0.876
-0.658,0.876
-0.658,0.885
-0.659,0.895
-0.659,0.901
-0.658,0.9
-0.659,0.898
-0.658,0.897
-0.658,0.896
-0.658,0.897
-0.659,0.896
-0.658,0.896
-0.658,0.895
-0.658,0.895
-0.658,0.895
-0.658,0.893
-0.658,0.893
-0.658,0.89
-0.658,0.891
-0.658,0.89
-0.658,0.89
-0.658,0.89
-0.658,0.891
-0.658,0.89
-0.658,0.89
-0.658,0.889
-0.659,0.89
-0.659,0.888
-0.659,0.886
-0.659,0.884
-0.659,0.884
-0.658,0.879
-0.659,0.876
-0.659,0.875
-0.658,0.875
-0.651,0.873
-0.638,0.874
-0.63,0.874
-0.623,0.873
-0.618,0.873
-0.618,0.873
-0.608,0.873
-0.59,0.873
-0.592,0.873
-0.592,0.873
-0.592,0.872
-0.599,0.873
-0.606,0.873
-0.611,0.873
-0.628,0.873
-0.632,0.847
-0.671,0.815
-0.687,0.743
-0.686,0.631
-0.685,0.586
-0.684,0.595
-0.685,0.531
-0.685,0.446
-0.683,0.414
-0.683,0.439
-0.683,0.456
-0.683,0.461
-0.683,0.469
-0.684,0.476
-0.683,0.479
-0.684,0.477
-0.684,0.478
-0.685,0.479
-0.685,0.488
-0.685,0.489
-0.683,0.492
-0.679,0.514
-0.677,0.513
-0.677,0.536
-0.677,0.58
-0.677,0.585
-0.677,0.588
-0.677,0.588
-0.675,0.587
-0.673,0.588
-0.673,0.586
-0.672,0.584
-0.672,0.584
-0.672,0.584
-0.671,0.584
-0.671,0.584
-0.671,0.584
-0.671,0.585
-0.671,0.585
-0.671,0.585
-0.671,0.586
-0.671,0.584
-0.671,0.585
-0.671,0.583
-0.671,0.58
-0.671,0.572
-0.671,0.57
-0.671,0.57
-0.67,0.571
-0.671,0.571
-0.671,0.561
-0.67,0.557
-0.67,0.542
-0.67,0.48
-0.67,0.467
-0.67,0.48
-0.67,0.467
-0.67,0.369
-0.67,0.349
-0.67,0.403
-0.67,0.398
-0.67,0.402
-0.67,0.407
-0.67,0.41
-0.67,0.409
-0.67,0.379
-0.67,0.374
-0.67,0.364
-0.67,0.364
-0.67,0.354
-0.696,0.356
-0.711,0.351
-0.72,0.305
-0.748,0.287
-0.761,0.273
-0.762,0.254
-0.762,0.235
-0.763,0.193
-0.769,0.226
-0.77,0.221
-0.77,0.202
-0.769,0.161
-0.773,0.154
-0.77,0.137
-0.77,0.105
-0.769,0.08
-0.77,0.056
-0.772,0.022
-0.789,0.012
-0.827,0.0
-0.884,-0.003
-0.921,-0.004
-1.0,-0.011
-1.0,-0.012
-1.0,-0.026
-1.0,-0.058
-1.0,-0.076
-1.0,-0.116
-1.0,-0.131
-1.0,-0.231
-1.0,-0.246
-1.0,-0.264
-1.0,-0.277
-1.0,-0.284
-1.0,-0.286
-1.0,-0.29
-1.0,-0.304
-1.0,-0.311
-1.0,-0.325
-1.0,-0.345
-1.0,-0.377
-1.0,-0.385
-1.0,-0.387
-1.0,-0.386
-1.0,-0.385
-1.0,-0.385
-1.0,-0.385
-1.0,-0.383
-1.0,-0.383
-1.0,-0.384
-1.0,-0.383
-1.0,-0.381
-1.0,-0.375
-1.0,-0.343
-1.0,-0.237
-1.0,-0.19
-1.0,-0.104
-1.0,-0.104
-1.0,-0.113
-1.0,-0.126
-1.0,-0.13
-1.0,-0.135
-1.0,-0.136
-1.0,-0.136
-1.0,-0.136
-1.0,-0.136
-1.0,-0.136
-1.0,-0.136
-1.0,-0.136
-1.0,-0.136
-1.0,-0.136
-1.0,-0.136
-1.0,-0.189
-1.0,-0.205
-1.0,-0.225
-1.0,-0.227
-1.0,-0.227
-1.0,-0.227
-1.0,-0.227
-1.0,-0.242
-1.0,-0.246
-1.0,-0.246
-1.0,-0.247
-1.0,-0.261
-1.0,-0.272
-1.0,-0.272
-1.0,-0.27
-1.0,-0.242
-1.0,-0.193
-1.0,0.028
-1.0,0.053
-1.0,0.321
-1.0,0.467
-1.0,0.578
-0.995,0.599
-0.985,0.598
-0.949,0.598
-0.933,0.598
-0.895,0.597
-0.888,0.583
-0.888,0.576
-0.889,0.572
-0.888,0.392
-0.888,0.4
-0.889,0.36
-0.889,0.372
-0.889,0.373
-0.889,0.355
-0.889,0.366
-0.889,0.372
-0.889,0.375
-0.889,0.384
-0.889,0.389
-0.889,0.39
-0.889,0.392
-0.887,0.392
-0.884,0.394
-0.885,0.398
-0.884,0.402
-0.884,0.409
-0.884,0.394
-0.885,0.413
-0.884,0.45
-0.883,0.47
-0.882,0.484
-0.881,0.511
-0.88,0.522
-0.88,0.526
-0.881,0.528
-0.881,0.548
-0.879,0.548
-0.865,0.548
-0.865,0.546
-0.866,0.526
-0.866,0.524
-0.866,0.399
-0.866,0.375
-0.867,0.333
-0.867,0.312
-0.867,0.286
-0.868,0.286
-0.868,0.264
-0.868,0.267
-0.868,0.272
-0.868,0.274
-0.869,0.266
-0.869,0.248
-0.87,0.232
-0.87,0.231
-0.869,0.206
-0.87,0.212
-0.87,0.188
-0.87,0.172
-0.871,0.17
-0.871,0.172
-0.871,0.173
-0.871,0.169
-0.871,0.17
-0.871,0.171
-0.871,0.17
-0.871,0.17
-0.871,0.169
-0.871,0.165
-0.872,0.158
-0.871,0.155
-0.872,0.138
-0.871,0.103
-0.871,0.088
-0.871,0.072
-0.871,0.051
-0.871,0.046
-0.871,0.03
-0.871,0.02
-0.872,0.026
-0.872,0.026
-0.871,0.008
-0.872,0.013
-0.872,0.011
-0.872,0.004
-0.872,0.007
-0.872,0.006
-0.872,0.038
-0.872,0.039
-0.873,0.041
-0.872,0.124
-0.874,0.168
-0.874,0.246
-0.874,0.293
-0.873,0.327
-0.874,0.328
-0.874,0.332
-0.873,0.332
-0.874,0.333
-0.873,0.333
-0.873,0.336
-0.874,0.319
-0.874,0.364
-0.874,0.37
-0.874,0.368
-0.874,0.389
-0.874,0.424
-0.874,0.428
-0.874,0.436
-0.874,0.437
-0.874,0.492
-0.874,0.503
-0.874,0.531
-0.874,0.588
-0.874,0.602
-0.874,0.605
-0.874,0.615
-0.874,0.626
-0.874,0.642
-0.874,0.652
-0.874,0.678
-0.874,0.704
-0.874,0.734
-0.874,0.765
-0.874,0.77
-0.874,0.769
-0.873,0.773
-0.873,0.773
-0.873,0.773
-0.873,0.773
-0.873,0.773
-0.873,0.773
-0.873,0.771
-0.873,0.77
-0.873,0.77
-0.873,0.764
-0.872,0.75
-0.873,0.747
-0.872,0.745
-0.873,0.744
-0.873,0.729
-0.873,0.714
-0.873,0.612
-0.872,0.647
-0.872,0.633
-0.873,0.634
-0.873,0.561
-0.872,0.544
-0.871,0.544
-0.871,0.511
-0.872,0.494
-0.872,0.501
-0.872,0.507
-0.873,0.511
-0.873,0.512
-0.873,0.501
-0.873,0.47
-0.874,0.456
-0.874,0.447
-0.874,0.406
-0.877,0.389
-0.886,0.386
-0.895,0.396
-0.927,0.408
-0.979,0.41
-1.0,0.416
-1.0,0.418
-1.0,0.424
-1.0,0.425
-1.0,0.426
-1.0,0.426
-1.0,0.427
-1.0,0.422
-1.0,0.418
-1.0,0.342
-1.0,0.354
-1.0,0.36
-1.0,0.341
-1.0,0.332
-1.0,0.306
-1.0,0.295
-1.0,0.276
-1.0,0.256
-1.0,0.274
-1.0,0.276
-1.0,0.278
-1.0,0.275
-1.0,0.275
-1.0,0.264
-1.0,0.263
-1.0,0.253
-1.0,0.253
-1.0,0.23
-1.0,0.179
-1.0,0.162
-1.0,0.154
-1.0,0.128
-1.0,0.079
-1.0,0.067
-1.0,0.069
-1.0,0.081
-1.0,0.083
-1.0,0.084
-1.0,0.084
-1.0,0.084
-1.0,0.084
-1.0,0.084
-1.0,0.09
-1.0,0.09
-1.0,0.101
-1.0,0.123
-1.0,0.109
-1.0,0.145
-1.0,0.165
-1.0,0.167
-1.0,0.168
-1.0,0.176
-1.0,0.202
-1.0,0.24
-1.0,0.277
-1.0,0.294
-1.0,0.3
-1.0,0.33
-1.0,0.333
-1.0,0.332
-1.0,0.322
-1.0,0.317
-1.0,0.315
-1.0,0.314
-1.0,0.313
-1.0,0.314
-1.0,0.203
-1.0,0.238
-1.0,0.236
-1.0,0.238
-1.0,0.234
-1.0,0.216
-1.0,0.228
-1.0,0.213
-0.964,0.208
-0.939,0.205
-0.923,0.197
-0.923,0.205
-0.923,0.218
-0.923,0.223
-0.923,0.224
-0.923,0.223
-0.923,0.223
-0.923,0.207
-0.924,0.203
-0.924,0.202
-0.924,0.206
-0.924,0.206
-0.924,0.206
-0.924,0.207
-0.924,0.208
-0.925,0.205
-0.924,0.203
-0.924,0.206
-0.924,0.213
-0.924,0.216
-0.924,0.238
-0.924,0.242
-0.925,0.242
-0.925,0.244
-0.926,0.243
-0.926,0.244
-0.926,0.244
-0.927,0.244
-0.927,0.244
-0.927,0.244
-0.927,0.244
-0.927,0.245
-0.927,0.245
-0.927,0.245
-0.927,0.245
-0.927,0.245
-0.928,0.245
-0.927,0.245
-0.928,0.245
-0.927,0.239
-0.928,0.229
-0.928,0.223
-0.928,0.178
-0.928,0.169
-0.928,0.175
-0.928,0.174
-0.928,0.176
-0.928,0.174
-0.928,0.169
-0.928,0.174
-0.928,0.175
-0.928,0.157
-0.927,0.161
-0.927,0.159
-0.927,0.164
-0.927,0.164
-0.927,0.165
-0.926,0.163
-0.926,0.161
-0.924,0.16
-0.924,0.161
-0.924,0.163
-0.923,0.162
-0.896,0.164
-0.896,0.163
-0.894,0.165
-0.893,0.164
-0.887,0.164
-0.887,0.165
-0.886,0.165
-0.886,0.165
-0.886,0.166
-0.886,0.167
-0.887,0.167
-0.888,0.167
-0.889,0.166
-0.888,0.167
-0.889,0.167
-0.888,0.167
-0.888,0.167
-0.889,0.166
-0.889,0.167
-0.889,0.167
-0.89,0.167
-0.89,0.167
-0.89,0.168
-0.892,0.168
-0.892,0.168
-0.893,0.168
-0.893,0.168
-0.893,0.169
-0.893,0.168
-0.893,0.168
-0.893,0.169
-0.893,0.17
-0.893,0.171
-0.893,0.171
-0.893,0.171
-0.893,0.171
-0.893,0.171
-0.893,0.17
-0.893,0.171
-0.893,0.171
-0.892,0.171
-0.892,0.171
-0.892,0.172
-0.892,0.174
-0.892,0.174
-0.892,0.179
-0.893,0.189
-0.893,0.19
-0.893,0.191
-0.893,0.191
-0.893,0.192
-0.893,0.192
-0.893,0.192
-0.893,0.191
-0.893,0.191
-0.893,0.192
-0.893,0.192
-0.893,0.192
-0.893,0.193
-0.893,0.192
-0.893,0.193
-0.893,0.193
-0.893,0.192
-0.893,0.192
-0.893,0.193
-0.893,0.193
-0.893,0.193
-0.893,0.193
-0.893,0.193
-0.893,0.193
-0.893,0.194
-0.893,0.193
-0.893,0.193
-0.893,0.193
-0.893,0.193
-0.893,0.193
-0.892,0.193
-0.893,0.137
-0.892,0.114
-0.893,0.074
-0.893,0.04
-0.892,0.031
-0.889,0.008
-0.889,-0.009
-0.89,-0.032
-0.89,-0.054
-0.89,-0.058
-0.89,-0.064
-0.89,-0.076
-0.89,-0.083
-0.89,-0.131
-0.89,-0.159
-0.89,-0.228
-0.889,-0.299
-0.888,-0.327
-0.886,-0.345
-0.884,-0.358
-0.88,-0.378
-0.879,-0.381
-0.877,-0.386
-0.878,-0.398
-0.88,-0.404
-0.88,-0.416
-0.878,-0.424
-0.878,-0.469
-0.878,-0.476
-0.875,-0.482
-0.868,-0.487
-0.864,-0.503
-0.862,-0.526
-0.861,-0.536
-0.859,-0.543
-0.86,-0.546
-0.86,-0.551
-0.86,-0.553
-0.861,-0.559
-0.86,-0.564
-0.861,-0.574
-0.861,-0.584
-0.861,-0.602
-0.861,-0.626
-0.861,-0.641
-0.861,-0.656
-0.862,-0.659
-0.862,-0.663
-0.862,-0.664
-0.862,-0.663
-0.862,-0.663
-0.862,-0.662
-0.862,-0.66
-0.862,-0.66
-0.862,-0.66
-0.863,-0.66
-0.863,-0.66
-0.864,-0.66
-0.864,-0.661
-0.864,-0.661
-0.864,-0.663
-0.864,-0.664
-0.864,-0.665
-0.864,-0.664
-0.864,-0.652
-0.864,-0.51
-0.864,-0.327
-0.864,-0.101
-0.864,-0.083
-0.863,-0.079
-0.844,-0.062
-0.837,-0.039
-0.809,-0.033
-0.777,-0.026
-0.646,-0.001
-0.446,0.0
-0.36,0.0
-0.363,0.013
-0.364,0.05
-0.365,0.144
-0.366,0.197
-0.366,0.21
-0.366,0.211
-0.365,0.214
-0.358,0.212
-0.352,0.21
-0.335,0.207
-0.32,0.191
-0.227,0.191
-0.159,0.191
-0.12,0.171
-0.117,0.133
-0.118,0.094
-0.119,0.087
-0.12,0.079
-0.12,0.078
-0.12,0.06
-0.12,0.058
-0.119,0.058
-0.112,0.05
-0.108,0.052
-0.104,0.054
-0.094,0.056
-0.086,0.056
-0.08,0.056
-0.04,0.056
-0.011,0.058
-0.004,0.06
0.0,0.066
0.0,0.069
0.0,0.071
0.0,0.072
0.0,0.073
0.0,0.077
0.0,0.081
-0.011,0.081
-0.013,0.082
-0.062,0.082
-0.07,0.083
-0.083,0.083
-0.098,0.083
-0.096,0.083
-0.152,0.083
-0.202,0.083
-0.207,0.084
-0.211,0.084
-0.215,0.084
-0.237,0.084
-0.234,0.084
-0.234,0.084
-0.232,0.084
-0.23,0.084
-0.225,0.084
-0.224,0.084
-0.224,0.084
-0.222,0.084
-0.219,0.084
-0.218,0.084
-0.214,0.084
-0.211,0.084
-0.21,0.084
-0.21,0.084
-0.21,0.084
-0.209,0.084
-0.209,0.084
-0.209,0.084
-0.209,0.084
-0.209,0.084
-0.209,0.084
-0.209,0.084
-0.208,0.084
-0.208,0.085
-0.208,0.084
-0.208,0.084
-0.208,0.085
-0.208,0.085
-0.208,0.084
-0.207,0.084
-0.207,0.085
-0.207,0.084
-0.208,0.084
-0.207,0.084
-0.206,0.084
-0.207,0.084
-0.207,0.085
-0.253,0.084
-0.268,0.085
-0.272,0.085
-0.272,0.084
-0.275,0.085
-0.278,0.085
-0.281,0.084
-0.317,0.085
-0.333,0.085
-0.336,0.085
-0.339,0.085
-0.339,0.085
-0.338,0.084
-0.339,0.085
-0.337,0.084
-0.336,0.085
-0.335,0.084
-0.332,0.085
-0.332,0.085
-0.332,0.085
-0.33,0.085
-0.329,0.085
-0.329,0.085
-0.328,0.084
-0.328,0.084
-0.328,0.084
-0.328,0.085
-0.327,0.085
-0.326,0.085
-0.323,0.084
-0.322,0.097
-0.322,0.113
-0.32,0.122
-0.32,0.124
-0.32,0.126
-0.32,0.126
-0.32,0.126
-0.32,0.127
-0.317,0.128
-0.317,0.128
-0.317,0.128
-0.305,0.129
-0.28,0.13
-0.277,0.127
-0.275,0.141
-0.274,0.166
-0.274,0.169
-0.281,0.173
-0.286,0.175
-0.293,0.178
-0.293,0.179
-0.314,0.182
-0.41,0.227
-0.44,0.235
-0.475,0.248
-0.567,0.243
-0.585,0.281
-0.582,0.305
-0.581,0.295
-0.622,0.301
-0.643,0.306
-0.647,0.322
-0.657,0.327
-0.678,0.328
-0.701,0.323
-0.702,0.323
-0.701,0.331
-0.7,0.331
-0.7,0.332
-0.697,0.333
-0.695,0.335
-0.695,0.336
-0.695,0.336
-0.696,0.334
-0.695,0.341
-0.694,0.364
-0.69,0.391
-0.689,0.402
-0.69,0.403
-0.689,0.405
-0.689,0.403
-0.689,0.396
-0.689,0.391
-0.689,0.392
-0.689,0.391
-0.683,0.391
-0.68,0.389
-0.673,0.365
-0.664,0.34
-0.659,0.287
-0.657,0.284
-0.654,0.265
-0.643,0.263
-0.643,0.205
-0.644,0.231
-0.642,0.223
-0.632,0.222
-0.621,0.206
-0.612,0.204
-0.577,0.2
-0.547,0.197
-0.533,0.193
-0.525,0.182
-0.523,0.182
-0.522,0.182
-0.519,0.175
-0.517,0.181
-0.517,0.181
-0.515,0.181
-0.509,0.176
-0.51,0.159
-0.51,0.156
-0.51,0.124
-0.51,0.13
-0.497,0.13
-0.485,0.133
-0.485,0.141
-0.469,0.152
-0.469,0.157
-0.467,0.159
-0.46,0.159
-0.456,0.174
-0.435,0.183
-0.416,0.189
-0.414,0.19
-0.406,0.191
-0.389,0.193
-0.384,0.191
-0.375,0.191
-0.363,0.191
-0.362,0.188
-0.361,0.186
-0.366,0.182
-0.37,0.179
-0.375,0.176
-0.382,0.176
-0.388,0.176
-0.389,0.176
-0.389,0.176
-0.392,0.176
-0.392,0.175
-0.392,0.176
-0.392,0.176
-0.392,0.176
-0.392,0.176
-0.392,0.176
-0.392,0.175
-0.392,0.175
-0.392,0.175
-0.392,0.175
-0.392,0.175
-0.392,0.175
-0.392,0.176
-0.392,0.175
-0.392,0.175
-0.392,0.176
-0.389,0.176
-0.382,0.175
-0.379,0.176
-0.372,0.175
-0.367,0.175
-0.368,0.175
-0.377,0.175
-0.379,0.173
-0.378,0.169
-0.379,0.169
-0.378,0.169
-0.378,0.169
-0.379,0.169
-0.373,0.169
-0.373,0.169
-0.374,0.168
-0.375,0.167
-0.376,0.166
-0.377,0.163
-0.378,0.162
-0.377,0.159
-0.378,0.158
-0.378,0.159
-0.378,0.158
-0.377,0.158
-0.377,0.158
-0.377,0.159
-0.389,0.158
-0.389,0.158
-0.39,0.156
-0.391,0.154
-0.402,0.154
-0.414,0.154
-0.413,0.154
-0.411,0.154
-0.411,0.154
-0.411,0.154
-0.409,0.152
-0.41,0.153
-0.41,0.154
-0.41,0.161
-0.41,0.161
-0.41,0.174
-0.41,0.189
-0.41,0.242
-0.407,0.268
-0.405,0.273
-0.404,0.282
-0.403,0.283
-0.403,0.284
-0.403,0.282
-0.401,0.284
-0.402,0.271
-0.401,0.271
-0.401,0.272
-0.401,0.19
-0.401,0.173
-0.402,0.16
-0.402,0.132
-0.402,0.124
-0.402,0.122
-0.401,0.118
-0.401,0.118
-0.401,0.116
-0.402,0.117
-0.401,0.12
-0.359,0.123
-0.343,0.122
-0.34,0.117
-0.339,0.113
-0.336,0.107
-0.338,0.112
-0.338,0.117
-0.338,0.124
-0.337,0.133
-0.335,0.143
-0.315,0.144
-0.308,0.145
-0.315,0.143
-0.328,0.173
-0.349,0.197
-0.376,0.203
-0.385,0.203
-0.43,0.203
-0.455,0.186
-0.469,0.212
-0.465,0.226
-0.465,0.239
-0.463,0.241
-0.462,0.243
-0.456,0.251
-0.455,0.248
-0.456,0.25
-0.455,0.251
-0.456,0.252
-0.453,0.253
-0.448,0.253
-0.446,0.25
-0.446,0.25
-0.446,0.248
-0.447,0.249
-0.446,0.25
-0.446,0.248
-0.445,0.249
-0.446,0.248
-0.445,0.245
-0.452,0.243
-0.458,0.234
-0.472,0.23
-0.468,0.231
-0.463,0.231
-0.461,0.23
-0.452,0.231
-0.451,0.231
-0.453,0.231
-0.48,0.231
-0.503,0.231
-0.549,0.231
-0.552,0.231
-0.552,0.23
-0.55,0.23
-0.548,0.231
-0.54,0.231
-0.54,0.231
-0.54,0.231
-0.54,0.231
-0.54,0.231
-0.54,0.23
-0.539,0.231
-0.537,0.231
-0.537,0.231
-0.536,0.231
-0.536,0.231
-0.536,0.231
-0.536,0.231
-0.536,0.231
-0.536,0.231
-0.536,0.231
-0.535,0.231
-0.535,0.231
-0.535,0.229
-0.535,0.227
-0.535,0.225
