valence,arousal
0.0,0.002
0.0,0.002
0.0,0.001
0.0,0.0
0.0,0.0
0.0,0.0
0.0,0.001
0.0,0.001
0.0,0.0
0.0,0.001
0.0,0.002
0.0,0.002
0.0,0.002
0.0,0.002
0.0,0.002
0.0,0.0
0.002,0.0
0.003,0.0
0.002,0.0
0.003,0.0
0.002,0.0
0.002,0.0
0.001,0.0
0.002,0.0
0.006,0.0
0.009,0.0
0.011,0.0
0.019,0.0
0.021,0.0
0.021,0.0
0.021,0.0
0.02,0.0
0.017,0.0
0.017,0.0
0.017,0.0
0.017,0.0
0.019,0.0
0.019,0.0
0.019,0.0
0.019,0.0
0.019,0.0
0.019,0.0
0.019,0.0
0.021,0.001
0.02,0.0
0.018,0.0
0.015,0.0
0.013,0.0
0.008,0.0
0.007,0.0
0.007,0.0
0.011,0.0
0.011,0.002
0.013,0.003
0.014,0.004
0.015,0.0
0.015,0.004
0.014,0.003
0.013,0.003
0.011,0.004
0.009,0.002
0.008,0.0
0.008,0.0
0.009,0.0
0.012,0.004
0.013,0.014
0.024,0.016
0.026,0.017
0.033,0.024
0.054,0.031
0.066,0.045
0.066,0.048
0.064,0.069
0.064,0.068
0.065,0.068
0.069,0.069
0.085,0.068
0.131,0.014
0.165,0.081
0.23,0.105
0.259,0.163
0.285,0.194
0.287,0.161
0.286,0.205
0.286,0.188
0.285,0.226
0.284,0.225
0.283,0.255
0.282,0.258
0.276,0.268
0.27,0.273
0.254,0.274
0.253,0.277
0.253,0.274
0.253,0.266
0.253,0.259
0.253,0.25
0.253,0.248
0.254,0.245
0.254,0.245
0.254,0.244
0.253,0.24
0.244,0.235
0.236,0.234
0.215,0.233
0.193,0.235
0.189,0.236
0.185,0.236
0.181,0.235
0.182,0.236
0.18,0.236
0.182,0.236
0.183,0.236
0.186,0.236
0.187,0.236
0.188,0.236
0.19,0.235
0.189,0.235
0.189,0.233
0.189,0.231
0.19,0.226
0.19,0.223
0.19,0.208
0.192,0.19
0.197,0.18
0.203,0.174
0.21,0.165
0.21,0.179
0.209,0.181
0.21,0.182
0.21,0.186
0.21,0.188
0.21,0.187
0.21,0.19
0.21,0.189
0.21,0.191
0.21,0.19
0.21,0.188
0.21,0.19
0.21,0.189
0.21,0.19
0.21,0.19
0.21,0.189
0.211,0.188
0.211,0.189
0.211,0.19
0.211,0.19
0.211,0.191
0.211,0.191
0.21,0.191
0.211,0.191
0.211,0.191
0.211,0.192
0.21,0.192
0.21,0.193
0.21,0.193
0.21,0.191
0.211,0.192
0.212,0.192
0.211,0.193
0.21,0.193
0.21,0.193
0.263,0.195
0.296,0.195
0.319,0.195
0.319,0.197
0.315,0.202
0.297,0.205
0.292,0.214
0.292,0.215
0.292,0.215
0.287,0.215
0.277,0.216
0.251,0.216
0.236,0.216
0.235,0.216
0.233,0.216
0.234,0.216
0.236,0.216
0.24,0.216
0.238,0.216
0.238,0.216
0.234,0.216
0.213,0.217
0.201,0.217
0.188,0.217
0.184,0.217
0.184,0.217
0.182,0.216
0.185,0.217
0.185,0.216
0.184,0.216
0.182,0.217
0.183,0.217
0.187,0.217
0.19,0.218
0.192,0.217
0.193,0.217
0.192,0.217
0.193,0.217
0.194,0.217
0.195,0.216
0.197,0.217
0.197,0.217
0.197,0.217
0.199,0.217
0.2,0.217
0.2,0.217
0.2,0.217
0.201,0.217
0.201,0.217
0.201,0.217
0.201,0.217
0.201,0.217
0.201,0.217
0.201,0.217
0.201,0.217
0.201,0.218
0.201,0.217
0.201,0.218
0.202,0.218
0.206,0.218
0.21,0.218
0.214,0.218
0.214,0.217
0.214,0.218
0.214,0.217
0.215,0.229
0.214,0.234
0.215,0.244
0.215,0.249
0.216,0.252
0.216,0.255
0.215,0.255
0.216,0.257
0.216,0.257
0.215,0.259
0.215,0.26
0.215,0.261
0.216,0.261
0.215,0.261
0.216,0.262
0.215,0.262
0.215,0.262
0.216,0.261
0.215,0.262
0.216,0.263
0.215,0.263
0.216,0.263
0.216,0.263
0.216,0.263
0.216,0.263
0.216,0.263
0.223,0.263
0.229,0.263
0.233,0.263
0.246,0.263
0.257,0.263
0.275,0.263
0.287,0.263
0.312,0.263
0.311,0.263
0.316,0.263
0.316,0.263
0.314,0.262
0.313,0.263
0.31,0.263
0.31,0.263
0.309,0.262
0.309,0.261
0.309,0.26
0.309,0.259
0.31,0.258
0.309,0.257
0.309,0.257
0.31,0.258
0.309,0.259
0.309,0.259
0.309,0.259
0.308,0.261
0.308,0.265
0.308,0.266
0.308,0.252
0.307,0.263
0.307,0.27
0.306,0.266
0.307,0.267
0.307,0.273
0.307,0.274
0.307,0.272
0.308,0.275
0.307,0.274
0.307,0.272
0.308,0.274
0.308,0.273
0.308,0.272
0.308,0.271
0.308,0.272
0.308,0.27
0.308,0.271
0.309,0.271
0.31,0.272
0.311,0.272
0.312,0.272
0.312,0.272
0.312,0.272
0.311,0.272
0.312,0.271
0.312,0.271
0.311,0.272
0.312,0.272
0.312,0.272
0.312,0.272
0.312,0.275
0.312,0.276
0.312,0.27
0.312,0.248
0.313,0.238
0.313,0.298
0.317,0.313
0.319,0.361
0.339,0.357
0.356,0.363
0.385,0.363
0.39,0.366
0.39,0.368
0.392,0.368
0.392,0.369
0.4,0.37
0.4,0.373
0.409,0.374
0.418,0.374
0.427,0.374
0.438,0.367
0.45,0.374
0.471,0.373
0.481,0.374
0.491,0.377
0.502,0.378
0.516,0.374
0.525,0.384
0.553,0.388
0.584,0.389
0.628,0.396
0.672,0.41
0.687,0.422
0.699,0.444
0.71,0.432
0.711,0.441
0.713,0.448
0.714,0.45
0.713,0.457
0.714,0.463
0.713,0.468
0.713,0.469
0.711,0.471
0.709,0.47
0.708,0.469
0.706,0.471
0.706,0.469
0.707,0.468
0.708,0.467
0.708,0.467
0.709,0.466
0.714,0.467
0.719,0.467
0.795,0.466
0.87,0.466
0.895,0.473
0.94,0.479
0.951,0.535
0.972,0.568
1.0,0.612
1.0,0.632
1.0,0.651
1.0,0.662
1.0,0.694
1.0,0.745
1.0,0.765
1.0,0.773
1.0,0.778
1.0,0.777
1.0,0.783
1.0,0.803
1.0,0.813
1.0,0.824
1.0,0.839
1.0,0.841
1.0,0.839
1.0,0.841
1.0,0.839
1.0,0.839
1.0,0.837
1.0,0.837
1.0,0.835
1.0,0.835
1.0,0.835
1.0,0.833
1.0,0.833
1.0,0.828
1.0,0.823
1.0,0.822
1.0,0.82
1.0,0.817
1.0,0.816
1.0,0.812
1.0,0.813
1.0,0.812
1.0,0.812
1.0,0.812
0.999,0.812
0.991,0.812
0.985,0.812
0.973,0.812
0.957,0.812
0.95,0.811
0.907,0.812
0.897,0.812
0.88,0.811
0.865,0.812
0.856,0.808
0.829,0.803
0.819,0.801
0.821,0.801
0.821,0.801
0.822,0.801
0.817,0.802
0.811,0.801
0.811,0.801
0.811,0.801
0.807,0.802
0.773,0.801
0.763,0.801
0.76,0.801
0.755,0.802
0.75,0.802
0.745,0.801
0.74,0.802
0.723,0.801
0.705,0.802
0.696,0.801
0.678,0.801
0.666,0.802
0.661,0.802
0.653,0.802
0.657,0.802
0.658,0.801
0.658,0.802
0.659,0.801
0.659,0.801
0.659,0.802
0.661,0.802
0.661,0.803
0.661,0.801
0.661,0.801
0.659,0.801
0.659,0.802
0.657,0.801
0.657,0.801
0.657,0.801
0.657,0.801
0.659,0.802
0.67,0.803
0.674,0.803
0.687,0.803
0.688,0.803
0.689,0.803
0.689,0.803
0.69,0.803
0.69,0.803
0.691,0.803
0.701,0.804
0.704,0.803
0.706,0.803
0.705,0.803
0.703,0.801
0.701,0.801
0.7,0.801
0.701,0.801
0.7,0.801
0.699,0.801
0.7,0.8
0.699,0.8
0.7,0.8
0.699,0.791
0.699,0.773
0.7,0.759
0.7,0.744
0.701,0.732
0.702,0.731
0.704,0.728
0.717,0.728
0.752,0.721
0.754,0.714
0.762,0.716
0.76,0.713
0.758,0.712
0.752,0.71
0.749,0.704
0.749,0.687
0.749,0.669
0.749,0.659
0.749,0.648
0.749,0.648
0.748,0.646
0.748,0.643
0.749,0.641
0.749,0.647
0.749,0.649
0.751,0.656
0.752,0.655
0.751,0.655
0.752,0.653
0.751,0.657
0.751,0.66
0.751,0.666
0.751,0.671
0.751,0.672
0.749,0.674
0.738,0.674
0.738,0.674
0.738,0.675
0.69,0.674
0.688,0.672
0.683,0.67
0.685,0.661
0.687,0.655
0.687,0.633
0.665,0.606
0.627,0.607
0.62,0.603
0.595,0.589
0.571,0.583
0.554,0.569
0.546,0.565
0.548,0.561
0.548,0.559
0.554,0.559
0.554,0.558
0.554,0.55
0.554,0.547
0.556,0.546
0.554,0.552
0.55,0.55
0.533,0.55
0.517,0.552
0.497,0.548
0.492,0.542
0.495,0.541
0.499,0.54
0.5,0.529
0.499,0.527
0.5,0.535
0.502,0.518
0.504,0.525
0.504,0.524
0.505,0.519
0.506,0.504
0.506,0.499
0.508,0.499
0.508,0.488
0.508,0.482
0.509,0.488
0.511,0.492
0.514,0.474
0.514,0.477
0.516,0.469
0.516,0.465
0.516,0.454
0.516,0.441
0.516,0.432
0.516,0.437
0.516,0.436
0.518,0.442
0.518,0.443
0.518,0.438
0.518,0.435
0.518,0.439
0.519,0.437
0.52,0.432
0.521,0.434
0.52,0.434
0.52,0.428
0.521,0.43
0.52,0.432
0.52,0.435
0.521,0.435
0.521,0.437
0.521,0.434
0.521,0.43
0.521,0.392
0.521,0.399
0.521,0.401
0.522,0.404
0.52,0.405
0.521,0.406
0.521,0.403
0.521,0.409
0.521,0.41
0.521,0.411
0.521,0.411
0.523,0.411
0.527,0.411
0.528,0.411
0.529,0.411
0.532,0.411
0.546,0.411
0.547,0.411
0.545,0.412
0.545,0.412
0.545,0.412
0.544,0.411
0.544,0.412
0.544,0.412
0.541,0.412
0.539,0.413
0.539,0.413
0.539,0.413
0.538,0.413
0.538,0.414
0.538,0.414
0.538,0.415
0.539,0.415
0.539,0.415
0.538,0.415
0.538,0.416
0.537,0.417
0.535,0.417
0.524,0.417
0.518,0.417
0.514,0.417
0.501,0.417
0.478,0.417
0.475,0.417
0.478,0.419
0.472,0.419
0.47,0.419
0.449,0.419
0.437,0.419
0.432,0.418
0.427,0.419
0.414,0.418
0.41,0.418
0.413,0.419
0.415,0.419
0.415,0.418
0.417,0.416
0.417,0.414
0.418,0.407
0.423,0.396
0.428,0.392
0.467,0.392
0.523,0.392
0.579,0.39
0.594,0.392
0.614,0.399
0.629,0.39
0.65,0.392
0.661,0.399
0.692,0.405
0.693,0.406
0.69,0.407
0.685,0.407
0.683,0.407
0.678,0.408
0.677,0.407
0.678,0.407
0.678,0.407
0.678,0.408
0.681,0.408
0.683,0.408
0.686,0.408
0.69,0.406
0.701,0.405
0.708,0.406
0.71,0.407
0.716,0.406
0.737,0.409
0.741,0.413
0.775,0.424
0.794,0.426
0.798,0.439
0.798,0.456
0.798,0.471
0.798,0.475
0.796,0.475
0.795,0.479
0.794,0.482
0.793,0.479
0.792,0.481
0.792,0.482
0.792,0.481
0.791,0.483
0.792,0.482
0.791,0.479
0.792,0.477
0.79,0.477
0.79,0.477
0.79,0.475
0.79,0.473
0.79,0.473
0.79,0.468
0.79,0.458
0.79,0.456
0.791,0.456
0.792,0.456
0.798,0.456
0.801,0.456
0.86,0.456
0.892,0.457
0.919,0.456
0.923,0.457
0.921,0.456
0.917,0.456
0.912,0.456
0.909,0.457
0.909,0.456
0.908,0.482
0.909,0.511
0.908,0.566
0.908,0.59
0.908,0.588
0.907,0.588
0.899,0.586
0.899,0.586
0.899,0.588
0.899,0.589
0.899,0.597
0.897,0.625
0.898,0.657
0.898,0.664
0.898,0.668
0.898,0.668
0.898,0.666
0.899,0.665
0.898,0.666
0.885,0.665
0.88,0.666
0.872,0.666
0.855,0.666
0.852,0.665
0.831,0.663
0.815,0.659
0.797,0.651
0.784,0.638
0.78,0.638
0.777,0.638
0.766,0.638
0.764,0.638
0.759,0.638
0.76,0.638
0.752,0.638
0.75,0.638
0.745,0.638
0.74,0.638
0.731,0.638
0.727,0.637
0.725,0.638
0.723,0.638
0.722,0.638
0.713,0.637
0.713,0.637
0.705,0.638
0.701,0.638
0.697,0.637
0.697,0.638
0.696,0.637
0.693,0.638
0.689,0.638
0.687,0.637
0.684,0.638
0.675,0.638
0.674,0.638
0.674,0.638
0.67,0.637
0.665,0.638
0.668,0.637
0.669,0.638
0.668,0.637
0.667,0.637
0.667,0.637
0.664,0.638
0.67,0.638
0.667,0.637
0.663,0.637
0.665,0.637
0.661,0.638
0.662,0.637
0.663,0.638
0.664,0.638
0.662,0.638
0.665,0.638
0.666,0.637
0.666,0.637
0.662,0.636
0.659,0.637
0.646,0.636
0.631,0.636
0.62,0.636
0.607,0.636
0.591,0.636
0.592,0.634
0.592,0.634
0.608,0.631
0.634,0.629
0.674,0.624
0.709,0.625
0.713,0.621
0.713,0.619
0.723,0.62
0.756,0.622
0.775,0.625
0.833,0.629
0.839,0.631
0.839,0.631
0.833,0.669
0.82,0.669
0.815,0.674
0.815,0.673
0.815,0.669
0.815,0.664
0.815,0.663
0.815,0.657
0.815,0.651
0.815,0.649
0.815,0.648
0.815,0.646
0.815,0.647
0.815,0.648
0.815,0.647
0.815,0.647
0.815,0.647
0.815,0.648
0.807,0.648
0.798,0.638
0.788,0.634
0.782,0.626
0.76,0.619
0.743,0.616
0.721,0.616
0.719,0.615
0.702,0.615
0.696,0.61
0.687,0.6
0.683,0.596
0.687,0.59
0.679,0.586
0.683,0.58
0.673,0.578
0.67,0.581
0.659,0.574
0.662,0.571
0.651,0.56
0.651,0.561
0.644,0.559
0.638,0.549
0.634,0.544
0.631,0.544
0.631,0.531
0.628,0.52
0.619,0.514
0.616,0.517
0.617,0.514
0.599,0.494
0.603,0.502
0.599,0.495
0.599,0.505
0.601,0.508
0.6,0.508
0.601,0.512
0.602,0.512
0.605,0.511
0.606,0.514
0.606,0.513
0.606,0.513
0.608,0.518
0.609,0.518
0.609,0.523
0.609,0.527
0.61,0.532
0.612,0.535
0.611,0.535
0.612,0.535
0.611,0.538
0.611,0.54
0.61,0.542
0.61,0.546
0.609,0.546
0.608,0.549
0.608,0.549
0.607,0.551
0.606,0.552
0.606,0.552
0.609,0.552
0.61,0.552
0.61,0.552
0.612,0.552
0.612,0.552
0.616,0.553
0.615,0.552
0.615,0.561
0.615,0.565
0.615,0.568
0.616,0.569
0.62,0.569
0.623,0.569
0.637,0.569
0.64,0.569
0.64,0.569
0.64,0.568
0.64,0.569
0.641,0.569
0.642,0.568
0.642,0.569
0.642,0.569
0.651,0.569
0.657,0.57
0.657,0.572
0.655,0.584
0.655,0.593
0.653,0.591
0.652,0.591
0.651,0.591
0.65,0.591
0.649,0.591
0.648,0.589
0.647,0.589
0.646,0.589
0.646,0.588
0.646,0.586
0.646,0.58
0.646,0.577
0.646,0.572
0.646,0.57
0.646,0.569
0.646,0.569
0.646,0.569
0.646,0.568
0.646,0.569
0.646,0.569
0.64,0.568
0.633,0.568
0.626,0.569
0.602,0.569
0.576,0.569
0.578,0.569
0.57,0.569
0.568,0.569
0.565,0.569
0.544,0.569
0.535,0.565
0.511,0.56
0.486,0.548
0.469,0.533
0.46,0.522
0.462,0.505
0.461,0.473
0.446,0.45
0.417,0.428
0.386,0.427
0.372,0.409
0.321,0.403
0.294,0.389
0.295,0.385
0.302,0.371
0.31,0.355
0.328,0.351
0.344,0.343
0.364,0.355
0.411,0.36
0.43,0.386
0.471,0.386
0.524,0.38
0.568,0.456
0.576,0.481
0.615,0.501
0.621,0.505
0.621,0.511
0.617,0.51
0.612,0.512
0.61,0.513
0.614,0.512
0.617,0.513
0.621,0.514
0.628,0.514
0.631,0.52
0.657,0.529
0.69,0.563
0.72,0.593
0.721,0.596
0.721,0.593
0.72,0.585
0.717,0.574
0.713,0.56
0.71,0.561
0.71,0.562
0.692,0.541
0.693,0.467
0.693,0.439
0.668,0.398
0.653,0.381
0.61,0.373
0.599,0.324
0.597,0.344
0.585,0.348
0.563,0.336
0.565,0.329
0.546,0.329
0.546,0.324
0.531,0.315
0.514,0.315
0.505,0.305
0.488,0.311
0.486,0.317
0.49,0.301
0.487,0.31
0.482,0.265
0.476,0.283
0.474,0.277
0.472,0.28
0.463,0.285
0.454,0.287
0.456,0.295
0.456,0.298
0.452,0.3
0.451,0.308
0.441,0.318
0.442,0.323
0.444,0.327
0.447,0.327
0.432,0.328
0.43,0.327
0.429,0.327
0.427,0.328
0.421,0.328
0.409,0.328
0.408,0.329
0.407,0.328
0.405,0.33
0.403,0.329
0.398,0.328
0.396,0.329
0.389,0.328
0.383,0.328
0.377,0.328
0.37,0.328
0.358,0.328
0.341,0.327
0.334,0.328
0.329,0.327
0.329,0.327
0.327,0.327
0.324,0.328
0.3,0.327
0.293,0.327
0.288,0.328
0.27,0.327
0.265,0.327
0.228,0.328
0.23,0.328
0.239,0.328
0.229,0.327
0.232,0.327
0.227,0.327
0.216,0.325
0.22,0.325
0.208,0.325
0.207,0.325
0.204,0.325
0.197,0.325
0.189,0.326
0.188,0.326
0.191,0.326
0.192,0.327
0.193,0.327
0.195,0.326
0.199,0.326
0.201,0.327
0.2,0.327
0.201,0.327
0.201,0.327
0.201,0.327
0.201,0.327
0.201,0.327
0.201,0.327
0.201,0.327
0.201,0.327
0.201,0.33
0.201,0.33
0.203,0.329
0.203,0.33
0.206,0.329
0.206,0.329
0.206,0.329
0.206,0.33
0.205,0.329
0.207,0.33
0.208,0.33
0.205,0.33
0.203,0.33
0.201,0.331
0.201,0.331
0.197,0.331
0.165,0.332
0.167,0.331
0.169,0.332
0.165,0.333
0.165,0.336
0.167,0.339
0.169,0.34
0.169,0.339
0.169,0.358
0.169,0.364
0.169,0.366
0.17,0.365
0.169,0.363
0.171,0.361
0.171,0.357
0.171,0.356
0.171,0.352
0.171,0.351
0.172,0.349
0.171,0.345
0.171,0.346
0.171,0.347
0.171,0.347
0.171,0.347
0.171,0.347
0.171,0.347
0.173,0.347
0.171,0.347
0.172,0.347
0.171,0.347
0.171,0.347
0.167,0.348
0.162,0.347
0.154,0.348
0.16,0.348
0.163,0.348
0.165,0.347
0.166,0.347
0.167,0.345
0.165,0.328
0.166,0.329
0.165,0.337
0.161,0.342
0.153,0.342
0.148,0.342
0.155,0.343
0.156,0.343
0.156,0.345
0.158,0.345
0.158,0.345
0.159,0.345
0.16,0.345
0.16,0.345
0.167,0.346
0.17,0.346
0.174,0.264
0.186,0.233
0.186,0.244
0.187,0.268
0.196,0.273
0.214,0.275
0.231,0.275
0.242,0.302
0.25,0.313
0.259,0.313
0.262,0.313
0.262,0.315
0.27,0.315
0.268,0.316
0.267,0.317
0.27,0.317
0.27,0.317
0.27,0.319
0.272,0.319
0.272,0.18
0.274,0.26
0.274,0.27
0.271,0.271
0.273,0.273
0.283,0.28
0.288,0.281
0.292,0.281
0.293,0.282
0.3,0.28
0.298,0.281
0.301,0.283
0.302,0.285
0.304,0.284
0.3,0.284
0.302,0.285
0.303,0.284
0.302,0.285
0.303,0.285
0.303,0.285
0.304,0.284
0.303,0.285
0.302,0.284
0.302,0.286
0.301,0.285
0.301,0.285
0.3,0.285
0.3,0.285
0.301,0.285
0.3,0.285
0.3,0.284
0.298,0.285
0.298,0.285
0.298,0.286
0.298,0.286
0.297,0.291
0.295,0.295
0.295,0.296
0.293,0.301
0.291,0.305
0.291,0.309
0.291,0.311
0.291,0.313
0.291,0.313
0.291,0.312
0.291,0.313
0.291,0.313
0.291,0.313
0.291,0.314
0.291,0.314
0.291,0.314
0.291,0.313
0.291,0.314
0.29,0.314
0.289,0.314
0.289,0.314
0.288,0.314
0.289,0.314
0.289,0.315
0.289,0.315
0.289,0.315
0.289,0.314
0.288,0.315
0.289,0.314
0.289,0.314
0.289,0.315
0.289,0.315
0.289,0.314
0.291,0.315
0.291,0.315
0.291,0.314
0.291,0.315
0.291,0.315
0.291,0.315
0.291,0.315
0.291,0.315
0.291,0.315
0.291,0.315
0.291,0.315
0.291,0.315
0.291,0.315
0.29,0.315
0.29,0.315
0.29,0.315
0.289,0.315
0.289,0.315
0.289,0.317
0.291,0.315
0.289,0.315
0.29,0.315
0.29,0.315
0.291,0.315
0.29,0.315
0.289,0.315
0.29,0.315
0.289,0.315
0.289,0.315
0.289,0.315
0.288,0.315
0.288,0.315
0.287,0.315
0.288,0.315
0.287,0.315
0.288,0.315
0.288,0.315
0.287,0.315
0.287,0.315
0.288,0.315
0.287,0.315
0.287,0.315
0.287,0.315
0.287,0.315
0.287,0.315
0.287,0.315
0.287,0.315
0.287,0.315
0.288,0.315
0.288,0.315
0.288,0.315
0.287,0.315
0.287,0.315
0.288,0.315
0.287,0.315
0.287,0.315
0.288,0.315
0.287,0.315
0.288,0.315
0.288,0.315
0.288,0.315
0.288,0.315
0.288,0.315
0.287,0.315
0.287,0.315
0.288,0.315
0.288,0.315
0.288,0.315
0.288,0.315
0.288,0.315
0.288,0.315
0.288,0.315
0.287,0.316
0.288,0.315
0.288,0.315
0.288,0.315
0.288,0.315
0.287,0.315
0.287,0.315
0.287,0.315
0.286,0.315
0.287,0.315
0.286,0.315
0.286,0.315
0.286,0.315
0.286,0.315
0.287,0.315
0.286,0.315
0.287,0.315
0.286,0.315
0.286,0.315
0.286,0.315
0.287,0.315
0.285,0.315
0.283,0.315
0.274,0.315
0.274,0.315
0.273,0.315
0.274,0.315
0.273,0.315
0.274,0.315
0.274,0.315
0.274,0.315
0.273,0.315
0.274,0.315
0.274,0.315
0.274,0.315
0.274,0.315
0.274,0.315
0.274,0.316
0.274,0.315
0.274,0.315
0.274,0.315
0.274,0.315
0.274,0.315
0.274,0.315
0.275,0.315
0.274,0.315
0.274,0.315
0.274,0.315
0.273,0.315
0.274,0.315
0.274,0.316
0.274,0.315
0.273,0.315
0.273,0.315
0.274,0.315
0.274,0.315
0.274,0.315
0.274,0.315
0.274,0.315
0.274,0.315
0.274,0.316
0.274,0.316
0.274,0.315
0.274,0.316
0.274,0.316
0.273,0.315
0.274,0.315
0.274,0.316
0.274,0.315
0.274,0.315
0.274,0.315
0.273,0.315
0.273,0.315
0.273,0.315
0.273,0.315
0.272,0.316
0.271,0.315
0.269,0.316
0.268,0.315
0.267,0.315
0.266,0.315
0.266,0.315
0.267,0.315
0.267,0.315
0.266,0.315
0.267,0.315
0.267,0.315
0.266,0.316
0.267,0.316
0.266,0.315
0.267,0.315
0.267,0.315
0.266,0.312
0.266,0.3
0.266,0.291
0.265,0.238
0.264,0.19
0.249,0.214
0.225,0.233
0.21,0.198
0.212,0.213
0.213,0.193
0.22,0.189
0.22,0.223
0.223,0.206
0.224,0.218
0.225,0.233
0.228,0.218
0.23,0.233
0.231,0.245
0.232,0.257
0.232,0.269
0.233,0.283
0.233,0.286
0.233,0.286
0.234,0.286
0.233,0.287
0.233,0.288
0.234,0.289
0.234,0.289
0.234,0.289
0.235,0.29
0.237,0.289
0.242,0.289
0.251,0.289
0.253,0.29
0.254,0.289
0.254,0.291
0.255,0.29
0.254,0.291
0.255,0.29
0.255,0.291
0.255,0.291
0.255,0.291
0.255,0.294
0.255,0.295
0.255,0.296
0.255,0.297
0.255,0.298
0.259,0.298
0.259,0.298
0.259,0.299
0.259,0.3
0.258,0.299
0.257,0.3
0.258,0.302
0.259,0.302
0.258,0.304
0.259,0.306
0.259,0.311
0.259,0.312
0.259,0.314
0.259,0.317
0.259,0.317
0.259,0.321
0.258,0.321
0.258,0.317
0.258,0.32
0.259,0.323
0.259,0.328
0.259,0.324
0.259,0.32
0.259,0.323
0.258,0.327
0.258,0.33
0.259,0.332
0.259,0.332
0.259,0.332
0.259,0.333
0.259,0.332
0.258,0.332
0.259,0.332
0.259,0.334
0.258,0.333
0.258,0.333
0.26,0.334
0.273,0.334
0.274,0.333
0.274,0.334
0.274,0.334
0.274,0.334
0.274,0.334
0.274,0.334
0.274,0.336
0.273,0.336
0.273,0.334
0.272,0.335
0.27,0.335
0.269,0.335
0.267,0.334
0.263,0.335
0.263,0.334
0.263,0.334
0.263,0.334
0.263,0.334
0.263,0.333
0.263,0.334
0.263,0.332
0.263,0.329
0.264,0.328
0.263,0.308
0.263,0.308
0.263,0.306
0.263,0.307
0.263,0.307
0.263,0.307
0.263,0.307
0.264,0.302
0.263,0.299
0.263,0.285
0.263,0.261
0.263,0.25
0.263,0.222
0.263,0.203
0.263,0.208
0.263,0.173
0.263,0.16
0.263,0.192
0.263,0.21
0.263,0.17
0.263,0.204
0.263,0.217
0.263,0.212
0.263,0.222
0.264,0.228
0.263,0.222
0.263,0.226
0.263,0.227
0.263,0.227
0.263,0.229
0.263,0.233
0.263,0.234
0.263,0.235
0.263,0.236
0.263,0.233
0.263,0.235
0.263,0.233
0.263,0.234
0.263,0.236
0.263,0.235
0.263,0.235
0.263,0.238
0.263,0.239
0.263,0.24
0.263,0.241
0.263,0.244
0.263,0.246
0.263,0.246
0.263,0.247
0.263,0.248
0.263,0.248
0.263,0.249
0.263,0.249
0.262,0.251
0.263,0.251
0.263,0.251
0.263,0.251
0.263,0.253
0.263,0.253
0.263,0.255
0.262,0.253
0.263,0.255
0.263,0.255
0.263,0.255
0.263,0.254
0.263,0.254
0.263,0.255
0.263,0.255
0.263,0.256
0.263,0.256
0.263,0.256
0.263,0.256
0.263,0.255
0.263,0.257
0.263,0.258
0.263,0.26
0.263,0.267
0.263,0.27
0.263,0.272
0.262,0.273
0.263,0.274
0.263,0.275
0.263,0.276
0.263,0.276
0.263,0.274
0.263,0.275
0.263,0.275
0.263,0.275
0.263,0.276
0.263,0.276
0.263,0.276
0.263,0.276
0.263,0.276
0.263,0.276
0.263,0.276
0.263,0.276
0.263,0.276
0.263,0.276
0.263,0.276
0.263,0.276
0.263,0.276
0.263,0.276
0.263,0.276
0.263,0.276
0.263,0.276
0.263,0.275
0.263,0.276
0.263,0.276
0.263,0.275
0.263,0.276
0.263,0.276
0.263,0.276
0.262,0.276
0.263,0.276
0.263,0.276
0.263,0.276
0.263,0.276
0.263,0.276
0.263,0.276
0.263,0.276
0.263,0.276
0.263,0.276
0.263,0.276
0.263,0.276
0.263,0.276
0.263,0.276
0.263,0.276
0.263,0.282
0.262,0.293
0.263,0.295
0.263,0.296
0.263,0.298
0.263,0.302
0.263,0.287
0.263,0.272
0.263,0.296
0.263,0.334
0.263,0.373
0.262,0.38
0.263,0.39
0.263,0.393
0.263,0.394
0.263,0.399
0.263,0.396
0.262,0.398
0.263,0.398
0.263,0.398
0.263,0.402
0.263,0.4
0.263,0.4
0.262,0.4
0.263,0.4
0.263,0.399
0.264,0.397
0.278,0.397
0.281,0.396
0.298,0.395
0.298,0.395
0.301,0.394
0.297,0.392
0.293,0.39
0.289,0.39
0.287,0.389
0.285,0.386
0.28,0.384
0.277,0.38
0.273,0.378
0.273,0.379
0.273,0.378
0.273,0.379
0.273,0.379
0.273,0.379
0.273,0.379
0.274,0.379
0.273,0.379
0.274,0.379
0.273,0.379
0.273,0.379
0.268,0.379
0.265,0.378
0.263,0.379
0.264,0.379
0.263,0.379
0.263,0.38
0.264,0.379
0.263,0.379
0.264,0.379
0.263,0.379
0.263,0.379
0.263,0.379
0.261,0.379
0.261,0.379
0.26,0.379
0.26,0.379
0.26,0.379
0.26,0.379
0.26,0.379
0.26,0.379
0.26,0.372
0.261,0.362
0.26,0.351
0.263,0.336
0.261,0.32
0.261,0.298
0.26,0.302
0.256,0.309
0.255,0.297
0.246,0.304
0.229,0.287
0.21,0.281
0.208,0.259
0.186,0.262
0.188,0.252
0.189,0.244
0.19,0.245
0.191,0.255
0.197,0.257
0.196,0.253
0.195,0.244
0.196,0.237
0.195,0.231
0.192,0.221
0.175,0.226
0.163,0.201
0.156,0.217
0.139,0.204
0.138,0.205
0.141,0.214
0.146,0.187
0.145,0.166
0.15,0.184
0.151,0.163
0.15,0.167
0.15,0.176
0.15,0.172
0.152,0.187
0.15,0.187
0.15,0.186
0.152,0.203
0.152,0.201
0.153,0.194
0.153,0.188
0.153,0.184
0.154,0.187
0.154,0.185
0.154,0.189
0.156,0.185
0.156,0.189
0.158,0.195
0.158,0.202
0.159,0.218
0.161,0.225
0.161,0.231
0.161,0.231
0.161,0.232
0.162,0.231
0.162,0.233
0.162,0.233
0.162,0.233
0.162,0.233
0.161,0.233
0.162,0.234
0.161,0.234
0.161,0.234
0.162,0.235
0.162,0.235
0.162,0.235
0.161,0.234
0.161,0.235
0.161,0.233
0.161,0.229
0.161,0.221
0.161,0.176
0.162,0.152
0.162,0.168
0.161,0.171
0.162,0.178
0.161,0.19
0.161,0.194
0.161,0.203
0.162,0.212
0.161,0.221
0.162,0.222
0.162,0.221
0.161,0.221
0.162,0.206
0.163,0.083
0.163,0.0
0.165,0.0
0.167,0.0
0.167,0.004
0.161,0.004
-0.023,0.004
-0.022,0.004
-0.022,0.006
-0.021,0.006
-0.022,0.006
-0.022,0.006
-0.022,0.006
-0.022,0.006
-0.021,0.006
-0.021,0.007
-0.022,0.006
-0.022,0.007
-0.021,0.006
-0.021,0.006
-0.021,0.007
-0.021,0.007
-0.021,0.007
-0.021,0.006
-0.021,0.007
-0.021,0.007
-0.02,0.007
0.0,0.007
0.0,0.007
0.0,0.007
0.001,0.007
0.0,0.008
0.002,0.007
0.001,0.008
0.0,0.007
0.0,0.008
0.0,0.009
-0.001,0.009
-0.002,0.008
-0.002,0.009
-0.002,0.008
-0.002,0.008
-0.002,0.008
-0.002,0.008
-0.002,0.007
-0.002,0.008
-0.002,0.008
-0.002,0.007
-0.002,0.008
-0.002,0.009
-0.002,0.009
-0.002,0.009
-0.002,0.008
-0.002,0.009
-0.002,0.008
-0.002,0.009
-0.002,0.009
-0.002,0.009
-0.002,0.008
-0.002,0.009
-0.002,0.008
-0.002,0.009
-0.002,0.008
-0.002,0.009
-0.002,0.009
-0.002,0.008
-0.002,0.009
-0.002,0.008
-0.002,0.008
-0.002,0.009
-0.002,0.009
-0.002,0.009
-0.002,0.009
-0.002,0.009
-0.001,0.009
-0.002,0.009
-0.002,0.009
-0.001,0.009
0.0,0.008
0.0,0.008
0.0,0.009
0.0,0.009
0.0,0.009
0.0,0.009
0.0,0.009
0.0,0.009
0.0,0.009
0.0,0.009
0.0,0.009
0.0,0.009
0.0,0.008
0.0,0.009
0.0,0.008
0.0,0.009
0.0,0.009
0.0,0.008
0.0,0.009
0.0,0.009
0.0,0.009
0.0,0.009
0.0,0.008
0.0,0.009
0.0,0.009
0.0,0.009
0.0,0.009
0.0,0.009
0.0,0.009
0.0,0.009
0.0,0.009
0.0,0.009
0.0,0.009
0.0,0.009
0.0,0.009
0.0,0.008
0.0,0.009
0.0,0.009
0.0,0.009
0.0,0.008
0.0,0.009
0.0,0.009
0.0,0.009
0.0,0.009
0.0,0.009
0.0,0.008
0.0,0.008
0.0,0.009
0.0,0.009
0.0,0.009
0.0,0.009
0.0,0.009
0.0,0.009
0.0,0.009
0.0,0.009
0.0,0.009
0.0,0.009
0.0,0.009
0.0,0.009
0.0,0.009
0.0,0.009
0.0,0.008
0.0,0.009
0.0,0.009
0.0,0.009
0.0,0.009
0.0,0.009
0.0,0.009
0.0,0.009
0.0,0.009
0.0,0.009
0.0,0.009
0.0,0.009
0.0,0.009
0.0,0.009
0.0,0.009
0.0,0.009
0.0,0.009
0.0,0.009
0.0,0.009
0.0,0.009
0.0,0.009
0.0,0.009
0.0,0.009
0.0,0.009
0.0,0.009
0.0,0.009
0.0,0.009
0.0,0.009
0.0,0.009
0.0,0.009
0.0,0.009
0.0,0.01
0.0,0.009
0.0,0.009
0.0,0.009
0.0,0.009
0.0,0.011
0.0,0.014
0.0,0.015
0.0,0.015
0.0,0.017
0.0,0.022
0.0,0.041
0.0,0.079
0.0,0.066
-0.001,0.11
-0.024,0.129
-0.027,0.134
-0.027,0.118
-0.026,0.114
-0.026,0.14
-0.024,0.135
-0.02,0.144
-0.017,0.139
-0.004,0.158
0.002,0.161
0.037,0.127
0.074,0.131
0.092,0.144
0.148,0.144
0.16,0.117
0.226,0.156
0.233,0.12
0.235,0.169
0.235,0.214
0.226,0.214
0.225,0.218
0.219,0.226
0.214,0.223
0.21,0.225
0.208,0.225
0.204,0.22
0.204,0.218
0.205,0.216
0.204,0.215
0.205,0.216
0.205,0.215
0.205,0.216
0.205,0.216
0.205,0.216
0.205,0.217
0.205,0.217
0.205,0.217
0.205,0.217
0.204,0.216
0.205,0.217
0.205,0.218
0.205,0.218
0.205,0.221
0.208,0.222
0.216,0.225
0.224,0.229
0.231,0.232
0.234,0.221
0.238,0.218
0.238,0.212
0.24,0.233
0.244,0.256
0.248,0.259
0.253,0.264
0.251,0.256
0.25,0.28
0.251,0.289
0.251,0.272
0.251,0.281
0.251,0.297
0.251,0.299
0.25,0.315
0.25,0.32
0.25,0.345
0.25,0.352
0.251,0.351
0.251,0.347
0.252,0.362
0.253,0.37
0.249,0.393
0.25,0.39
0.261,0.4
0.273,0.395
0.276,0.393
0.278,0.396
0.28,0.397
0.279,0.396
0.281,0.397
0.282,0.398
0.281,0.397
0.278,0.398
0.28,0.4
0.28,0.402
0.281,0.4
0.274,0.402
0.283,0.402
0.306,0.402
0.321,0.4
0.325,0.401
0.323,0.4
0.322,0.397
0.321,0.395
0.319,0.391
0.317,0.391
0.315,0.39
0.308,0.387
0.305,0.381
0.298,0.375
0.297,0.374
0.297,0.373
0.296,0.373
0.295,0.373
0.295,0.373
0.295,0.373
0.295,0.373
0.295,0.374
0.295,0.367
0.295,0.368
0.295,0.368
0.295,0.368
0.295,0.368
0.295,0.369
0.296,0.369
0.295,0.369
0.295,0.366
0.295,0.362
0.296,0.361
0.296,0.357
0.295,0.352
0.296,0.329
0.296,0.289
0.295,0.306
0.295,0.308
0.295,0.308
0.294,0.314
0.291,0.305
0.287,0.297
0.281,0.268
0.268,0.256
0.256,0.218
0.223,0.25
0.225,0.255
0.22,0.244
0.214,0.256
0.213,0.25
0.211,0.257
0.212,0.235
0.216,0.255
0.21,0.257
0.214,0.225
0.207,0.25
0.181,0.25
0.182,0.251
0.187,0.257
0.175,0.266
0.169,0.267
0.175,0.271
0.178,0.27
0.177,0.277
0.176,0.244
0.178,0.231
0.176,0.247
0.176,0.218
0.174,0.246
0.173,0.231
0.175,0.25
0.175,0.255
0.176,0.252
0.176,0.26
0.176,0.257
0.175,0.257
0.175,0.261
0.178,0.262
0.18,0.261
0.182,0.259
0.185,0.26
0.186,0.263
0.189,0.265
0.191,0.267
0.191,0.272
0.192,0.28
0.192,0.298
0.191,0.306
0.192,0.307
0.192,0.307
0.193,0.307
0.193,0.307
0.193,0.308
0.193,0.308
0.194,0.311
0.194,0.317
0.195,0.319
0.197,0.323
0.201,0.334
0.208,0.319
0.209,0.34
0.21,0.353
0.209,0.359
0.209,0.371
0.209,0.368
0.209,0.371
0.21,0.372
0.209,0.371
0.21,0.37
0.21,0.369
0.21,0.367
0.21,0.366
0.21,0.366
0.21,0.366
0.21,0.367
0.21,0.368
0.21,0.368
0.21,0.368
0.21,0.369
0.21,0.368
0.21,0.368
0.21,0.369
0.21,0.37
0.21,0.373
0.21,0.376
0.21,0.376
0.211,0.388
0.211,0.387
0.21,0.39
0.21,0.395
0.21,0.39
0.21,0.389
0.211,0.392
0.21,0.369
0.21,0.4
0.211,0.394
0.211,0.412
0.211,0.419
0.211,0.417
0.211,0.423
0.21,0.422
0.211,0.423
0.211,0.422
0.21,0.426
0.211,0.422
0.211,0.422
0.21,0.426
0.21,0.423
0.211,0.424
0.21,0.424
0.211,0.424
0.212,0.426
0.211,0.426
0.212,0.425
0.21,0.425
0.211,0.425
0.212,0.424
0.212,0.424
0.211,0.423
0.211,0.423
0.21,0.424
0.211,0.424
0.21,0.424
0.212,0.424
0.211,0.426
0.211,0.425
0.211,0.425
0.211,0.425
0.211,0.426
0.211,0.426
0.211,0.426
0.211,0.426
0.206,0.426
0.198,0.426
0.16,0.43
0.162,0.424
0.166,0.421
0.169,0.42
0.172,0.419
0.173,0.431
0.172,0.436
0.173,0.443
0.173,0.455
0.173,0.458
0.173,0.473
0.175,0.482
0.175,0.488
0.177,0.489
0.178,0.49
0.178,0.49
0.18,0.488
0.18,0.488
0.18,0.489
0.184,0.489
0.184,0.488
0.184,0.488
0.184,0.488
0.185,0.488
0.184,0.486
0.185,0.486
0.185,0.485
0.186,0.486
0.185,0.486
0.185,0.484
0.184,0.483
0.184,0.481
0.184,0.481
0.184,0.48
0.184,0.478
0.184,0.471
0.184,0.46
0.184,0.454
0.183,0.457
0.184,0.456
0.184,0.439
0.182,0.432
0.18,0.395
0.176,0.377
0.173,0.355
0.133,0.27
0.121,0.287
0.124,0.283
0.119,0.248
0.114,0.257
0.114,0.243
0.116,0.227
0.118,0.235
0.116,0.236
0.116,0.199
0.116,0.244
0.094,0.224
0.099,0.236
0.09,0.238
0.086,0.203
0.084,0.204
0.088,0.221
0.089,0.228
0.09,0.241
0.09,0.251
0.091,0.258
0.092,0.258
0.092,0.262
0.091,0.265
0.092,0.272
0.091,0.283
0.092,0.288
0.093,0.289
0.094,0.306
0.096,0.306
0.101,0.332
0.11,0.333
0.112,0.336
0.112,0.338
0.113,0.336
0.113,0.334
0.114,0.331
0.114,0.328
0.115,0.327
0.114,0.326
0.115,0.325
0.126,0.325
0.139,0.325
0.165,0.324
0.177,0.319
0.177,0.315
0.177,0.315
0.176,0.316
0.183,0.315
0.192,0.309
0.193,0.306
0.191,0.304
0.193,0.302
0.193,0.299
0.191,0.298
0.191,0.297
0.191,0.296
0.191,0.296
0.191,0.295
0.189,0.297
0.188,0.295
0.187,0.292
0.187,0.284
0.185,0.218
0.184,0.183
0.181,0.17
0.178,0.191
0.177,0.203
0.175,0.206
0.174,0.223
0.173,0.229
0.172,0.229
0.172,0.235
0.172,0.236
0.173,0.242
0.172,0.24
0.172,0.241
0.172,0.241
0.172,0.244
0.173,0.24
0.173,0.242
0.173,0.239
0.173,0.24
0.173,0.24
0.173,0.245
0.166,0.244
0.161,0.244
0.161,0.245
0.16,0.247
0.161,0.248
0.161,0.248
0.162,0.249
0.162,0.247
0.163,0.249
0.163,0.25
0.163,0.248
0.163,0.248
0.163,0.25
0.163,0.25
0.163,0.25
0.163,0.25
0.163,0.249
0.165,0.25
0.163,0.252
0.165,0.253
0.165,0.255
0.165,0.256
0.165,0.257
0.166,0.257
0.165,0.257
0.165,0.258
0.166,0.259
0.166,0.259
0.165,0.259
0.165,0.259
0.165,0.26
0.166,0.259
0.166,0.26
0.167,0.259
0.167,0.259
0.166,0.259
0.167,0.26
0.167,0.261
0.167,0.261
0.166,0.261
0.166,0.261
0.167,0.26
0.167,0.261
0.167,0.261
0.167,0.261
0.167,0.262
0.166,0.261
0.167,0.262
0.167,0.261
0.167,0.262
0.167,0.262
0.167,0.262
0.167,0.262
0.167,0.262
0.167,0.261
0.167,0.262
0.167,0.261
0.167,0.261
0.167,0.263
0.167,0.262
0.167,0.263
0.167,0.262
0.167,0.262
0.167,0.261
0.167,0.262
0.167,0.262
0.168,0.262
0.169,0.261
0.169,0.261
0.17,0.262
0.17,0.263
0.17,0.263
0.17,0.261
0.171,0.261
0.171,0.262
0.171,0.263
0.17,0.263
0.17,0.265
0.17,0.268
0.171,0.274
0.17,0.28
0.171,0.285
0.171,0.314
0.135,0.371
0.114,0.381
0.118,0.381
0.128,0.382
0.135,0.38
0.144,0.377
0.144,0.374
0.153,0.364
0.176,0.362
0.176,0.362
0.191,0.363
0.194,0.363
0.197,0.323
0.208,0.244
0.211,0.238
0.22,0.249
0.238,0.232
0.237,0.249
0.236,0.25
0.233,0.25
0.227,0.218
0.222,0.177
0.222,0.24
0.223,0.222
0.224,0.188
0.225,0.175
0.226,0.201
0.229,0.177
0.231,0.184
0.225,0.186
0.223,0.212
0.222,0.206
0.219,0.21
0.209,0.206
0.208,0.212
0.208,0.216
0.204,0.212
0.201,0.213
0.184,0.214
0.181,0.214
0.176,0.207
0.179,0.214
0.18,0.216
0.183,0.22
0.186,0.218
0.196,0.219
0.201,0.216
0.203,0.22
0.206,0.214
0.207,0.214
0.207,0.212
0.209,0.218
0.21,0.214
0.21,0.206
0.211,0.206
0.211,0.212
0.212,0.212
0.212,0.216
0.213,0.214
0.214,0.216
0.22,0.218
0.226,0.216
0.265,0.218
0.261,0.211
0.275,0.206
0.276,0.202
0.278,0.229
0.28,0.239
0.279,0.253
0.279,0.263
0.28,0.266
0.278,0.266
0.278,0.267
0.276,0.268
0.274,0.268
0.274,0.268
0.268,0.268
0.255,0.268
0.255,0.269
0.255,0.27
0.254,0.27
0.254,0.271
0.255,0.27
0.255,0.27
0.255,0.269
0.251,0.267
0.244,0.264
0.243,0.246
0.241,0.163
0.24,0.158
0.237,0.165
0.218,0.105
0.197,0.136
0.188,0.136
0.173,0.161
0.175,0.181
0.183,0.175
0.191,0.167
0.194,0.178
0.197,0.177
0.2,0.19
0.201,0.182
0.202,0.176
0.201,0.171
0.203,0.123
0.204,0.148
0.204,0.131
0.204,0.14
0.205,0.151
0.205,0.155
0.205,0.158
0.205,0.154
0.205,0.163
0.205,0.163
0.205,0.166
0.205,0.163
0.205,0.165
0.205,0.163
0.205,0.165
0.205,0.16
0.205,0.161
0.205,0.158
0.205,0.158
0.205,0.16
0.205,0.161
0.205,0.158
0.203,0.161
0.203,0.158
0.201,0.157
0.2,0.163
0.198,0.156
0.197,0.158
0.197,0.156
0.188,0.158
0.178,0.16
0.171,0.163
0.167,0.163
0.169,0.168
0.177,0.171
0.177,0.197
0.187,0.2
0.191,0.202
0.197,0.213
0.197,0.22
0.197,0.231
0.199,0.231
0.199,0.228
0.201,0.226
0.204,0.227
0.205,0.225
0.205,0.225
0.205,0.227
0.205,0.225
0.205,0.226
0.205,0.226
0.205,0.226
0.206,0.225
0.206,0.225
0.205,0.225
0.206,0.226
0.206,0.225
0.206,0.224
0.206,0.22
0.206,0.219
0.206,0.215
0.206,0.215
0.206,0.214
0.206,0.214
0.211,0.212
0.214,0.21
0.214,0.21
0.215,0.21
0.222,0.21
0.223,0.21
0.223,0.21
0.224,0.211
0.224,0.212
0.223,0.212
0.223,0.212
0.223,0.212
0.223,0.212
0.223,0.212
0.223,0.212
0.223,0.212
0.223,0.215
0.224,0.221
0.224,0.225
0.224,0.231
0.225,0.191
0.226,0.235
0.225,0.233
0.226,0.238
0.227,0.259
0.226,0.264
0.227,0.286
0.227,0.288
0.227,0.292
0.227,0.29
0.227,0.295
0.227,0.295
0.227,0.297
0.227,0.295
0.227,0.294
0.227,0.293
0.227,0.295
0.227,0.296
0.229,0.297
0.229,0.295
0.229,0.291
0.229,0.289
0.23,0.287
0.229,0.285
0.23,0.283
0.229,0.284
0.229,0.284
0.229,0.285
0.229,0.284
0.229,0.285
0.229,0.284
0.229,0.279
0.229,0.283
0.229,0.278
0.229,0.264
0.229,0.265
0.229,0.265
0.229,0.259
0.229,0.265
0.229,0.265
0.229,0.266
0.228,0.274
0.228,0.279
0.229,0.285
0.228,0.269
0.228,0.297
0.228,0.303
0.227,0.333
0.227,0.34
0.226,0.348
0.227,0.356
0.226,0.354
0.227,0.359
0.226,0.364
0.226,0.364
0.227,0.366
0.226,0.368
0.226,0.37
0.226,0.37
0.226,0.368
0.226,0.366
0.226,0.366
0.227,0.365
0.226,0.362
0.226,0.357
0.226,0.354
0.226,0.341
0.226,0.341
0.227,0.295
0.226,0.195
0.226,0.2
0.225,0.19
0.225,0.2
0.225,0.227
0.225,0.231
0.225,0.222
0.225,0.201
0.225,0.218
0.225,0.201
0.225,0.2
0.225,0.187
0.225,0.144
0.225,0.123
0.225,0.109
0.225,0.152
0.225,0.138
0.225,0.163
0.225,0.178
0.225,0.199
0.225,0.205
0.225,0.22
0.225,0.238
0.225,0.239
0.225,0.239
0.225,0.238
0.231,0.241
0.246,0.241
0.266,0.252
0.264,0.256
0.27,0.268
0.27,0.286
0.27,0.306
0.272,0.303
0.273,0.324
0.274,0.339
0.274,0.345
0.274,0.356
0.274,0.357
0.275,0.363
0.276,0.363
0.274,0.365
0.274,0.37
0.272,0.375
0.269,0.374
0.265,0.376
0.258,0.377
0.257,0.377
0.256,0.379
0.255,0.38
0.254,0.38
0.251,0.38
0.251,0.381
0.251,0.381
0.251,0.38
0.251,0.379
0.251,0.379
0.251,0.38
0.251,0.379
0.251,0.379
0.251,0.379
0.251,0.379
0.251,0.379
0.251,0.379
0.251,0.379
0.265,0.379
0.265,0.379
0.271,0.379
0.274,0.379
0.28,0.379
0.281,0.379
0.28,0.379
0.278,0.379
0.276,0.379
0.277,0.379
0.27,0.379
0.276,0.379
0.274,0.379
0.28,0.378
0.284,0.378
0.287,0.378
0.292,0.377
0.293,0.377
0.293,0.378
0.289,0.378
0.286,0.378
0.283,0.378
0.278,0.378
0.27,0.377
0.268,0.377
0.266,0.377
0.266,0.378
0.266,0.377
0.266,0.377
0.266,0.377
0.266,0.377
0.266,0.377
0.266,0.377
0.263,0.377
0.257,0.377
0.244,0.377
0.237,0.375
0.221,0.375
0.21,0.375
0.214,0.375
0.22,0.374
0.218,0.372
0.22,0.367
0.223,0.351
0.225,0.351
0.23,0.347
0.234,0.33
0.24,0.239
0.249,0.269
0.254,0.261
0.255,0.24
0.255,0.27
0.255,0.258
0.259,0.255
0.263,0.248
0.27,0.205
0.274,0.211
0.27,0.218
0.312,0.217
0.321,0.174
0.349,0.154
0.351,0.174
0.351,0.174
0.351,0.18
0.352,0.163
0.351,0.191
0.352,0.195
0.352,0.197
0.347,0.195
0.343,0.199
0.336,0.201
0.332,0.201
0.332,0.202
0.31,0.202
0.242,0.202
0.221,0.203
0.238,0.203
0.236,0.205
0.225,0.205
0.22,0.201
0.204,0.195
0.162,0.195
0.167,0.203
0.182,0.201
0.185,0.198
0.189,0.197
0.192,0.197
0.19,0.197
0.191,0.197
0.19,0.198
0.191,0.179
0.151,0.182
0.154,0.188
0.163,0.185
0.171,0.183
0.171,0.188
0.167,0.185
0.139,0.187
0.144,0.184
0.124,0.189
0.096,0.194
0.098,0.193
0.099,0.196
0.101,0.197
0.103,0.198
0.102,0.198
0.098,0.199
0.081,0.201
0.049,0.201
0.041,0.201
0.027,0.203
0.015,0.204
0.013,0.202
0.017,0.203
0.016,0.203
0.017,0.202
0.018,0.198
0.019,0.197
0.018,0.193
0.019,0.193
0.018,0.191
0.019,0.193
0.019,0.192
0.023,0.193
0.032,0.197
0.038,0.193
0.039,0.193
0.04,0.193
0.041,0.195
0.041,0.189
0.041,0.185
0.041,0.18
0.042,0.169
0.042,0.165
0.042,0.158
0.042,0.161
0.043,0.165
0.043,0.169
0.043,0.186
0.043,0.186
0.043,0.188
0.041,0.189
0.031,0.176
0.0,0.173
0.0,0.176
-0.008,0.181
-0.01,0.179
-0.012,0.177
-0.016,0.184
-0.013,0.18
-0.015,0.18
-0.015,0.182
-0.014,0.176
-0.013,0.178
-0.012,0.182
-0.013,0.186
-0.013,0.188
-0.013,0.196
-0.013,0.203
-0.017,0.215
-0.024,0.22
-0.028,0.22
-0.034,0.22
-0.043,0.221
-0.044,0.221
-0.043,0.221
-0.047,0.222
-0.048,0.223
-0.05,0.223
-0.047,0.224
-0.044,0.235
-0.037,0.242
-0.026,0.25
-0.024,0.252
-0.024,0.257
-0.021,0.259
0.0,0.26
0.043,0.252
0.048,0.261
0.052,0.262
0.052,0.262
0.052,0.263
0.052,0.263
0.053,0.265
0.025,0.265
0.017,0.265
-0.024,0.266
-0.056,0.266
-0.118,0.265
-0.157,0.266
-0.216,0.266
-0.247,0.267
-0.284,0.266
-0.301,0.266
-0.308,0.266
-0.304,0.265
-0.3,0.265
-0.283,0.265
-0.281,0.265
-0.281,0.264
-0.281,0.263
-0.28,0.263
-0.28,0.242
-0.28,0.242
-0.28,0.241
-0.28,0.24
-0.28,0.24
-0.28,0.24
-0.28,0.24
-0.28,0.24
-0.28,0.24
-0.28,0.239
-0.279,0.24
-0.28,0.24
-0.28,0.24
-0.279,0.24
-0.28,0.24
-0.256,0.24
-0.217,0.24
-0.205,0.24
-0.185,0.24
-0.181,0.24
-0.174,0.24
-0.16,0.235
-0.151,0.227
-0.127,0.225
-0.116,0.225
-0.098,0.225
-0.074,0.225
-0.06,0.223
-0.049,0.197
-0.044,0.13
-0.038,0.137
-0.038,0.16
-0.039,0.159
-0.039,0.163
-0.03,0.134
-0.024,0.126
-0.02,0.141
-0.018,0.136
-0.015,0.129
-0.011,0.129
-0.011,0.137
-0.008,0.136
-0.007,0.113
-0.008,0.115
-0.021,0.129
-0.035,0.118
-0.036,0.105
-0.036,0.108
-0.036,0.124
-0.042,0.111
-0.055,0.119
-0.058,0.121
-0.063,0.128
-0.085,0.137
-0.087,0.154
-0.109,0.166
-0.117,0.167
-0.124,0.175
-0.124,0.165
-0.126,0.216
-0.125,0.23
-0.13,0.246
-0.134,0.253
-0.141,0.259
-0.143,0.255
-0.15,0.27
-0.154,0.281
-0.168,0.28
-0.179,0.3
-0.186,0.308
-0.188,0.302
-0.193,0.31
-0.193,0.316
-0.193,0.31
-0.194,0.315
-0.201,0.319
-0.195,0.317
-0.194,0.321
-0.189,0.319
-0.187,0.319
-0.183,0.325
-0.182,0.321
-0.181,0.319
-0.18,0.321
-0.179,0.323
-0.179,0.323
-0.179,0.32
-0.179,0.32
-0.179,0.317
-0.179,0.317
-0.18,0.316
-0.18,0.314
-0.18,0.308
-0.18,0.306
-0.18,0.295
-0.179,0.29
-0.18,0.291
-0.179,0.291
-0.179,0.29
-0.17,0.291
-0.166,0.291
-0.166,0.291
-0.165,0.291
-0.165,0.291
-0.165,0.29
-0.164,0.291
-0.164,0.29
-0.163,0.291
-0.163,0.29
-0.163,0.287
-0.166,0.242
-0.174,0.224
-0.177,0.197
-0.182,0.176
-0.187,0.173
-0.209,0.115
-0.213,0.135
-0.22,0.116
-0.224,0.144
-0.226,0.135
-0.224,0.134
-0.226,0.156
-0.23,0.128
-0.229,0.141
-0.23,0.135
-0.232,0.114
-0.23,0.09
-0.231,0.03
-0.23,0.073
-0.23,0.058
-0.229,0.07
-0.228,0.072
-0.227,0.075
-0.227,0.077
-0.227,0.071
-0.227,0.075
-0.227,0.077
-0.227,0.085
-0.227,0.084
-0.227,0.078
-0.226,0.083
-0.227,0.088
-0.224,0.09
-0.224,0.086
-0.224,0.088
-0.224,0.085
-0.222,0.087
-0.222,0.088
-0.219,0.084
-0.219,0.085
-0.219,0.083
-0.219,0.083
-0.218,0.082
-0.218,0.077
-0.218,0.074
-0.219,0.081
-0.218,0.084
-0.218,0.086
-0.218,0.087
-0.218,0.087
-0.217,0.094
-0.216,0.097
-0.216,0.098
-0.216,0.099
-0.217,0.099
-0.216,0.099
-0.216,0.09
-0.216,0.081
-0.216,0.077
-0.216,0.075
-0.216,0.078
-0.216,0.077
-0.216,0.077
-0.216,0.075
-0.216,0.076
-0.216,0.082
-0.216,0.084
-0.216,0.087
-0.216,0.088
-0.216,0.088
-0.216,0.089
-0.216,0.09
-0.218,0.09
-0.226,0.09
-0.239,0.09
-0.262,0.09
-0.271,0.09
-0.277,0.088
-0.28,0.085
-0.28,0.086
-0.281,0.087
-0.281,0.087
-0.28,0.084
-0.281,-0.016
-0.283,-0.029
-0.289,-0.02
-0.288,-0.023
-0.293,-0.012
-0.297,-0.03
-0.304,-0.03
-0.304,-0.054
-0.307,-0.061
-0.311,-0.09
-0.309,-0.111
-0.309,-0.119
-0.309,-0.125
-0.309,-0.128
-0.309,-0.132
-0.309,-0.133
-0.308,-0.129
-0.308,-0.119
-0.307,-0.113
-0.305,-0.113
-0.302,-0.115
-0.301,-0.115
-0.301,-0.103
-0.3,-0.103
-0.3,-0.107
-0.301,-0.115
-0.301,-0.155
-0.3,-0.181
-0.3,-0.179
-0.3,-0.166
-0.3,-0.151
-0.3,-0.088
-0.3,-0.024
-0.3,-0.007
-0.299,-0.005
-0.3,-0.02
-0.3,-0.026
-0.3,-0.036
-0.3,-0.05
-0.3,-0.08
-0.3,-0.086
-0.3,-0.11
-0.3,-0.122
-0.3,-0.156
-0.3,-0.19
-0.3,-0.194
-0.3,-0.194
-0.3,-0.2
-0.301,-0.205
-0.301,-0.209
-0.301,-0.215
-0.302,-0.215
-0.303,-0.214
-0.303,-0.216
-0.303,-0.215
-0.303,-0.215
-0.303,-0.214
-0.303,-0.212
-0.303,-0.212
-0.303,-0.209
-0.303,-0.206
-0.303,-0.202
-0.303,-0.201
-0.304,-0.201
-0.307,-0.201
-0.323,-0.201
-0.324,-0.201
-0.344,-0.201
-0.349,-0.201
-0.347,-0.2
-0.346,-0.199
-0.344,-0.198
-0.337,-0.197
-0.329,-0.197
-0.323,-0.197
-0.323,-0.197
-0.323,-0.197
-0.323,-0.197
-0.323,-0.197
-0.323,-0.198
-0.323,-0.2
-0.323,-0.202
-0.323,-0.206
-0.323,-0.208
-0.323,-0.213
-0.322,-0.215
-0.322,-0.214
-0.322,-0.213
-0.321,-0.212
-0.322,-0.21
-0.322,-0.208
-0.322,-0.206
-0.322,-0.205
-0.321,-0.205
-0.322,-0.205
-0.321,-0.204
-0.322,-0.203
-0.322,-0.203
-0.321,-0.203
-0.322,-0.203
-0.322,-0.202
-0.321,-0.199
-0.322,-0.199
-0.321,-0.197
-0.321,-0.196
-0.322,-0.196
-0.321,-0.196
-0.321,-0.196
-0.321,-0.196
-0.321,-0.196
-0.321,-0.197
-0.321,-0.199
-0.321,-0.203
-0.321,-0.203
-0.321,-0.205
-0.321,-0.205
-0.321,-0.203
-0.321,-0.203
-0.321,-0.202
-0.321,-0.202
-0.321,-0.202
-0.321,-0.202
-0.321,-0.202
-0.321,-0.201
-0.321,-0.202
-0.321,-0.201
-0.321,-0.201
-0.321,-0.201
-0.321,-0.202
-0.321,-0.201
-0.321,-0.202
-0.321,-0.202
-0.321,-0.202
-0.321,-0.202
-0.321,-0.195
-0.321,-0.187
-0.321,-0.185
-0.321,-0.185
-0.321,-0.184
-0.321,-0.188
-0.321,-0.198
-0.321,-0.239
-0.321,-0.246
-0.321,-0.244
-0.321,-0.236
-0.321,-0.217
-0.321,-0.144
-0.321,-0.083
-0.321,-0.07
-0.321,-0.058
-0.321,-0.056
-0.321,-0.07
-0.321,-0.079
-0.321,-0.086
-0.321,-0.089
-0.321,-0.089
-0.321,-0.089
-0.321,-0.089
-0.321,-0.089
-0.321,-0.089
-0.321,-0.089
-0.321,-0.089
-0.321,-0.089
-0.32,-0.089
-0.316,-0.102
-0.314,-0.108
-0.31,-0.112
-0.299,-0.131
-0.286,-0.135
-0.267,-0.153
-0.253,-0.155
-0.249,-0.16
-0.25,-0.159
-0.25,-0.157
-0.253,-0.157
-0.254,-0.156
-0.256,-0.156
-0.258,-0.156
-0.258,-0.154
-0.258,-0.153
-0.259,-0.153
-0.261,-0.153
-0.261,-0.152
-0.261,-0.153
-0.262,-0.152
-0.263,-0.152
-0.263,-0.151
-0.263,-0.151
-0.264,-0.151
-0.267,-0.151
-0.268,-0.151
-0.27,-0.151
-0.271,-0.151
-0.27,-0.151
-0.272,-0.151
-0.273,-0.151
-0.277,-0.151
-0.279,-0.151
-0.28,-0.151
-0.28,-0.151
-0.28,-0.154
-0.28,-0.158
-0.28,-0.185
-0.28,-0.19
-0.28,-0.197
-0.28,-0.2
-0.28,-0.199
-0.28,-0.207
-0.28,-0.208
-0.28,-0.213
-0.28,-0.219
-0.28,-0.222
-0.28,-0.23
-0.28,-0.233
-0.28,-0.247
-0.28,-0.253
-0.28,-0.256
-0.28,-0.267
-0.28,-0.274
-0.28,-0.278
-0.28,-0.28
-0.28,-0.284
-0.281,-0.286
-0.281,-0.286
-0.281,-0.284
-0.281,-0.284
-0.281,-0.284
-0.28,-0.283
-0.28,-0.283
-0.281,-0.283
-0.281,-0.282
-0.281,-0.28
-0.28,-0.278
-0.28,-0.278
-0.28,-0.278
-0.281,-0.278
-0.28,-0.278
-0.281,-0.278
-0.281,-0.278
-0.281,-0.278
-0.28,-0.277
-0.28,-0.277
-0.281,-0.276
-0.281,-0.276
-0.281,-0.276
-0.281,-0.276
-0.281,-0.276
-0.28,-0.276
-0.281,-0.276
-0.281,-0.276
-0.281,-0.276
-0.281,-0.276
-0.28,-0.276
-0.28,-0.276
-0.28,-0.276
-0.281,-0.276
-0.281,-0.276
-0.28,-0.277
-0.281,-0.276
-0.281,-0.277
-0.281,-0.278
-0.281,-0.278
-0.281,-0.279
-0.28,-0.279
-0.281,-0.279
-0.28,-0.283
-0.281,-0.287
-0.281,-0.297
-0.281,-0.304
-0.281,-0.31
-0.281,-0.315
-0.281,-0.327
-0.281,-0.351
-0.281,-0.357
-0.281,-0.361
-0.281,-0.361
-0.281,-0.336
-0.281,-0.293
-0.281,-0.061
-0.281,-0.007
-0.281,-0.001
-0.281,0.0
-0.265,-0.007
-0.247,-0.001
-0.239,0.03
-0.224,0.049
-0.22,0.043
-0.208,0.067
-0.181,0.047
-0.173,0.077
-0.174,0.093
-0.178,0.099
-0.179,0.029
-0.18,0.107
-0.184,0.09
-0.188,0.09
-0.196,0.084
-0.197,0.098
-0.203,0.108
-0.205,0.107
-0.204,0.144
-0.203,0.157
-0.204,0.12
-0.204,0.163
-0.208,0.156
-0.209,0.11
-0.21,0.186
-0.209,0.181
-0.21,0.179
-0.209,0.167
-0.209,0.214
-0.209,0.16
-0.21,0.202
-0.21,0.211
-0.21,0.232
-0.21,0.24
-0.21,0.206
-0.21,0.251
-0.21,0.224
-0.21,0.242
-0.209,0.273
-0.21,0.273
-0.21,0.272
-0.21,0.272
-0.209,0.278
-0.21,0.285
-0.21,0.277
-0.21,0.285
-0.21,0.281
-0.21,0.282
-0.21,0.281
-0.21,0.287
-0.21,0.289
-0.21,0.287
-0.21,0.289
-0.21,0.289
-0.209,0.287
-0.21,0.289
-0.21,0.289
-0.21,0.289
-0.21,0.289
-0.21,0.289
-0.21,0.289
-0.209,0.288
-0.21,0.287
-0.21,0.287
-0.21,0.286
-0.209,0.285
-0.21,0.285
-0.21,0.285
-0.21,0.285
-0.21,0.284
-0.21,0.284
-0.209,0.283
-0.21,0.283
-0.209,0.282
-0.21,0.281
-0.21,0.273
-0.21,0.263
-0.21,0.259
-0.21,0.258
-0.21,0.258
-0.21,0.258
-0.21,0.258
-0.21,0.259
-0.209,0.259
-0.21,0.257
-0.21,0.25
-0.21,0.24
-0.21,0.236
-0.12,0.233
-0.098,0.218
-0.094,0.197
-0.09,0.149
-0.072,0.124
-0.06,0.133
-0.033,0.152
-0.024,0.137
-0.02,0.163
-0.011,0.162
-0.005,0.163
0.0,0.167
0.002,0.175
0.017,0.176
0.037,0.175
0.04,0.18
0.051,0.18
0.057,0.186
0.059,0.193
0.062,0.197
0.064,0.201
0.062,0.205
0.063,0.205
0.064,0.205
0.062,0.205
0.062,0.205
0.063,0.206
0.064,0.206
0.064,0.206
0.064,0.206
0.065,0.206
0.064,0.206
0.064,0.206
0.066,0.206
0.066,0.206
0.068,0.206
0.066,0.206
0.065,0.206
0.064,0.207
0.064,0.207
0.064,0.206
0.065,0.206
0.065,0.207
0.065,0.207
0.069,0.206
0.068,0.207
0.076,0.219
0.084,0.216
0.118,0.25
0.13,0.274
0.137,0.27
0.14,0.283
0.137,0.291
0.136,0.297
0.137,0.295
0.137,0.292
0.137,0.294
0.137,0.297
0.137,0.297
0.135,0.296
0.136,0.296
0.135,0.295
0.134,0.296
0.133,0.297
0.133,0.297
0.131,0.297
0.13,0.295
0.131,0.295
0.13,0.295
0.111,0.295
0.05,0.294
0.0,0.294
0.0,0.291
0.0,0.288
-0.005,0.287
-0.013,0.286
-0.026,0.287
-0.027,0.286
-0.041,0.286
-0.042,0.286
-0.045,0.287
-0.049,0.287
-0.052,0.287
-0.051,0.284
-0.052,0.266
-0.055,0.266
-0.055,0.266
-0.059,0.266
-0.06,0.266
-0.058,0.266
-0.061,0.266
-0.067,0.266
-0.075,0.266
-0.083,0.266
-0.092,0.266
-0.094,0.266
-0.097,0.266
-0.104,0.266
-0.102,0.266
-0.1,0.267
-0.106,0.267
-0.106,0.266
-0.104,0.266
-0.103,0.266
-0.102,0.266
-0.101,0.268
-0.1,0.272
-0.101,0.273
-0.1,0.274
-0.101,0.276
-0.101,0.276
-0.101,0.277
-0.105,0.281
-0.117,0.281
-0.12,0.281
-0.128,0.283
-0.124,0.283
-0.123,0.283
-0.13,0.283
-0.131,0.283
-0.132,0.283
-0.135,0.283
-0.137,0.283
-0.14,0.283
-0.141,0.283
-0.142,0.283
-0.152,0.283
-0.151,0.283
-0.16,0.283
-0.16,0.283
-0.162,0.283
-0.164,0.283
-0.169,0.283
-0.173,0.283
-0.175,0.283
-0.181,0.283
-0.185,0.283
-0.188,0.283
-0.191,0.283
-0.194,0.281
-0.196,0.278
-0.206,0.27
-0.207,0.27
-0.218,0.269
-0.221,0.269
-0.231,0.269
-0.251,0.246
-0.256,0.16
-0.261,0.142
-0.265,0.113
-0.27,0.079
-0.277,0.054
-0.278,0.073
-0.284,0.065
-0.283,0.064
-0.283,0.069
-0.284,0.107
-0.283,0.109
-0.283,0.119
-0.283,0.099
-0.284,0.164
-0.288,0.197
-0.288,0.245
-0.287,0.25
-0.289,0.314
-0.29,0.322
-0.29,0.372
-0.289,0.393
-0.287,0.394
-0.286,0.397
-0.283,0.4
-0.283,0.399
-0.282,0.4
-0.282,0.4
-0.282,0.401
-0.281,0.402
-0.284,0.402
-0.286,0.403
-0.297,0.401
-0.309,0.4
-0.321,0.4
-0.327,0.402
-0.334,0.403
-0.335,0.396
-0.339,0.405
-0.34,0.428
-0.342,0.439
-0.342,0.451
-0.343,0.45
-0.342,0.45
-0.341,0.449
-0.34,0.448
-0.34,0.447
-0.34,0.445
-0.341,0.443
-0.342,0.442
-0.344,0.433
-0.346,0.421
-0.351,0.421
-0.349,0.42
-0.354,0.407
-0.36,0.364
-0.367,0.34
-0.37,0.346
-0.373,0.319
-0.37,0.315
-0.372,0.313
-0.372,0.315
-0.372,0.323
-0.371,0.308
-0.37,0.297
-0.37,0.28
-0.372,0.307
-0.372,0.298
-0.372,0.306
-0.372,0.322
-0.372,0.312
-0.371,0.298
-0.372,0.295
-0.376,0.27
-0.383,0.291
-0.404,0.258
-0.419,0.201
-0.42,0.15
-0.425,0.253
-0.426,0.248
-0.425,0.227
-0.43,0.247
-0.44,0.232
-0.44,0.229
-0.437,0.206
-0.434,0.212
-0.429,0.233
-0.425,0.245
-0.42,0.253
-0.419,0.251
-0.414,0.257
-0.413,0.252
-0.407,0.228
-0.407,0.216
-0.407,0.207
-0.407,0.177
-0.406,0.191
-0.406,0.212
-0.406,0.199
-0.406,0.213
-0.405,0.216
-0.403,0.202
-0.401,0.211
-0.401,0.192
-0.399,0.206
-0.394,0.206
-0.387,0.203
-0.382,0.171
-0.381,0.171
-0.375,0.163
-0.37,0.169
-0.371,0.169
-0.37,0.165
-0.371,0.173
-0.371,0.173
-0.363,0.178
-0.36,0.194
-0.36,0.205
-0.359,0.206
-0.36,0.207
-0.358,0.212
-0.355,0.218
-0.355,0.218
-0.351,0.22
-0.343,0.22
-0.339,0.22
-0.338,0.22
-0.339,0.22
-0.338,0.22
-0.338,0.22
-0.338,0.22
-0.339,0.22
-0.338,0.22
-0.336,0.22
-0.337,0.22
-0.341,0.22
-0.346,0.221
-0.352,0.22
-0.364,0.22
-0.417,0.221
-0.435,0.221
-0.449,0.221
-0.451,0.221
-0.45,0.221
-0.459,0.223
-0.463,0.229
-0.482,0.228
-0.49,0.225
-0.509,0.232
-0.518,0.24
-0.528,0.24
-0.528,0.241
-0.536,0.244
-0.539,0.244
-0.544,0.244
-0.544,0.245
-0.553,0.246
-0.564,0.245
-0.568,0.245
-0.577,0.244
-0.576,0.246
-0.573,0.244
-0.553,0.244
-0.551,0.244
-0.516,0.244
-0.46,0.246
-0.433,0.246
-0.429,0.248
-0.427,0.249
-0.427,0.216
-0.428,0.219
-0.428,0.241
-0.431,0.278
-0.431,0.291
-0.431,0.292
-0.431,0.293
-0.43,0.295
-0.43,0.296
-0.431,0.295
-0.44,0.294
-0.456,0.293
-0.457,0.291
-0.472,0.291
-0.506,0.291
-0.537,0.289
-0.54,0.288
-0.538,0.285
-0.537,0.281
-0.534,0.274
-0.518,0.272
-0.51,0.269
-0.509,0.268
-0.509,0.268
-0.509,0.268
-0.504,0.268
-0.485,0.268
-0.471,0.268
-0.46,0.268
-0.442,0.269
-0.425,0.269
-0.417,0.268
-0.399,0.268
-0.391,0.268
-0.391,0.268
-0.389,0.269
-0.383,0.268
-0.379,0.27
-0.364,0.281
-0.331,0.289
-0.307,0.29
-0.3,0.295
-0.297,0.295
-0.298,0.295
-0.298,0.294
-0.297,0.294
-0.293,0.294
-0.29,0.292
-0.287,0.289
-0.278,0.285
-0.26,0.279
-0.252,0.269
-0.249,0.268
-0.247,0.269
-0.246,0.269
-0.243,0.269
-0.239,0.269
-0.231,0.268
-0.215,0.27
-0.19,0.27
-0.089,0.27
-0.002,0.27
-0.016,0.27
-0.017,0.27
-0.017,0.27
-0.017,0.27
-0.017,0.27
-0.017,0.27
-0.017,0.223
-0.017,0.135
-0.017,-0.133
-0.017,-0.01
-0.017,-0.009
-0.017,-0.009
-0.017,-0.009
-0.017,-0.009
-0.017,-0.008
-0.017,-0.008
-0.017,-0.008
-0.017,-0.008
-0.017,-0.008
-0.017,-0.008
-0.017,-0.008
-0.017,-0.008
-0.017,-0.008
-0.017,-0.008
-0.017,-0.008
-0.013,-0.008
-0.01,-0.008
-0.008,-0.008
-0.011,-0.008
-0.016,-0.008
-0.016,-0.008
-0.016,-0.008
-0.016,-0.008
-0.016,-0.008
-0.017,-0.008
-0.016,-0.008
-0.017,-0.008
-0.017,-0.008
-0.016,-0.008
-0.017,-0.008
-0.017,-0.008
-0.017,-0.008
-0.017,-0.008
-0.017,-0.008
-0.016,-0.008
-0.016,-0.008
-0.016,-0.008
-0.017,-0.008
-0.017,-0.008
-0.016,-0.008
-0.017,-0.008
-0.017,-0.008
-0.016,-0.008
-0.016,-0.008
-0.016,-0.008
-0.017,-0.008
-0.017,-0.008
-0.016,-0.008
-0.013,-0.008
-0.013,-0.008
-0.013,-0.008
-0.013,-0.008
-0.012,-0.008
-0.011,-0.008
-0.011,-0.008
-0.009,-0.008
-0.009,-0.009
-0.008,-0.008
-0.007,-0.008
-0.005,-0.008
0.0,-0.008
0.0,-0.008
0.0,-0.008
0.0,-0.008
0.0,-0.008
0.0,-0.008
0.0,-0.008
0.0,-0.008
0.0,-0.008
0.0,-0.008
0.0,-0.008
0.0,-0.008
-0.006,-0.008
-0.014,-0.008
-0.016,-0.008
-0.016,-0.008
-0.017,-0.008
-0.017,-0.008
-0.017,-0.008
-0.017,-0.008
-0.017,-0.008
-0.017,-0.008
-0.017,-0.008
-0.017,-0.008
-0.017,-0.008
-0.018,-0.008
-0.018,-0.008
-0.017,-0.008
-0.017,-0.008
-0.018,-0.008
-0.018,-0.008
-0.018,-0.008
-0.018,-0.008
-0.018,-0.008
-0.018,-0.008
-0.018,-0.008
-0.018,-0.008
-0.018,-0.008
-0.017,-0.008
-0.018,-0.008
