valence,arousal
0.0,0.0
0.0,0.0
0.0,0.0
0.0,0.0
0.0,0.0
0.0,0.0
0.0,0.0
0.0,0.0
0.0,0.0
0.0,0.0
0.0,0.0
0.0,0.0
0.0,0.03
0.0,0.054
0.0,0.069
0.0,0.085
0.0,0.125
0.0,0.125
0.0,0.129
0.0,0.14
0.0,0.14
0.0,0.14
0.0,0.14
0.0,0.14
0.0,0.14
0.0,0.14
0.0,0.14
0.0,0.14
0.014,0.14
0.03,0.14
0.054,0.14
0.054,0.14
0.054,0.14
0.054,0.14
0.054,0.14
0.069,0.14
0.069,0.14
0.069,0.14
0.069,0.14
0.069,0.14
0.069,0.14
0.069,0.14
0.069,0.14
0.069,0.14
0.069,0.14
0.069,0.14
0.069,0.14
0.069,0.14
0.069,0.14
0.069,0.14
0.085,0.14
0.085,0.14
0.101,0.14
0.101,0.14
0.101,0.14
0.125,0.14
0.125,0.14
0.129,0.14
0.14,0.14
0.14,0.14
0.14,0.14
0.14,0.14
0.14,0.14
0.14,0.14
0.14,0.14
0.14,0.14
0.156,0.14
0.156,0.14
0.156,0.14
0.156,0.14
0.156,0.14
0.156,0.14
0.156,0.14
0.156,0.14
0.156,0.14
0.156,0.14
0.156,0.14
0.156,0.14
0.156,0.14
0.156,0.14
0.156,0.14
0.156,0.14
0.156,0.14
0.156,0.14
0.156,0.14
0.156,0.14
0.156,0.14
0.156,0.14
0.156,0.14
0.156,0.14
0.156,0.14
0.156,0.14
0.156,0.14
0.156,0.14
0.156,0.14
0.156,0.14
0.156,0.14
0.156,0.14
0.156,0.14
0.156,0.14
0.156,0.14
0.156,0.14
0.156,0.14
0.156,0.14
0.156,0.14
0.156,0.14
0.156,0.14
0.156,0.14
0.156,0.14
0.156,0.14
0.156,0.14
0.125,0.14
0.125,0.14
0.125,0.14
0.101,0.14
0.085,0.14
0.069,0.14
0.069,0.14
0.069,0.14
0.062,0.156
0.054,0.156
0.03,0.156
0.006,0.156
0.0,0.18
0.0,0.211
-0.004,0.211
-0.044,0.239
-0.082,0.282
-0.149,0.306
-0.171,0.338
-0.198,0.353
-0.21,0.377
-0.21,0.385
-0.21,0.397
-0.21,0.424
-0.21,0.464
-0.21,0.48
-0.21,0.48
-0.21,0.48
-0.226,0.48
-0.226,0.48
-0.226,0.48
-0.226,0.409
-0.171,0.346
-0.087,0.322
-0.044,0.306
-0.044,0.282
-0.044,0.267
-0.131,0.267
-0.155,0.267
-0.178,0.267
-0.21,0.267
-0.25,0.267
-0.281,0.267
-0.321,0.267
-0.376,0.267
-0.376,0.267
-0.392,0.267
-0.392,0.267
-0.416,0.267
-0.398,0.306
-0.392,0.322
-0.416,0.338
-0.416,0.353
-0.398,0.353
-0.398,0.393
-0.404,0.409
-0.392,0.424
-0.36,0.424
-0.337,0.424
-0.317,0.424
-0.266,0.424
-0.228,0.424
-0.167,0.424
-0.099,0.424
-0.093,0.424
-0.032,0.35
-0.004,0.306
0.0,0.282
0.0,0.267
0.0,0.251
0.0,0.251
0.0,0.227
0.0,0.211
0.0,0.196
0.0,0.196
0.0,0.196
0.0,0.196
0.0,0.196
0.0,0.196
0.0,0.18
0.014,0.18
0.03,0.18
0.03,0.18
0.03,0.18
0.054,0.18
0.054,0.18
0.069,0.18
0.069,0.18
0.069,0.18
0.069,0.18
0.069,0.18
0.069,0.18
0.069,0.18
0.069,0.18
0.069,0.18
0.069,0.18
0.069,0.18
0.069,0.18
0.069,0.18
0.069,0.18
0.069,0.18
0.069,0.18
0.069,0.18
0.069,0.18
0.069,0.18
0.069,0.18
0.069,0.18
0.069,0.18
0.069,0.18
0.069,0.18
0.069,0.18
0.069,0.18
0.069,0.18
0.069,0.18
0.069,0.18
0.069,0.18
0.069,0.18
0.069,0.18
0.069,0.18
0.069,0.18
0.069,0.18
0.069,0.18
0.069,0.18
0.069,0.18
0.069,0.18
0.069,0.18
0.069,0.18
0.069,0.18
0.069,0.18
0.069,0.18
0.069,0.18
0.069,0.18
0.069,0.18
0.069,0.18
0.069,0.18
0.069,0.18
0.069,0.18
0.069,0.18
0.069,0.18
0.069,0.18
0.069,0.18
0.069,0.18
0.069,0.18
0.073,0.18
0.085,0.18
0.085,0.18
0.085,0.18
0.085,0.223
0.085,0.227
0.085,0.227
0.085,0.227
0.085,0.255
0.085,0.267
0.085,0.267
0.085,0.267
0.085,0.282
0.085,0.282
0.085,0.294
0.085,0.282
0.085,0.3
0.085,0.306
0.085,0.306
0.085,0.306
0.085,0.306
0.085,0.306
0.085,0.306
0.085,0.306
0.085,0.306
0.085,0.306
0.085,0.306
0.085,0.338
0.085,0.338
0.085,0.353
0.085,0.353
0.085,0.353
0.085,0.377
0.085,0.393
0.085,0.409
0.085,0.424
0.085,0.424
0.085,0.424
0.085,0.448
0.085,0.448
0.085,0.448
0.085,0.448
0.085,0.448
0.085,0.448
0.085,0.448
0.085,0.448
0.085,0.464
0.101,0.464
0.101,0.464
0.101,0.464
0.101,0.464
0.101,0.464
0.101,0.464
0.101,0.464
0.101,0.464
0.101,0.464
0.101,0.48
0.101,0.503
0.101,0.519
0.101,0.535
0.101,0.535
0.101,0.551
0.101,0.551
0.101,0.574
0.101,0.606
0.125,0.612
0.125,0.63
0.148,0.63
0.156,0.63
0.196,0.63
0.196,0.645
0.196,0.645
0.211,0.645
0.211,0.645
0.211,0.645
0.211,0.645
0.211,0.645
0.211,0.645
0.227,0.645
0.227,0.645
0.227,0.645
0.233,0.645
0.227,0.645
0.227,0.645
0.251,0.645
0.267,0.645
0.282,0.645
0.314,0.645
0.389,0.645
0.43,0.677
0.464,0.716
0.48,0.756
0.503,0.772
0.503,0.787
0.503,0.787
0.503,0.787
0.503,0.787
0.519,0.787
0.519,0.787
0.519,0.787
0.519,0.787
0.49,0.787
0.48,0.787
0.48,0.791
0.48,0.803
0.48,0.827
0.48,0.827
0.48,0.843
0.48,0.851
0.48,0.858
0.48,0.858
0.48,0.87
0.48,0.882
0.48,0.882
0.48,0.882
0.48,0.882
0.48,0.886
0.48,0.898
0.48,0.898
0.48,0.902
0.48,0.914
0.486,0.929
0.507,0.941
0.519,0.929
0.557,0.929
0.574,0.953
0.574,0.953
0.59,0.953
0.59,0.953
0.59,0.953
0.606,0.953
0.606,0.953
0.606,0.953
0.63,0.953
0.634,0.953
0.645,0.953
0.657,0.953
0.661,0.953
0.677,0.953
0.677,0.953
0.677,0.953
0.677,0.953
0.677,0.953
0.677,0.953
0.677,0.953
0.677,0.953
0.677,0.953
0.677,0.953
0.677,0.953
0.645,0.953
0.618,0.953
0.527,0.882
0.48,0.858
0.448,0.843
0.397,0.827
0.393,0.815
0.393,0.803
0.377,0.787
0.377,0.772
0.377,0.772
0.377,0.772
0.377,0.772
0.377,0.756
0.377,0.756
0.377,0.756
0.377,0.756
0.377,0.756
0.377,0.756
0.377,0.756
0.377,0.756
0.377,0.756
0.377,0.756
0.377,0.756
0.377,0.756
0.377,0.756
0.377,0.756
0.377,0.756
0.424,0.756
0.424,0.756
0.448,0.756
0.448,0.756
0.448,0.756
0.448,0.756
0.448,0.756
0.448,0.756
0.448,0.756
0.464,0.756
0.464,0.756
0.48,0.756
0.48,0.756
0.507,0.756
0.519,0.756
0.535,0.756
0.551,0.756
0.574,0.764
0.59,0.803
0.606,0.803
0.606,0.803
0.618,0.827
0.63,0.843
0.63,0.886
0.63,0.929
0.645,0.953
0.645,0.985
0.645,0.985
0.661,0.985
0.661,0.985
0.661,0.985
0.661,1.0
0.661,0.864
0.661,0.835
0.661,0.772
0.661,0.756
0.661,0.732
0.661,0.738
0.661,0.732
0.653,0.732
0.606,0.732
0.574,0.732
0.503,0.732
0.503,0.732
0.48,0.732
0.48,0.732
0.48,0.732
0.48,0.772
0.486,0.787
0.515,0.787
0.606,0.787
0.63,0.815
0.63,0.827
0.63,0.882
0.645,0.914
0.645,0.957
0.645,0.969
0.645,0.985
0.661,0.985
0.661,0.985
0.661,0.985
0.661,0.902
0.598,0.821
0.48,0.78
0.359,0.756
0.282,0.756
0.282,0.756
0.282,0.756
0.282,0.756
0.282,0.756
0.282,0.756
0.282,0.756
0.282,0.756
0.282,0.756
0.282,0.756
0.282,0.756
0.282,0.756
0.282,0.756
0.282,0.756
0.282,0.756
0.282,0.756
0.282,0.756
0.282,0.75
0.282,0.732
0.282,0.732
0.282,0.701
0.282,0.701
0.282,0.701
0.282,0.701
0.282,0.701
0.282,0.701
0.282,0.701
0.282,0.701
0.282,0.701
0.282,0.701
0.282,0.701
0.275,0.673
0.267,0.63
0.267,0.586
0.251,0.539
0.251,0.503
0.251,0.503
0.251,0.503
0.251,0.503
0.251,0.486
0.251,0.503
0.251,0.503
0.251,0.503
0.251,0.503
0.251,0.503
0.251,0.503
0.251,0.48
0.251,0.48
0.251,0.48
0.251,0.48
0.251,0.48
0.251,0.48
0.251,0.464
0.251,0.464
0.251,0.464
0.251,0.464
0.251,0.448
0.251,0.448
0.251,0.448
0.251,0.448
0.251,0.448
0.251,0.448
0.251,0.424
0.251,0.424
0.251,0.424
0.251,0.424
0.251,0.424
0.251,0.424
0.251,0.409
0.251,0.409
0.251,0.409
0.251,0.409
0.251,0.409
0.251,0.409
0.251,0.409
0.251,0.409
0.251,0.448
0.251,0.48
0.251,0.503
0.251,0.519
0.251,0.519
0.251,0.519
0.227,0.519
0.211,0.519
0.196,0.519
0.18,0.519
0.18,0.519
0.18,0.519
0.18,0.519
0.18,0.519
0.18,0.48
0.18,0.464
0.18,0.448
0.18,0.424
0.18,0.424
0.18,0.417
0.18,0.409
0.18,0.409
0.18,0.409
0.18,0.409
0.18,0.409
0.18,0.409
0.18,0.393
0.18,0.393
0.18,0.377
0.18,0.377
0.18,0.377
0.18,0.377
0.18,0.377
0.18,0.377
0.18,0.353
0.18,0.365
0.18,0.338
0.18,0.322
0.18,0.306
0.156,0.282
0.156,0.282
0.156,0.282
0.156,0.282
0.14,0.282
0.14,0.282
0.14,0.282
0.14,0.282
0.14,0.282
0.14,0.282
0.156,0.282
0.156,0.288
0.156,0.282
0.156,0.282
0.156,0.282
0.156,0.282
0.156,0.282
0.156,0.282
0.156,0.282
0.156,0.271
0.156,0.267
0.156,0.267
0.156,0.267
0.156,0.267
0.156,0.267
0.156,0.251
0.156,0.251
0.156,0.251
0.156,0.227
0.156,0.211
0.156,0.196
0.168,0.196
0.156,0.196
0.156,0.18
0.156,0.18
0.156,0.18
0.156,0.18
0.168,0.18
0.156,0.18
0.156,0.18
0.156,0.18
0.156,0.18
0.156,0.18
0.156,0.18
0.156,0.18
0.156,0.156
0.156,0.156
0.156,0.125
0.156,0.107
0.156,0.101
0.156,0.101
0.156,0.085
0.156,0.085
0.156,0.085
0.156,0.081
0.156,0.069
0.156,0.069
0.156,0.069
0.156,0.069
0.168,0.069
0.156,0.069
0.156,0.069
0.156,0.069
0.156,0.069
0.156,0.069
0.156,0.069
0.156,0.069
0.156,0.069
0.156,0.101
0.156,0.101
0.156,0.101
0.156,0.101
0.156,0.101
0.156,0.101
0.156,0.101
0.156,0.101
0.156,0.101
0.156,0.101
0.156,0.101
0.156,0.101
0.156,0.101
0.168,0.101
0.156,0.101
0.156,0.101
0.156,0.101
0.156,0.101
0.162,0.101
0.156,0.101
0.156,0.101
0.162,0.101
0.156,0.101
0.156,0.101
0.156,0.101
0.156,0.101
0.156,0.101
0.156,0.101
0.156,0.101
0.156,0.101
0.156,0.101
0.156,0.101
0.156,0.101
0.156,0.101
0.156,0.101
0.156,0.101
0.156,0.101
0.156,0.101
0.156,0.101
0.156,0.101
0.162,0.101
0.156,0.101
0.156,0.101
0.156,0.101
0.156,0.101
0.156,0.101
0.156,0.101
0.156,0.101
0.156,0.101
0.162,0.101
0.156,0.101
0.156,0.101
0.156,0.101
0.156,0.101
0.156,0.101
0.156,0.101
0.156,0.101
0.156,0.101
0.156,0.101
0.156,0.101
0.162,0.101
0.156,0.101
0.156,0.101
0.156,0.101
0.156,0.101
0.156,0.101
0.156,0.101
0.156,0.101
0.156,0.101
0.156,0.101
0.156,0.101
0.156,0.101
0.156,0.101
0.156,0.101
0.156,0.101
0.156,0.101
0.156,0.101
0.156,0.101
0.156,0.101
0.156,0.101
0.156,0.101
0.156,0.101
0.162,0.101
0.156,0.101
0.156,0.101
0.156,0.101
0.156,0.101
0.156,0.101
0.162,0.101
0.156,0.101
0.156,0.101
0.168,0.101
0.156,0.101
0.156,0.101
0.168,0.101
0.156,0.101
0.156,0.101
0.156,0.101
0.156,0.101
0.156,0.101
0.125,0.101
0.073,0.101
0.014,0.101
0.0,0.101
0.0,0.101
0.0,0.101
0.0,0.101
0.0,0.101
0.0,0.162
0.0,0.196
0.0,0.267
0.0,0.306
0.0,0.338
0.0,0.338
0.0,0.338
0.0,0.338
0.0,0.338
0.0,0.338
0.0,0.338
0.0,0.338
0.0,0.338
-0.004,0.353
-0.02,0.393
-0.02,0.424
-0.02,0.464
-0.02,0.492
-0.02,0.531
-0.02,0.574
-0.02,0.606
-0.02,0.606
-0.02,0.606
-0.02,0.606
-0.02,0.606
-0.02,0.606
-0.02,0.606
-0.02,0.606
-0.02,0.606
-0.02,0.618
0.0,0.606
0.0,0.606
0.0,0.606
0.0,0.594
0.026,0.574
0.054,0.547
0.069,0.535
0.085,0.535
0.113,0.568
0.125,0.551
0.14,0.568
0.152,0.551
0.156,0.551
0.18,0.563
0.196,0.574
0.196,0.574
0.2,0.574
0.211,0.574
0.211,0.574
0.211,0.574
0.211,0.574
0.211,0.574
0.211,0.574
0.227,0.574
0.227,0.574
0.227,0.574
0.227,0.574
0.227,0.574
0.227,0.568
0.227,0.527
0.227,0.519
0.227,0.511
0.227,0.503
0.227,0.503
0.227,0.48
0.227,0.476
0.227,0.464
0.227,0.464
0.227,0.456
0.227,0.448
0.227,0.448
0.227,0.424
0.227,0.424
0.227,0.409
0.227,0.409
0.227,0.389
0.227,0.377
0.196,0.365
0.196,0.353
0.18,0.338
0.18,0.338
0.18,0.338
0.18,0.338
0.18,0.338
0.18,0.33
0.18,0.322
0.18,0.306
0.18,0.306
0.18,0.306
0.156,0.306
0.069,0.306
0.036,0.306
0.0,0.306
0.0,0.346
0.0,0.353
0.0,0.353
-0.02,0.353
-0.02,0.359
-0.06,0.353
-0.099,0.353
-0.131,0.353
-0.143,0.353
-0.155,0.353
-0.171,0.401
-0.226,0.507
-0.281,0.606
-0.317,0.645
-0.349,0.661
-0.376,0.661
-0.376,0.661
-0.376,0.661
-0.376,0.661
-0.376,0.677
-0.376,0.677
-0.376,0.677
-0.376,0.677
-0.376,0.63
-0.376,0.606
-0.376,0.606
-0.376,0.606
-0.376,0.59
-0.376,0.574
-0.376,0.519
-0.376,0.503
-0.376,0.503
-0.376,0.48
-0.376,0.464
-0.376,0.464
-0.376,0.448
-0.376,0.424
-0.376,0.393
-0.376,0.353
-0.376,0.338
-0.376,0.322
-0.376,0.306
-0.376,0.282
-0.376,0.282
-0.376,0.267
-0.376,0.267
-0.376,0.267
-0.376,0.267
-0.305,0.267
-0.254,0.277
-0.167,0.35
-0.076,0.377
-0.012,0.393
0.0,0.424
0.036,0.464
0.069,0.519
0.156,0.59
0.196,0.63
0.196,0.645
0.227,0.677
0.267,0.716
0.306,0.744
0.424,0.76
0.48,0.772
0.574,0.787
0.63,0.787
0.645,0.803
0.661,0.803
0.661,0.803
0.661,0.78
0.661,0.756
0.661,0.701
0.661,0.661
0.661,0.63
0.602,0.606
0.507,0.59
0.464,0.59
0.346,0.574
0.322,0.527
0.306,0.515
0.306,0.503
0.282,0.492
0.282,0.48
0.282,0.46
0.282,0.43
0.282,0.393
0.282,0.353
0.282,0.338
0.282,0.322
0.282,0.306
0.282,0.306
0.282,0.306
0.282,0.306
0.282,0.306
0.282,0.306
0.282,0.306
0.282,0.306
0.282,0.306
0.282,0.306
0.288,0.306
0.282,0.306
0.282,0.306
0.282,0.306
0.282,0.306
0.282,0.306
0.282,0.306
0.282,0.306
0.282,0.306
0.282,0.306
0.282,0.306
0.294,0.306
0.326,0.306
0.338,0.306
0.338,0.306
0.338,0.306
0.338,0.306
0.353,0.306
0.353,0.338
0.353,0.338
0.353,0.338
0.353,0.338
0.353,0.338
0.353,0.338
0.353,0.359
0.35,0.353
0.338,0.353
0.338,0.377
0.338,0.377
0.338,0.393
0.338,0.393
0.338,0.393
0.338,0.393
0.338,0.393
0.322,0.393
0.306,0.393
0.282,0.393
0.288,0.397
0.282,0.409
0.282,0.409
0.267,0.409
0.255,0.409
0.251,0.409
0.245,0.409
0.227,0.409
0.227,0.409
0.227,0.409
0.239,0.409
0.223,0.338
0.211,0.322
0.211,0.322
0.211,0.322
0.2,0.306
0.196,0.306
0.196,0.306
0.196,0.306
0.196,0.353
0.196,0.393
0.196,0.417
0.196,0.448
0.196,0.464
0.196,0.48
0.259,0.503
0.282,0.519
0.306,0.551
0.338,0.574
0.365,0.59
0.353,0.606
0.353,0.606
0.377,0.606
0.377,0.63
0.377,0.645
0.377,0.645
0.377,0.645
0.377,0.645
0.377,0.645
0.377,0.645
0.377,0.645
0.377,0.645
0.377,0.645
0.377,0.649
0.377,0.661
0.377,0.677
0.377,0.677
0.377,0.677
0.377,0.677
0.377,0.677
0.377,0.677
0.377,0.677
0.377,0.677
0.377,0.677
0.377,0.677
0.377,0.645
0.377,0.606
0.377,0.507
0.377,0.48
0.377,0.464
0.377,0.424
0.377,0.43
0.322,0.424
0.282,0.424
0.267,0.424
0.267,0.424
0.267,0.424
0.251,0.424
0.251,0.424
0.233,0.424
0.196,0.436
0.196,0.424
0.196,0.436
0.196,0.424
0.196,0.424
0.196,0.448
0.196,0.464
0.196,0.48
0.196,0.48
0.196,0.503
0.196,0.519
0.196,0.519
0.196,0.519
0.196,0.519
0.196,0.535
0.196,0.535
0.196,0.535
0.196,0.535
0.196,0.535
0.196,0.535
0.196,0.535
0.196,0.535
0.196,0.535
0.196,0.539
0.196,0.551
0.196,0.551
0.196,0.551
0.196,0.551
0.196,0.563
0.196,0.574
0.196,0.59
0.196,0.606
0.196,0.606
0.196,0.606
0.196,0.606
0.196,0.606
0.196,0.606
0.196,0.606
0.196,0.606
0.196,0.606
0.196,0.606
0.196,0.618
0.196,0.63
0.196,0.641
0.196,0.645
0.196,0.661
0.196,0.677
0.196,0.677
0.251,0.701
0.267,0.701
0.267,0.716
0.282,0.716
0.282,0.716
0.282,0.716
0.282,0.716
0.282,0.716
0.282,0.716
0.282,0.716
0.282,0.661
0.282,0.645
0.282,0.63
0.282,0.606
0.282,0.606
0.282,0.606
0.282,0.598
0.282,0.59
0.282,0.59
0.282,0.59
0.294,0.574
0.282,0.574
0.282,0.551
0.282,0.535
0.282,0.519
0.282,0.519
0.282,0.519
0.282,0.519
0.282,0.519
0.282,0.515
0.282,0.503
0.282,0.503
0.294,0.503
0.282,0.503
0.282,0.503
0.282,0.503
0.288,0.503
0.282,0.503
0.282,0.503
0.282,0.503
0.282,0.503
0.282,0.503
0.282,0.503
0.282,0.503
0.282,0.503
0.288,0.503
0.282,0.503
0.282,0.551
0.294,0.59
0.282,0.606
0.282,0.606
0.282,0.63
0.282,0.645
0.282,0.645
0.282,0.645
0.282,0.661
0.288,0.661
0.282,0.661
0.282,0.677
0.282,0.677
0.282,0.677
0.282,0.677
0.306,0.677
0.306,0.677
0.306,0.677
0.31,0.677
0.322,0.677
0.322,0.677
0.322,0.701
0.322,0.716
0.322,0.72
0.322,0.732
0.322,0.732
0.322,0.732
0.322,0.732
0.322,0.732
0.338,0.732
0.338,0.732
0.338,0.732
0.338,0.645
0.338,0.606
0.338,0.503
0.353,0.46
0.353,0.377
0.353,0.346
0.353,0.322
0.353,0.322
0.353,0.306
0.353,0.306
0.353,0.282
0.353,0.282
0.353,0.282
0.353,0.282
0.353,0.282
0.353,0.282
0.353,0.282
0.353,0.282
0.353,0.282
0.353,0.282
0.353,0.282
0.353,0.282
0.306,0.282
0.282,0.282
0.282,0.282
0.282,0.282
0.282,0.282
0.282,0.282
0.282,0.282
0.282,0.282
0.282,0.282
0.282,0.282
0.282,0.282
0.282,0.282
0.282,0.288
0.282,0.282
0.282,0.282
0.282,0.282
0.282,0.282
0.282,0.282
0.282,0.3
0.282,0.353
0.282,0.409
0.282,0.424
0.282,0.448
0.282,0.464
0.282,0.48
0.282,0.48
0.282,0.519
0.282,0.519
0.282,0.551
0.282,0.551
0.282,0.551
0.282,0.557
0.282,0.574
0.282,0.574
0.282,0.574
0.282,0.574
0.282,0.574
0.251,0.574
0.251,0.574
0.227,0.574
0.211,0.574
0.211,0.574
0.196,0.574
0.196,0.574
0.196,0.59
0.211,0.59
0.215,0.59
0.227,0.59
0.227,0.59
0.227,0.59
0.227,0.59
0.227,0.59
0.227,0.59
0.227,0.59
0.227,0.503
0.227,0.492
0.227,0.464
0.227,0.424
0.227,0.389
0.227,0.342
0.227,0.322
0.227,0.306
0.227,0.282
0.227,0.282
0.227,0.282
0.227,0.282
0.196,0.282
0.196,0.288
0.196,0.334
0.196,0.381
0.196,0.393
0.227,0.424
0.227,0.43
0.227,0.464
0.227,0.464
0.227,0.48
0.227,0.503
0.227,0.503
0.227,0.503
0.227,0.503
0.227,0.503
0.227,0.519
0.227,0.519
0.227,0.519
0.227,0.519
0.227,0.519
0.227,0.519
0.227,0.519
0.227,0.519
0.227,0.519
0.227,0.519
0.227,0.519
0.227,0.519
0.227,0.519
0.227,0.519
0.227,0.519
0.227,0.519
0.227,0.519
0.227,0.519
0.227,0.519
0.227,0.519
0.227,0.519
0.227,0.519
0.227,0.519
0.227,0.519
0.227,0.519
0.227,0.519
0.227,0.519
0.227,0.519
0.227,0.519
0.227,0.519
0.227,0.519
0.227,0.519
0.227,0.535
0.227,0.606
0.227,0.63
0.227,0.63
0.227,0.63
0.227,0.63
0.227,0.645
0.227,0.645
0.227,0.645
0.227,0.645
0.227,0.606
0.227,0.59
0.227,0.574
0.227,0.519
0.227,0.519
0.227,0.519
0.227,0.519
0.227,0.519
0.227,0.519
0.227,0.503
0.227,0.503
0.227,0.503
0.227,0.503
0.227,0.503
0.227,0.48
0.227,0.476
0.227,0.448
0.227,0.424
0.227,0.393
0.227,0.393
0.227,0.393
0.227,0.393
0.227,0.393
0.227,0.393
0.227,0.393
0.227,0.393
0.227,0.393
0.227,0.353
0.227,0.322
0.227,0.294
0.227,0.282
0.227,0.282
0.227,0.282
0.227,0.267
0.227,0.267
0.227,0.267
0.227,0.267
0.227,0.267
0.227,0.267
0.227,0.267
0.251,0.267
0.267,0.267
0.275,0.267
0.282,0.267
0.282,0.267
0.282,0.267
0.294,0.267
0.267,0.267
0.267,0.251
0.267,0.251
0.267,0.251
0.267,0.251
0.267,0.251
0.267,0.251
0.267,0.251
0.267,0.251
0.267,0.251
0.267,0.251
0.251,0.245
0.251,0.245
0.251,0.227
0.251,0.227
0.227,0.227
0.227,0.233
0.227,0.227
0.211,0.227
0.211,0.227
0.211,0.227
0.211,0.239
0.211,0.251
0.211,0.227
0.211,0.251
0.196,0.233
0.196,0.279
0.196,0.306
0.196,0.306
0.196,0.322
0.196,0.322
0.196,0.322
0.196,0.322
0.196,0.322
0.196,0.322
0.196,0.33
0.196,0.338
0.196,0.381
0.196,0.397
0.196,0.424
0.196,0.424
0.196,0.424
0.196,0.424
0.196,0.424
0.196,0.424
0.196,0.424
0.196,0.424
0.196,0.393
0.196,0.359
0.196,0.338
0.196,0.322
0.196,0.322
0.196,0.3
0.196,0.282
0.196,0.267
0.196,0.267
0.196,0.259
0.196,0.251
0.227,0.251
0.211,0.251
0.211,0.251
0.211,0.251
0.211,0.251
0.211,0.251
0.211,0.251
0.196,0.251
0.196,0.251
0.196,0.251
0.196,0.251
0.196,0.251
0.196,0.251
0.196,0.251
0.196,0.251
0.196,0.251
0.196,0.251
0.196,0.251
0.196,0.251
0.196,0.251
0.196,0.251
0.196,0.251
0.196,0.251
0.196,0.251
0.196,0.251
0.196,0.251
0.196,0.251
0.196,0.251
0.196,0.251
0.196,0.251
0.196,0.251
0.196,0.251
0.196,0.251
0.196,0.251
0.196,0.251
0.196,0.251
0.196,0.251
0.196,0.251
0.196,0.251
0.196,0.251
0.196,0.251
0.196,0.251
0.196,0.251
0.196,0.251
0.196,0.251
0.196,0.251
0.196,0.251
0.196,0.251
0.196,0.251
0.196,0.251
0.196,0.251
0.196,0.251
0.196,0.251
0.196,0.251
0.196,0.251
0.196,0.251
0.196,0.251
0.196,0.251
0.196,0.251
0.196,0.251
0.196,0.251
0.196,0.251
0.196,0.251
0.196,0.251
0.196,0.251
0.196,0.251
0.196,0.251
0.196,0.251
0.188,0.282
0.097,0.353
0.0,0.385
0.0,0.448
-0.048,0.486
-0.093,0.574
-0.131,0.618
-0.155,0.677
-0.171,0.716
-0.186,0.756
-0.186,0.787
-0.186,0.787
-0.186,0.803
-0.186,0.827
-0.186,0.855
-0.186,0.882
-0.226,0.898
-0.25,0.926
-0.266,0.929
-0.281,0.953
-0.293,0.969
-0.305,0.969
-0.305,0.969
-0.305,0.969
-0.321,0.969
-0.321,0.969
-0.321,0.969
-0.321,0.969
-0.321,0.969
-0.321,0.969
-0.321,0.969
-0.321,0.969
-0.321,0.969
-0.321,0.969
-0.321,0.969
-0.321,0.969
-0.321,0.969
-0.266,0.969
-0.143,0.969
-0.038,0.906
0.0,0.855
0.002,0.795
0.03,0.772
0.054,0.677
0.069,0.653
0.085,0.634
0.101,0.63
0.101,0.63
0.101,0.63
0.101,0.63
0.101,0.606
0.101,0.618
0.101,0.598
0.101,0.59
0.101,0.574
0.101,0.543
0.101,0.519
0.101,0.503
0.101,0.503
0.101,0.503
0.101,0.48
0.101,0.48
0.125,0.48
0.125,0.48
0.14,0.464
0.156,0.464
0.156,0.464
0.156,0.464
0.156,0.464
0.156,0.464
0.18,0.464
0.18,0.464
0.18,0.464
0.18,0.448
0.18,0.448
0.18,0.436
0.18,0.424
0.18,0.409
0.18,0.409
0.18,0.393
0.18,0.393
0.18,0.377
0.18,0.377
0.18,0.353
0.18,0.346
0.18,0.338
0.18,0.322
0.184,0.322
0.196,0.314
0.196,0.306
0.196,0.306
0.101,0.306
0.065,0.306
0.002,0.306
0.0,0.359
0.0,0.385
0.0,0.409
-0.004,0.424
-0.02,0.448
-0.076,0.48
-0.131,0.527
-0.171,0.59
-0.25,0.612
-0.281,0.63
-0.36,0.645
-0.376,0.645
-0.392,0.645
-0.41,0.665
-0.416,0.677
-0.416,0.677
-0.416,0.677
-0.416,0.677
-0.416,0.677
-0.416,0.701
-0.41,0.716
-0.416,0.732
-0.416,0.732
-0.416,0.756
-0.416,0.756
-0.416,0.772
-0.404,0.772
-0.416,0.772
-0.416,0.772
-0.416,0.772
-0.416,0.787
-0.416,0.787
-0.416,0.787
-0.416,0.787
-0.416,0.787
-0.432,0.787
-0.432,0.787
-0.432,0.787
-0.448,0.787
-0.448,0.787
-0.448,0.787
-0.448,0.787
-0.448,0.787
-0.448,0.787
-0.471,0.787
-0.487,0.787
-0.487,0.787
-0.487,0.787
-0.487,0.787
-0.487,0.787
-0.487,0.787
-0.487,0.787
-0.487,0.787
-0.487,0.787
-0.487,0.787
-0.487,0.787
-0.487,0.787
-0.487,0.787
-0.467,0.787
-0.416,0.787
-0.376,0.787
-0.321,0.732
-0.281,0.701
-0.25,0.677
-0.25,0.645
-0.25,0.612
-0.25,0.578
-0.25,0.515
-0.25,0.503
-0.25,0.48
-0.25,0.464
-0.25,0.424
-0.25,0.393
-0.25,0.353
-0.25,0.322
-0.25,0.306
-0.25,0.282
-0.25,0.282
-0.25,0.282
-0.25,0.282
-0.25,0.282
-0.25,0.282
-0.25,0.282
-0.25,0.282
-0.25,0.282
-0.25,0.282
-0.25,0.282
-0.25,0.282
-0.25,0.282
-0.25,0.282
-0.25,0.282
-0.25,0.282
-0.25,0.282
-0.25,0.282
-0.25,0.282
-0.25,0.282
-0.232,0.267
-0.186,0.267
-0.186,0.251
-0.155,0.251
-0.131,0.251
-0.127,0.227
-0.099,0.211
-0.099,0.196
-0.099,0.196
-0.076,0.196
-0.076,0.196
-0.06,0.196
-0.06,0.196
-0.044,0.196
-0.044,0.196
-0.02,0.18
-0.02,0.18
-0.004,0.18
-0.004,0.18
-0.004,0.18
-0.004,0.18
0.0,0.18
0.0,0.18
0.0,0.18
0.0,0.18
0.0,0.18
0.0,0.18
0.0,0.18
0.0,0.18
0.0,0.18
0.0,0.267
0.0,0.288
0.0,0.282
0.0,0.306
0.0,0.318
0.0,0.353
0.0,0.385
0.0,0.409
0.0,0.424
0.0,0.436
-0.02,0.448
-0.087,0.464
-0.131,0.464
-0.155,0.464
-0.159,0.464
-0.171,0.464
-0.171,0.464
-0.171,0.464
-0.171,0.464
-0.171,0.464
-0.171,0.464
-0.171,0.385
-0.087,0.322
0.0,0.267
0.0,0.215
0.0,0.18
0.0,0.18
0.0,0.14
0.0,0.14
0.0,0.14
0.0,0.14
0.0,0.14
0.0,0.14
0.0,0.14
0.0,0.14
0.0,0.14
0.0,0.14
0.0,0.14
0.0,0.14
0.0,0.14
0.0,0.14
0.0,0.14
0.0,0.196
0.0,0.196
0.0,0.227
0.0,0.255
0.0,0.267
0.0,0.3
0.0,0.314
0.0,0.338
0.0,0.338
0.0,0.353
0.0,0.353
0.0,0.353
0.0,0.353
-0.004,0.377
-0.016,0.393
-0.026,0.424
-0.06,0.424
-0.099,0.424
-0.115,0.424
-0.131,0.424
-0.131,0.424
-0.131,0.424
-0.131,0.424
-0.131,0.424
-0.155,0.424
-0.171,0.424
-0.186,0.424
-0.186,0.436
-0.186,0.424
-0.186,0.424
-0.186,0.424
-0.186,0.424
-0.186,0.424
-0.186,0.424
-0.186,0.424
-0.186,0.424
-0.186,0.424
-0.186,0.424
-0.186,0.424
-0.186,0.424
-0.186,0.424
-0.186,0.424
-0.186,0.43
-0.186,0.424
-0.186,0.424
-0.186,0.424
-0.186,0.424
-0.186,0.424
-0.186,0.424
-0.186,0.424
-0.186,0.424
-0.186,0.436
-0.186,0.424
-0.186,0.436
-0.186,0.424
-0.186,0.424
-0.186,0.424
-0.186,0.424
-0.186,0.424
-0.186,0.424
-0.186,0.424
-0.186,0.424
-0.186,0.424
-0.186,0.424
-0.186,0.424
-0.186,0.424
-0.186,0.393
-0.21,0.393
-0.21,0.377
-0.226,0.377
-0.226,0.377
-0.25,0.359
-0.25,0.338
-0.25,0.322
-0.25,0.322
-0.25,0.306
-0.25,0.306
-0.25,0.306
-0.25,0.306
-0.25,0.306
-0.25,0.306
-0.25,0.306
-0.25,0.306
-0.25,0.306
-0.25,0.306
-0.25,0.306
-0.25,0.306
-0.25,0.306
-0.25,0.306
-0.25,0.359
-0.25,0.377
-0.25,0.377
-0.25,0.381
-0.25,0.393
-0.25,0.393
-0.159,0.393
-0.072,0.393
0.0,0.346
0.0,0.322
0.0,0.306
0.0,0.282
0.0,0.267
0.0,0.267
0.0,0.267
0.0,0.267
0.0,0.267
0.014,0.267
0.014,0.267
0.03,0.267
0.036,0.267
0.054,0.267
0.054,0.251
0.054,0.251
0.069,0.251
0.069,0.227
0.069,0.211
0.069,0.211
0.069,0.196
0.069,0.196
0.069,0.196
0.069,0.196
0.069,0.196
0.069,0.196
0.069,0.196
0.069,0.196
0.069,0.196
0.069,0.196
0.069,0.196
0.069,0.196
0.069,0.196
0.073,0.196
0.085,0.196
0.085,0.196
0.085,0.196
0.085,0.196
0.085,0.196
0.085,0.196
0.085,0.196
0.085,0.196
0.085,0.196
0.085,0.196
0.085,0.196
0.085,0.196
0.085,0.196
0.085,0.196
0.085,0.196
0.085,0.196
0.0,0.196
0.0,0.259
-0.004,0.282
-0.044,0.282
-0.076,0.282
-0.119,0.282
-0.137,0.282
-0.171,0.282
-0.226,0.282
-0.266,0.282
-0.281,0.282
-0.281,0.282
-0.281,0.282
-0.305,0.282
-0.305,0.282
-0.321,0.282
-0.321,0.282
-0.321,0.282
-0.321,0.282
-0.321,0.282
-0.321,0.294
-0.321,0.306
-0.321,0.306
-0.321,0.338
-0.321,0.338
-0.321,0.338
-0.321,0.338
-0.321,0.338
-0.321,0.338
-0.321,0.338
-0.321,0.338
-0.321,0.353
-0.321,0.353
-0.321,0.353
-0.321,0.353
-0.321,0.359
-0.321,0.377
-0.321,0.385
-0.321,0.424
-0.321,0.448
-0.321,0.464
-0.321,0.48
-0.321,0.519
-0.321,0.551
-0.321,0.574
-0.321,0.59
-0.321,0.59
-0.321,0.606
-0.321,0.606
-0.337,0.63
-0.36,0.63
-0.376,0.645
-0.376,0.661
-0.376,0.661
-0.376,0.661
-0.376,0.661
-0.376,0.661
-0.376,0.661
-0.376,0.661
-0.376,0.661
-0.376,0.661
-0.313,0.661
-0.25,0.661
-0.107,0.606
-0.012,0.511
0.0,0.476
0.0,0.381
0.0,0.377
0.0,0.381
-0.004,0.393
-0.032,0.393
-0.06,0.409
-0.076,0.464
-0.099,0.519
-0.131,0.582
-0.171,0.606
-0.192,0.634
-0.21,0.661
-0.21,0.677
-0.21,0.72
-0.21,0.756
-0.21,0.787
-0.21,0.803
-0.21,0.827
-0.21,0.847
-0.21,0.882
-0.21,0.914
-0.21,0.941
-0.254,0.973
-0.287,0.985
-0.398,0.985
-0.448,0.985
-0.471,0.985
-0.487,0.864
-0.487,0.772
-0.487,0.732
-0.487,0.63
-0.487,0.59
-0.487,0.515
-0.432,0.48
-0.364,0.464
-0.266,0.442
-0.171,0.338
-0.111,0.306
-0.06,0.267
0.0,0.255
0.0,0.251
0.0,0.233
0.0,0.227
0.0,0.239
0.0,0.251
0.0,0.251
0.0,0.251
0.0,0.251
0.0,0.251
0.0,0.251
0.0,0.251
0.014,0.251
0.03,0.251
0.03,0.251
0.054,0.251
0.054,0.251
0.054,0.251
0.054,0.251
0.054,0.279
0.054,0.282
0.054,0.3
0.054,0.306
0.054,0.306
0.054,0.306
0.085,0.306
0.085,0.306
0.085,0.306
0.085,0.306
0.101,0.306
0.101,0.306
0.0,0.282
0.0,0.267
-0.016,0.251
-0.06,0.251
-0.107,0.251
-0.155,0.251
-0.171,0.251
-0.186,0.251
-0.21,0.251
-0.25,0.251
-0.266,0.251
-0.281,0.251
-0.281,0.251
-0.281,0.251
-0.281,0.251
-0.281,0.251
-0.281,0.251
-0.281,0.251
-0.281,0.251
-0.281,0.251
-0.281,0.251
-0.281,0.251
-0.281,0.251
-0.281,0.251
-0.281,0.251
-0.281,0.251
-0.281,0.251
-0.281,0.251
-0.281,0.251
-0.281,0.251
-0.281,0.251
-0.281,0.251
-0.321,0.251
-0.321,0.251
-0.36,0.251
-0.376,0.251
-0.376,0.251
-0.376,0.251
-0.376,0.251
-0.376,0.251
-0.376,0.245
-0.376,0.306
-0.376,0.353
-0.376,0.377
-0.349,0.377
-0.36,0.393
-0.305,0.393
-0.262,0.393
-0.238,0.393
-0.186,0.393
-0.167,0.393
-0.155,0.393
-0.127,0.393
-0.099,0.393
-0.099,0.409
-0.076,0.409
-0.068,0.409
-0.056,0.409
-0.044,0.409
-0.02,0.424
0.0,0.424
0.0,0.424
0.0,0.424
0.0,0.424
0.0,0.424
0.0,0.401
0.0,0.306
0.0,0.267
0.0,0.196
0.0,0.196
0.0,0.18
0.0,0.18
0.0,0.18
0.0,0.18
0.0,0.18
0.0,0.18
0.0,0.18
0.014,0.18
0.03,0.18
0.03,0.18
0.054,0.18
0.054,0.18
0.054,0.18
0.054,0.18
0.054,0.211
0.054,0.227
0.054,0.251
0.054,0.267
0.054,0.267
0.054,0.267
0.054,0.282
0.054,0.282
0.054,0.282
0.054,0.282
0.054,0.282
0.054,0.282
0.054,0.282
0.054,0.282
0.054,0.282
0.054,0.282
0.054,0.282
0.054,0.282
0.054,0.282
0.054,0.282
0.054,0.282
0.054,0.282
0.054,0.282
0.054,0.282
0.054,0.282
0.054,0.282
0.054,0.282
0.054,0.282
0.054,0.282
0.054,0.282
0.054,0.282
0.054,0.282
0.054,0.211
0.054,0.196
0.054,0.18
0.054,0.18
0.054,0.18
0.054,0.18
0.054,0.18
0.054,0.18
0.054,0.18
0.054,0.18
0.054,0.18
0.054,0.18
0.054,0.18
0.054,0.18
0.054,0.18
0.054,0.18
0.054,0.18
0.054,0.18
0.054,0.18
0.054,0.18
0.054,0.18
0.054,0.18
0.054,0.18
0.054,0.18
0.054,0.18
0.054,0.18
0.054,0.18
0.054,0.18
0.054,0.18
0.054,0.18
0.054,0.18
0.054,0.233
0.054,0.267
0.054,0.306
0.054,0.306
0.054,0.338
0.054,0.338
0.054,0.338
0.054,0.338
0.054,0.338
0.054,0.338
0.054,0.353
0.054,0.353
0.054,0.353
0.054,0.353
0.054,0.306
0.054,0.282
0.054,0.282
0.054,0.282
0.054,0.282
0.054,0.282
0.054,0.282
0.054,0.282
0.054,0.282
0.054,0.282
0.054,0.282
0.054,0.282
0.054,0.282
0.054,0.282
0.054,0.282
0.054,0.282
0.054,0.306
0.054,0.338
0.054,0.338
0.054,0.338
0.054,0.338
0.054,0.338
0.054,0.338
0.054,0.338
0.054,0.338
0.054,0.338
0.054,0.338
0.054,0.338
0.054,0.338
0.054,0.338
0.054,0.338
0.054,0.338
0.054,0.338
0.054,0.353
0.054,0.353
0.054,0.353
0.054,0.353
0.054,0.353
0.054,0.353
0.054,0.353
0.054,0.353
0.054,0.353
0.054,0.353
0.054,0.353
0.054,0.353
0.054,0.353
0.054,0.353
0.054,0.353
0.054,0.353
0.054,0.353
0.054,0.338
0.054,0.282
0.054,0.267
0.054,0.255
0.054,0.223
0.054,0.196
0.054,0.196
0.054,0.196
0.054,0.196
0.054,0.18
0.054,0.18
0.054,0.18
0.054,0.18
0.054,0.18
0.054,0.18
0.054,0.18
0.054,0.18
0.054,0.18
0.054,0.18
0.054,0.18
0.054,0.18
0.054,0.18
0.054,0.18
0.054,0.18
0.054,0.18
0.054,0.18
0.054,0.18
0.054,0.18
0.054,0.18
0.054,0.18
0.054,0.18
0.054,0.18
0.054,0.18
0.054,0.18
0.054,0.18
0.054,0.18
0.054,0.18
0.054,0.18
0.054,0.18
0.054,0.18
0.054,0.18
0.054,0.18
0.054,0.18
0.054,0.18
0.054,0.18
0.054,0.18
0.054,0.18
0.054,0.18
0.054,0.18
0.054,0.18
0.054,0.18
0.054,0.18
0.054,0.18
0.054,0.18
0.054,0.18
0.054,0.18
0.054,0.18
0.054,0.18
0.054,0.18
0.054,0.18
0.054,0.18
0.054,0.18
0.054,0.18
0.054,0.18
0.054,0.18
0.054,0.18
0.054,0.18
0.054,0.18
0.054,0.18
0.054,0.18
0.054,0.211
0.054,0.211
0.054,0.211
0.054,0.211
0.054,0.211
0.054,0.211
0.054,0.211
0.054,0.211
0.054,0.211
0.054,0.211
0.054,0.227
0.054,0.227
0.054,0.227
0.054,0.227
0.054,0.227
0.054,0.227
0.054,0.227
0.054,0.227
0.054,0.227
0.054,0.227
0.054,0.227
0.054,0.227
0.054,0.227
0.054,0.227
0.054,0.227
0.054,0.227
0.054,0.227
0.054,0.227
0.054,0.227
0.054,0.227
0.054,0.227
0.054,0.227
0.054,0.227
0.054,0.196
0.054,0.196
0.054,0.196
0.054,0.196
0.054,0.196
0.054,0.188
0.085,0.18
0.085,0.18
0.085,0.18
0.085,0.18
0.085,0.18
0.085,0.18
0.085,0.18
0.085,0.18
0.085,0.18
0.085,0.156
0.085,0.14
0.085,0.125
0.085,0.101
0.085,0.101
0.085,0.101
0.085,0.085
0.085,0.069
0.085,0.069
0.085,0.069
0.085,0.054
0.085,0.054
0.085,0.054
0.085,0.054
0.085,0.054
0.085,0.054
0.085,0.054
0.085,0.054
0.085,0.054
0.085,0.054
0.085,0.054
0.085,0.054
0.085,0.054
0.085,0.054
0.085,0.054
0.085,0.054
0.085,0.054
0.085,0.054
0.085,0.054
0.085,0.054
0.085,0.054
0.085,0.054
0.085,0.054
0.085,0.054
0.085,0.085
0.085,0.093
0.085,0.101
0.085,0.101
0.085,0.101
0.085,0.125
0.085,0.125
0.085,0.125
0.085,0.125
0.085,0.125
0.085,0.125
0.085,0.125
0.085,0.125
0.085,0.125
0.085,0.14
0.085,0.14
0.085,0.14
0.085,0.14
0.085,0.14
0.085,0.14
0.085,0.14
0.085,0.14
0.085,0.14
0.085,0.14
0.085,0.14
0.085,0.14
0.085,0.14
0.085,0.14
0.085,0.14
0.085,0.14
0.085,0.14
0.089,0.101
0.101,0.069
0.101,0.054
0.101,0.054
0.101,0.054
0.101,0.03
0.101,0.014
0.101,0.014
0.101,0.014
0.101,0.014
0.101,0.014
0.101,0.014
0.101,0.014
0.101,0.014
0.101,0.014
0.101,0.014
0.101,0.014
0.101,0.014
0.101,0.014
0.101,0.014
0.101,0.014
0.101,0.014
0.101,0.014
0.101,0.014
0.101,0.014
0.101,0.014
0.101,0.014
0.101,0.054
0.101,0.069
0.101,0.085
0.101,0.125
0.101,0.14
0.101,0.156
0.101,0.156
0.101,0.156
0.101,0.156
0.101,0.156
0.101,0.156
0.101,0.168
0.101,0.196
0.101,0.251
0.101,0.282
0.101,0.306
0.101,0.338
0.107,0.353
0.107,0.353
0.125,0.353
0.125,0.353
0.14,0.353
0.14,0.359
0.156,0.353
0.156,0.353
0.156,0.353
0.156,0.306
0.156,0.259
0.156,0.211
0.156,0.196
0.156,0.18
0.156,0.18
0.156,0.18
0.156,0.156
0.156,0.156
0.156,0.156
0.156,0.156
0.156,0.156
0.156,0.156
0.156,0.156
0.156,0.156
0.156,0.156
0.156,0.156
0.156,0.156
0.156,0.162
0.156,0.156
0.156,0.156
0.156,0.162
0.156,0.156
0.156,0.156
0.156,0.168
0.156,0.156
0.156,0.156
0.156,0.156
0.156,0.156
0.156,0.156
0.156,0.156
0.156,0.192
0.156,0.196
0.156,0.196
0.156,0.211
0.156,0.211
0.156,0.211
0.156,0.211
0.156,0.211
0.156,0.211
0.156,0.211
0.156,0.211
0.156,0.211
0.156,0.211
0.156,0.211
0.156,0.211
0.156,0.211
0.156,0.211
0.156,0.211
0.156,0.211
0.156,0.211
0.156,0.211
0.156,0.211
0.156,0.211
0.156,0.211
0.156,0.211
0.156,0.211
0.156,0.211
0.156,0.211
0.156,0.211
0.156,0.211
0.156,0.211
0.156,0.211
0.156,0.211
0.156,0.211
0.156,0.211
0.156,0.211
0.156,0.211
0.156,0.211
0.156,0.211
0.156,0.211
0.156,0.211
0.156,0.211
0.156,0.211
0.156,0.211
0.156,0.211
0.156,0.211
0.156,0.211
0.156,0.211
0.156,0.211
0.156,0.211
0.156,0.211
0.156,0.211
0.156,0.211
0.156,0.211
0.156,0.211
0.156,0.211
0.156,0.211
0.156,0.18
0.156,0.18
0.156,0.18
0.156,0.18
0.156,0.18
0.156,0.168
0.156,0.162
0.156,0.156
0.156,0.156
0.156,0.14
0.156,0.14
0.156,0.136
0.156,0.125
0.156,0.125
0.156,0.125
0.156,0.125
0.156,0.125
0.156,0.125
0.156,0.125
0.156,0.125
0.156,0.125
0.156,0.101
0.156,0.101
0.156,0.069
0.156,0.069
0.156,0.069
0.156,0.054
0.156,0.054
0.156,0.054
0.156,0.054
0.156,0.048
0.156,0.03
0.156,0.054
0.156,0.03
0.156,0.018
0.156,0.014
0.156,0.0
0.156,0.0
0.156,0.0
0.156,0.0
0.156,0.0
0.156,0.0
0.156,0.0
0.156,0.0
0.156,0.0
0.156,0.0
0.156,0.0
0.156,0.0
0.156,0.0
0.156,0.0
0.156,0.0
0.156,0.0
0.156,0.0
0.156,0.0
0.156,0.0
0.156,0.0
0.156,0.0
0.156,0.0
0.156,0.0
0.156,0.0
0.156,0.0
0.156,0.0
0.156,0.0
0.156,0.0
0.156,0.0
0.156,0.0
0.156,0.0
0.156,0.0
0.156,0.0
0.156,0.0
0.156,0.0
0.156,0.0
0.156,0.0
0.156,0.0
0.156,0.0
0.156,0.0
0.156,0.0
0.156,0.0
0.156,0.0
0.156,0.0
0.156,0.0
0.156,0.0
0.156,0.0
0.156,0.0
0.156,0.0
0.156,0.0
0.156,0.03
0.156,0.054
0.156,0.069
0.156,0.085
0.156,0.085
0.156,0.101
0.156,0.101
0.156,0.125
0.156,0.129
0.156,0.14
0.156,0.14
0.156,0.14
0.156,0.14
0.156,0.14
0.156,0.156
0.156,0.156
0.156,0.156
0.156,0.156
0.156,0.168
0.156,0.18
0.156,0.196
0.156,0.196
0.156,0.196
0.156,0.196
0.156,0.196
0.156,0.196
0.156,0.211
0.156,0.211
0.156,0.211
0.156,0.211
0.156,0.211
0.156,0.211
0.156,0.227
0.156,0.227
0.156,0.227
0.156,0.227
0.156,0.251
0.156,0.267
0.156,0.267
0.156,0.267
0.156,0.267
0.156,0.267
0.156,0.267
0.156,0.267
0.156,0.267
0.156,0.267
0.156,0.267
0.156,0.271
0.156,0.282
0.156,0.282
0.156,0.282
0.156,0.251
0.156,0.211
0.156,0.2
0.156,0.196
0.156,0.196
0.156,0.196
0.156,0.196
0.156,0.196
0.156,0.184
0.156,0.18
0.156,0.18
0.156,0.156
0.156,0.156
0.156,0.133
0.156,0.101
0.156,0.085
0.156,0.069
0.156,0.069
0.156,0.069
0.156,0.069
0.156,0.054
0.156,0.054
0.156,0.054
0.156,0.054
0.156,0.03
0.156,0.048
0.156,0.042
0.156,0.03
0.156,0.048
0.156,0.054
0.156,0.036
0.156,0.054
0.156,0.054
0.156,0.054
0.156,0.054
0.156,0.054
0.156,0.054
0.156,0.054
0.156,0.054
0.156,0.054
0.156,0.054
0.156,0.085
0.156,0.085
0.156,0.085
0.156,0.085
0.156,0.085
0.156,0.085
0.156,0.101
0.156,0.101
0.156,0.101
0.156,0.101
0.156,0.101
0.156,0.101
0.156,0.101
0.156,0.101
0.156,0.101
0.156,0.101
0.156,0.101
0.156,0.101
0.156,0.101
0.156,0.101
0.156,0.101
0.156,0.101
0.156,0.101
0.156,0.101
0.156,0.101
0.156,0.101
0.156,0.101
0.156,0.101
0.156,0.101
0.156,0.101
0.156,0.101
0.156,0.101
0.156,0.101
0.156,0.101
0.156,0.101
0.156,0.101
0.156,0.101
0.156,0.101
0.156,0.101
0.156,0.101
0.156,0.101
0.156,0.101
0.156,0.101
0.156,0.101
0.156,0.101
0.156,0.101
0.156,0.101
0.156,0.101
0.156,0.101
0.156,0.101
0.156,0.156
0.156,0.211
0.156,0.279
0.156,0.35
0.069,0.448
0.0,0.523
-0.016,0.63
-0.068,0.661
-0.137,0.677
-0.25,0.701
-0.305,0.701
-0.321,0.701
-0.321,0.645
-0.321,0.578
-0.321,0.503
-0.321,0.48
-0.321,0.48
-0.321,0.48
-0.321,0.539
-0.321,0.578
-0.321,0.606
-0.321,0.63
-0.36,0.645
-0.376,0.645
-0.376,0.661
-0.376,0.661
-0.376,0.661
-0.376,0.661
-0.376,0.661
-0.376,0.661
-0.376,0.661
-0.376,0.606
-0.376,0.582
-0.337,0.497
-0.266,0.43
-0.171,0.346
-0.082,0.282
-0.016,0.267
0.0,0.251
0.0,0.211
0.0,0.196
0.0,0.18
0.0,0.156
0.0,0.14
0.0,0.101
0.0,0.085
0.0,0.069
0.0,0.069
0.0,0.069
0.014,0.069
0.03,0.069
0.054,0.069
0.054,0.069
0.054,0.069
0.054,0.069
0.054,0.069
0.054,0.069
0.054,0.069
0.054,0.069
0.054,0.069
0.054,0.069
0.03,0.069
0.054,0.069
0.054,0.069
0.054,0.069
0.054,0.069
0.054,0.069
0.054,0.069
0.054,0.069
0.054,0.069
0.054,0.069
0.054,0.069
0.054,0.069
0.054,0.069
0.054,0.069
0.054,0.069
0.054,0.069
0.054,0.069
0.054,0.069
0.054,0.069
0.054,0.069
0.054,0.069
0.054,0.069
0.054,0.069
0.054,0.069
0.054,0.069
0.054,0.069
0.054,0.069
0.054,0.069
0.054,0.069
0.054,0.069
0.054,0.069
0.054,0.069
0.054,0.069
0.054,0.069
0.054,0.069
0.054,0.069
0.054,0.069
0.054,0.069
0.054,0.069
0.054,0.069
0.054,0.069
0.054,0.069
0.054,0.069
0.054,0.069
0.054,0.069
0.054,0.069
0.054,0.069
0.054,0.069
0.054,0.069
0.054,0.069
0.054,0.069
0.054,0.069
0.054,0.069
0.054,0.069
0.054,0.069
0.054,0.069
0.054,0.069
0.054,0.069
0.054,0.069
0.054,0.069
0.054,0.069
0.054,0.069
0.054,0.069
0.054,0.069
0.054,0.125
0.054,0.125
0.054,0.125
0.054,0.125
0.054,0.14
0.054,0.156
0.054,0.196
0.054,0.211
0.054,0.245
0.054,0.282
0.054,0.282
0.054,0.306
0.054,0.322
0.054,0.338
0.069,0.338
0.069,0.338
0.069,0.338
0.069,0.338
0.069,0.338
0.069,0.338
0.069,0.338
0.069,0.353
0.069,0.377
0.0,0.424
-0.004,0.464
-0.02,0.48
-0.044,0.519
-0.044,0.535
-0.06,0.551
-0.06,0.551
-0.06,0.551
-0.06,0.551
-0.06,0.551
-0.06,0.563
-0.06,0.574
-0.06,0.574
-0.06,0.574
-0.008,0.574
0.0,0.574
0.0,0.574
0.0,0.48
0.014,0.385
0.054,0.279
0.054,0.18
0.054,0.107
0.085,0.093
0.085,0.069
0.085,0.069
0.085,0.054
0.085,0.054
0.085,0.054
0.085,0.054
0.085,0.054
0.085,0.054
0.085,0.054
0.085,0.054
0.085,0.054
0.085,0.054
0.085,0.054
0.085,0.054
0.085,0.054
0.085,0.054
0.085,0.054
0.085,0.054
0.085,0.054
0.085,0.054
0.085,0.054
0.085,0.054
0.085,0.054
0.085,0.054
0.085,0.054
0.085,0.054
0.085,0.054
0.085,0.054
0.085,0.054
0.085,0.054
0.085,0.054
0.085,0.054
0.085,0.054
0.085,0.054
0.085,0.054
0.085,0.054
0.085,0.054
0.085,0.054
0.085,0.054
0.085,0.054
0.085,0.054
0.085,0.054
0.085,0.054
0.085,0.054
0.085,0.054
0.085,0.054
0.085,0.054
0.085,0.054
0.085,0.054
0.085,0.054
0.085,0.054
0.085,0.054
0.085,0.054
0.085,0.054
0.085,0.054
0.085,0.054
0.085,0.054
0.085,0.054
0.085,0.054
0.085,0.054
0.085,0.054
0.085,0.054
0.085,0.085
0.085,0.085
0.085,0.085
0.085,0.085
0.085,0.085
0.085,0.085
0.085,0.085
0.085,0.085
0.085,0.085
0.085,0.085
0.085,0.085
0.085,0.085
0.085,0.101
0.085,0.101
0.085,0.101
0.085,0.101
0.085,0.101
0.085,0.125
0.085,0.125
0.085,0.156
0.085,0.156
0.085,0.18
0.085,0.18
0.085,0.18
0.085,0.18
0.085,0.196
0.085,0.196
0.085,0.196
0.085,0.196
0.085,0.196
0.085,0.196
0.085,0.196
0.085,0.211
0.085,0.211
0.085,0.211
0.085,0.211
0.085,0.227
0.085,0.227
0.085,0.227
0.085,0.233
0.085,0.227
0.085,0.239
0.085,0.227
0.085,0.267
0.085,0.267
0.085,0.282
0.085,0.3
0.085,0.306
0.085,0.322
0.085,0.338
0.085,0.338
0.085,0.353
0.085,0.393
0.085,0.409
0.085,0.424
0.085,0.46
0.085,0.464
0.085,0.48
0.085,0.497
0.085,0.507
0.085,0.519
0.085,0.551
0.085,0.59
0.0,0.612
0.0,0.638
-0.004,0.661
-0.044,0.677
-0.099,0.677
-0.155,0.701
-0.182,0.701
-0.266,0.716
-0.321,0.716
-0.376,0.716
-0.376,0.716
-0.376,0.716
-0.376,0.716
-0.376,0.716
-0.392,0.63
-0.392,0.586
-0.392,0.492
-0.392,0.472
-0.321,0.417
-0.192,0.353
-0.119,0.31
-0.044,0.282
0.0,0.267
0.0,0.251
0.0,0.227
0.0,0.211
0.0,0.211
0.0,0.196
0.0,0.196
0.0,0.196
0.0,0.196
0.0,0.196
0.0,0.196
0.014,0.196
0.03,0.18
0.054,0.18
0.069,0.18
0.069,0.162
0.069,0.156
0.069,0.152
0.069,0.14
0.069,0.14
0.069,0.14
0.069,0.14
0.069,0.14
0.069,0.14
0.069,0.14
0.069,0.14
0.085,0.14
0.085,0.14
0.085,0.14
0.085,0.14
0.085,0.14
0.085,0.14
0.085,0.14
0.085,0.14
0.085,0.14
0.085,0.14
0.085,0.14
0.085,0.14
0.085,0.14
0.085,0.14
0.085,0.14
0.085,0.14
0.085,0.196
0.085,0.196
0.085,0.227
0.085,0.267
0.085,0.288
0.085,0.314
0.085,0.353
0.085,0.393
0.085,0.424
0.085,0.464
0.085,0.48
0.101,0.48
0.101,0.503
0.101,0.503
0.101,0.503
0.101,0.48
0.101,0.503
0.129,0.503
0.125,0.48
0.125,0.472
0.129,0.448
0.14,0.409
0.14,0.393
0.14,0.377
0.14,0.353
0.125,0.338
0.101,0.322
0.101,0.322
0.107,0.322
0.101,0.322
0.101,0.322
0.101,0.322
0.101,0.322
0.101,0.306
0.101,0.306
0.101,0.306
0.101,0.306
0.113,0.3
0.101,0.282
0.101,0.282
0.101,0.282
0.101,0.282
0.101,0.282
0.101,0.282
0.101,0.282
0.101,0.282
0.101,0.282
0.101,0.227
0.101,0.196
0.101,0.18
0.101,0.18
0.101,0.18
0.113,0.18
0.101,0.18
0.101,0.18
0.101,0.18
0.101,0.18
0.101,0.18
0.101,0.18
0.101,0.18
0.101,0.18
0.101,0.18
0.101,0.18
0.101,0.18
0.101,0.18
0.101,0.211
0.101,0.227
0.101,0.267
0.101,0.288
0.101,0.31
0.101,0.35
0.101,0.353
0.101,0.353
0.101,0.353
0.101,0.353
0.101,0.353
0.101,0.353
0.101,0.353
0.101,0.306
0.101,0.267
0.101,0.227
0.101,0.196
0.101,0.196
0.101,0.196
0.101,0.18
0.101,0.18
0.101,0.18
0.101,0.18
0.101,0.18
0.107,0.18
0.101,0.18
0.101,0.18
0.101,0.18
0.101,0.18
0.101,0.18
0.101,0.18
0.101,0.18
0.101,0.18
0.101,0.18
0.101,0.18
0.101,0.18
0.101,0.18
0.101,0.18
0.101,0.18
0.101,0.18
0.101,0.18
0.101,0.156
0.101,0.156
0.101,0.156
0.101,0.156
0.101,0.156
0.101,0.168
0.101,0.156
0.101,0.156
0.101,0.156
0.101,0.162
0.101,0.156
0.101,0.156
0.101,0.156
0.101,0.156
0.101,0.168
0.101,0.156
0.101,0.156
0.101,0.156
0.101,0.156
0.101,0.156
0.101,0.156
0.101,0.156
0.101,0.156
0.101,0.156
0.101,0.156
0.107,0.156
0.101,0.168
0.101,0.156
0.101,0.156
0.101,0.156
0.101,0.156
0.101,0.156
0.101,0.156
0.101,0.156
0.101,0.156
0.101,0.156
0.101,0.156
0.101,0.156
0.101,0.156
0.101,0.156
0.107,0.156
0.101,0.156
0.101,0.156
0.101,0.156
0.101,0.156
0.101,0.162
0.101,0.156
0.107,0.156
0.101,0.156
0.101,0.156
0.101,0.156
0.101,0.156
0.101,0.156
0.101,0.156
0.101,0.156
0.101,0.156
0.101,0.156
0.101,0.156
0.101,0.156
0.101,0.156
0.101,0.162
0.101,0.156
0.113,0.156
0.101,0.156
0.101,0.156
0.101,0.156
0.101,0.156
0.101,0.156
0.101,0.156
0.101,0.156
0.101,0.156
0.101,0.156
0.101,0.156
0.101,0.156
0.101,0.156
0.101,0.168
0.101,0.156
0.101,0.156
0.101,0.156
0.101,0.156
0.101,0.156
0.101,0.156
0.101,0.156
0.101,0.156
0.101,0.162
0.101,0.156
0.101,0.156
0.101,0.156
0.101,0.156
0.101,0.156
0.101,0.168
0.101,0.156
0.101,0.156
0.101,0.156
0.101,0.156
0.101,0.156
0.101,0.156
0.101,0.156
0.101,0.156
0.107,0.156
0.101,0.156
0.101,0.156
0.101,0.156
0.101,0.156
0.101,0.156
0.101,0.156
0.101,0.156
0.101,0.156
0.101,0.156
0.101,0.156
0.101,0.156
0.101,0.156
0.101,0.156
0.101,0.156
0.107,0.156
0.101,0.156
0.101,0.156
0.101,0.156
0.101,0.156
0.101,0.156
0.101,0.156
0.101,0.156
0.101,0.156
0.101,0.156
0.101,0.156
0.101,0.156
0.101,0.156
0.101,0.156
0.101,0.156
0.113,0.156
0.101,0.156
0.101,0.156
0.101,0.156
0.101,0.156
0.101,0.156
0.101,0.168
0.101,0.156
0.101,0.156
0.101,0.156
0.101,0.156
0.101,0.156
0.101,0.156
0.101,0.156
0.101,0.156
0.113,0.156
0.101,0.156
0.101,0.156
0.101,0.168
0.101,0.156
0.101,0.156
0.101,0.168
0.101,0.156
0.101,0.156
0.101,0.156
0.101,0.156
0.101,0.156
0.101,0.156
0.101,0.156
0.101,0.156
0.101,0.156
0.101,0.156
0.101,0.156
0.101,0.156
0.101,0.156
0.101,0.156
0.101,0.156
0.107,0.156
0.101,0.156
0.101,0.156
0.101,0.156
0.101,0.156
0.101,0.168
0.101,0.156
0.101,0.156
0.101,0.156
0.101,0.156
0.101,0.156
0.101,0.156
0.101,0.156
0.101,0.156
0.101,0.156
0.107,0.156
0.101,0.156
0.101,0.156
0.101,0.156
0.101,0.156
0.101,0.156
0.101,0.156
0.101,0.156
0.101,0.156
0.101,0.156
0.101,0.156
0.101,0.156
0.101,0.156
0.101,0.156
0.101,0.156
0.107,0.156
0.101,0.156
0.101,0.156
0.101,0.156
0.101,0.156
0.101,0.156
0.101,0.156
0.101,0.156
0.101,0.156
0.101,0.18
0.101,0.211
0.101,0.211
0.101,0.211
0.101,0.227
0.101,0.271
0.113,0.282
0.058,0.338
0.022,0.353
0.0,0.377
0.0,0.393
0.0,0.393
-0.004,0.409
-0.044,0.424
-0.093,0.424
-0.123,0.424
-0.155,0.448
-0.171,0.464
-0.171,0.48
-0.186,0.507
-0.186,0.535
-0.186,0.563
-0.186,0.59
-0.186,0.606
-0.186,0.606
-0.186,0.606
-0.186,0.606
-0.186,0.618
-0.186,0.606
-0.186,0.606
-0.186,0.606
-0.186,0.606
-0.186,0.606
-0.186,0.582
-0.186,0.503
-0.186,0.464
-0.186,0.409
-0.186,0.377
-0.186,0.338
-0.186,0.338
-0.21,0.322
-0.226,0.322
-0.25,0.322
-0.281,0.322
-0.281,0.322
-0.305,0.322
-0.305,0.322
-0.299,0.322
-0.305,0.322
-0.305,0.322
-0.305,0.322
-0.305,0.322
-0.305,0.322
-0.305,0.322
-0.305,0.353
-0.305,0.353
-0.305,0.377
-0.305,0.377
-0.305,0.377
-0.305,0.377
-0.305,0.393
-0.305,0.393
-0.305,0.397
-0.305,0.409
-0.305,0.424
-0.305,0.448
-0.305,0.48
-0.305,0.503
-0.305,0.519
-0.305,0.519
-0.273,0.519
-0.182,0.535
-0.123,0.535
-0.048,0.535
0.0,0.535
0.0,0.535
0.0,0.535
0.0,0.535
0.0,0.535
0.014,0.535
0.03,0.535
0.03,0.503
0.054,0.476
0.054,0.464
0.054,0.448
0.069,0.421
0.069,0.409
0.069,0.393
0.069,0.393
0.069,0.393
0.069,0.393
0.069,0.393
0.069,0.393
0.069,0.393
0.069,0.393
0.069,0.393
0.069,0.393
0.069,0.393
0.069,0.393
0.069,0.393
0.069,0.393
0.069,0.393
0.069,0.393
0.069,0.393
0.069,0.393
0.069,0.393
0.069,0.393
0.069,0.393
0.069,0.424
0.069,0.456
0.085,0.464
0.097,0.464
0.101,0.464
0.101,0.464
0.101,0.464
0.101,0.48
0.101,0.48
0.148,0.48
0.18,0.448
0.196,0.409
0.2,0.377
0.211,0.338
0.211,0.306
0.211,0.306
0.211,0.3
0.211,0.282
0.211,0.282
0.156,0.282
0.125,0.282
0.101,0.282
0.101,0.282
0.085,0.282
0.069,0.282
0.069,0.31
0.069,0.353
0.054,0.353
0.054,0.377
0.054,0.393
0.054,0.393
0.054,0.409
0.054,0.409
0.054,0.424
0.054,0.424
0.054,0.424
0.054,0.424
0.054,0.424
0.054,0.424
0.054,0.424
0.054,0.424
0.054,0.424
0.054,0.424
0.054,0.424
0.054,0.424
0.054,0.424
0.054,0.424
0.054,0.424
0.054,0.424
0.054,0.424
0.054,0.424
0.054,0.424
0.054,0.424
0.054,0.424
0.054,0.424
0.054,0.424
0.054,0.424
0.054,0.424
0.054,0.424
0.054,0.424
0.054,0.424
0.054,0.424
0.054,0.424
0.054,0.424
0.054,0.424
0.054,0.424
0.054,0.424
0.054,0.424
0.054,0.424
0.054,0.424
0.054,0.424
0.054,0.424
0.054,0.424
0.054,0.424
0.054,0.424
0.054,0.424
0.054,0.393
0.054,0.377
0.054,0.365
0.054,0.33
0.054,0.314
0.054,0.282
0.054,0.267
0.054,0.267
0.054,0.255
0.054,0.251
0.054,0.227
0.054,0.227
0.054,0.227
0.054,0.211
0.054,0.207
0.054,0.196
0.054,0.196
0.054,0.196
0.054,0.196
0.054,0.184
0.054,0.18
0.054,0.18
0.054,0.18
0.054,0.18
0.054,0.18
0.054,0.18
0.054,0.18
0.054,0.18
0.054,0.18
0.054,0.18
0.054,0.18
0.054,0.18
0.054,0.18
0.054,0.18
0.054,0.18
0.054,0.18
0.054,0.18
0.054,0.18
0.054,0.18
0.054,0.162
0.054,0.156
0.054,0.156
0.054,0.156
0.054,0.156
0.054,0.156
0.054,0.156
0.054,0.156
0.054,0.156
0.054,0.168
0.054,0.156
0.054,0.156
0.054,0.156
0.054,0.156
0.054,0.196
0.054,0.211
0.054,0.211
0.054,0.211
0.054,0.211
0.054,0.211
0.054,0.211
0.085,0.211
0.101,0.227
0.101,0.227
0.101,0.227
0.101,0.227
0.101,0.211
0.101,0.18
0.101,0.18
0.101,0.18
0.101,0.18
0.101,0.18
0.101,0.18
0.113,0.156
0.101,0.156
0.101,0.156
0.101,0.156
0.101,0.156
0.101,0.162
0.101,0.156
0.101,0.156
0.085,0.156
0.085,0.156
0.085,0.156
0.069,0.156
0.069,0.156
0.069,0.156
0.069,0.156
0.069,0.156
0.069,0.156
0.069,0.156
0.069,0.156
0.069,0.156
0.069,0.156
0.069,0.156
0.069,0.156
0.069,0.156
0.069,0.156
0.069,0.156
0.069,0.156
0.069,0.156
0.069,0.162
0.069,0.125
0.069,0.101
0.069,0.085
0.069,0.069
0.069,0.069
0.069,0.069
0.069,0.069
0.069,0.069
0.069,0.069
0.069,0.069
0.069,0.069
0.069,0.069
0.069,0.069
0.069,0.069
0.069,0.069
0.069,0.069
0.069,0.101
0.069,0.14
0.069,0.148
0.069,0.162
0.069,0.184
0.069,0.211
0.069,0.211
0.069,0.211
0.069,0.211
0.069,0.227
0.069,0.267
0.069,0.267
0.069,0.282
0.069,0.282
0.069,0.282
0.069,0.282
0.069,0.282
0.069,0.282
0.069,0.282
0.069,0.282
0.069,0.282
0.069,0.282
0.069,0.282
0.069,0.282
0.069,0.288
0.069,0.282
0.069,0.282
0.069,0.282
0.069,0.282
0.069,0.282
0.069,0.282
0.069,0.282
0.069,0.282
0.069,0.282
0.069,0.282
0.069,0.282
0.069,0.282
0.069,0.282
0.069,0.282
0.069,0.282
0.069,0.282
0.069,0.282
0.069,0.282
0.069,0.282
0.069,0.282
0.069,0.282
0.069,0.282
0.069,0.282
0.069,0.282
0.069,0.282
0.069,0.282
0.069,0.282
0.069,0.282
0.069,0.282
0.069,0.322
0.069,0.322
0.069,0.338
0.069,0.353
0.069,0.353
0.069,0.353
0.069,0.353
0.069,0.353
0.069,0.353
0.069,0.353
0.069,0.353
0.069,0.353
0.069,0.353
0.069,0.353
0.069,0.353
0.069,0.353
0.069,0.353
0.069,0.353
0.069,0.353
0.069,0.353
0.069,0.353
0.069,0.353
0.069,0.353
0.069,0.353
0.069,0.353
0.069,0.353
0.069,0.353
0.069,0.353
0.069,0.353
0.069,0.353
0.069,0.353
0.069,0.353
0.069,0.306
0.069,0.306
0.069,0.306
0.069,0.306
0.069,0.306
0.069,0.306
0.069,0.306
0.069,0.306
0.069,0.306
0.069,0.306
0.069,0.306
0.069,0.306
0.069,0.306
0.069,0.306
0.069,0.306
0.069,0.306
0.069,0.306
0.069,0.306
0.069,0.306
0.069,0.306
0.069,0.306
0.069,0.306
0.069,0.306
0.069,0.306
0.069,0.306
0.069,0.306
0.069,0.306
0.069,0.306
0.069,0.306
0.069,0.306
0.069,0.306
0.069,0.306
0.069,0.306
0.069,0.306
0.069,0.306
0.069,0.306
0.069,0.306
0.069,0.306
0.069,0.306
0.069,0.306
0.069,0.306
0.069,0.306
0.069,0.306
0.069,0.306
0.069,0.306
0.069,0.306
0.069,0.306
0.069,0.306
0.069,0.306
0.069,0.306
0.069,0.306
0.069,0.306
0.069,0.306
0.069,0.306
0.069,0.306
0.069,0.306
0.069,0.306
0.069,0.282
0.069,0.282
0.069,0.282
0.069,0.282
0.101,0.282
0.101,0.282
0.101,0.294
0.101,0.282
0.101,0.282
0.125,0.282
0.125,0.282
0.14,0.282
0.14,0.282
0.14,0.279
0.14,0.267
0.14,0.267
0.14,0.267
0.14,0.267
0.14,0.267
0.14,0.267
0.14,0.267
0.14,0.267
0.14,0.267
0.14,0.259
0.14,0.251
0.14,0.227
0.14,0.211
0.14,0.211
0.14,0.196
0.14,0.196
0.14,0.196
0.14,0.196
0.14,0.196
0.14,0.196
0.14,0.196
0.14,0.196
0.14,0.196
0.14,0.196
0.14,0.18
0.14,0.18
0.14,0.18
0.14,0.18
0.14,0.18
0.14,0.18
0.14,0.18
0.14,0.18
0.14,0.18
0.14,0.18
0.14,0.18
0.14,0.18
0.14,0.18
0.14,0.18
0.14,0.18
0.14,0.18
0.14,0.18
0.14,0.18
0.14,0.18
0.14,0.18
0.14,0.18
0.14,0.18
0.14,0.18
0.14,0.18
0.14,0.18
0.14,0.18
0.14,0.18
0.14,0.18
0.14,0.18
0.14,0.18
0.14,0.18
0.14,0.18
0.14,0.18
0.14,0.18
0.14,0.18
0.14,0.18
0.14,0.18
0.14,0.18
0.14,0.18
0.14,0.18
0.14,0.18
0.14,0.211
0.14,0.211
0.14,0.211
0.14,0.211
0.14,0.211
0.14,0.227
0.14,0.227
0.14,0.251
0.14,0.255
0.14,0.267
0.14,0.282
0.14,0.282
0.14,0.282
0.14,0.282
0.14,0.282
0.14,0.282
0.14,0.294
0.14,0.282
0.14,0.282
0.14,0.282
0.14,0.282
0.14,0.288
0.14,0.282
0.14,0.282
0.14,0.282
0.14,0.282
0.14,0.282
0.14,0.282
0.14,0.282
0.14,0.282
0.14,0.282
0.14,0.282
0.14,0.282
0.14,0.282
0.14,0.282
0.14,0.282
0.14,0.282
0.14,0.282
0.14,0.282
0.14,0.282
0.14,0.282
0.156,0.282
0.156,0.282
0.156,0.282
0.156,0.282
0.156,0.282
0.156,0.282
0.156,0.282
0.156,0.282
0.156,0.282
0.156,0.282
0.156,0.282
0.156,0.282
0.156,0.267
0.156,0.251
0.156,0.251
0.156,0.251
0.156,0.251
0.156,0.251
0.156,0.251
0.156,0.251
0.156,0.251
0.156,0.251
0.156,0.251
0.156,0.251
0.156,0.251
0.156,0.251
0.156,0.251
0.156,0.251
0.156,0.251
0.156,0.251
0.156,0.251
0.156,0.251
0.156,0.251
0.156,0.251
0.156,0.251
0.156,0.251
0.156,0.251
0.156,0.251
0.156,0.251
0.156,0.251
0.156,0.251
0.156,0.251
0.156,0.251
0.156,0.251
0.156,0.251
0.156,0.251
0.156,0.251
0.156,0.251
0.156,0.251
0.156,0.251
0.156,0.251
0.156,0.251
0.156,0.251
0.156,0.251
0.156,0.251
0.156,0.251
0.156,0.251
0.156,0.306
0.156,0.322
0.156,0.338
0.156,0.338
0.156,0.353
0.156,0.353
0.156,0.353
0.156,0.377
0.156,0.393
0.156,0.393
0.156,0.393
0.156,0.409
0.156,0.409
0.156,0.413
0.156,0.424
0.156,0.424
0.156,0.424
0.156,0.424
0.156,0.424
0.156,0.424
0.156,0.424
0.156,0.424
0.156,0.424
0.156,0.424
0.156,0.424
0.156,0.424
0.156,0.424
0.156,0.424
0.156,0.424
0.156,0.424
0.156,0.424
0.156,0.424
0.156,0.424
0.156,0.424
0.156,0.424
0.156,0.424
0.156,0.424
0.156,0.424
0.156,0.424
0.156,0.424
0.156,0.424
0.156,0.424
0.156,0.424
0.156,0.424
0.156,0.424
0.156,0.424
0.156,0.424
0.156,0.424
0.156,0.424
0.156,0.424
0.156,0.424
0.156,0.424
0.156,0.424
0.156,0.424
0.148,0.424
0.125,0.424
0.125,0.424
0.125,0.424
0.125,0.424
0.125,0.424
0.125,0.424
0.125,0.424
0.125,0.424
0.125,0.424
0.125,0.424
0.125,0.424
0.125,0.424
0.125,0.424
0.125,0.424
0.125,0.424
0.125,0.424
0.125,0.424
0.125,0.424
0.125,0.424
0.125,0.424
0.125,0.424
0.125,0.424
0.125,0.424
0.125,0.424
0.125,0.424
0.125,0.424
0.125,0.424
0.125,0.424
0.125,0.424
0.125,0.424
0.125,0.424
0.125,0.424
0.125,0.424
0.125,0.424
0.125,0.424
0.125,0.424
0.125,0.424
0.125,0.424
0.125,0.424
0.125,0.424
0.125,0.424
0.125,0.424
0.125,0.424
0.125,0.424
0.125,0.424
0.125,0.424
0.125,0.424
0.125,0.424
0.125,0.424
0.125,0.424
0.125,0.424
0.125,0.424
0.125,0.424
0.125,0.424
0.125,0.424
0.125,0.424
0.125,0.424
0.125,0.424
0.125,0.424
0.125,0.424
0.125,0.385
0.125,0.33
0.125,0.282
0.125,0.267
0.125,0.251
0.125,0.251
0.125,0.251
0.125,0.251
0.125,0.251
0.125,0.251
0.125,0.251
0.125,0.251
0.125,0.251
0.125,0.251
0.125,0.251
0.125,0.251
0.125,0.251
0.125,0.251
0.125,0.251
0.125,0.251
0.125,0.251
0.125,0.251
0.125,0.251
0.125,0.251
0.125,0.251
0.125,0.251
0.125,0.251
0.125,0.251
0.125,0.251
0.125,0.251
0.125,0.251
0.125,0.251
0.125,0.251
0.125,0.251
0.125,0.251
0.125,0.251
0.125,0.251
0.125,0.251
0.125,0.251
0.125,0.251
0.125,0.251
0.125,0.251
0.125,0.251
0.125,0.251
0.125,0.251
0.125,0.251
0.125,0.251
0.125,0.251
0.125,0.251
0.125,0.251
0.125,0.251
0.125,0.251
0.125,0.251
0.125,0.251
0.125,0.251
0.125,0.251
0.125,0.251
0.125,0.251
0.125,0.251
0.125,0.251
0.125,0.251
0.125,0.251
0.125,0.251
0.125,0.251
0.125,0.251
0.125,0.251
0.125,0.251
0.125,0.227
0.125,0.227
0.125,0.227
0.125,0.227
0.125,0.227
0.125,0.227
0.125,0.227
0.125,0.239
0.125,0.227
0.125,0.227
0.125,0.227
0.125,0.227
0.125,0.227
0.125,0.251
0.125,0.282
0.125,0.282
0.125,0.282
0.125,0.282
0.125,0.282
0.125,0.282
0.125,0.282
0.125,0.282
0.125,0.282
0.125,0.282
0.125,0.282
0.125,0.259
0.125,0.227
0.125,0.211
0.125,0.211
0.125,0.211
0.125,0.211
0.125,0.211
0.125,0.211
0.125,0.211
0.125,0.211
0.125,0.211
0.125,0.196
0.125,0.196
0.125,0.196
0.125,0.196
0.125,0.196
0.125,0.196
0.125,0.196
0.125,0.196
0.125,0.196
0.125,0.196
0.125,0.196
0.125,0.196
0.125,0.196
0.125,0.196
0.125,0.196
0.125,0.196
0.125,0.196
0.125,0.196
0.125,0.196
0.125,0.196
0.125,0.196
0.125,0.196
0.125,0.196
0.125,0.196
0.125,0.196
0.125,0.196
0.125,0.196
0.125,0.196
0.125,0.196
0.125,0.196
0.125,0.196
0.125,0.196
0.125,0.196
0.125,0.196
0.125,0.196
0.125,0.196
0.125,0.196
0.125,0.196
0.125,0.196
0.125,0.196
0.125,0.196
0.125,0.18
0.125,0.18
0.125,0.18
0.125,0.18
0.125,0.18
0.125,0.18
0.125,0.18
0.125,0.18
0.125,0.18
0.125,0.18
0.125,0.18
0.125,0.18
0.125,0.18
0.125,0.18
0.125,0.18
0.125,0.18
0.125,0.18
0.125,0.18
0.125,0.18
0.125,0.18
0.125,0.18
0.125,0.18
0.125,0.18
0.125,0.18
0.125,0.18
0.125,0.18
0.125,0.18
0.125,0.18
0.125,0.211
0.125,0.227
0.125,0.227
0.125,0.239
0.125,0.227
0.125,0.227
0.125,0.227
0.125,0.239
0.125,0.227
0.125,0.227
0.125,0.227
0.125,0.227
0.125,0.227
0.125,0.227
0.125,0.227
0.125,0.227
0.125,0.196
0.125,0.18
0.125,0.18
0.125,0.18
0.125,0.18
0.125,0.156
0.125,0.14
0.125,0.125
0.085,0.101
0.069,0.107
0.069,0.097
0.069,0.085
0.054,0.069
0.054,0.069
0.042,0.069
0.054,0.069
0.036,0.069
0.054,0.069
0.03,0.069
0.054,0.069
0.054,0.069
0.054,0.069
0.054,0.069
0.054,0.069
0.054,0.069
0.054,0.069
0.054,0.069
0.054,0.069
0.054,0.069
0.054,0.069
0.054,0.069
0.054,0.069
0.054,0.069
0.054,0.069
0.048,0.069
0.054,0.069
0.054,0.069
0.054,0.069
0.054,0.069
0.054,0.069
0.085,0.069
0.085,0.077
0.101,0.125
0.125,0.156
0.14,0.18
0.156,0.196
0.156,0.211
0.156,0.211
0.156,0.227
0.156,0.227
0.156,0.227
0.156,0.227
0.156,0.227
0.156,0.227
0.156,0.227
0.156,0.227
0.156,0.239
0.085,0.227
0.0,0.227
-0.044,0.227
-0.119,0.227
-0.155,0.227
-0.163,0.227
-0.171,0.227
-0.171,0.227
-0.171,0.227
-0.171,0.227
-0.171,0.227
-0.171,0.227
-0.171,0.227
-0.115,0.227
-0.099,0.215
-0.099,0.211
-0.099,0.196
-0.099,0.196
-0.099,0.184
-0.099,0.18
-0.131,0.18
-0.131,0.18
-0.131,0.18
-0.131,0.18
-0.131,0.18
-0.131,0.18
-0.131,0.18
-0.131,0.18
-0.131,0.18
-0.107,0.18
-0.06,0.18
-0.032,0.18
-0.02,0.18
-0.02,0.18
-0.004,0.18
0.0,0.18
0.0,0.18
0.0,0.18
0.0,0.18
0.0,0.18
0.0,0.18
0.0,0.18
0.0,0.18
0.0,0.18
0.0,0.18
0.0,0.18
0.0,0.18
0.0,0.18
0.0,0.18
0.0,0.18
0.0,0.18
0.0,0.18
0.0,0.18
0.0,0.18
0.0,0.18
0.0,0.18
0.0,0.18
0.0,0.18
0.0,0.18
0.0,0.18
0.0,0.18
0.0,0.18
0.0,0.18
0.0,0.18
0.0,0.18
0.0,0.18
0.0,0.18
0.0,0.18
0.0,0.18
0.0,0.18
0.0,0.18
0.0,0.18
0.0,0.18
0.0,0.18
0.0,0.18
0.0,0.18
0.0,0.18
0.0,0.18
-0.02,0.18
-0.02,0.18
-0.02,0.18
-0.02,0.18
-0.02,0.18
-0.02,0.18
-0.02,0.18
-0.02,0.18
-0.02,0.18
-0.02,0.18
-0.02,0.18
-0.02,0.18
-0.02,0.18
-0.02,0.18
-0.02,0.18
-0.02,0.18
-0.02,0.18
-0.02,0.18
-0.02,0.18
-0.02,0.18
-0.02,0.18
-0.02,0.18
-0.02,0.18
-0.02,0.18
-0.02,0.18
-0.02,0.18
-0.02,0.18
-0.02,0.18
-0.02,0.18
-0.02,0.18
-0.02,0.18
-0.02,0.18
-0.02,0.18
-0.02,0.18
-0.02,0.18
-0.02,0.18
-0.02,0.18
-0.02,0.18
-0.02,0.18
-0.02,0.18
-0.02,0.18
-0.02,0.18
-0.02,0.18
-0.02,0.18
-0.02,0.18
-0.02,0.18
-0.02,0.18
-0.02,0.18
-0.02,0.18
-0.02,0.18
-0.044,0.18
-0.06,0.18
-0.06,0.18
-0.06,0.18
-0.06,0.18
-0.06,0.18
-0.06,0.18
-0.06,0.18
-0.06,0.18
-0.06,0.18
-0.06,0.18
-0.06,0.18
-0.06,0.18
-0.06,0.18
-0.06,0.18
-0.06,0.18
-0.06,0.18
-0.06,0.18
-0.06,0.18
-0.06,0.18
-0.06,0.18
-0.06,0.18
-0.06,0.18
-0.06,0.18
-0.06,0.168
-0.06,0.156
-0.06,0.156
-0.076,0.156
-0.099,0.156
-0.115,0.156
-0.131,0.156
-0.155,0.156
-0.155,0.156
-0.171,0.156
-0.186,0.156
-0.186,0.156
-0.186,0.156
-0.186,0.18
-0.186,0.196
-0.186,0.196
-0.186,0.196
-0.186,0.196
-0.186,0.196
-0.186,0.196
-0.186,0.196
-0.21,0.211
-0.21,0.267
-0.21,0.282
-0.21,0.282
-0.21,0.282
-0.21,0.282
-0.21,0.282
-0.21,0.282
-0.21,0.282
-0.21,0.282
-0.21,0.282
-0.21,0.282
-0.226,0.282
-0.226,0.251
-0.25,0.245
-0.262,0.215
-0.281,0.196
-0.321,0.196
-0.337,0.196
-0.355,0.196
-0.355,0.196
-0.337,0.196
-0.337,0.18
-0.337,0.18
-0.337,0.18
-0.337,0.18
-0.337,0.18
-0.337,0.18
-0.337,0.18
-0.337,0.18
-0.337,0.18
-0.337,0.18
-0.337,0.18
-0.337,0.18
-0.337,0.18
-0.337,0.18
-0.337,0.18
-0.337,0.18
-0.337,0.18
-0.337,0.18
-0.337,0.18
-0.337,0.18
-0.337,0.18
-0.337,0.18
-0.337,0.18
-0.337,0.18
-0.337,0.18
-0.337,0.18
-0.337,0.18
-0.337,0.18
-0.337,0.18
-0.337,0.18
-0.337,0.18
-0.337,0.18
-0.337,0.18
-0.337,0.18
-0.337,0.18
-0.337,0.18
-0.337,0.18
-0.337,0.18
-0.337,0.18
-0.337,0.18
-0.337,0.18
-0.337,0.18
-0.337,0.18
-0.337,0.18
-0.337,0.18
-0.337,0.18
-0.337,0.18
-0.337,0.18
-0.337,0.18
-0.337,0.18
-0.337,0.18
-0.337,0.18
-0.337,0.18
-0.337,0.18
-0.337,0.18
-0.337,0.18
-0.337,0.18
-0.337,0.18
-0.337,0.18
-0.337,0.18
-0.337,0.18
-0.337,0.18
-0.337,0.18
-0.337,0.18
-0.337,0.18
-0.337,0.18
-0.337,0.18
-0.337,0.18
-0.337,0.18
-0.337,0.18
-0.337,0.18
-0.337,0.18
-0.337,0.18
-0.337,0.18
-0.337,0.18
-0.337,0.18
-0.337,0.18
-0.337,0.18
-0.337,0.18
-0.337,0.18
-0.337,0.18
-0.337,0.18
-0.376,0.18
-0.376,0.18
-0.376,0.18
-0.376,0.18
-0.376,0.18
-0.384,0.219
-0.392,0.227
-0.392,0.267
-0.392,0.282
-0.392,0.282
-0.392,0.288
-0.392,0.282
-0.392,0.282
-0.392,0.282
-0.392,0.282
-0.392,0.282
-0.392,0.282
-0.392,0.282
-0.392,0.294
-0.384,0.282
-0.355,0.282
-0.337,0.282
-0.333,0.282
-0.321,0.282
-0.321,0.282
-0.321,0.251
-0.321,0.227
-0.305,0.207
-0.305,0.196
-0.281,0.196
-0.293,0.18
-0.305,0.18
-0.305,0.18
-0.299,0.156
-0.305,0.129
-0.305,0.107
-0.305,0.101
-0.305,0.101
-0.305,0.101
-0.305,0.101
-0.287,0.101
-0.281,0.101
-0.266,0.101
-0.266,0.101
-0.25,0.101
-0.25,0.101
-0.25,0.101
-0.25,0.101
-0.25,0.101
-0.25,0.101
-0.25,0.101
-0.25,0.101
-0.25,0.14
-0.266,0.156
-0.266,0.162
-0.266,0.18
-0.266,0.18
-0.266,0.196
-0.281,0.196
-0.281,0.215
-0.321,0.227
-0.325,0.227
-0.376,0.251
-0.376,0.259
-0.376,0.267
-0.376,0.267
-0.376,0.282
-0.376,0.282
-0.376,0.306
-0.376,0.306
-0.376,0.322
-0.376,0.338
-0.376,0.338
-0.376,0.338
-0.376,0.338
-0.376,0.353
-0.376,0.353
-0.376,0.353
-0.376,0.353
-0.376,0.353
-0.376,0.353
-0.376,0.353
-0.376,0.353
-0.376,0.353
-0.337,0.353
-0.337,0.353
-0.337,0.353
-0.337,0.353
-0.321,0.353
-0.321,0.353
-0.321,0.353
-0.321,0.353
-0.321,0.353
-0.321,0.353
-0.321,0.353
-0.321,0.353
-0.321,0.33
-0.321,0.322
-0.321,0.306
-0.321,0.306
-0.321,0.282
-0.321,0.294
-0.321,0.282
-0.321,0.294
-0.321,0.282
-0.321,0.282
-0.321,0.271
-0.321,0.267
-0.321,0.267
-0.321,0.267
-0.305,0.267
-0.305,0.251
-0.305,0.245
-0.305,0.227
-0.305,0.227
-0.305,0.227
-0.305,0.227
-0.305,0.227
-0.305,0.211
-0.299,0.211
-0.305,0.211
-0.305,0.239
-0.305,0.227
-0.305,0.227
-0.305,0.227
-0.305,0.227
-0.305,0.227
-0.305,0.227
-0.281,0.227
-0.281,0.227
-0.281,0.227
-0.281,0.227
-0.281,0.227
-0.266,0.227
-0.266,0.227
-0.266,0.227
-0.266,0.227
-0.266,0.196
-0.25,0.196
-0.25,0.196
-0.25,0.196
-0.25,0.196
-0.25,0.196
-0.25,0.196
-0.25,0.196
-0.25,0.196
-0.25,0.196
-0.25,0.196
-0.25,0.196
-0.25,0.196
-0.25,0.196
-0.25,0.196
-0.25,0.196
-0.25,0.196
-0.25,0.196
-0.25,0.196
-0.25,0.196
-0.25,0.196
-0.25,0.196
-0.25,0.196
-0.25,0.196
-0.25,0.196
-0.25,0.196
-0.25,0.196
-0.25,0.196
-0.25,0.196
-0.25,0.196
-0.25,0.196
-0.25,0.196
-0.25,0.196
-0.25,0.196
-0.25,0.196
-0.25,0.196
-0.25,0.196
-0.25,0.196
-0.25,0.196
-0.25,0.196
-0.25,0.196
-0.25,0.196
-0.25,0.196
-0.25,0.196
-0.25,0.196
-0.25,0.196
-0.25,0.196
-0.25,0.196
-0.25,0.196
-0.25,0.196
-0.25,0.196
-0.25,0.196
-0.25,0.196
-0.25,0.196
-0.25,0.196
-0.25,0.196
-0.25,0.196
-0.25,0.196
-0.25,0.196
-0.25,0.196
-0.25,0.196
-0.25,0.196
-0.25,0.196
-0.25,0.196
-0.25,0.196
-0.25,0.196
-0.25,0.196
-0.25,0.196
-0.25,0.196
-0.25,0.196
-0.25,0.245
-0.25,0.267
-0.25,0.267
-0.25,0.282
-0.25,0.282
-0.25,0.306
-0.25,0.306
-0.25,0.306
-0.25,0.306
-0.25,0.306
-0.25,0.306
-0.25,0.306
-0.25,0.306
-0.25,0.306
-0.25,0.306
-0.198,0.255
-0.171,0.207
-0.163,0.196
-0.143,0.18
-0.131,0.18
-0.131,0.18
-0.131,0.18
-0.115,0.18
-0.099,0.18
-0.099,0.18
-0.099,0.18
-0.076,0.156
-0.076,0.156
-0.044,0.156
-0.044,0.156
-0.044,0.156
-0.026,0.192
-0.02,0.267
0.0,0.306
0.0,0.338
0.0,0.353
0.0,0.365
0.0,0.377
0.0,0.377
0.0,0.377
0.0,0.377
0.0,0.377
0.0,0.377
0.0,0.377
0.0,0.377
0.0,0.397
0.0,0.409
0.0,0.424
0.018,0.424
0.03,0.424
0.054,0.424
0.054,0.424
0.069,0.424
0.069,0.424
0.069,0.353
0.069,0.322
0.069,0.211
0.069,0.18
0.069,0.162
0.069,0.156
0.069,0.14
0.069,0.133
0.069,0.113
0.069,0.101
0.069,0.113
0.069,0.101
0.069,0.101
0.069,0.085
0.069,0.085
0.069,0.085
0.069,0.085
0.069,0.085
0.069,0.085
0.069,0.085
0.069,0.085
0.069,0.085
0.069,0.085
0.069,0.085
0.069,0.085
0.069,0.085
0.069,0.085
0.069,0.085
0.069,0.101
0.069,0.101
0.069,0.101
0.069,0.101
0.069,0.101
0.069,0.101
0.069,0.101
0.069,0.101
0.069,0.101
0.069,0.101
0.069,0.101
0.069,0.101
0.069,0.101
0.069,0.101
0.069,0.101
0.069,0.101
0.069,0.101
0.069,0.101
0.069,0.101
0.069,0.101
0.069,0.101
0.069,0.101
0.069,0.101
0.069,0.101
0.069,0.101
0.069,0.101
0.069,0.101
0.069,0.101
0.069,0.101
0.069,0.085
0.069,0.069
0.069,0.069
0.069,0.069
0.069,0.069
0.069,0.069
0.069,0.069
0.069,0.069
0.069,0.069
0.069,0.069
0.069,0.069
0.069,0.069
0.069,0.069
0.069,0.069
0.069,0.069
0.069,0.069
0.069,0.069
0.069,0.069
0.069,0.069
0.069,0.069
0.069,0.069
0.069,0.069
0.069,0.069
0.069,0.069
0.069,0.069
0.069,0.069
0.069,0.069
0.069,0.069
0.069,0.069
0.069,0.069
0.069,0.069
0.069,0.069
0.069,0.069
0.069,0.054
0.069,0.054
0.069,0.054
0.069,0.054
0.069,0.054
0.069,0.054
0.069,0.054
0.069,0.054
0.069,0.054
0.069,0.054
0.069,0.054
0.069,0.054
0.069,0.054
0.069,0.054
0.069,0.054
0.069,0.054
0.069,0.054
0.069,0.054
0.069,0.054
0.069,0.054
0.069,0.054
0.069,0.054
0.069,0.054
0.069,0.054
0.069,0.054
0.069,0.054
0.069,0.054
0.069,0.054
0.069,0.054
0.069,0.054
0.069,0.054
0.069,0.054
0.069,0.054
0.069,0.054
0.069,0.03
0.069,0.014
0.069,0.0
0.069,0.0
0.069,0.0
0.069,0.0
0.069,0.0
0.069,0.0
0.069,0.0
0.069,0.0
0.069,0.0
0.069,0.0
0.069,0.0
0.069,0.0
0.069,0.0
0.069,0.0
0.069,0.0
0.069,0.0
0.069,0.0
0.069,0.0
0.069,0.0
0.069,0.0
0.069,0.0
0.069,0.0
0.069,0.0
0.069,0.0
0.069,0.0
0.069,0.0
0.069,0.0
0.069,0.0
0.069,0.0
0.069,0.0
0.069,0.0
0.069,0.0
0.069,0.0
0.069,0.0
0.069,0.0
0.069,0.0
0.069,0.0
0.069,0.0
0.069,0.0
0.069,0.0
0.069,0.0
0.069,0.0
0.069,0.0
0.069,0.0
0.069,0.0
0.069,0.0
0.069,0.0
0.069,0.0
0.069,0.03
0.069,0.03
0.069,0.054
0.069,0.054
0.069,0.069
0.069,0.073
0.069,0.085
0.069,0.085
0.069,0.085
0.069,0.085
0.069,0.085
0.069,0.085
0.069,0.085
0.069,0.085
0.069,0.085
0.069,0.085
0.069,0.085
0.069,0.085
0.069,0.085
0.069,0.085
0.069,0.085
0.069,0.085
0.069,0.085
0.069,0.085
0.069,0.085
0.069,0.085
0.069,0.101
0.069,0.107
0.069,0.125
0.069,0.125
0.069,0.129
0.069,0.14
0.069,0.156
0.069,0.156
0.069,0.156
0.069,0.156
0.069,0.18
0.069,0.184
0.069,0.196
0.069,0.215
0.069,0.227
0.069,0.267
0.069,0.267
0.069,0.267
0.069,0.282
0.069,0.282
0.069,0.282
0.069,0.282
0.069,0.282
0.069,0.282
0.069,0.306
0.069,0.338
0.069,0.353
0.069,0.397
0.0,0.464
0.0,0.497
-0.107,0.523
-0.143,0.59
-0.155,0.63
-0.171,0.645
-0.171,0.677
-0.171,0.677
-0.171,0.716
-0.186,0.716
-0.186,0.716
-0.21,0.732
-0.25,0.732
-0.266,0.732
-0.281,0.732
-0.305,0.732
-0.321,0.756
-0.321,0.772
-0.321,0.772
-0.321,0.787
-0.321,0.803
-0.321,0.827
-0.321,0.827
-0.321,0.827
-0.321,0.827
-0.321,0.843
-0.337,0.843
-0.36,0.858
-0.376,0.858
-0.376,0.864
-0.376,0.882
-0.376,0.898
-0.376,0.898
-0.376,0.914
-0.376,0.914
-0.376,0.914
-0.376,0.914
-0.376,0.914
-0.376,0.914
-0.376,0.914
-0.376,0.914
-0.376,0.914
-0.376,0.914
-0.376,0.843
-0.376,0.803
-0.376,0.787
-0.376,0.772
-0.376,0.772
-0.376,0.772
-0.333,0.756
-0.321,0.756
-0.305,0.756
-0.266,0.756
-0.25,0.732
-0.186,0.732
-0.149,0.732
-0.115,0.716
-0.093,0.701
-0.06,0.677
-0.056,0.641
-0.038,0.606
-0.004,0.527
0.0,0.503
0.0,0.48
0.0,0.464
0.0,0.464
0.0,0.464
0.014,0.464
0.03,0.464
0.03,0.464
0.03,0.464
0.03,0.464
0.03,0.464
0.03,0.464
0.048,0.464
0.054,0.464
0.069,0.503
0.069,0.519
0.069,0.519
0.069,0.535
0.069,0.535
0.069,0.535
0.069,0.535
0.069,0.535
0.069,0.535
0.069,0.48
0.069,0.48
0.069,0.48
0.069,0.464
0.069,0.464
0.069,0.464
0.069,0.464
0.069,0.464
0.069,0.464
0.069,0.464
0.069,0.448
0.069,0.448
0.069,0.448
0.069,0.448
0.069,0.448
0.069,0.448
0.069,0.448
0.069,0.448
0.069,0.448
0.069,0.448
0.069,0.448
0.069,0.436
0.069,0.424
0.069,0.421
0.069,0.409
0.069,0.409
0.069,0.409
0.069,0.409
0.069,0.409
0.069,0.409
0.069,0.409
0.069,0.409
0.069,0.409
0.069,0.393
0.069,0.393
0.069,0.377
0.069,0.353
0.069,0.353
0.069,0.338
0.069,0.338
0.069,0.338
0.069,0.338
0.069,0.338
0.069,0.338
0.069,0.338
0.069,0.338
0.069,0.338
0.069,0.338
0.069,0.338
0.069,0.338
0.069,0.338
0.069,0.338
0.069,0.338
0.069,0.338
0.069,0.338
0.069,0.338
0.069,0.338
0.069,0.338
0.069,0.338
0.069,0.338
0.069,0.338
0.069,0.338
0.069,0.33
0.069,0.322
0.069,0.306
0.069,0.306
0.069,0.282
0.069,0.282
0.069,0.282
0.069,0.282
0.069,0.282
0.0,0.389
0.0,0.492
-0.099,0.598
-0.127,0.669
-0.131,0.756
-0.131,0.756
-0.131,0.756
-0.155,0.756
-0.155,0.756
-0.155,0.756
-0.155,0.683
-0.155,0.649
-0.143,0.606
-0.016,0.503
0.0,0.456
0.0,0.342
0.0,0.282
0.0,0.263
0.014,0.233
0.03,0.227
0.03,0.211
0.054,0.211
0.054,0.211
0.069,0.211
0.069,0.211
0.069,0.211
0.073,0.211
0.085,0.227
0.085,0.211
0.085,0.211
0.085,0.196
0.085,0.196
0.085,0.196
0.101,0.196
0.101,0.196
0.101,0.196
0.101,0.196
0.101,0.18
0.101,0.18
0.101,0.18
0.101,0.18
0.101,0.18
0.101,0.18
0.0,0.18
0.0,0.18
-0.02,0.18
-0.056,0.18
-0.072,0.18
-0.076,0.18
-0.099,0.18
-0.087,0.18
-0.115,0.18
-0.131,0.18
-0.131,0.18
-0.155,0.18
-0.155,0.211
-0.155,0.227
-0.155,0.227
-0.155,0.227
-0.155,0.245
-0.155,0.267
-0.155,0.282
-0.155,0.282
-0.155,0.306
-0.155,0.322
-0.155,0.338
-0.155,0.338
-0.155,0.342
-0.171,0.353
-0.171,0.353
-0.171,0.353
-0.171,0.353
-0.186,0.353
-0.186,0.353
-0.186,0.353
-0.186,0.353
-0.186,0.353
-0.186,0.353
-0.131,0.353
-0.076,0.353
-0.056,0.353
0.0,0.353
0.0,0.353
0.0,0.353
0.0,0.353
0.0,0.306
0.0,0.294
0.0,0.282
0.0,0.282
0.01,0.282
0.03,0.282
0.054,0.267
0.042,0.267
0.054,0.255
0.054,0.251
0.069,0.211
0.069,0.196
0.069,0.196
0.085,0.196
0.085,0.196
0.085,0.184
0.085,0.18
0.085,0.18
0.048,0.18
0.002,0.18
0.0,0.18
0.0,0.18
0.0,0.18
-0.004,0.18
-0.044,0.18
-0.076,0.18
-0.076,0.18
-0.099,0.18
-0.115,0.18
-0.131,0.18
-0.131,0.18
-0.155,0.18
-0.171,0.211
-0.171,0.279
-0.186,0.318
-0.21,0.353
-0.21,0.393
-0.198,0.424
-0.21,0.448
-0.21,0.464
-0.21,0.48
-0.182,0.503
-0.131,0.503
-0.099,0.503
-0.06,0.503
0.0,0.503
0.0,0.503
0.0,0.503
0.0,0.503
0.0,0.503
0.014,0.503
0.03,0.503
0.054,0.503
0.054,0.48
0.054,0.448
0.069,0.424
0.085,0.409
0.085,0.409
0.085,0.393
0.085,0.393
0.085,0.377
0.085,0.353
0.085,0.338
0.085,0.322
0.085,0.322
0.085,0.322
0.085,0.306
0.085,0.306
0.085,0.306
0.085,0.306
0.085,0.306
0.085,0.306
0.085,0.306
0.085,0.306
0.085,0.306
0.085,0.282
0.085,0.282
0.085,0.288
0.085,0.282
0.085,0.282
0.085,0.35
0.085,0.401
0.085,0.464
0.0,0.48
0.0,0.519
0.0,0.519
-0.004,0.551
-0.02,0.574
-0.06,0.59
-0.082,0.606
-0.131,0.63
-0.155,0.634
-0.159,0.661
-0.198,0.724
-0.25,0.756
-0.281,0.787
-0.281,0.827
-0.281,0.882
-0.281,0.929
-0.281,0.969
-0.281,1.0
-0.281,1.0
-0.281,1.0
-0.281,1.0
-0.281,1.0
-0.281,1.0
-0.281,1.0
-0.281,1.0
-0.281,1.0
-0.281,1.0
-0.281,1.0
-0.281,1.0
-0.281,1.0
-0.281,1.0
-0.281,1.0
-0.281,1.0
-0.281,1.0
-0.281,1.0
-0.281,1.0
-0.281,1.0
-0.281,1.0
-0.281,1.0
-0.281,1.0
-0.281,1.0
-0.299,1.0
-0.305,1.0
-0.321,1.0
-0.321,1.0
-0.321,1.0
-0.321,1.0
-0.321,1.0
-0.337,1.0
-0.337,1.0
-0.337,1.0
-0.337,1.0
-0.337,1.0
-0.337,1.0
-0.337,1.0
-0.337,1.0
-0.337,1.0
-0.36,1.0
-0.376,1.0
-0.376,1.0
-0.376,1.0
-0.376,1.0
-0.376,1.0
-0.376,1.0
-0.376,1.0
-0.376,1.0
-0.376,1.0
-0.376,1.0
-0.376,1.0
-0.376,1.0
-0.376,1.0
-0.376,1.0
-0.376,1.0
-0.376,1.0
-0.376,1.0
-0.376,1.0
-0.337,0.864
-0.273,0.815
-0.244,0.756
-0.171,0.701
-0.167,0.701
-0.131,0.677
-0.099,0.677
-0.099,0.683
-0.099,0.677
-0.087,0.677
-0.099,0.677
-0.087,0.677
-0.099,0.677
-0.099,0.677
-0.099,0.665
-0.099,0.661
-0.099,0.661
-0.099,0.661
-0.099,0.645
-0.099,0.645
-0.099,0.645
-0.099,0.645
-0.099,0.645
-0.099,0.645
-0.099,0.645
-0.099,0.645
-0.099,0.645
-0.111,0.645
-0.131,0.645
-0.137,0.645
-0.155,0.645
-0.167,0.645
-0.171,0.645
-0.186,0.645
-0.186,0.645
-0.186,0.645
-0.21,0.645
-0.21,0.645
-0.21,0.645
-0.21,0.645
-0.21,0.645
-0.21,0.645
-0.21,0.645
-0.21,0.645
-0.21,0.645
-0.21,0.645
-0.21,0.645
-0.21,0.645
-0.21,0.645
-0.21,0.645
-0.21,0.645
-0.21,0.645
-0.21,0.645
-0.21,0.645
-0.226,0.645
-0.226,0.645
-0.25,0.645
-0.25,0.63
-0.25,0.63
-0.25,0.606
-0.25,0.606
-0.25,0.606
-0.25,0.59
-0.25,0.59
-0.25,0.59
-0.25,0.574
-0.25,0.574
-0.25,0.551
-0.25,0.519
-0.25,0.503
-0.25,0.503
-0.25,0.486
-0.25,0.486
-0.25,0.464
-0.25,0.452
-0.198,0.424
-0.171,0.409
-0.131,0.401
-0.115,0.393
-0.099,0.353
-0.099,0.334
-0.099,0.306
-0.099,0.288
-0.099,0.267
-0.099,0.267
-0.099,0.251
-0.099,0.251
-0.099,0.251
-0.099,0.251
-0.099,0.251
-0.099,0.251
-0.099,0.251
-0.099,0.251
-0.06,0.251
-0.044,0.251
-0.044,0.251
-0.02,0.251
-0.004,0.251
-0.004,0.251
-0.004,0.251
-0.004,0.251
-0.004,0.338
-0.004,0.401
-0.004,0.393
-0.034,0.393
-0.06,0.409
-0.06,0.409
-0.076,0.409
-0.099,0.409
-0.099,0.409
-0.115,0.409
-0.119,0.385
-0.131,0.338
-0.131,0.322
-0.131,0.31
-0.131,0.282
-0.131,0.282
-0.155,0.282
-0.155,0.282
-0.155,0.282
-0.171,0.282
-0.171,0.282
-0.171,0.282
-0.171,0.267
-0.171,0.267
-0.171,0.267
-0.171,0.267
-0.171,0.251
-0.171,0.251
-0.171,0.251
-0.171,0.251
-0.171,0.227
-0.171,0.227
-0.171,0.211
-0.171,0.211
-0.171,0.196
-0.171,0.196
-0.171,0.196
-0.171,0.196
-0.171,0.196
-0.171,0.196
-0.171,0.196
-0.171,0.196
-0.171,0.196
-0.171,0.196
-0.171,0.196
-0.171,0.227
-0.171,0.267
-0.171,0.282
-0.171,0.282
-0.171,0.3
-0.171,0.306
-0.171,0.322
-0.171,0.338
-0.171,0.338
-0.171,0.338
-0.171,0.338
-0.171,0.353
-0.171,0.353
-0.171,0.353
-0.099,0.353
-0.06,0.353
-0.004,0.353
0.0,0.353
0.0,0.353
0.0,0.353
0.0,0.353
0.0,0.353
0.0,0.353
0.0,0.353
0.0,0.353
0.0,0.353
0.0,0.353
0.0,0.353
0.0,0.353
0.0,0.353
0.0,0.353
0.0,0.353
0.0,0.353
0.0,0.353
0.0,0.353
0.0,0.353
0.0,0.353
0.0,0.306
0.0,0.306
0.0,0.282
0.0,0.282
0.0,0.267
0.0,0.267
0.0,0.267
0.0,0.267
0.0,0.267
0.0,0.251
0.0,0.251
0.0,0.251
0.0,0.251
0.0,0.227
0.0,0.227
0.0,0.211
0.0,0.211
0.0,0.211
0.0,0.211
0.0,0.211
0.0,0.211
0.0,0.211
0.0,0.211
0.0,0.211
0.026,0.211
0.03,0.211
0.054,0.211
0.054,0.211
0.03,0.211
0.03,0.211
0.0,0.211
0.0,0.211
-0.06,0.211
-0.155,0.211
-0.174,0.211
-0.21,0.211
-0.214,0.211
-0.226,0.211
-0.232,0.211
-0.25,0.211
-0.25,0.211
-0.25,0.211
-0.25,0.211
-0.25,0.211
-0.25,0.211
-0.25,0.211
-0.25,0.211
-0.25,0.211
-0.171,0.211
-0.171,0.211
-0.155,0.211
-0.131,0.211
-0.115,0.211
-0.099,0.211
-0.076,0.211
-0.06,0.211
-0.044,0.211
-0.038,0.211
-0.004,0.211
0.0,0.211
0.0,0.211
0.0,0.211
0.0,0.211
0.0,0.211
0.0,0.211
0.0,0.211
0.014,0.211
0.014,0.211
0.014,0.211
0.014,0.267
0.014,0.267
0.014,0.282
0.014,0.3
0.014,0.306
0.014,0.338
0.014,0.353
0.014,0.353
0.014,0.353
0.014,0.365
0.014,0.353
0.014,0.353
0.0,0.353
0.0,0.353
-0.02,0.353
-0.107,0.353
-0.155,0.353
-0.155,0.353
-0.178,0.359
-0.198,0.353
-0.21,0.353
-0.21,0.353
-0.21,0.353
-0.21,0.353
-0.226,0.353
-0.25,0.353
-0.254,0.353
-0.281,0.353
-0.281,0.353
-0.281,0.353
-0.305,0.353
-0.317,0.353
-0.321,0.353
-0.321,0.353
-0.321,0.353
-0.321,0.353
-0.321,0.353
-0.321,0.353
-0.321,0.353
-0.321,0.353
-0.321,0.353
-0.321,0.353
-0.321,0.353
-0.321,0.353
-0.321,0.353
-0.321,0.377
-0.321,0.409
-0.321,0.464
-0.36,0.527
-0.376,0.578
-0.376,0.63
-0.392,0.645
-0.392,0.645
-0.392,0.661
-0.416,0.673
-0.416,0.701
-0.416,0.716
-0.416,0.772
-0.432,0.787
-0.432,0.791
-0.432,0.827
-0.444,0.864
-0.448,0.914
-0.448,0.965
-0.448,1.0
-0.448,1.0
-0.448,1.0
-0.448,1.0
-0.448,1.0
-0.448,1.0
-0.448,1.0
-0.448,1.0
-0.448,1.0
-0.448,1.0
-0.448,1.0
-0.448,1.0
-0.471,1.0
-0.471,0.89
-0.471,0.772
-0.471,0.732
-0.471,0.701
-0.471,0.701
-0.392,0.695
-0.364,0.677
-0.317,0.661
-0.281,0.645
-0.266,0.634
-0.25,0.63
-0.25,0.606
-0.25,0.606
-0.25,0.59
-0.25,0.551
-0.25,0.519
-0.186,0.503
-0.186,0.503
-0.171,0.492
-0.155,0.48
-0.131,0.48
-0.115,0.48
-0.115,0.464
-0.099,0.448
-0.099,0.424
-0.099,0.409
-0.099,0.393
-0.099,0.393
-0.099,0.393
-0.087,0.393
-0.099,0.393
-0.099,0.393
-0.099,0.393
-0.076,0.393
-0.048,0.393
-0.044,0.393
-0.02,0.393
-0.004,0.393
-0.004,0.393
0.0,0.393
0.0,0.385
0.0,0.377
0.0,0.353
0.0,0.346
0.0,0.338
0.0,0.322
0.0,0.322
0.0,0.306
0.0,0.306
0.0,0.306
0.0,0.306
0.0,0.306
0.0,0.306
0.0,0.306
0.0,0.306
0.0,0.306
0.0,0.306
0.0,0.353
0.0,0.377
0.0,0.393
0.0,0.393
-0.02,0.409
-0.02,0.409
-0.044,0.409
-0.06,0.424
-0.076,0.424
-0.099,0.43
-0.127,0.46
-0.131,0.464
-0.131,0.464
-0.131,0.48
-0.131,0.48
-0.131,0.48
-0.131,0.48
-0.131,0.48
-0.131,0.48
-0.131,0.48
-0.131,0.48
-0.131,0.48
-0.131,0.48
-0.131,0.48
-0.131,0.464
-0.131,0.448
-0.131,0.43
-0.131,0.442
-0.131,0.424
-0.131,0.424
-0.131,0.424
-0.131,0.401
-0.131,0.393
-0.131,0.353
-0.131,0.338
-0.131,0.322
-0.131,0.306
-0.131,0.306
-0.131,0.306
-0.149,0.306
-0.155,0.306
-0.186,0.306
-0.204,0.306
-0.21,0.353
-0.21,0.377
-0.198,0.393
-0.21,0.393
-0.21,0.393
-0.204,0.393
-0.131,0.393
-0.127,0.393
-0.115,0.393
-0.111,0.393
-0.099,0.31
-0.099,0.282
-0.076,0.267
-0.06,0.267
-0.044,0.267
-0.044,0.267
-0.044,0.267
-0.044,0.267
-0.044,0.267
-0.044,0.267
-0.044,0.267
-0.044,0.267
-0.044,0.267
-0.044,0.267
-0.044,0.267
-0.044,0.267
-0.044,0.267
-0.044,0.267
-0.032,0.267
-0.044,0.267
-0.044,0.267
-0.044,0.267
-0.044,0.267
-0.044,0.267
-0.044,0.267
-0.044,0.267
-0.06,0.267
-0.076,0.267
-0.076,0.267
-0.076,0.267
-0.099,0.267
-0.099,0.267
-0.115,0.267
-0.115,0.267
-0.131,0.267
-0.131,0.267
-0.131,0.267
-0.143,0.267
-0.155,0.267
-0.155,0.267
-0.155,0.267
-0.171,0.267
-0.171,0.267
-0.171,0.267
-0.186,0.267
-0.186,0.267
-0.186,0.267
-0.21,0.267
-0.21,0.267
-0.21,0.267
-0.21,0.267
-0.21,0.267
-0.21,0.267
-0.21,0.267
-0.143,0.267
-0.099,0.267
-0.068,0.267
-0.044,0.267
-0.02,0.267
-0.004,0.267
0.0,0.267
0.0,0.267
0.0,0.267
0.0,0.267
0.0,0.267
0.0,0.267
0.0,0.267
0.0,0.267
0.0,0.267
0.0,0.267
0.0,0.267
0.0,0.267
0.0,0.267
0.0,0.267
0.0,0.267
0.0,0.267
0.0,0.267
0.0,0.267
0.0,0.267
0.0,0.267
0.0,0.267
0.0,0.267
0.0,0.267
0.0,0.267
0.0,0.251
0.0,0.227
0.0,0.211
0.0,0.207
0.0,0.196
0.0,0.196
0.0,0.196
0.0,0.196
0.0,0.196
0.018,0.267
0.03,0.306
0.03,0.338
0.054,0.338
0.069,0.338
0.069,0.353
0.069,0.353
0.069,0.401
0.085,0.424
0.085,0.448
0.085,0.464
0.085,0.48
0.085,0.48
0.085,0.48
0.085,0.48
0.085,0.48
0.085,0.48
0.085,0.48
0.085,0.486
0.085,0.48
0.085,0.48
0.085,0.424
0.085,0.377
0.085,0.33
0.085,0.306
0.085,0.282
0.085,0.267
0.085,0.267
0.085,0.267
0.085,0.255
0.085,0.251
0.085,0.251
0.085,0.251
0.085,0.251
0.085,0.227
0.085,0.219
0.085,0.223
0.085,0.211
0.085,0.196
0.085,0.196
0.085,0.196
0.054,0.196
0.03,0.196
0.03,0.18
0.014,0.18
0.014,0.18
0.014,0.18
0.014,0.18
0.014,0.18
0.014,0.18
0.014,0.18
0.014,0.18
0.014,0.18
0.014,0.18
0.014,0.18
0.014,0.18
0.014,0.18
0.014,0.18
0.014,0.18
0.014,0.196
0.014,0.227
0.014,0.227
0.014,0.251
0.014,0.251
0.014,0.267
0.014,0.267
0.014,0.267
0.014,0.267
0.014,0.267
0.014,0.267
0.014,0.267
0.014,0.267
0.014,0.267
0.014,0.267
0.014,0.267
0.014,0.267
0.014,0.267
0.014,0.267
0.014,0.271
0.014,0.282
0.014,0.282
0.014,0.282
0.014,0.282
0.014,0.204
0.03,0.196
0.03,0.18
0.03,0.18
0.03,0.156
0.03,0.14
0.03,0.14
0.03,0.125
0.03,0.125
0.03,0.101
0.03,0.101
0.03,0.119
0.03,0.119
0.03,0.125
0.03,0.125
0.03,0.125
0.03,0.125
0.03,0.188
0.03,0.196
0.03,0.211
0.03,0.227
0.03,0.251
0.03,0.267
0.03,0.267
0.03,0.267
0.042,0.267
0.054,0.267
0.069,0.267
0.069,0.267
0.069,0.267
0.085,0.282
0.085,0.282
0.085,0.306
0.085,0.318
0.085,0.338
0.085,0.353
0.085,0.353
0.085,0.353
0.085,0.353
0.101,0.353
0.101,0.353
0.101,0.353
0.101,0.353
0.101,0.353
0.101,0.353
0.101,0.353
0.101,0.353
0.101,0.353
0.101,0.353
0.125,0.353
0.125,0.353
0.125,0.353
0.125,0.353
0.125,0.353
0.125,0.353
