valence,arousal
-0.015,-0.052
-0.014,-0.052
-0.012,-0.053
-0.014,-0.053
-0.014,-0.052
-0.054,-0.051
-0.057,-0.048
-0.034,-0.026
-0.026,-0.027
-0.025,-0.016
-0.025,-0.003
-0.021,0.0
-0.019,-0.002
-0.02,-0.004
-0.018,0.0
-0.02,0.0
-0.017,0.0
-0.014,0.0
-0.009,0.0
0.0,0.0
0.0,0.0
0.0,0.0
0.0,0.0
0.0,0.0
0.0,0.0
0.0,0.0
0.0,0.0
0.0,0.0
0.0,0.0
0.0,0.0
0.0,0.0
0.0,-0.01
0.0,-0.01
0.0,-0.01
0.0,-0.01
0.0,-0.01
0.0,-0.01
0.0,-0.01
0.0,-0.01
0.0,-0.01
0.002,-0.01
0.0,-0.01
0.0,-0.01
0.0,-0.01
0.0,-0.011
0.0,-0.011
0.0,-0.01
0.0,-0.01
0.0,-0.01
0.0,-0.011
0.0,-0.01
0.0,-0.01
0.0,-0.01
0.0,-0.01
0.0,-0.01
0.0,0.0
0.0,0.0
0.0,0.007
0.0,0.004
-0.039,0.0
-0.068,0.0
-0.07,0.0
-0.044,0.0
-0.03,0.0
-0.025,0.0
-0.017,0.0
-0.064,0.0
-0.076,0.0
-0.11,0.0
-0.107,0.0
-0.104,0.0
-0.133,0.0
-0.137,0.006
-0.157,0.042
-0.208,0.071
-0.219,0.176
-0.225,0.205
-0.22,0.235
-0.213,0.249
-0.204,0.257
-0.204,0.261
-0.195,0.264
-0.196,0.267
-0.194,0.266
-0.195,0.267
-0.194,0.262
-0.194,0.258
-0.195,0.246
-0.195,0.238
-0.194,0.237
-0.194,0.237
-0.195,0.238
-0.195,0.238
-0.194,0.237
-0.194,0.238
-0.194,0.249
-0.194,0.259
-0.224,0.274
-0.246,0.288
-0.245,0.291
-0.242,0.296
-0.238,0.291
-0.237,0.318
-0.235,0.342
-0.237,0.377
-0.271,0.383
-0.277,0.387
-0.312,0.386
-0.352,0.383
-0.389,0.373
-0.404,0.37
-0.395,0.368
-0.38,0.368
-0.361,0.368
-0.338,0.37
-0.308,0.381
-0.295,0.39
-0.295,0.4
-0.295,0.398
-0.295,0.399
-0.284,0.396
-0.287,0.381
-0.29,0.379
-0.291,0.379
-0.292,0.379
-0.297,0.379
-0.302,0.379
-0.31,0.369
-0.312,0.345
-0.332,0.334
-0.342,0.337
-0.341,0.337
-0.34,0.337
-0.336,0.336
-0.333,0.335
-0.336,0.33
-0.338,0.331
-0.338,0.326
-0.376,0.317
-0.392,0.312
-0.415,0.313
-0.424,0.317
-0.423,0.321
-0.42,0.33
-0.423,0.338
-0.433,0.345
-0.441,0.347
-0.445,0.348
-0.457,0.349
-0.469,0.349
-0.466,0.348
-0.469,0.348
-0.478,0.348
-0.481,0.348
-0.477,0.348
-0.474,0.348
-0.472,0.347
-0.469,0.348
-0.468,0.349
-0.468,0.348
-0.467,0.348
-0.468,0.348
-0.468,0.348
-0.468,0.349
-0.468,0.348
-0.467,0.349
-0.467,0.349
-0.467,0.349
-0.469,0.349
-0.474,0.349
-0.491,0.349
-0.489,0.348
-0.49,0.349
-0.494,0.363
-0.493,0.368
-0.493,0.372
-0.493,0.417
-0.496,0.43
-0.493,0.435
-0.493,0.47
-0.49,0.488
-0.485,0.495
-0.473,0.508
-0.468,0.525
-0.468,0.544
-0.468,0.546
-0.468,0.554
-0.467,0.563
-0.467,0.567
-0.467,0.573
-0.467,0.573
-0.466,0.571
-0.481,0.571
-0.517,0.571
-0.516,0.57
-0.51,0.57
-0.5,0.571
-0.494,0.571
-0.494,0.573
-0.494,0.572
-0.494,0.571
-0.494,0.571
-0.494,0.57
-0.493,0.57
-0.494,0.569
-0.494,0.569
-0.493,0.568
-0.493,0.569
-0.493,0.569
-0.493,0.571
-0.493,0.582
-0.508,0.588
-0.553,0.607
-0.562,0.607
-0.561,0.604
-0.563,0.599
-0.579,0.596
-0.582,0.592
-0.592,0.588
-0.612,0.588
-0.63,0.588
-0.632,0.591
-0.629,0.594
-0.634,0.594
-0.637,0.594
-0.637,0.594
-0.638,0.593
-0.637,0.589
-0.636,0.584
-0.635,0.578
-0.638,0.518
-0.638,0.49
-0.639,0.422
-0.637,0.415
-0.636,0.417
-0.627,0.424
-0.62,0.431
-0.621,0.444
-0.621,0.447
-0.621,0.453
-0.62,0.465
-0.617,0.477
-0.617,0.479
-0.617,0.48
-0.617,0.482
-0.617,0.485
-0.617,0.489
-0.617,0.476
-0.617,0.488
-0.617,0.486
-0.617,0.49
-0.616,0.49
-0.617,0.49
-0.616,0.495
-0.616,0.499
-0.616,0.498
-0.616,0.494
-0.616,0.492
-0.617,0.488
-0.616,0.488
-0.616,0.491
-0.618,0.496
-0.62,0.501
-0.625,0.509
-0.632,0.515
-0.633,0.554
-0.634,0.567
-0.633,0.572
-0.633,0.574
-0.634,0.574
-0.635,0.574
-0.642,0.573
-0.655,0.57
-0.656,0.567
-0.653,0.561
-0.652,0.551
-0.654,0.542
-0.651,0.543
-0.649,0.532
-0.648,0.529
-0.648,0.527
-0.648,0.522
-0.648,0.488
-0.647,0.491
-0.647,0.485
-0.648,0.464
-0.647,0.449
-0.647,0.451
-0.646,0.452
-0.639,0.446
-0.633,0.45
-0.633,0.452
-0.633,0.458
-0.632,0.456
-0.632,0.44
-0.633,0.432
-0.632,0.426
-0.632,0.408
-0.632,0.394
-0.615,0.38
-0.608,0.376
-0.608,0.364
-0.607,0.366
-0.607,0.366
-0.606,0.37
-0.606,0.347
-0.607,0.332
-0.607,0.335
-0.607,0.315
-0.607,0.313
-0.608,0.31
-0.609,0.317
-0.61,0.316
-0.61,0.318
-0.61,0.321
-0.612,0.321
-0.612,0.289
-0.612,0.295
-0.612,0.295
-0.608,0.261
-0.593,0.265
-0.574,0.257
-0.554,0.25
-0.539,0.234
-0.417,0.225
-0.322,0.224
-0.079,0.196
-0.055,0.181
-0.045,0.161
-0.038,0.084
-0.04,0.075
-0.04,0.028
-0.04,0.01
-0.041,0.013
-0.041,0.006
-0.041,0.002
-0.041,0.013
-0.041,0.034
-0.041,0.034
-0.041,0.034
-0.041,0.03
-0.042,0.026
-0.042,0.019
-0.041,0.016
-0.036,0.021
-0.033,0.0
-0.03,0.0
-0.031,0.0
-0.029,0.0
-0.029,0.0
-0.027,0.0
-0.029,0.003
-0.026,0.0
-0.018,0.009
-0.016,0.008
-0.013,0.009
-0.013,0.0
-0.024,-0.01
-0.022,-0.005
-0.012,-0.002
-0.007,-0.045
0.0,-0.033
0.0,-0.011
0.0,-0.002
-0.004,0.0
-0.009,0.0
-0.019,0.0
-0.021,0.0
-0.018,0.0
-0.014,0.0
-0.014,0.0
-0.014,0.0
-0.014,0.0
-0.014,0.0
-0.013,0.0
-0.013,0.0
-0.014,0.0
-0.013,0.0
-0.014,0.0
-0.013,0.0
-0.013,0.0
-0.013,0.0
-0.013,0.0
-0.013,-0.02
-0.013,-0.042
-0.012,-0.054
-0.013,-0.049
-0.013,-0.026
-0.012,-0.007
-0.013,-0.005
-0.013,-0.005
-0.013,-0.004
-0.012,-0.004
-0.012,-0.003
-0.013,-0.003
-0.016,-0.002
-0.017,-0.002
-0.019,-0.002
-0.019,-0.002
-0.02,-0.001
-0.02,-0.001
-0.02,-0.001
-0.018,-0.001
-0.014,-0.001
-0.014,0.0
-0.014,0.0
-0.014,0.0
-0.013,0.0
-0.012,0.0
-0.013,0.0
-0.013,0.0
-0.013,0.0
-0.013,0.0
-0.013,0.0
-0.012,0.0
-0.012,0.0
-0.012,0.0
-0.012,0.0
-0.012,0.0
-0.012,0.0
-0.012,0.0
-0.011,0.0
-0.009,0.0
-0.005,0.0
-0.007,0.0
-0.007,0.0
-0.006,0.0
-0.007,0.0
-0.007,0.0
-0.006,0.0
-0.007,0.0
-0.007,0.0
-0.007,0.0
-0.008,0.0
-0.007,0.0
-0.007,0.0
-0.008,0.0
-0.008,0.0
-0.007,0.0
-0.007,0.0
-0.007,0.0
-0.007,0.0
-0.007,0.0
-0.008,0.0
-0.008,0.0
-0.023,0.0
-0.088,0.0
-0.091,0.0
-0.097,0.0
-0.173,0.0
-0.264,0.0
-0.307,0.0
-0.404,0.0
-0.447,0.0
-0.456,0.0
-0.456,0.022
-0.456,0.143
-0.455,0.22
-0.456,0.261
-0.472,0.28
-0.512,0.306
-0.531,0.369
-0.575,0.429
-0.603,0.484
-0.62,0.539
-0.63,0.591
-0.647,0.623
-0.664,0.654
-0.673,0.661
-0.688,0.676
-0.733,0.683
-0.747,0.713
-0.75,0.732
-0.75,0.766
-0.75,0.788
-0.75,0.794
-0.751,0.79
-0.751,0.79
-0.752,0.789
-0.757,0.782
-0.758,0.773
-0.759,0.769
-0.76,0.768
-0.76,0.768
-0.759,0.768
-0.759,0.768
-0.759,0.769
-0.759,0.769
-0.759,0.769
-0.759,0.768
-0.759,0.764
-0.759,0.741
-0.759,0.704
-0.758,0.671
-0.757,0.649
-0.754,0.636
-0.75,0.629
-0.742,0.602
-0.742,0.595
-0.742,0.594
-0.742,0.577
-0.742,0.576
-0.742,0.576
-0.742,0.581
-0.742,0.583
-0.742,0.588
-0.742,0.587
-0.742,0.585
-0.742,0.578
-0.742,0.554
-0.741,0.533
-0.742,0.535
-0.741,0.533
-0.741,0.541
-0.741,0.546
-0.739,0.552
-0.738,0.555
-0.732,0.556
-0.73,0.558
-0.727,0.56
-0.726,0.562
-0.726,0.566
-0.727,0.567
-0.727,0.567
-0.728,0.567
-0.728,0.567
-0.728,0.568
-0.728,0.568
-0.728,0.568
-0.728,0.568
-0.728,0.568
-0.728,0.569
-0.728,0.569
-0.728,0.569
-0.728,0.569
-0.728,0.569
-0.728,0.569
-0.728,0.568
-0.728,0.569
-0.729,0.569
-0.729,0.569
-0.729,0.569
-0.731,0.569
-0.731,0.57
-0.732,0.569
-0.733,0.57
-0.733,0.56
-0.733,0.514
-0.733,0.514
-0.733,0.509
-0.734,0.514
-0.734,0.509
-0.734,0.506
-0.734,0.486
-0.734,0.466
-0.734,0.477
-0.734,0.479
-0.734,0.483
-0.734,0.489
-0.734,0.488
-0.735,0.489
-0.734,0.489
-0.734,0.49
-0.734,0.49
-0.734,0.49
-0.734,0.49
-0.734,0.49
-0.735,0.491
-0.734,0.491
-0.734,0.49
-0.734,0.49
-0.735,0.489
-0.735,0.471
-0.735,0.463
-0.734,0.466
-0.735,0.471
-0.735,0.473
-0.734,0.473
-0.735,0.475
-0.734,0.477
-0.735,0.481
-0.734,0.49
-0.735,0.505
-0.734,0.511
-0.734,0.512
-0.735,0.513
-0.734,0.514
-0.735,0.513
-0.735,0.512
-0.735,0.514
-0.735,0.514
-0.737,0.514
-0.739,0.527
-0.74,0.546
-0.74,0.569
-0.74,0.584
-0.74,0.586
-0.74,0.591
-0.74,0.592
-0.74,0.598
-0.74,0.595
-0.74,0.595
-0.74,0.593
-0.74,0.593
-0.74,0.592
-0.74,0.587
-0.739,0.577
-0.739,0.57
-0.739,0.569
-0.74,0.569
-0.74,0.57
-0.739,0.57
-0.739,0.569
-0.739,0.569
-0.739,0.537
-0.739,0.511
-0.739,0.504
-0.739,0.493
-0.739,0.436
-0.739,0.414
-0.739,0.412
-0.739,0.415
-0.739,0.396
-0.739,0.392
-0.424,0.396
-0.187,0.396
-0.106,0.394
-0.077,0.395
-0.06,0.392
-0.06,0.39
-0.057,0.395
-0.055,0.392
-0.055,0.395
-0.054,0.396
-0.055,0.394
-0.054,0.396
-0.054,0.396
-0.054,0.394
-0.054,0.387
-0.054,0.378
-0.053,0.374
-0.053,0.375
-0.053,0.379
-0.052,0.372
-0.052,0.352
-0.052,0.341
-0.051,0.298
-0.054,0.272
-0.051,0.203
-0.053,0.131
-0.061,0.081
-0.067,0.012
-0.068,0.005
-0.069,0.003
-0.07,0.0
-0.071,0.0
-0.055,0.0
-0.034,0.0
-0.029,0.002
-0.027,0.0
-0.027,0.0
-0.023,0.0
-0.023,0.002
-0.025,0.003
-0.021,0.004
-0.018,0.005
-0.018,0.005
-0.017,0.004
-0.017,0.007
-0.016,0.007
-0.016,0.007
-0.016,0.01
-0.018,0.014
-0.02,0.015
-0.029,0.018
-0.031,0.018
-0.032,0.021
-0.032,0.022
-0.033,0.022
-0.033,0.024
-0.047,0.024
-0.057,0.024
-0.107,0.024
-0.138,0.024
-0.164,0.025
-0.217,0.024
-0.22,0.024
-0.221,0.025
-0.23,0.025
-0.237,0.025
-0.242,0.026
-0.251,0.024
-0.27,0.028
-0.278,0.03
-0.3,0.031
-0.38,0.032
-0.422,0.033
-0.425,0.035
-0.454,0.036
-0.46,0.036
-0.457,0.037
-0.463,0.037
-0.486,0.048
-0.499,0.205
-0.503,0.25
-0.509,0.293
-0.515,0.31
-0.512,0.311
-0.513,0.312
-0.51,0.311
-0.509,0.312
-0.509,0.313
-0.508,0.313
-0.506,0.315
-0.506,0.315
-0.505,0.318
-0.505,0.319
-0.505,0.317
-0.507,0.315
-0.542,0.315
-0.583,0.316
-0.589,0.32
-0.584,0.319
-0.579,0.331
-0.572,0.332
-0.569,0.33
-0.569,0.33
-0.568,0.329
-0.569,0.329
-0.569,0.329
-0.568,0.329
-0.568,0.327
-0.568,0.324
-0.569,0.319
-0.568,0.317
-0.568,0.315
-0.568,0.308
-0.568,0.305
-0.568,0.304
-0.568,0.304
-0.568,0.308
-0.568,0.309
-0.568,0.31
-0.568,0.312
-0.568,0.312
-0.568,0.313
-0.568,0.308
-0.568,0.306
-0.568,0.307
-0.568,0.306
-0.568,0.306
-0.568,0.306
-0.568,0.308
-0.567,0.308
-0.568,0.308
-0.567,0.308
-0.568,0.308
-0.568,0.308
-0.568,0.308
-0.568,0.309
-0.568,0.309
-0.567,0.308
-0.568,0.309
-0.567,0.309
-0.568,0.309
-0.567,0.309
-0.568,0.309
-0.568,0.309
-0.568,0.309
-0.567,0.308
-0.568,0.309
-0.568,0.308
-0.568,0.308
-0.568,0.308
-0.568,0.308
-0.568,0.308
-0.568,0.308
-0.567,0.308
-0.559,0.308
-0.54,0.309
-0.536,0.302
-0.535,0.308
-0.536,0.308
-0.54,0.308
-0.541,0.309
-0.543,0.308
-0.544,0.309
-0.546,0.309
-0.547,0.308
-0.547,0.309
-0.547,0.308
-0.547,0.308
-0.547,0.308
-0.547,0.308
-0.547,0.308
-0.547,0.308
-0.547,0.31
-0.547,0.31
-0.547,0.31
-0.549,0.311
-0.55,0.311
-0.553,0.311
-0.553,0.312
-0.554,0.312
-0.554,0.318
-0.554,0.321
-0.554,0.325
-0.555,0.329
-0.554,0.33
-0.555,0.336
-0.555,0.343
-0.555,0.359
-0.554,0.369
-0.555,0.37
-0.554,0.372
-0.555,0.372
-0.555,0.372
-0.555,0.373
-0.555,0.377
-0.554,0.395
-0.552,0.434
-0.551,0.46
-0.55,0.461
-0.55,0.462
-0.55,0.459
-0.549,0.456
-0.549,0.46
-0.548,0.462
-0.547,0.469
-0.546,0.472
-0.546,0.482
-0.546,0.511
-0.546,0.514
-0.545,0.519
-0.545,0.522
-0.545,0.522
-0.545,0.517
-0.546,0.511
-0.546,0.489
-0.546,0.489
-0.546,0.488
-0.547,0.488
-0.547,0.489
-0.549,0.489
-0.549,0.486
-0.547,0.433
-0.547,0.409
-0.547,0.377
-0.547,0.377
-0.547,0.359
-0.547,0.362
-0.547,0.36
-0.547,0.36
-0.547,0.369
-0.549,0.371
-0.55,0.371
-0.55,0.372
-0.55,0.372
-0.548,0.372
-0.547,0.374
-0.546,0.377
-0.546,0.377
-0.546,0.379
-0.545,0.396
-0.544,0.398
-0.544,0.399
-0.544,0.4
-0.544,0.402
-0.544,0.401
-0.544,0.4
-0.544,0.401
-0.544,0.402
-0.544,0.401
-0.544,0.401
-0.543,0.402
-0.543,0.401
-0.542,0.401
-0.539,0.402
-0.535,0.401
-0.534,0.402
-0.534,0.401
-0.534,0.402
-0.536,0.401
-0.536,0.402
-0.536,0.401
-0.536,0.4
-0.528,0.402
-0.512,0.401
-0.512,0.401
-0.511,0.402
-0.512,0.402
-0.512,0.402
-0.513,0.402
-0.515,0.402
-0.515,0.402
-0.515,0.401
-0.515,0.401
-0.515,0.4
-0.515,0.398
-0.515,0.395
-0.516,0.39
-0.516,0.349
-0.515,0.338
-0.515,0.325
-0.516,0.332
-0.516,0.327
-0.516,0.315
-0.516,0.325
-0.516,0.322
-0.516,0.319
-0.516,0.323
-0.516,0.327
-0.516,0.329
-0.515,0.332
-0.515,0.332
-0.516,0.335
-0.515,0.336
-0.515,0.338
-0.515,0.337
-0.514,0.337
-0.512,0.336
-0.51,0.336
-0.502,0.336
-0.505,0.336
-0.505,0.336
-0.505,0.336
-0.505,0.336
-0.503,0.337
-0.49,0.338
-0.471,0.338
-0.469,0.338
-0.469,0.338
-0.466,0.338
-0.466,0.338
-0.469,0.337
-0.469,0.338
-0.469,0.337
-0.469,0.338
-0.45,0.337
-0.43,0.337
-0.427,0.337
-0.427,0.338
-0.429,0.341
-0.433,0.353
-0.437,0.353
-0.454,0.355
-0.455,0.356
-0.456,0.356
-0.456,0.356
-0.456,0.357
-0.459,0.357
-0.465,0.358
-0.474,0.357
-0.49,0.357
-0.497,0.357
-0.497,0.357
-0.499,0.358
-0.502,0.358
-0.506,0.358
-0.522,0.358
-0.53,0.359
-0.531,0.358
-0.541,0.36
-0.543,0.359
-0.539,0.359
-0.538,0.36
-0.538,0.36
-0.539,0.36
-0.538,0.36
-0.537,0.36
-0.537,0.36
-0.537,0.36
-0.537,0.36
-0.539,0.36
-0.541,0.36
-0.544,0.369
-0.547,0.382
-0.549,0.383
-0.545,0.382
-0.544,0.379
-0.542,0.378
-0.541,0.377
-0.541,0.377
-0.541,0.376
-0.54,0.375
-0.54,0.375
-0.539,0.374
-0.537,0.374
-0.536,0.374
-0.535,0.374
-0.534,0.374
-0.535,0.374
-0.535,0.374
-0.535,0.369
-0.536,0.361
-0.536,0.355
-0.536,0.348
-0.535,0.344
-0.534,0.319
-0.533,0.31
-0.532,0.291
-0.533,0.283
-0.532,0.258
-0.532,0.261
-0.533,0.265
-0.532,0.274
-0.531,0.282
-0.53,0.283
-0.531,0.285
-0.53,0.289
-0.53,0.289
-0.53,0.289
-0.53,0.289
-0.53,0.291
-0.529,0.291
-0.527,0.291
-0.527,0.291
-0.525,0.292
-0.525,0.297
-0.525,0.308
-0.525,0.314
-0.525,0.315
-0.525,0.351
-0.526,0.37
-0.526,0.377
-0.527,0.378
-0.528,0.379
-0.53,0.379
-0.531,0.38
-0.533,0.38
-0.537,0.381
-0.54,0.381
-0.544,0.383
-0.547,0.387
-0.552,0.39
-0.561,0.4
-0.558,0.4
-0.561,0.411
-0.565,0.408
-0.563,0.411
-0.562,0.41
-0.56,0.411
-0.558,0.41
-0.557,0.41
-0.552,0.408
-0.545,0.407
-0.537,0.406
-0.536,0.403
-0.535,0.39
-0.535,0.39
-0.524,0.39
-0.51,0.384
-0.463,0.375
-0.411,0.343
-0.406,0.338
-0.392,0.335
-0.373,0.32
-0.275,0.315
-0.109,0.315
-0.076,0.316
-0.05,0.31
-0.05,0.315
-0.051,0.295
-0.05,0.293
-0.051,0.283
-0.051,0.278
-0.051,0.285
-0.051,0.282
-0.05,0.288
-0.051,0.291
-0.051,0.288
-0.051,0.265
-0.051,0.253
-0.05,0.267
-0.045,0.256
-0.042,0.255
-0.032,0.255
-0.031,0.252
-0.033,0.253
-0.032,0.251
-0.019,0.252
-0.013,0.243
-0.007,0.253
-0.015,0.244
-0.008,0.237
-0.008,0.25
-0.006,0.253
-0.007,0.255
-0.024,0.255
-0.014,0.255
-0.008,0.258
-0.007,0.255
0.0,0.256
0.0,0.254
-0.006,0.254
-0.098,0.255
-0.127,0.253
-0.187,0.255
-0.371,0.255
-0.46,0.251
-0.567,0.251
-0.567,0.249
-0.566,0.247
-0.563,0.253
-0.562,0.255
-0.562,0.255
-0.562,0.255
-0.564,0.259
-0.565,0.267
-0.564,0.283
-0.559,0.29
-0.555,0.299
-0.529,0.318
-0.487,0.369
-0.47,0.383
-0.469,0.386
-0.477,0.404
-0.479,0.411
-0.481,0.42
-0.48,0.42
-0.48,0.424
-0.481,0.43
-0.482,0.436
-0.485,0.442
-0.485,0.441
-0.486,0.438
-0.486,0.444
-0.487,0.443
-0.487,0.442
-0.487,0.442
-0.487,0.443
-0.487,0.441
-0.487,0.44
-0.487,0.44
-0.487,0.438
-0.487,0.436
-0.487,0.435
-0.487,0.436
-0.487,0.434
-0.488,0.433
-0.487,0.431
-0.488,0.429
-0.487,0.424
-0.487,0.424
-0.487,0.425
-0.493,0.424
-0.497,0.424
-0.537,0.423
-0.54,0.422
-0.541,0.422
-0.54,0.422
-0.54,0.422
-0.541,0.423
-0.549,0.425
-0.55,0.426
-0.553,0.433
-0.553,0.435
-0.551,0.442
-0.549,0.443
-0.547,0.444
-0.545,0.45
-0.544,0.454
-0.544,0.453
-0.543,0.467
-0.542,0.475
-0.542,0.479
-0.543,0.486
-0.543,0.488
-0.543,0.49
-0.543,0.494
-0.546,0.493
-0.546,0.51
-0.546,0.514
-0.546,0.512
-0.545,0.518
-0.544,0.52
-0.544,0.518
-0.543,0.52
-0.543,0.521
-0.543,0.52
-0.543,0.521
-0.543,0.526
-0.543,0.524
-0.543,0.526
-0.543,0.525
-0.543,0.529
-0.543,0.531
-0.543,0.532
-0.543,0.533
-0.543,0.535
-0.543,0.535
-0.545,0.533
-0.546,0.533
-0.546,0.535
-0.546,0.535
-0.547,0.534
-0.547,0.533
-0.548,0.533
-0.548,0.533
-0.549,0.533
-0.549,0.533
-0.549,0.533
-0.548,0.533
-0.547,0.532
-0.547,0.532
-0.546,0.531
-0.547,0.529
-0.546,0.527
-0.546,0.527
-0.545,0.526
-0.544,0.526
-0.543,0.526
-0.541,0.526
-0.54,0.524
-0.539,0.524
-0.54,0.522
-0.54,0.519
-0.54,0.519
-0.54,0.518
-0.54,0.518
-0.54,0.509
-0.54,0.509
-0.539,0.506
-0.536,0.503
-0.534,0.501
-0.534,0.499
-0.534,0.499
-0.532,0.499
-0.532,0.5
-0.532,0.499
-0.532,0.5
-0.532,0.499
-0.532,0.5
-0.532,0.485
-0.533,0.476
-0.533,0.459
-0.533,0.456
-0.534,0.432
-0.534,0.435
-0.534,0.42
-0.534,0.413
-0.534,0.405
-0.535,0.403
-0.536,0.396
-0.536,0.39
-0.537,0.392
-0.539,0.394
-0.539,0.389
-0.537,0.373
-0.537,0.379
-0.537,0.344
-0.537,0.314
-0.537,0.304
-0.537,0.304
-0.537,0.306
-0.536,0.308
-0.537,0.31
-0.536,0.314
-0.536,0.318
-0.536,0.321
-0.536,0.323
-0.536,0.324
-0.536,0.325
-0.536,0.325
-0.535,0.325
-0.535,0.326
-0.534,0.326
-0.53,0.327
-0.53,0.326
-0.53,0.326
-0.529,0.326
-0.529,0.325
-0.529,0.326
-0.529,0.325
-0.529,0.326
-0.528,0.327
-0.528,0.327
-0.528,0.327
-0.528,0.327
-0.528,0.328
-0.528,0.328
-0.528,0.328
-0.528,0.327
-0.527,0.332
-0.528,0.334
-0.528,0.334
-0.527,0.334
-0.527,0.336
-0.527,0.338
-0.528,0.338
-0.527,0.34
-0.527,0.342
-0.527,0.343
-0.527,0.344
-0.527,0.343
-0.527,0.344
-0.527,0.349
-0.527,0.353
-0.522,0.368
-0.442,0.357
-0.194,0.379
-0.103,0.413
-0.052,0.432
-0.053,0.434
-0.052,0.438
-0.052,0.444
-0.052,0.449
-0.051,0.45
-0.051,0.456
-0.051,0.465
-0.051,0.474
-0.051,0.479
-0.051,0.496
-0.05,0.507
-0.048,0.51
-0.039,0.512
-0.039,0.512
-0.036,0.516
-0.022,0.512
-0.02,0.512
-0.008,0.512
-0.001,0.509
-0.002,0.51
0.0,0.505
0.0,0.506
-0.002,0.503
-0.007,0.5
-0.01,0.498
-0.012,0.497
-0.012,0.497
-0.013,0.494
-0.013,0.494
-0.013,0.494
-0.014,0.494
-0.014,0.494
-0.014,0.495
-0.015,0.494
-0.014,0.494
-0.014,0.495
-0.014,0.494
-0.014,0.494
-0.014,0.494
-0.014,0.494
-0.014,0.492
-0.014,0.49
-0.014,0.49
-0.014,0.49
-0.014,0.49
-0.014,0.491
-0.014,0.491
-0.014,0.49
-0.014,0.49
-0.014,0.49
-0.014,0.49
-0.014,0.49
-0.014,0.49
-0.014,0.488
-0.014,0.486
-0.014,0.483
-0.014,0.482
-0.014,0.483
-0.014,0.479
-0.014,0.456
-0.014,0.445
-0.014,0.438
-0.014,0.413
-0.014,0.412
-0.014,0.422
-0.014,0.422
-0.014,0.416
-0.014,0.409
-0.014,0.409
-0.014,0.407
-0.014,0.401
-0.014,0.402
-0.014,0.395
-0.014,0.399
-0.014,0.392
-0.014,0.385
-0.014,0.388
-0.014,0.38
-0.014,0.374
-0.014,0.378
-0.014,0.36
-0.014,0.358
-0.014,0.362
-0.014,0.355
-0.014,0.358
-0.014,0.362
-0.014,0.362
-0.014,0.34
-0.014,0.313
-0.014,0.238
-0.014,0.172
-0.014,0.071
-0.014,0.0
-0.014,0.0
-0.014,0.0
-0.014,0.005
-0.014,0.002
-0.014,0.0
-0.013,0.0
-0.014,0.001
-0.014,0.003
-0.014,0.004
-0.014,0.004
-0.014,0.004
-0.014,0.003
-0.015,0.004
-0.015,0.011
-0.014,0.028
-0.014,0.028
-0.014,0.028
-0.014,0.028
-0.014,0.029
-0.014,0.029
-0.014,0.024
-0.014,0.016
-0.014,0.017
-0.014,0.017
-0.015,0.015
-0.017,0.016
-0.017,0.015
-0.018,0.015
-0.018,0.015
-0.018,0.015
-0.018,0.016
-0.018,0.015
-0.018,0.015
-0.017,0.016
-0.018,0.017
-0.017,0.019
-0.017,0.02
-0.018,0.021
-0.018,0.022
-0.018,0.023
-0.018,0.023
-0.018,0.023
-0.018,0.024
-0.018,0.023
-0.018,0.024
-0.018,0.023
-0.018,0.023
-0.018,0.023
-0.018,0.023
-0.017,0.023
-0.018,0.023
-0.018,0.022
-0.018,0.019
-0.017,0.019
-0.018,0.006
-0.018,0.0
-0.018,0.0
-0.018,0.0
-0.018,0.0
-0.018,0.0
-0.018,0.0
-0.018,0.0
-0.018,0.0
-0.018,0.0
-0.018,0.0
-0.018,0.025
-0.02,0.027
-0.034,0.118
-0.094,0.175
-0.125,0.212
-0.131,0.225
-0.169,0.225
-0.171,0.231
-0.171,0.23
-0.172,0.231
-0.182,0.231
-0.177,0.233
-0.174,0.231
-0.173,0.231
-0.172,0.231
-0.171,0.231
-0.171,0.232
-0.171,0.233
-0.172,0.233
-0.174,0.233
-0.201,0.233
-0.229,0.234
-0.236,0.234
-0.254,0.234
-0.27,0.233
-0.269,0.234
-0.266,0.234
-0.267,0.235
-0.267,0.235
-0.267,0.235
-0.267,0.236
-0.267,0.242
-0.267,0.265
-0.267,0.295
-0.267,0.375
-0.266,0.422
-0.264,0.424
-0.263,0.428
-0.263,0.428
-0.262,0.428
-0.262,0.428
-0.259,0.43
-0.259,0.435
-0.259,0.445
-0.259,0.473
-0.259,0.5
-0.259,0.501
-0.259,0.499
-0.259,0.499
-0.259,0.499
-0.26,0.498
-0.261,0.497
-0.261,0.495
-0.264,0.488
-0.28,0.473
-0.301,0.472
-0.338,0.472
-0.342,0.472
-0.341,0.472
-0.342,0.431
-0.341,0.412
-0.341,0.389
-0.341,0.389
-0.341,0.37
-0.342,0.351
-0.345,0.35
-0.378,0.353
-0.389,0.358
-0.389,0.359
-0.389,0.367
-0.389,0.367
-0.391,0.372
-0.392,0.377
-0.417,0.386
-0.462,0.388
-0.471,0.39
-0.468,0.402
-0.466,0.407
-0.464,0.415
-0.465,0.425
-0.465,0.431
-0.466,0.439
-0.467,0.448
-0.466,0.455
-0.466,0.456
-0.46,0.463
-0.458,0.463
-0.456,0.468
-0.456,0.472
-0.453,0.469
-0.448,0.474
-0.435,0.471
-0.402,0.47
-0.386,0.47
-0.386,0.472
-0.386,0.471
-0.387,0.473
-0.386,0.473
-0.382,0.471
-0.36,0.471
-0.341,0.47
-0.315,0.469
-0.315,0.467
-0.316,0.461
-0.316,0.458
-0.317,0.458
-0.333,0.454
-0.342,0.451
-0.342,0.443
-0.393,0.438
-0.425,0.439
-0.493,0.439
-0.503,0.439
-0.509,0.439
-0.506,0.439
-0.509,0.439
-0.506,0.439
-0.508,0.437
-0.508,0.435
-0.505,0.43
-0.504,0.428
-0.5,0.427
-0.499,0.424
-0.5,0.423
-0.5,0.424
-0.5,0.423
-0.5,0.424
-0.5,0.423
-0.498,0.422
-0.498,0.422
-0.498,0.42
-0.498,0.42
-0.497,0.416
-0.498,0.4
-0.494,0.397
-0.493,0.392
-0.493,0.394
-0.492,0.392
-0.491,0.388
-0.492,0.389
-0.492,0.37
-0.49,0.387
-0.491,0.38
-0.491,0.369
-0.491,0.374
-0.491,0.362
-0.489,0.37
-0.488,0.372
-0.485,0.359
-0.485,0.371
-0.484,0.375
-0.484,0.374
-0.484,0.368
-0.484,0.372
-0.484,0.366
-0.484,0.374
-0.484,0.374
-0.484,0.374
-0.484,0.375
-0.484,0.382
-0.484,0.389
-0.483,0.398
-0.483,0.399
-0.482,0.402
-0.482,0.402
-0.482,0.402
-0.482,0.402
-0.482,0.402
-0.482,0.402
-0.482,0.403
-0.482,0.402
-0.478,0.403
-0.459,0.403
-0.45,0.403
-0.445,0.403
-0.443,0.403
-0.443,0.403
-0.444,0.403
-0.444,0.403
-0.444,0.403
-0.444,0.403
-0.445,0.403
-0.445,0.403
-0.446,0.403
-0.446,0.403
-0.447,0.403
-0.446,0.403
-0.447,0.403
-0.447,0.403
-0.447,0.403
-0.447,0.403
-0.448,0.404
-0.448,0.403
-0.448,0.403
-0.448,0.403
-0.448,0.403
-0.448,0.403
-0.448,0.403
-0.448,0.403
-0.448,0.411
-0.447,0.417
-0.443,0.441
-0.434,0.45
-0.412,0.45
-0.4,0.452
-0.4,0.452
-0.403,0.456
-0.404,0.456
-0.405,0.462
-0.406,0.468
-0.406,0.467
-0.407,0.464
-0.406,0.46
-0.407,0.456
-0.407,0.439
-0.407,0.439
-0.407,0.439
-0.407,0.439
-0.407,0.44
-0.407,0.44
-0.407,0.439
-0.408,0.439
-0.407,0.439
-0.408,0.432
-0.408,0.424
-0.409,0.422
-0.409,0.418
-0.409,0.414
-0.408,0.413
-0.409,0.4
-0.408,0.396
-0.409,0.394
-0.408,0.387
-0.409,0.387
-0.408,0.379
-0.408,0.37
-0.407,0.367
-0.405,0.366
-0.403,0.358
-0.401,0.358
-0.4,0.363
-0.393,0.364
-0.39,0.359
-0.39,0.344
-0.388,0.346
-0.386,0.345
-0.388,0.339
-0.388,0.346
-0.388,0.331
-0.387,0.309
-0.388,0.308
-0.388,0.312
-0.388,0.317
-0.389,0.32
-0.389,0.328
-0.392,0.333
-0.395,0.349
-0.397,0.35
-0.4,0.351
-0.401,0.353
-0.41,0.352
-0.416,0.353
-0.419,0.354
-0.419,0.353
-0.419,0.353
-0.42,0.353
-0.419,0.355
-0.42,0.36
-0.42,0.364
-0.42,0.368
-0.42,0.372
-0.42,0.377
-0.42,0.377
-0.42,0.414
-0.42,0.426
-0.42,0.426
-0.42,0.427
-0.42,0.427
-0.42,0.425
-0.419,0.424
-0.419,0.422
-0.42,0.42
-0.42,0.419
-0.42,0.418
-0.42,0.417
-0.42,0.414
-0.419,0.411
-0.42,0.41
-0.419,0.409
-0.419,0.41
-0.419,0.41
-0.42,0.41
-0.419,0.41
-0.42,0.41
-0.419,0.41
-0.419,0.41
-0.42,0.41
-0.419,0.41
-0.42,0.41
-0.42,0.41
-0.42,0.41
-0.419,0.405
-0.417,0.405
-0.414,0.404
-0.382,0.405
-0.38,0.403
-0.383,0.403
-0.383,0.403
-0.383,0.403
-0.383,0.403
-0.381,0.404
-0.38,0.405
-0.378,0.405
-0.379,0.405
-0.38,0.405
-0.381,0.405
-0.382,0.405
-0.382,0.405
-0.383,0.405
-0.384,0.405
-0.384,0.405
-0.385,0.405
-0.385,0.405
-0.385,0.405
-0.385,0.405
-0.385,0.405
-0.383,0.405
-0.382,0.405
-0.382,0.405
-0.383,0.405
-0.383,0.405
-0.382,0.405
-0.382,0.405
-0.381,0.407
-0.375,0.407
-0.37,0.407
-0.362,0.407
-0.362,0.405
-0.366,0.402
-0.369,0.302
-0.377,0.292
-0.385,0.254
-0.389,0.272
-0.389,0.282
-0.389,0.288
-0.389,0.287
-0.389,0.236
-0.389,0.235
-0.37,0.242
-0.367,0.189
-0.367,0.099
-0.367,0.0
-0.368,0.0
-0.369,0.01
-0.369,0.022
-0.369,0.028
-0.369,0.044
-0.368,0.045
-0.364,0.044
-0.355,0.039
-0.352,0.024
-0.343,0.019
-0.339,0.018
-0.336,0.019
-0.333,0.021
-0.33,0.028
-0.326,0.132
-0.325,0.178
-0.324,0.21
-0.324,0.221
-0.323,0.224
-0.323,0.237
-0.324,0.233
-0.323,0.238
-0.323,0.239
-0.324,0.238
-0.324,0.236
-0.323,0.236
-0.324,0.236
-0.324,0.237
-0.324,0.242
-0.324,0.24
-0.325,0.24
-0.325,0.247
-0.325,0.249
-0.326,0.234
-0.324,0.155
-0.321,0.084
-0.221,-0.031
-0.072,-0.002
-0.041,0.0
-0.038,0.0
-0.04,0.0
-0.04,0.0
-0.04,0.0
-0.04,0.0
-0.041,0.0
-0.041,0.0
-0.041,0.0
-0.041,0.0
-0.041,0.0
-0.041,0.0
-0.041,0.0
-0.041,0.0
-0.04,0.0
-0.033,0.0
-0.026,0.0
-0.019,0.0
-0.015,0.0
-0.017,0.0
-0.017,0.0
-0.018,0.0
-0.018,0.0
-0.017,0.0
-0.014,0.0
-0.004,0.0
-0.002,0.0
-0.009,0.002
-0.004,0.004
-0.004,0.011
-0.003,0.015
0.0,0.017
0.0,0.017
-0.003,0.017
-0.011,0.019
-0.008,0.019
-0.018,0.019
-0.018,0.019
-0.007,0.022
0.0,0.098
0.0,0.131
0.0,0.152
0.0,0.154
0.0,0.153
0.0,0.154
0.0,0.154
0.0,0.154
0.0,0.163
0.0,0.171
0.0,0.19
0.0,0.197
0.0,0.201
0.0,0.21
0.0,0.216
0.0,0.216
0.0,0.216
0.0,0.218
0.0,0.218
0.0,0.214
0.0,0.218
0.0,0.224
-0.027,0.243
-0.074,0.255
-0.038,0.294
-0.018,0.353
-0.016,0.359
-0.016,0.36
-0.014,0.362
-0.03,0.365
-0.061,0.366
-0.097,0.365
-0.103,0.364
-0.109,0.361
-0.213,0.358
-0.251,0.349
-0.293,0.347
-0.298,0.347
-0.307,0.346
-0.316,0.346
-0.321,0.346
-0.336,0.347
-0.355,0.347
-0.355,0.347
-0.354,0.347
-0.352,0.347
-0.348,0.347
-0.345,0.347
-0.345,0.347
-0.344,0.347
-0.344,0.345
-0.343,0.341
-0.343,0.341
-0.343,0.341
-0.343,0.341
-0.343,0.34
-0.342,0.341
-0.342,0.341
-0.342,0.34
-0.342,0.342
-0.342,0.342
-0.342,0.342
-0.342,0.343
-0.342,0.344
-0.342,0.343
-0.342,0.343
-0.342,0.344
-0.342,0.343
-0.342,0.34
-0.341,0.34
-0.341,0.335
-0.341,0.33
-0.341,0.327
-0.341,0.327
-0.341,0.261
-0.341,0.266
-0.341,0.266
-0.34,0.251
-0.34,0.252
-0.339,0.266
-0.337,0.273
-0.336,0.277
-0.335,0.28
-0.335,0.281
-0.334,0.281
-0.334,0.283
-0.334,0.283
-0.334,0.284
-0.334,0.283
-0.333,0.297
-0.333,0.302
-0.333,0.303
-0.333,0.304
-0.333,0.307
-0.333,0.312
-0.333,0.313
-0.334,0.314
-0.333,0.314
-0.334,0.314
-0.334,0.315
-0.333,0.319
-0.334,0.321
-0.334,0.325
-0.333,0.328
-0.333,0.332
-0.333,0.34
-0.333,0.339
-0.333,0.345
-0.334,0.328
-0.334,0.239
-0.334,0.233
-0.335,0.126
-0.334,0.084
-0.336,0.062
-0.336,0.072
-0.338,0.079
-0.349,0.081
-0.437,0.081
-0.494,0.081
-0.562,0.08
-0.562,0.079
-0.562,0.075
-0.561,0.0
-0.561,0.0
-0.56,-0.025
-0.559,-0.026
-0.558,-0.027
-0.558,-0.014
-0.558,-0.004
-0.558,-0.008
-0.558,-0.006
-0.558,-0.006
-0.558,-0.006
-0.559,-0.004
-0.587,-0.004
-0.68,-0.002
-0.702,0.0
-0.703,0.0
-0.697,0.0
-0.691,0.0
-0.691,0.0
-0.689,0.0
-0.688,0.0
-0.688,0.0
-0.688,0.0
-0.688,0.0
-0.688,0.0
-0.688,0.0
-0.688,0.0
-0.688,0.0
-0.688,0.0
-0.688,0.0
-0.688,0.0
-0.688,0.0
-0.688,0.0
-0.688,0.0
-0.688,0.0
-0.687,0.0
-0.687,0.0
-0.685,0.0
-0.685,0.0
-0.685,0.0
-0.685,0.0
-0.685,0.0
-0.685,0.0
-0.682,0.0
-0.675,0.0
-0.673,0.0
-0.672,0.0
-0.668,0.0
-0.666,0.007
-0.657,0.013
-0.646,0.008
-0.624,0.0
-0.604,-0.009
-0.6,-0.012
-0.593,-0.001
-0.592,0.0
-0.589,0.0
-0.583,0.0
-0.582,0.0
-0.582,0.0
-0.581,0.0
-0.581,0.0
-0.581,0.0
-0.582,0.0
-0.582,0.0
-0.582,0.001
-0.582,0.019
-0.582,0.021
-0.582,0.023
-0.582,0.024
-0.582,0.024
-0.581,0.025
-0.581,0.028
-0.581,0.038
-0.578,0.039
-0.571,0.062
-0.563,0.075
-0.54,0.095
-0.503,0.127
-0.502,0.182
-0.499,0.238
-0.5,0.278
-0.502,0.315
-0.502,0.334
-0.502,0.363
-0.499,0.361
-0.497,0.42
-0.489,0.44
-0.487,0.471
-0.479,0.488
-0.479,0.497
-0.481,0.534
-0.483,0.538
-0.482,0.544
-0.481,0.566
-0.452,0.573
-0.414,0.576
-0.395,0.585
-0.364,0.59
-0.365,0.593
-0.369,0.591
-0.369,0.589
-0.372,0.589
-0.372,0.59
-0.372,0.593
-0.373,0.599
-0.377,0.614
-0.39,0.646
-0.417,0.645
-0.423,0.646
-0.427,0.649
-0.426,0.651
-0.425,0.651
-0.423,0.651
-0.419,0.649
-0.416,0.648
-0.407,0.649
-0.406,0.646
-0.406,0.644
-0.362,0.642
-0.333,0.638
-0.327,0.633
-0.324,0.621
-0.323,0.619
-0.324,0.619
-0.325,0.618
-0.324,0.608
-0.324,0.601
-0.325,0.576
-0.327,0.559
-0.33,0.524
-0.332,0.518
-0.334,0.509
-0.335,0.471
-0.336,0.45
-0.335,0.475
-0.335,0.475
-0.335,0.479
-0.335,0.473
-0.336,0.471
-0.337,0.479
-0.336,0.486
-0.336,0.489
-0.337,0.49
-0.339,0.489
-0.344,0.496
-0.345,0.497
-0.345,0.505
-0.341,0.511
-0.338,0.523
-0.319,0.524
-0.323,0.524
-0.324,0.524
-0.326,0.525
-0.327,0.526
-0.324,0.527
-0.323,0.528
-0.321,0.53
-0.321,0.529
-0.323,0.529
-0.327,0.529
-0.339,0.53
-0.343,0.53
-0.343,0.53
-0.342,0.53
-0.338,0.53
-0.335,0.53
-0.331,0.53
-0.331,0.53
-0.331,0.531
-0.333,0.531
-0.335,0.523
-0.338,0.441
-0.338,0.407
-0.337,0.417
-0.337,0.414
-0.337,0.405
-0.339,0.401
-0.341,0.383
-0.342,0.364
-0.344,0.383
-0.348,0.375
-0.348,0.381
-0.348,0.379
-0.348,0.382
-0.349,0.369
-0.349,0.365
-0.349,0.355
-0.348,0.344
-0.349,0.351
-0.349,0.308
-0.349,0.318
-0.349,0.319
-0.349,0.306
-0.352,0.314
-0.353,0.316
-0.353,0.308
-0.351,0.314
-0.352,0.306
-0.352,0.32
-0.352,0.307
-0.352,0.315
-0.352,0.306
-0.353,0.312
-0.355,0.31
-0.357,0.28
-0.359,0.278
-0.358,0.259
-0.357,0.257
-0.355,0.262
-0.354,0.265
-0.354,0.259
-0.354,0.251
-0.354,0.257
-0.354,0.251
-0.354,0.25
-0.354,0.256
-0.354,0.257
-0.354,0.259
-0.354,0.259
-0.354,0.262
-0.354,0.261
-0.354,0.262
-0.354,0.263
-0.354,0.271
-0.354,0.28
-0.354,0.287
-0.354,0.285
-0.354,0.29
-0.354,0.296
-0.354,0.306
-0.354,0.315
-0.354,0.321
-0.354,0.321
-0.354,0.321
-0.354,0.321
-0.354,0.319
-0.354,0.316
-0.354,0.315
-0.354,0.31
-0.354,0.309
-0.354,0.309
-0.354,0.309
-0.354,0.308
-0.354,0.308
-0.354,0.308
-0.354,0.304
-0.354,0.298
-0.354,0.295
-0.354,0.272
-0.354,0.248
-0.354,0.225
-0.354,0.223
-0.355,0.225
-0.354,0.216
-0.354,0.225
-0.354,0.228
-0.354,0.226
-0.354,0.229
-0.354,0.229
-0.354,0.229
-0.354,0.229
-0.354,0.229
-0.354,0.228
-0.354,0.229
-0.354,0.23
-0.354,0.231
-0.354,0.231
-0.354,0.23
-0.354,0.231
-0.354,0.231
-0.354,0.229
-0.354,0.23
-0.354,0.23
-0.354,0.231
-0.354,0.23
-0.354,0.227
-0.354,0.227
-0.354,0.225
-0.354,0.224
-0.354,0.225
-0.354,0.227
-0.354,0.227
-0.354,0.229
-0.354,0.231
-0.354,0.229
-0.354,0.231
-0.354,0.231
-0.354,0.231
-0.354,0.234
-0.354,0.233
-0.354,0.235
-0.354,0.236
-0.354,0.24
-0.354,0.244
-0.355,0.251
-0.361,0.252
-0.375,0.254
-0.383,0.255
-0.386,0.256
-0.393,0.257
-0.395,0.257
-0.397,0.258
-0.404,0.258
-0.412,0.259
-0.42,0.259
-0.425,0.259
-0.434,0.259
-0.442,0.26
-0.455,0.26
-0.475,0.261
-0.497,0.26
-0.497,0.26
-0.501,0.261
-0.503,0.26
-0.502,0.261
-0.497,0.26
-0.491,0.261
-0.485,0.261
-0.474,0.261
-0.46,0.261
-0.436,0.261
-0.372,0.261
-0.351,0.261
-0.35,0.261
-0.348,0.261
-0.347,0.261
-0.345,0.261
-0.342,0.261
-0.34,0.261
-0.337,0.267
-0.337,0.27
-0.336,0.278
-0.336,0.272
-0.336,0.312
-0.335,0.327
-0.335,0.34
-0.334,0.337
-0.335,0.338
-0.335,0.353
-0.335,0.379
-0.334,0.394
-0.332,0.41
-0.333,0.409
-0.333,0.419
-0.331,0.418
-0.312,0.414
-0.29,0.428
-0.257,0.444
-0.258,0.491
-0.259,0.501
-0.258,0.502
-0.257,0.503
-0.259,0.505
-0.259,0.494
-0.258,0.49
-0.253,0.486
-0.222,0.485
-0.195,0.485
-0.145,0.486
-0.126,0.485
-0.125,0.486
-0.125,0.486
-0.126,0.486
-0.128,0.481
-0.129,0.456
-0.13,0.416
-0.131,0.405
-0.13,0.389
-0.13,0.377
-0.132,0.357
-0.132,0.353
-0.135,0.343
-0.145,0.324
-0.146,0.298
-0.146,0.314
-0.146,0.315
-0.145,0.297
-0.144,0.289
-0.143,0.281
-0.142,0.287
-0.142,0.276
-0.141,0.267
-0.141,0.254
-0.14,0.227
-0.14,0.24
-0.141,0.228
-0.141,0.253
-0.148,0.247
-0.169,0.249
-0.23,0.249
-0.242,0.251
-0.242,0.261
-0.236,0.255
-0.234,0.263
-0.231,0.259
-0.231,0.244
-0.231,0.243
-0.232,0.251
-0.233,0.245
-0.234,0.242
-0.233,0.248
-0.232,0.245
-0.225,0.248
-0.219,0.253
-0.217,0.26
-0.217,0.262
-0.218,0.264
-0.218,0.27
-0.218,0.281
-0.216,0.285
-0.214,0.3
-0.212,0.306
-0.205,0.306
-0.203,0.306
-0.203,0.308
-0.204,0.308
-0.205,0.308
-0.209,0.308
-0.209,0.308
-0.209,0.308
-0.219,0.308
-0.233,0.309
-0.255,0.31
-0.258,0.31
-0.255,0.31
-0.255,0.31
-0.257,0.31
-0.262,0.31
-0.262,0.31
-0.259,0.31
-0.258,0.31
-0.257,0.31
-0.255,0.311
-0.247,0.31
-0.23,0.311
-0.229,0.31
-0.229,0.311
-0.229,0.311
-0.228,0.311
-0.237,0.31
-0.242,0.311
-0.243,0.311
-0.239,0.304
-0.234,0.311
-0.229,0.311
-0.229,0.311
-0.229,0.307
-0.228,0.304
-0.229,0.305
-0.228,0.299
-0.228,0.18
-0.228,0.218
-0.228,0.221
-0.228,0.21
-0.228,0.199
-0.228,0.194
-0.228,0.2
-0.228,0.21
-0.228,0.22
-0.228,0.226
-0.228,0.229
-0.192,0.231
-0.158,0.231
-0.155,0.232
-0.155,0.251
-0.154,0.26
-0.153,0.272
-0.146,0.272
-0.119,0.3
-0.109,0.302
-0.101,0.304
-0.066,0.306
-0.058,0.304
-0.017,0.304
-0.016,0.304
-0.011,0.304
-0.017,0.302
-0.006,0.299
-0.014,0.288
-0.012,0.287
-0.002,0.288
0.0,0.287
-0.001,0.288
-0.005,0.288
-0.021,0.288
-0.004,0.288
-0.001,0.288
0.0,0.289
0.0,0.288
0.0,0.288
0.0,0.281
0.0,0.263
-0.018,0.255
-0.026,0.225
-0.06,0.229
-0.059,0.231
-0.014,0.231
0.011,0.232
0.019,0.231
0.109,0.234
0.12,0.236
0.124,0.239
0.127,0.242
0.127,0.249
0.12,0.251
0.114,0.255
0.109,0.266
0.107,0.266
0.107,0.267
0.107,0.267
0.107,0.268
0.105,0.269
0.105,0.268
0.104,0.269
0.104,0.268
0.104,0.269
0.103,0.27
0.103,0.268
0.101,0.27
0.101,0.27
0.1,0.273
0.098,0.274
0.098,0.274
0.098,0.274
0.098,0.276
0.098,0.276
0.098,0.277
0.098,0.277
0.098,0.278
0.098,0.28
0.098,0.282
0.098,0.285
0.098,0.289
0.097,0.326
0.097,0.342
0.097,0.346
0.097,0.355
0.097,0.36
0.098,0.36
0.097,0.362
0.097,0.362
0.098,0.362
0.097,0.364
0.097,0.364
0.098,0.364
0.098,0.366
0.097,0.364
0.098,0.365
0.096,0.366
0.096,0.366
0.096,0.366
0.096,0.365
0.096,0.364
0.096,0.363
0.096,0.363
0.096,0.364
0.096,0.364
0.096,0.363
0.096,0.362
0.096,0.363
0.096,0.361
0.096,0.359
0.096,0.357
0.096,0.353
0.096,0.351
0.096,0.347
0.096,0.345
0.096,0.345
0.096,0.346
0.096,0.346
0.098,0.345
0.098,0.346
0.098,0.346
0.099,0.345
0.098,0.346
0.1,0.346
0.101,0.345
0.103,0.346
0.103,0.345
0.103,0.346
0.102,0.346
0.103,0.345
0.103,0.346
0.103,0.346
0.103,0.345
0.103,0.321
0.103,0.376
0.103,0.381
0.103,0.387
0.103,0.389
0.103,0.392
0.103,0.39
0.103,0.389
0.104,0.382
0.104,0.379
0.103,0.374
0.103,0.374
0.104,0.374
0.109,0.374
0.116,0.374
0.12,0.368
0.127,0.308
0.127,0.332
0.128,0.317
0.128,0.302
0.128,0.311
0.128,0.311
0.126,0.316
0.126,0.315
0.12,0.314
0.126,0.318
0.126,0.306
0.125,0.308
0.124,0.311
0.122,0.317
0.122,0.317
0.121,0.314
0.12,0.315
0.119,0.318
0.118,0.321
0.118,0.32
0.116,0.321
0.115,0.321
0.111,0.322
0.109,0.325
0.108,0.328
0.108,0.345
0.108,0.346
0.107,0.337
0.109,0.361
0.107,0.373
0.108,0.343
0.107,0.402
0.109,0.411
0.109,0.422
0.109,0.423
0.109,0.427
0.109,0.428
0.109,0.42
0.109,0.423
0.115,0.427
0.156,0.426
0.155,0.426
0.156,0.426
0.156,0.429
0.155,0.43
0.153,0.431
0.152,0.429
0.152,0.43
0.152,0.434
0.152,0.43
0.149,0.429
0.148,0.428
0.145,0.419
0.14,0.415
0.139,0.415
0.129,0.414
0.13,0.405
0.129,0.363
0.129,0.336
0.129,0.325
0.13,0.328
0.129,0.321
0.13,0.309
0.13,0.302
0.129,0.304
0.129,0.307
0.129,0.31
0.13,0.319
0.13,0.314
0.13,0.315
0.129,0.311
0.13,0.313
0.129,0.314
0.13,0.317
0.129,0.313
0.13,0.313
0.13,0.318
0.13,0.322
0.13,0.321
0.129,0.323
0.13,0.318
0.13,0.324
0.13,0.326
0.13,0.326
0.129,0.327
0.13,0.328
0.13,0.33
0.129,0.33
0.13,0.33
0.13,0.33
0.13,0.33
0.13,0.331
0.13,0.332
0.129,0.332
0.13,0.333
0.13,0.333
0.13,0.334
0.13,0.334
0.13,0.337
0.13,0.344
0.131,0.35
0.13,0.36
0.131,0.37
0.13,0.376
0.13,0.38
0.13,0.381
0.13,0.382
0.129,0.383
0.13,0.382
0.13,0.382
0.13,0.381
0.13,0.382
0.129,0.381
0.13,0.377
0.13,0.377
0.13,0.377
0.13,0.377
0.129,0.379
0.13,0.379
0.13,0.374
0.13,0.377
0.13,0.377
0.13,0.377
0.13,0.375
0.13,0.376
0.13,0.375
0.133,0.375
0.156,0.371
0.181,0.368
0.227,0.368
0.232,0.366
0.237,0.366
0.239,0.366
0.238,0.366
0.237,0.366
0.234,0.366
0.233,0.366
0.231,0.367
0.229,0.366
0.223,0.366
0.216,0.366
0.217,0.366
0.216,0.367
0.216,0.367
0.215,0.367
0.216,0.366
0.214,0.367
0.215,0.367
0.214,0.367
0.211,0.367
0.206,0.367
0.2,0.367
0.194,0.367
0.181,0.367
0.154,0.367
0.148,0.366
0.152,0.367
0.152,0.367
0.155,0.366
0.155,0.367
0.157,0.375
0.151,0.377
0.157,0.395
0.158,0.409
0.157,0.43
0.157,0.434
0.157,0.433
0.156,0.434
0.158,0.443
0.157,0.443
0.158,0.441
0.157,0.449
0.157,0.449
0.158,0.452
0.157,0.449
0.158,0.45
0.158,0.45
0.157,0.447
0.158,0.447
0.158,0.445
0.158,0.445
0.159,0.442
0.158,0.442
0.158,0.441
0.159,0.441
0.159,0.44
0.159,0.44
0.159,0.441
0.159,0.44
0.16,0.441
0.16,0.441
0.16,0.441
0.16,0.44
0.16,0.441
0.161,0.441
0.161,0.441
0.161,0.441
0.161,0.44
0.161,0.443
0.161,0.445
0.162,0.446
0.161,0.449
0.161,0.443
0.161,0.466
0.161,0.471
0.161,0.468
0.161,0.494
0.161,0.495
0.161,0.495
0.161,0.496
0.161,0.494
0.161,0.495
0.161,0.495
0.161,0.494
0.161,0.492
0.161,0.489
0.162,0.485
0.163,0.484
0.168,0.482
0.173,0.48
0.173,0.48
0.173,0.48
0.176,0.479
0.181,0.473
0.185,0.469
0.184,0.468
0.184,0.469
0.184,0.469
0.183,0.469
0.182,0.469
0.182,0.469
0.182,0.469
0.182,0.468
0.182,0.468
0.182,0.468
0.182,0.468
0.184,0.468
0.184,0.469
0.184,0.469
0.186,0.469
0.185,0.468
0.186,0.469
0.187,0.468
0.189,0.469
0.19,0.469
0.193,0.469
0.214,0.469
0.221,0.469
0.26,0.469
0.266,0.469
0.269,0.469
0.257,0.469
0.245,0.469
0.244,0.469
0.245,0.469
0.245,0.469
0.246,0.469
0.246,0.469
0.246,0.469
0.245,0.469
0.246,0.469
0.246,0.469
0.246,0.469
0.246,0.468
0.246,0.469
0.246,0.469
0.246,0.469
0.246,0.469
0.246,0.469
0.246,0.469
0.246,0.469
0.246,0.469
0.246,0.468
0.246,0.468
0.233,0.467
0.204,0.467
0.178,0.466
0.182,0.465
0.185,0.463
0.181,0.462
0.178,0.46
0.175,0.459
0.172,0.459
0.167,0.459
0.167,0.459
0.154,0.458
0.156,0.459
0.162,0.458
0.169,0.458
0.177,0.458
0.18,0.459
0.183,0.458
0.184,0.458
0.186,0.458
0.186,0.458
0.184,0.459
0.183,0.459
0.181,0.458
0.175,0.458
0.173,0.458
0.169,0.457
0.165,0.457
0.157,0.456
0.142,0.457
0.148,0.457
0.152,0.456
0.157,0.457
0.158,0.457
0.161,0.457
0.16,0.458
0.16,0.458
0.16,0.457
0.158,0.457
0.159,0.457
0.157,0.457
0.157,0.458
0.157,0.456
0.156,0.457
0.156,0.457
0.156,0.457
0.154,0.456
0.157,0.457
0.158,0.457
0.158,0.458
0.157,0.458
0.158,0.458
0.158,0.458
0.158,0.458
0.158,0.458
0.158,0.457
0.158,0.458
0.158,0.458
0.158,0.458
0.158,0.458
0.158,0.458
0.158,0.458
0.158,0.458
0.158,0.458
0.158,0.458
0.159,0.458
0.158,0.457
0.159,0.457
0.158,0.458
0.159,0.458
0.16,0.458
0.16,0.457
0.16,0.458
0.163,0.458
0.166,0.458
0.166,0.458
0.169,0.458
0.176,0.458
0.179,0.457
0.18,0.458
0.18,0.458
0.18,0.458
0.179,0.458
0.18,0.459
0.179,0.46
0.18,0.46
0.18,0.459
0.18,0.459
0.18,0.458
0.18,0.459
0.18,0.458
0.18,0.459
0.18,0.458
0.18,0.458
0.18,0.459
0.18,0.46
0.18,0.461
0.181,0.462
0.181,0.463
0.182,0.462
0.18,0.462
0.18,0.462
0.18,0.462
0.181,0.462
0.181,0.461
0.181,0.461
0.18,0.46
0.181,0.46
0.181,0.46
0.181,0.46
0.18,0.46
0.18,0.459
0.181,0.459
0.18,0.457
0.181,0.457
0.181,0.457
0.18,0.457
0.181,0.458
0.182,0.457
0.181,0.458
0.18,0.457
0.175,0.458
0.169,0.458
0.166,0.458
0.153,0.458
0.141,0.457
0.136,0.458
0.141,0.458
0.141,0.457
0.14,0.456
0.144,0.456
0.147,0.455
0.144,0.454
0.147,0.454
0.148,0.454
0.148,0.454
0.149,0.454
0.149,0.454
0.149,0.454
0.15,0.454
0.15,0.453
0.15,0.454
0.15,0.454
0.15,0.454
0.15,0.454
0.15,0.454
0.151,0.454
0.151,0.454
0.151,0.453
0.151,0.447
0.151,0.454
0.152,0.453
0.151,0.453
0.151,0.454
0.152,0.454
0.15,0.454
0.15,0.453
0.151,0.454
0.15,0.454
0.15,0.454
0.151,0.453
0.151,0.451
0.151,0.45
0.152,0.446
0.151,0.445
0.151,0.443
0.15,0.44
0.15,0.436
0.15,0.432
0.15,0.432
0.144,0.432
0.141,0.434
0.136,0.434
0.131,0.434
0.133,0.433
0.12,0.432
0.108,0.433
0.12,0.433
0.118,0.415
0.114,0.414
0.117,0.429
0.119,0.439
0.121,0.465
0.127,0.467
0.125,0.478
0.125,0.494
0.126,0.505
0.126,0.509
0.126,0.546
0.126,0.562
0.126,0.57
0.126,0.562
0.126,0.573
0.127,0.586
0.129,0.591
0.129,0.593
0.128,0.593
0.13,0.593
0.13,0.591
0.131,0.591
0.131,0.591
0.131,0.582
0.131,0.574
0.131,0.561
0.131,0.559
0.132,0.558
0.131,0.558
0.131,0.559
0.131,0.558
0.131,0.559
0.131,0.558
0.131,0.558
0.131,0.558
0.132,0.558
0.132,0.559
0.131,0.558
0.131,0.559
0.132,0.558
0.132,0.558
0.131,0.558
0.131,0.559
0.131,0.559
0.131,0.559
0.132,0.559
0.132,0.558
0.133,0.559
0.133,0.559
0.132,0.559
0.132,0.558
0.132,0.559
0.132,0.559
0.132,0.547
0.133,0.543
0.132,0.536
0.131,0.536
0.132,0.535
0.132,0.536
0.131,0.536
0.132,0.535
0.132,0.535
0.131,0.534
0.131,0.535
0.131,0.536
0.131,0.536
0.131,0.536
0.131,0.535
0.131,0.535
0.131,0.536
0.131,0.535
0.132,0.535
0.131,0.53
0.131,0.53
0.131,0.51
0.131,0.448
0.132,0.43
0.132,0.441
0.132,0.46
0.133,0.459
0.132,0.465
0.133,0.452
0.131,0.459
0.131,0.46
0.131,0.46
0.131,0.442
0.131,0.456
0.131,0.454
0.129,0.46
0.127,0.464
0.126,0.466
0.124,0.464
0.118,0.464
0.117,0.465
0.118,0.467
0.118,0.464
0.116,0.467
0.113,0.452
0.114,0.403
0.114,0.411
0.114,0.438
0.116,0.435
0.118,0.437
0.114,0.442
0.114,0.446
0.116,0.445
0.117,0.442
0.118,0.448
0.12,0.447
0.118,0.441
0.119,0.434
0.118,0.43
0.118,0.432
0.118,0.403
0.118,0.415
0.117,0.431
0.114,0.425
0.111,0.417
0.107,0.411
0.107,0.409
0.103,0.42
0.103,0.417
0.111,0.39
0.112,0.407
0.107,0.39
0.108,0.393
0.107,0.391
0.107,0.395
0.102,0.394
0.1,0.381
0.105,0.377
0.103,0.382
0.102,0.374
0.102,0.362
0.083,0.385
0.078,0.388
0.074,0.371
0.072,0.376
0.074,0.373
0.065,0.364
0.068,0.358
0.079,0.345
0.084,0.298
0.083,0.286
0.083,0.289
0.084,0.303
0.096,0.297
0.107,0.297
0.112,0.293
0.113,0.299
0.113,0.288
0.114,0.219
0.114,0.208
0.115,0.206
0.115,0.214
0.115,0.201
0.116,0.192
0.138,0.193
0.143,0.2
0.144,0.188
0.144,0.158
0.145,0.157
0.145,0.161
0.146,0.141
0.146,0.144
0.148,0.149
0.149,0.148
0.15,0.15
0.15,0.156
0.151,0.156
0.151,0.156
0.152,0.157
0.152,0.157
0.152,0.158
0.153,0.157
0.152,0.158
0.153,0.157
0.152,0.157
0.15,0.156
0.149,0.156
0.147,0.157
0.144,0.158
0.137,0.158
0.137,0.16
0.135,0.163
0.133,0.17
0.132,0.188
0.132,0.233
0.132,0.257
0.132,0.291
0.132,0.321
0.132,0.338
0.133,0.37
0.132,0.377
0.133,0.376
0.132,0.374
0.132,0.378
0.132,0.375
0.132,0.37
0.132,0.376
0.132,0.379
0.132,0.378
0.132,0.381
0.132,0.374
0.132,0.381
0.132,0.382
0.132,0.381
0.132,0.382
0.132,0.382
0.133,0.381
0.132,0.381
0.133,0.381
0.132,0.38
0.132,0.379
0.123,0.379
0.117,0.379
0.108,0.379
0.101,0.38
0.101,0.381
0.101,0.379
0.098,0.38
0.097,0.38
0.096,0.381
0.093,0.383
0.09,0.386
0.09,0.379
0.088,0.368
0.09,0.363
0.089,0.364
0.09,0.362
0.086,0.363
0.084,0.362
0.084,0.273
0.086,0.189
0.086,0.239
0.086,0.26
0.086,0.265
0.089,0.264
0.088,0.265
0.089,0.268
0.09,0.27
0.091,0.271
0.092,0.272
0.092,0.274
0.095,0.274
0.099,0.276
0.101,0.276
0.109,0.277
0.113,0.278
0.115,0.278
0.116,0.278
0.117,0.278
0.118,0.278
0.118,0.278
0.118,0.279
0.119,0.28
0.119,0.283
0.12,0.279
0.12,0.279
0.12,0.278
0.12,0.277
0.119,0.278
0.12,0.278
0.12,0.276
0.12,0.276
0.12,0.268
0.12,0.207
0.121,0.244
0.12,0.247
0.12,0.253
0.121,0.255
0.121,0.255
0.121,0.257
0.12,0.257
0.12,0.257
0.121,0.257
0.12,0.257
0.121,0.255
0.12,0.213
0.12,0.214
0.122,0.225
0.121,0.227
0.121,0.233
0.122,0.237
0.121,0.256
0.122,0.261
0.122,0.261
0.121,0.261
0.121,0.261
0.121,0.262
0.121,0.262
0.121,0.262
0.121,0.263
0.121,0.263
0.121,0.263
0.122,0.253
0.124,0.182
0.145,0.169
0.152,0.156
0.154,0.11
0.156,0.09
0.156,0.054
0.161,0.043
0.159,0.034
0.158,0.041
0.156,0.045
0.153,0.047
0.15,0.053
0.148,0.056
0.148,0.06
0.148,0.059
0.145,0.047
0.144,0.034
0.143,0.021
0.142,0.0
0.141,-0.027
0.141,-0.048
0.14,-0.008
0.139,0.0
0.137,0.0
0.133,0.0
0.13,-0.055
0.129,-0.067
0.129,-0.096
0.129,-0.115
0.13,-0.213
0.129,-0.304
0.129,-0.329
0.129,-0.329
0.129,-0.326
0.129,-0.315
0.129,-0.231
0.129,-0.188
0.128,-0.129
0.129,-0.112
0.128,-0.115
0.128,-0.116
0.128,-0.117
0.128,-0.119
0.127,-0.122
0.125,-0.124
0.124,-0.125
0.122,-0.131
0.118,-0.131
0.114,-0.131
0.109,-0.132
0.098,-0.141
0.084,-0.148
0.079,-0.151
0.064,-0.151
0.066,-0.141
0.062,-0.092
0.056,-0.044
0.033,0.009
0.007,0.039
0.0,0.094
0.0,0.116
0.0,0.166
0.0,0.176
0.002,0.182
0.006,0.212
0.013,0.212
0.019,0.212
0.019,0.212
0.012,0.206
-0.04,0.197
-0.032,0.196
0.0,0.195
-0.004,0.193
0.0,0.192
0.0,0.192
0.0,0.192
0.0,0.19
-0.027,0.19
-0.094,0.19
-0.068,0.191
-0.128,0.191
-0.074,0.19
-0.089,0.19
-0.061,0.19
-0.057,0.19
-0.044,0.19
-0.036,0.19
-0.035,0.19
-0.035,0.189
-0.027,0.19
-0.021,0.19
-0.02,0.189
-0.018,0.19
-0.017,0.19
-0.016,0.19
-0.016,0.19
-0.016,0.19
-0.021,0.19
-0.064,0.19
-0.086,0.19
-0.101,0.19
-0.096,0.19
-0.117,0.19
-0.113,0.19
-0.112,0.19
-0.119,0.19
-0.135,0.19
-0.135,0.19
-0.136,0.19
-0.144,0.186
-0.162,0.19
-0.178,0.19
-0.181,0.19
-0.184,0.19
-0.184,0.19
-0.185,0.19
-0.185,0.19
-0.185,0.19
-0.187,0.19
-0.186,0.19
-0.189,0.19
-0.193,0.19
-0.198,0.19
-0.202,0.19
-0.201,0.19
-0.197,0.19
-0.197,0.19
-0.197,0.19
-0.201,0.19
-0.208,0.19
-0.212,0.19
-0.218,0.19
-0.238,0.19
-0.242,0.19
-0.245,0.19
-0.24,0.19
-0.237,0.19
-0.236,0.19
-0.236,0.177
-0.237,0.152
-0.239,0.152
-0.238,0.139
-0.236,0.126
-0.233,0.12
-0.233,0.097
-0.233,0.09
-0.238,0.091
-0.238,0.089
-0.237,0.093
-0.236,0.095
-0.231,0.096
-0.227,0.098
-0.225,0.101
-0.222,0.1
-0.222,0.1
-0.222,0.1
-0.223,0.1
-0.222,0.099
-0.222,0.099
-0.223,0.099
-0.224,0.099
-0.223,0.098
-0.223,0.098
-0.223,0.098
-0.224,0.097
-0.224,0.096
-0.224,0.086
-0.224,0.062
-0.224,0.059
-0.224,0.077
-0.223,0.07
-0.218,0.045
-0.215,0.035
-0.213,0.058
-0.213,0.056
-0.212,0.034
-0.212,0.032
-0.188,0.038
-0.133,0.043
-0.104,0.029
-0.097,0.032
-0.086,0.031
-0.077,0.038
-0.059,0.041
-0.043,0.034
-0.045,0.034
-0.041,0.013
-0.046,0.022
-0.024,0.023
-0.031,0.006
-0.02,0.0
-0.027,0.0
-0.02,0.002
-0.021,0.0
-0.021,0.007
-0.022,0.002
-0.022,0.003
-0.021,0.003
-0.021,0.007
-0.022,0.002
-0.021,0.009
-0.021,0.011
-0.017,0.018
-0.029,0.022
-0.029,0.018
-0.02,0.017
-0.01,0.02
-0.003,0.024
-0.005,0.023
-0.006,0.025
-0.008,0.026
-0.016,0.026
-0.015,0.042
-0.016,0.051
-0.016,0.066
-0.016,0.116
-0.016,0.159
-0.015,0.183
-0.015,0.223
-0.016,0.263
-0.016,0.263
-0.023,0.261
-0.05,0.254
-0.106,0.245
-0.115,0.242
-0.158,0.24
-0.157,0.242
-0.151,0.243
-0.168,0.245
-0.177,0.249
-0.172,0.25
-0.166,0.249
-0.166,0.249
-0.165,0.248
-0.166,0.248
-0.167,0.249
-0.203,0.248
-0.221,0.248
-0.227,0.248
-0.221,0.249
-0.217,0.247
-0.203,0.247
-0.203,0.247
-0.203,0.248
-0.203,0.248
-0.202,0.248
-0.202,0.248
-0.202,0.248
-0.201,0.247
-0.201,0.245
-0.201,0.24
-0.2,0.24
-0.2,0.241
-0.2,0.241
-0.2,0.241
-0.2,0.241
-0.2,0.241
-0.2,0.24
-0.204,0.241
-0.208,0.241
-0.21,0.241
-0.216,0.241
-0.24,0.235
-0.247,0.184
-0.248,0.185
-0.261,0.185
-0.271,0.19
-0.28,0.191
-0.283,0.194
-0.284,0.193
-0.286,0.191
-0.286,0.193
-0.285,0.191
-0.286,0.19
-0.286,0.188
-0.284,0.188
-0.285,0.188
-0.284,0.188
-0.281,0.186
-0.282,0.184
-0.282,0.18
-0.283,0.174
-0.283,0.171
-0.282,0.171
-0.282,0.175
-0.281,0.175
-0.282,0.18
-0.282,0.178
-0.282,0.176
-0.282,0.173
-0.282,0.178
-0.282,0.173
-0.282,0.175
-0.281,0.175
-0.281,0.176
-0.281,0.176
-0.281,0.176
-0.281,0.181
-0.281,0.181
-0.281,0.184
-0.281,0.183
-0.278,0.184
-0.278,0.184
-0.274,0.183
-0.269,0.182
-0.265,0.183
-0.264,0.186
-0.264,0.189
-0.263,0.19
-0.263,0.193
-0.263,0.197
-0.262,0.208
-0.262,0.209
-0.262,0.211
-0.262,0.212
-0.262,0.21
-0.262,0.211
-0.262,0.212
-0.262,0.212
-0.262,0.211
-0.262,0.212
-0.261,0.212
-0.26,0.212
-0.26,0.211
-0.26,0.212
-0.259,0.212
-0.259,0.212
-0.258,0.212
-0.257,0.212
-0.256,0.212
-0.256,0.212
-0.256,0.212
-0.256,0.212
-0.256,0.212
-0.256,0.212
-0.256,0.213
-0.256,0.212
-0.256,0.212
-0.256,0.212
-0.256,0.212
-0.254,0.212
-0.256,0.212
-0.255,0.212
-0.255,0.212
-0.256,0.212
-0.256,0.212
-0.255,0.212
-0.255,0.212
-0.255,0.212
-0.255,0.212
-0.255,0.212
-0.255,0.212
-0.255,0.213
-0.252,0.213
-0.249,0.213
-0.247,0.213
-0.244,0.213
-0.242,0.212
-0.24,0.213
-0.24,0.213
-0.24,0.212
-0.24,0.213
-0.24,0.213
-0.24,0.213
-0.241,0.212
-0.24,0.213
-0.242,0.214
-0.242,0.212
-0.242,0.213
-0.242,0.213
-0.237,0.213
-0.162,0.212
-0.145,0.212
-0.14,0.21
-0.14,0.21
-0.141,0.211
-0.144,0.211
-0.148,0.21
-0.153,0.211
-0.156,0.211
-0.155,0.211
-0.156,0.21
-0.156,0.21
-0.156,0.21
-0.155,0.21
-0.155,0.21
-0.155,0.21
-0.156,0.21
-0.155,0.209
-0.156,0.21
-0.156,0.21
-0.157,0.21
-0.156,0.21
-0.156,0.21
-0.156,0.21
-0.156,0.21
-0.156,0.21
-0.156,0.21
-0.156,0.209
-0.156,0.21
-0.156,0.21
-0.156,0.21
-0.156,0.21
-0.156,0.209
-0.156,0.21
-0.156,0.21
-0.156,0.21
-0.156,0.21
-0.156,0.21
-0.157,0.21
-0.157,0.21
-0.157,0.21
-0.158,0.21
-0.158,0.211
-0.158,0.211
-0.158,0.211
-0.158,0.212
-0.158,0.21
-0.158,0.211
-0.158,0.211
-0.158,0.211
-0.159,0.212
-0.159,0.211
-0.16,0.212
-0.161,0.212
-0.162,0.212
-0.163,0.211
-0.163,0.211
-0.164,0.212
-0.165,0.212
-0.165,0.212
-0.166,0.212
-0.166,0.212
-0.166,0.212
-0.166,0.212
-0.166,0.212
-0.166,0.212
-0.166,0.212
-0.166,0.211
-0.166,0.212
-0.166,0.212
-0.166,0.211
-0.166,0.212
-0.166,0.211
-0.166,0.212
-0.165,0.212
-0.165,0.212
-0.165,0.211
-0.166,0.21
-0.166,0.21
-0.166,0.21
-0.166,0.21
-0.166,0.21
-0.166,0.21
-0.166,0.21
-0.166,0.209
-0.165,0.209
-0.166,0.209
-0.166,0.209
-0.166,0.208
-0.165,0.206
-0.165,0.199
-0.163,0.197
-0.16,0.191
-0.16,0.18
-0.161,0.165
-0.161,0.138
-0.162,0.146
-0.162,0.146
-0.16,0.147
-0.118,0.144
-0.106,0.146
-0.035,0.147
-0.045,0.147
-0.038,0.148
-0.037,0.149
-0.022,0.15
-0.004,0.15
-0.001,0.15
-0.001,0.149
-0.002,0.15
-0.001,0.152
0.0,0.15
0.0,0.15
0.0,0.151
-0.004,0.151
-0.003,0.15
-0.008,0.151
-0.009,0.157
-0.01,0.162
-0.01,0.168
-0.011,0.173
-0.011,0.173
-0.011,0.19
-0.01,0.199
-0.011,0.215
-0.011,0.231
-0.01,0.233
-0.01,0.241
-0.01,0.238
-0.01,0.236
-0.013,0.25
-0.085,0.248
-0.076,0.251
-0.072,0.252
-0.156,0.251
-0.206,0.25
-0.206,0.25
-0.203,0.249
-0.203,0.249
-0.201,0.248
-0.199,0.248
-0.199,0.249
-0.199,0.248
-0.198,0.248
-0.196,0.248
-0.185,0.248
-0.182,0.242
-0.181,0.235
-0.18,0.229
-0.18,0.229
-0.183,0.229
-0.19,0.229
-0.191,0.229
-0.193,0.23
-0.224,0.229
-0.224,0.23
-0.223,0.23
-0.219,0.23
-0.218,0.23
-0.214,0.23
-0.212,0.23
-0.212,0.23
-0.211,0.229
-0.211,0.229
-0.21,0.229
-0.227,0.229
-0.274,0.23
-0.312,0.23
-0.316,0.231
-0.314,0.23
-0.309,0.23
-0.308,0.23
-0.307,0.23
-0.305,0.23
-0.296,0.23
-0.289,0.23
-0.252,0.229
-0.228,0.229
-0.203,0.227
-0.203,0.223
-0.203,0.22
-0.203,0.22
-0.206,0.216
-0.208,0.214
-0.205,0.215
-0.132,0.21
-0.063,0.199
-0.036,0.197
-0.03,0.197
-0.061,0.189
-0.051,0.188
-0.033,0.188
0.0,0.193
-0.008,0.197
-0.009,0.201
-0.009,0.217
-0.025,0.217
-0.027,0.218
-0.002,0.218
0.0,0.218
0.0,0.218
0.0,0.218
0.0,0.218
0.0,0.218
0.0,0.218
0.0,0.218
0.0,0.218
0.0,0.218
0.0,0.218
0.0,0.218
0.0,0.218
0.0,0.218
0.0,0.218
0.0,0.218
0.0,0.218
-0.075,0.219
-0.1,0.219
-0.128,0.218
-0.137,0.219
-0.169,0.213
-0.21,0.195
-0.255,0.191
-0.273,0.165
-0.275,0.175
-0.277,0.171
-0.277,0.167
-0.277,0.171
-0.275,0.165
-0.274,0.156
-0.267,0.158
-0.261,0.165
-0.252,0.169
-0.232,0.176
-0.213,0.181
-0.211,0.186
-0.21,0.186
-0.211,0.186
-0.211,0.205
-0.211,0.212
-0.209,0.216
-0.211,0.215
-0.211,0.212
-0.211,0.206
-0.211,0.199
-0.211,0.197
-0.211,0.196
-0.21,0.196
-0.206,0.196
-0.188,0.197
-0.168,0.197
-0.16,0.195
-0.154,0.197
-0.151,0.196
-0.149,0.197
-0.149,0.196
-0.146,0.197
-0.147,0.197
-0.143,0.192
-0.14,0.185
-0.138,0.176
-0.127,0.178
-0.119,0.173
-0.098,0.173
-0.092,0.161
-0.065,0.143
-0.054,0.144
-0.049,0.149
-0.049,0.151
-0.05,0.155
-0.05,0.154
-0.05,0.152
-0.052,0.148
-0.052,0.148
-0.05,0.142
-0.066,0.142
-0.053,0.134
-0.026,0.139
-0.041,0.139
-0.027,0.139
-0.013,0.143
-0.01,0.142
-0.013,0.143
-0.036,0.143
-0.027,0.148
-0.021,0.148
-0.007,0.151
-0.004,0.152
-0.033,0.152
-0.073,0.153
0.0,0.156
0.0,0.158
0.039,0.16
0.041,0.161
0.044,0.173
0.069,0.173
0.069,0.174
0.079,0.174
0.078,0.175
0.085,0.176
0.089,0.175
0.088,0.176
0.088,0.175
0.092,0.176
0.094,0.176
0.092,0.176
0.096,0.176
0.092,0.176
0.091,0.176
0.093,0.176
0.093,0.176
0.092,0.175
0.092,0.175
0.092,0.176
0.092,0.175
0.092,0.176
0.092,0.175
0.092,0.176
0.09,0.176
0.088,0.176
0.088,0.175
0.087,0.176
0.088,0.176
0.086,0.175
0.087,0.176
0.086,0.176
0.083,0.175
0.08,0.175
0.077,0.175
0.073,0.176
0.066,0.176
0.065,0.176
0.06,0.175
0.06,0.176
0.058,0.176
0.059,0.175
0.059,0.176
0.059,0.175
0.059,0.175
0.058,0.175
0.059,0.176
0.059,0.176
0.06,0.176
0.06,0.175
0.059,0.176
0.059,0.176
0.059,0.176
0.06,0.176
0.059,0.176
0.058,0.176
0.059,0.177
0.059,0.177
0.059,0.177
0.059,0.176
0.059,0.186
0.059,0.188
0.059,0.19
0.06,0.19
0.059,0.19
0.06,0.19
0.06,0.19
0.06,0.19
0.061,0.19
0.065,0.19
0.064,0.192
0.069,0.196
0.077,0.196
0.09,0.203
0.106,0.196
0.114,0.203
0.158,0.216
0.16,0.222
0.171,0.223
0.191,0.236
0.232,0.243
0.237,0.24
0.255,0.246
0.258,0.243
0.26,0.262
0.26,0.258
0.259,0.258
0.255,0.263
0.257,0.256
0.255,0.266
0.255,0.272
0.251,0.275
0.251,0.274
0.251,0.274
0.251,0.28
0.25,0.275
0.251,0.263
0.246,0.27
0.239,0.276
0.238,0.283
0.238,0.287
0.238,0.287
0.238,0.288
0.238,0.285
0.238,0.269
0.237,0.272
0.238,0.293
0.237,0.279
0.238,0.3
0.238,0.278
0.238,0.302
0.214,0.302
0.179,0.304
0.178,0.304
0.184,0.306
0.183,0.31
0.183,0.311
0.184,0.312
0.185,0.313
0.185,0.31
0.186,0.314
0.185,0.313
0.186,0.312
0.186,0.311
0.186,0.31
0.186,0.31
0.187,0.31
0.186,0.31
0.187,0.311
0.186,0.311
0.184,0.31
0.18,0.31
0.173,0.308
0.152,0.309
0.139,0.309
0.147,0.309
0.141,0.309
0.137,0.309
0.137,0.308
0.132,0.309
0.139,0.308
0.139,0.309
0.14,0.31
0.139,0.31
0.142,0.31
0.142,0.311
0.143,0.312
0.142,0.313
0.141,0.312
0.141,0.312
0.14,0.311
0.14,0.311
0.138,0.309
0.138,0.308
0.143,0.307
0.109,0.308
0.112,0.308
0.121,0.307
0.125,0.308
0.128,0.308
0.125,0.307
0.128,0.305
0.128,0.304
0.129,0.304
0.127,0.304
0.126,0.303
0.125,0.3
0.126,0.298
0.123,0.294
0.121,0.287
0.122,0.282
0.122,0.283
0.124,0.283
0.124,0.283
0.127,0.283
0.128,0.283
0.129,0.283
0.129,0.283
0.128,0.283
0.128,0.283
0.128,0.283
0.128,0.284
0.13,0.283
0.128,0.284
0.126,0.283
0.128,0.284
0.129,0.283
0.128,0.283
0.129,0.283
0.128,0.283
0.128,0.283
0.129,0.284
0.129,0.284
0.129,0.284
0.129,0.284
0.128,0.284
0.128,0.284
0.126,0.283
0.125,0.284
0.123,0.283
0.122,0.284
0.116,0.284
0.114,0.284
0.11,0.284
0.104,0.284
0.105,0.283
0.099,0.286
0.108,0.29
0.107,0.294
0.108,0.297
0.113,0.291
0.11,0.286
0.101,0.288
0.101,0.284
0.104,0.271
0.102,0.257
0.103,0.258
0.107,0.257
0.105,0.255
0.109,0.251
0.107,0.22
0.107,0.224
0.107,0.209
0.107,0.216
0.11,0.221
0.111,0.225
0.111,0.224
0.111,0.195
0.111,0.183
0.111,0.201
0.111,0.191
0.112,0.201
0.112,0.205
0.111,0.207
0.111,0.21
0.113,0.171
0.115,0.186
0.116,0.193
0.115,0.196
0.115,0.194
0.115,0.194
0.114,0.193
0.114,0.192
0.115,0.194
0.116,0.196
0.116,0.2
0.118,0.203
0.117,0.205
0.118,0.205
0.117,0.203
0.116,0.201
0.116,0.201
0.116,0.202
0.117,0.201
0.116,0.201
0.116,0.201
0.116,0.2
0.116,0.202
0.116,0.203
0.116,0.202
0.116,0.203
0.116,0.203
0.115,0.205
0.114,0.206
0.116,0.206
0.116,0.205
0.116,0.205
0.116,0.206
0.116,0.206
0.117,0.206
0.116,0.206
0.118,0.208
0.118,0.207
0.119,0.205
0.12,0.19
0.125,0.165
0.131,0.144
0.141,0.11
0.143,0.111
0.144,0.118
0.144,0.122
0.144,0.124
0.144,0.124
0.144,0.123
0.144,0.124
0.144,0.124
0.144,0.126
0.144,0.128
0.144,0.133
0.144,0.134
0.145,0.137
0.144,0.141
0.144,0.142
0.144,0.142
0.144,0.143
0.144,0.143
0.144,0.149
0.144,0.166
0.144,0.17
0.145,0.193
0.145,0.191
0.145,0.221
0.144,0.233
0.144,0.235
0.144,0.233
0.144,0.238
0.144,0.238
0.144,0.238
0.144,0.238
0.144,0.237
0.144,0.236
0.145,0.236
0.144,0.237
0.144,0.238
0.144,0.239
0.144,0.242
0.144,0.244
0.144,0.244
0.144,0.243
0.143,0.243
0.143,0.241
0.141,0.24
0.14,0.238
0.139,0.238
0.138,0.238
0.139,0.237
0.135,0.237
0.133,0.233
0.129,0.231
0.127,0.229
0.108,0.228
0.096,0.227
0.092,0.223
0.095,0.221
0.094,0.221
0.09,0.221
0.092,0.221
0.09,0.221
0.083,0.221
0.079,0.221
0.084,0.221
0.077,0.218
0.084,0.21
0.085,0.203
0.079,0.184
0.084,0.175
0.072,0.168
0.087,0.167
0.074,0.164
0.079,0.152
0.081,0.148
0.082,0.143
0.089,0.142
0.093,0.137
0.096,0.134
0.092,0.135
0.091,0.135
0.094,0.137
0.097,0.128
0.09,0.128
0.09,0.124
0.088,0.11
0.084,0.118
0.079,0.124
0.078,0.126
0.084,0.127
0.083,0.128
0.081,0.11
0.079,0.074
0.084,0.064
0.076,0.022
0.047,0.0
0.051,0.004
0.05,0.0
0.017,0.0
0.0,0.0
-0.06,-0.034
-0.05,-0.039
-0.038,-0.038
-0.029,-0.034
-0.031,-0.016
-0.038,-0.032
-0.034,-0.024
-0.014,-0.022
-0.035,-0.021
-0.035,-0.018
-0.017,-0.017
-0.011,-0.01
-0.011,-0.008
0.0,-0.005
0.0,-0.01
0.009,-0.01
0.017,0.0
0.015,0.005
0.019,0.009
0.022,0.009
0.024,0.012
0.024,0.015
0.026,0.021
0.024,0.019
0.026,0.02
0.026,0.019
0.025,0.01
0.028,0.01
0.03,0.011
0.028,0.011
0.03,0.011
0.03,0.011
0.03,0.011
0.029,0.011
0.03,0.011
0.03,0.012
0.031,0.011
0.03,0.012
0.031,0.011
0.032,0.01
0.032,0.006
0.03,0.0
0.032,0.0
0.032,0.0
0.032,0.0
0.028,0.0
0.021,0.0
0.015,0.0
0.005,0.0
0.0,0.0
-0.03,0.0
-0.032,0.0
-0.022,0.0
-0.048,0.0
-0.045,0.0
-0.041,0.0
-0.032,0.0
-0.025,0.0
-0.02,0.0
-0.032,0.0
-0.027,0.0
-0.025,0.0
-0.01,0.0
0.0,0.0
0.009,0.0
0.011,0.0
0.013,0.0
0.014,0.0
0.015,0.0
0.018,0.0
0.019,0.0
0.02,0.0
-0.052,0.0
-0.044,0.0
-0.032,0.001
-0.023,0.001
-0.027,0.0
-0.021,0.0
-0.038,0.0
-0.028,0.0
-0.021,0.0
-0.021,0.0
-0.021,0.0
-0.023,0.0
-0.016,0.0
-0.016,0.001
-0.024,0.002
-0.021,0.002
-0.013,0.001
-0.009,0.0
0.0,0.001
0.004,0.002
0.005,0.001
0.009,0.002
0.012,0.001
0.012,0.001
0.014,0.001
0.015,0.002
0.014,0.001
0.014,0.002
0.013,0.001
0.014,0.002
0.015,0.002
0.015,0.002
0.015,0.002
0.016,0.002
0.014,0.003
0.014,0.002
0.015,0.002
0.014,0.002
0.015,0.003
0.015,0.003
0.015,0.003
0.016,0.002
0.015,0.003
0.017,0.002
0.016,0.002
0.016,0.003
0.017,0.004
0.016,0.004
0.015,0.004
0.016,0.002
0.016,0.003
0.017,0.003
0.017,0.004
0.017,0.004
0.017,0.004
0.017,0.004
0.017,0.002
0.017,0.003
0.017,0.002
0.017,0.003
0.017,0.003
0.017,0.003
0.018,0.003
0.018,0.004
0.019,0.004
0.017,0.004
0.017,0.003
0.017,0.004
0.017,0.004
0.019,0.004
0.018,0.004
0.017,0.004
0.017,0.004
0.018,0.005
0.019,0.004
0.019,0.004
0.019,0.004
0.019,0.006
0.019,0.004
0.019,0.004
0.018,0.004
0.017,0.004
0.017,0.004
0.018,0.004
0.019,0.004
0.019,0.004
0.017,0.004
0.018,0.004
0.017,0.003
0.018,0.004
0.019,0.004
0.019,0.003
0.018,0.004
0.018,0.004
0.019,0.004
0.018,0.004
0.019,0.004
0.019,0.004
0.019,0.003
0.019,0.004
0.022,0.003
0.019,0.003
0.019,0.004
0.019,0.004
0.019,0.004
0.019,0.004
0.019,0.004
0.019,0.004
0.019,0.004
0.019,0.004
0.019,0.004
0.019,0.004
0.02,0.004
0.02,0.004
0.019,0.004
0.02,0.004
0.02,0.004
0.019,0.004
0.019,0.004
0.02,0.005
0.02,0.004
0.019,0.004
0.02,0.0
0.02,0.004
0.02,0.004
0.02,0.004
0.021,0.004
0.021,0.004
0.021,0.004
0.021,0.004
0.021,0.004
0.02,0.004
0.021,0.004
0.021,0.004
0.021,0.004
0.021,0.004
0.021,0.004
0.022,0.005
0.022,0.005
0.022,0.004
0.022,0.004
0.022,0.005
0.022,0.004
0.021,0.004
0.021,0.004
0.021,0.005
0.022,0.004
0.021,0.004
0.021,0.004
0.022,0.005
0.022,0.004
0.022,0.004
0.022,0.004
0.022,0.004
0.022,0.004
0.022,0.004
0.022,0.004
0.023,0.005
0.022,0.005
0.022,0.004
0.022,0.005
0.022,0.004
0.022,0.005
0.022,0.005
0.022,0.005
0.022,0.005
0.022,0.004
0.023,0.005
0.022,0.004
0.022,0.004
0.023,0.005
0.022,0.004
0.022,0.004
0.023,0.004
0.023,0.017
0.023,0.019
0.023,0.019
0.023,0.021
0.022,0.02
0.022,0.021
0.023,0.021
0.022,0.028
0.022,0.066
0.021,0.087
0.022,0.099
0.022,0.113
0.023,0.111
0.022,0.114
0.022,0.152
0.021,0.176
0.022,0.183
0.021,0.186
0.022,0.193
0.022,0.195
0.022,0.195
0.022,0.196
0.022,0.195
0.022,0.196
0.022,0.198
0.022,0.195
0.022,0.2
0.022,0.204
0.022,0.202
0.022,0.203
0.022,0.209
0.022,0.203
0.022,0.208
0.023,0.218
0.022,0.242
0.024,0.248
0.022,0.248
0.022,0.246
0.022,0.246
0.022,0.248
0.022,0.248
0.022,0.247
0.022,0.248
0.022,0.247
0.022,0.247
0.022,0.246
0.022,0.244
0.022,0.242
0.022,0.244
0.022,0.243
0.024,0.242
0.023,0.242
0.022,0.239
0.023,0.238
0.023,0.238
0.023,0.237
0.023,0.235
0.023,0.233
0.023,0.23
0.023,0.229
0.024,0.228
0.024,0.224
0.023,0.221
0.023,0.221
0.022,0.221
0.022,0.221
0.023,0.221
0.023,0.221
0.022,0.221
0.022,0.221
0.023,0.221
0.022,0.221
0.023,0.221
0.022,0.22
0.022,0.216
0.022,0.216
0.022,0.216
0.024,0.216
0.022,0.216
0.022,0.216
0.022,0.216
0.023,0.216
0.023,0.216
0.024,0.216
0.023,0.216
0.023,0.216
0.024,0.216
0.024,0.216
0.024,0.216
0.023,0.215
0.024,0.216
0.024,0.216
0.024,0.216
0.024,0.216
0.024,0.216
0.024,0.216
0.023,0.216
0.024,0.216
0.024,0.216
0.024,0.217
0.024,0.218
0.024,0.218
0.024,0.219
0.024,0.219
0.024,0.22
0.024,0.22
0.024,0.22
0.024,0.22
0.024,0.22
0.023,0.22
0.024,0.22
0.023,0.22
0.024,0.22
0.024,0.22
0.024,0.22
0.024,0.22
0.024,0.22
0.024,0.219
0.024,0.218
0.024,0.218
0.024,0.218
0.023,0.216
0.022,0.216
0.023,0.216
0.024,0.215
0.024,0.214
0.024,0.214
0.024,0.215
0.024,0.216
0.024,0.216
0.023,0.216
0.019,0.216
0.024,0.215
0.022,0.216
0.024,0.216
0.024,0.215
0.024,0.215
0.024,0.215
0.023,0.214
0.025,0.216
0.025,0.217
0.025,0.217
0.026,0.219
0.028,0.22
0.03,0.22
0.03,0.22
0.031,0.22
0.032,0.22
0.032,0.22
0.032,0.22
0.034,0.22
0.032,0.22
0.033,0.22
0.033,0.22
0.034,0.22
0.034,0.22
0.034,0.22
0.034,0.22
0.034,0.22
0.033,0.22
0.034,0.218
0.033,0.212
0.034,0.173
0.034,0.135
0.034,0.121
0.033,0.12
0.032,0.122
0.032,0.126
0.033,0.13
0.034,0.129
0.033,0.126
0.033,0.126
0.034,0.125
0.035,0.124
0.034,0.122
0.034,0.069
0.034,0.067
0.035,0.022
0.034,0.017
0.034,0.013
0.034,0.013
0.034,0.016
0.034,0.022
0.034,0.029
0.034,0.024
0.034,0.026
0.034,0.029
0.034,0.024
0.034,0.009
0.034,0.003
0.035,0.0
0.033,0.0
0.033,0.0
0.034,0.003
0.032,0.017
0.028,0.001
0.027,0.003
0.022,0.0
0.017,0.0
0.015,0.015
0.015,0.016
0.015,0.013
0.015,0.014
0.016,0.014
0.015,0.013
0.016,0.015
0.015,0.025
0.015,0.023
0.015,0.022
0.016,0.011
0.016,-0.018
0.015,-0.017
0.017,-0.005
0.015,0.0
0.016,-0.01
0.012,-0.001
-0.065,0.0
-0.052,0.023
-0.048,0.036
-0.038,0.038
-0.04,0.039
-0.032,0.057
0.003,0.074
0.013,0.116
0.013,0.157
0.014,0.19
0.013,0.195
0.015,0.203
0.025,0.212
0.026,0.215
0.029,0.217
0.032,0.222
0.034,0.221
0.043,0.231
0.045,0.229
0.045,0.229
0.047,0.239
0.047,0.232
0.047,0.238
0.047,0.248
0.047,0.254
0.047,0.252
0.051,0.253
0.054,0.259
0.054,0.254
0.062,0.269
0.069,0.27
0.097,0.267
0.11,0.276
0.108,0.27
0.119,0.276
0.12,0.28
0.121,0.281
0.122,0.28
0.122,0.279
0.122,0.28
0.122,0.283
0.122,0.285
0.123,0.287
0.123,0.289
0.122,0.286
0.122,0.288
0.122,0.287
0.12,0.281
0.121,0.286
0.121,0.283
0.119,0.284
0.12,0.286
0.12,0.287
0.12,0.289
0.12,0.288
0.12,0.288
0.12,0.288
0.121,0.289
0.12,0.289
0.121,0.289
0.12,0.289
0.12,0.29
0.12,0.289
0.119,0.289
0.12,0.291
0.119,0.29
0.118,0.29
0.118,0.291
0.118,0.291
0.119,0.291
0.118,0.291
0.118,0.291
0.118,0.292
0.118,0.292
0.12,0.291
0.119,0.291
0.12,0.291
0.12,0.291
0.121,0.292
0.122,0.291
0.122,0.291
0.122,0.291
0.122,0.291
0.124,0.291
0.131,0.291
0.124,0.291
0.149,0.291
0.156,0.291
0.166,0.291
0.162,0.292
0.171,0.294
0.168,0.27
0.175,0.27
0.186,0.281
0.185,0.274
0.198,0.283
0.193,0.3
0.197,0.295
0.2,0.297
0.2,0.297
0.199,0.295
0.206,0.296
0.207,0.297
0.206,0.295
0.205,0.281
0.205,0.28
0.204,0.28
0.204,0.28
0.204,0.28
0.203,0.28
0.201,0.279
0.197,0.28
0.197,0.279
0.197,0.278
0.194,0.28
0.193,0.279
0.193,0.28
0.191,0.279
0.19,0.268
0.19,0.266
0.19,0.263
0.191,0.257
0.19,0.24
0.19,0.233
0.185,0.229
0.181,0.229
0.175,0.231
0.174,0.23
0.175,0.231
0.175,0.234
0.175,0.231
0.176,0.232
0.176,0.221
0.176,0.213
0.176,0.216
0.177,0.195
0.176,0.197
0.176,0.208
0.176,0.204
0.176,0.207
0.176,0.206
0.176,0.206
0.183,0.208
0.195,0.197
0.193,0.187
0.181,0.176
0.187,0.189
0.194,0.164
0.195,0.167
0.213,0.165
0.229,0.165
0.233,0.167
0.234,0.172
0.236,0.169
0.236,0.171
0.236,0.171
0.235,0.164
0.231,0.151
0.229,0.15
0.225,0.146
0.222,0.141
0.208,0.138
0.206,0.122
0.206,0.119
0.205,0.124
0.199,0.127
0.188,0.125
0.154,0.129
0.165,0.135
0.166,0.145
0.166,0.154
0.161,0.156
0.163,0.156
0.162,0.157
0.164,0.167
0.167,0.17
0.169,0.171
0.166,0.171
0.167,0.17
0.17,0.171
0.173,0.173
0.174,0.183
0.173,0.212
0.174,0.228
0.174,0.24
0.171,0.241
0.154,0.24
0.138,0.242
0.146,0.244
0.149,0.247
0.148,0.246
0.146,0.247
0.141,0.247
0.128,0.245
0.076,0.245
0.047,0.244
0.073,0.246
0.079,0.247
0.086,0.248
0.088,0.247
0.096,0.245
0.097,0.242
0.098,0.242
0.098,0.239
0.099,0.233
0.099,0.227
0.101,0.225
0.101,0.223
0.101,0.223
0.101,0.223
0.1,0.223
0.101,0.222
0.101,0.223
0.101,0.222
0.101,0.223
0.101,0.223
0.101,0.223
0.101,0.213
0.102,0.199
0.103,0.197
0.101,0.197
0.101,0.195
0.102,0.193
0.101,0.194
0.101,0.194
0.102,0.193
0.102,0.19
0.103,0.189
0.103,0.171
0.103,0.171
0.102,0.171
0.102,0.174
0.103,0.165
0.102,0.164
0.103,0.161
0.102,0.15
0.102,0.14
0.103,0.137
0.104,0.139
0.103,0.137
0.103,0.133
0.104,0.131
0.104,0.126
0.103,0.135
0.104,0.139
0.105,0.14
0.105,0.138
0.105,0.138
0.105,0.137
0.105,0.136
0.105,0.128
0.105,0.12
0.104,0.118
0.104,0.111
0.105,0.111
0.104,0.112
0.103,0.105
0.104,0.111
0.104,0.112
0.103,0.113
0.102,0.113
0.103,0.11
0.105,0.107
0.107,0.104
0.111,0.099
0.118,0.092
0.12,0.098
0.123,0.101
0.142,0.106
0.157,0.107
0.155,0.109
0.15,0.11
0.15,0.114
0.167,0.116
0.162,0.125
0.191,0.131
0.19,0.132
0.238,0.132
0.248,0.144
0.251,0.169
0.251,0.192
0.253,0.214
0.253,0.223
0.253,0.229
0.253,0.246
0.254,0.256
0.254,0.264
0.252,0.261
0.253,0.272
0.248,0.276
0.236,0.274
0.235,0.276
0.169,0.277
0.17,0.278
0.149,0.276
0.154,0.276
0.146,0.275
0.126,0.274
0.121,0.274
0.122,0.265
0.125,0.261
0.128,0.26
0.125,0.227
0.128,0.168
0.134,0.166
0.134,0.164
0.134,0.16
0.135,0.157
0.136,0.153
0.139,0.155
0.138,0.132
0.137,0.108
0.139,0.102
0.14,0.096
0.139,0.098
0.138,0.094
0.137,0.095
0.136,0.098
0.136,0.098
0.136,0.095
0.136,0.094
0.135,0.094
0.135,0.095
0.136,0.094
0.137,0.096
0.135,0.097
0.135,0.097
0.133,0.096
0.131,0.096
0.131,0.096
0.135,0.096
0.129,0.098
0.131,0.097
0.131,0.098
0.129,0.098
0.129,0.096
0.129,0.097
0.129,0.096
0.129,0.098
0.129,0.103
0.131,0.106
0.13,0.11
0.132,0.11
0.133,0.11
0.133,0.11
0.133,0.109
0.133,0.11
0.132,0.109
0.132,0.112
0.131,0.111
0.131,0.113
0.131,0.114
0.133,0.121
0.133,0.123
0.133,0.123
0.133,0.124
0.132,0.124
0.132,0.124
0.131,0.124
0.131,0.125
0.131,0.125
0.132,0.126
0.132,0.126
0.133,0.125
0.134,0.126
0.135,0.126
0.134,0.126
0.135,0.126
0.136,0.126
0.137,0.126
0.135,0.127
0.136,0.126
0.136,0.126
0.136,0.126
0.137,0.126
0.136,0.126
0.137,0.127
0.136,0.127
0.135,0.126
0.135,0.127
0.135,0.127
0.135,0.127
0.135,0.127
0.135,0.127
0.135,0.127
0.135,0.127
0.135,0.127
0.135,0.127
0.135,0.127
0.135,0.127
0.135,0.127
0.135,0.127
0.135,0.127
0.135,0.127
0.135,0.127
0.134,0.127
0.133,0.128
0.132,0.127
0.131,0.127
0.131,0.128
0.129,0.128
0.129,0.127
0.129,0.125
0.121,0.119
0.116,0.111
0.092,0.11
0.099,0.109
0.093,0.111
0.078,0.11
0.06,0.111
0.071,0.111
0.052,0.109
0.056,0.107
0.054,0.1
0.064,0.073
0.065,0.073
0.073,0.081
0.073,0.079
0.071,0.076
0.073,0.076
0.073,0.074
0.076,0.079
0.073,0.08
0.072,0.082
0.067,0.08
0.044,0.081
0.012,0.081
0.045,0.081
0.039,0.083
0.051,0.083
0.053,0.083
0.053,0.083
0.054,0.083
0.051,0.083
0.056,0.084
0.051,0.085
0.041,0.085
0.034,0.085
0.048,0.086
0.046,0.086
0.045,0.086
0.043,0.085
0.047,0.085
0.044,0.085
0.053,0.085
0.052,0.085
0.056,0.086
0.059,0.088
0.058,0.09
0.06,0.09
0.06,0.092
0.045,0.095
0.038,0.099
0.0,0.101
0.024,0.109
0.025,0.109
0.033,0.11
0.026,0.11
0.039,0.111
0.019,0.111
0.017,0.111
0.017,0.112
0.028,0.111
0.028,0.111
0.038,0.113
0.037,0.112
0.039,0.112
0.036,0.113
0.038,0.172
0.041,0.184
0.044,0.185
0.047,0.187
0.052,0.192
0.066,0.177
0.075,0.203
0.077,0.227
0.079,0.242
0.08,0.238
0.081,0.304
0.081,0.338
0.081,0.419
0.087,0.427
0.092,0.429
0.094,0.429
0.095,0.424
0.094,0.417
0.094,0.415
0.094,0.415
0.095,0.415
0.095,0.415
0.094,0.415
0.095,0.415
0.094,0.415
0.094,0.415
0.094,0.415
0.094,0.415
0.094,0.41
0.094,0.408
0.094,0.347
0.094,0.343
0.094,0.343
0.094,0.349
0.095,0.347
0.094,0.341
0.094,0.321
0.094,0.323
0.094,0.333
0.094,0.328
0.094,0.34
0.095,0.342
0.094,0.343
0.094,0.344
0.094,0.347
0.094,0.347
0.094,0.347
0.094,0.348
0.094,0.347
0.094,0.349
0.094,0.349
0.094,0.35
0.094,0.347
0.094,0.338
0.094,0.278
0.094,0.26
0.094,0.208
0.094,0.233
0.095,0.233
0.095,0.231
0.096,0.238
0.095,0.236
0.096,0.255
0.096,0.248
0.097,0.249
0.097,0.256
0.098,0.257
0.099,0.253
0.103,0.256
0.102,0.257
0.136,0.259
0.147,0.26
0.165,0.259
0.177,0.258
0.182,0.208
0.183,0.231
0.184,0.237
0.186,0.24
0.185,0.252
0.184,0.283
0.182,0.285
0.173,0.289
0.168,0.288
0.136,0.288
0.114,0.289
0.113,0.291
0.113,0.297
0.119,0.296
0.124,0.297
0.123,0.298
0.122,0.298
0.122,0.299
0.124,0.299
0.124,0.299
0.124,0.301
0.124,0.299
0.125,0.3
0.126,0.3
0.127,0.3
0.128,0.3
0.128,0.299
0.128,0.299
0.129,0.3
0.128,0.3
0.128,0.3
0.128,0.3
0.128,0.3
0.128,0.3
0.126,0.293
0.114,0.282
0.066,0.266
0.074,0.214
0.05,0.195
0.0,0.202
-0.042,0.199
-0.025,0.195
0.0,0.197
-0.014,0.185
-0.011,0.197
-0.03,0.193
-0.035,0.195
-0.036,0.199
-0.03,0.2
-0.055,0.199
-0.05,0.199
-0.045,0.201
-0.048,0.201
-0.06,0.202
-0.064,0.202
-0.027,0.202
-0.039,0.203
-0.018,0.203
-0.028,0.202
-0.017,0.202
-0.012,0.202
-0.018,0.202
-0.027,0.201
-0.021,0.202
-0.008,0.201
-0.008,0.201
-0.013,0.2
-0.005,0.2
0.0,0.199
0.0,0.199
0.0,0.2
0.0,0.198
-0.004,0.197
0.0,0.193
0.0,0.193
-0.001,0.19
-0.001,0.191
-0.006,0.19
-0.002,0.187
0.0,0.19
0.0,0.19
-0.002,0.187
-0.001,0.191
0.0,0.19
0.0,0.188
0.0,0.187
0.0,0.188
0.0,0.188
0.0,0.187
0.0,0.188
0.0,0.188
0.0,0.181
0.0,0.179
0.0,0.182
0.0,0.181
0.0,0.184
0.0,0.184
0.0,0.186
0.0,0.185
0.0,0.184
0.0,0.186
0.0,0.186
0.0,0.186
0.0,0.186
0.0,0.186
0.0,0.187
0.0,0.188
0.0,0.187
0.0,0.188
0.0,0.188
0.0,0.188
0.0,0.189
0.0,0.188
0.0,0.189
0.0,0.184
0.0,0.182
0.0,0.171
0.0,0.174
0.0,0.175
0.0,0.171
0.0,0.17
0.0,0.165
0.0,0.162
0.0,0.167
0.0,0.167
0.0,0.167
0.0,0.17
0.0,0.175
0.0,0.176
0.0,0.184
0.0,0.186
0.0,0.19
0.001,0.193
0.002,0.198
0.005,0.199
0.007,0.199
0.009,0.199
0.011,0.2
0.011,0.199
0.014,0.22
0.013,0.221
0.013,0.221
0.014,0.223
0.014,0.223
0.017,0.224
0.016,0.225
0.016,0.225
0.017,0.225
0.028,0.225
0.002,0.225
0.073,0.226
0.096,0.225
0.109,0.226
0.111,0.226
0.111,0.227
0.11,0.227
0.108,0.227
0.107,0.227
0.107,0.228
0.106,0.228
0.105,0.229
0.105,0.233
0.104,0.234
0.103,0.233
0.102,0.235
0.101,0.235
0.099,0.233
0.098,0.224
0.097,0.235
0.098,0.237
0.097,0.238
0.097,0.238
0.096,0.237
0.095,0.24
0.095,0.239
0.095,0.24
0.087,0.24
0.091,0.24
0.092,0.241
0.09,0.24
0.089,0.24
0.09,0.238
0.09,0.237
0.089,0.233
0.089,0.233
0.088,0.233
0.089,0.231
0.089,0.233
0.089,0.231
0.089,0.232
0.09,0.231
0.089,0.231
0.089,0.232
0.089,0.231
0.094,0.232
0.108,0.232
0.113,0.232
0.105,0.235
0.117,0.235
0.131,0.238
0.149,0.241
0.159,0.216
0.165,0.238
0.16,0.271
0.158,0.283
0.184,0.278
0.204,0.282
0.196,0.265
0.21,0.264
0.218,0.299
0.226,0.248
0.229,0.313
0.227,0.338
0.226,0.341
0.226,0.35
0.225,0.348
0.223,0.346
0.215,0.342
0.208,0.333
0.202,0.332
0.191,0.332
0.118,0.333
0.133,0.333
0.135,0.333
0.135,0.333
0.136,0.334
0.137,0.334
0.137,0.334
0.137,0.333
0.137,0.334
0.137,0.333
0.137,0.334
0.133,0.334
0.107,0.334
0.095,0.306
0.107,0.27
0.111,0.233
0.118,0.221
0.116,0.234
0.12,0.212
0.121,0.201
0.122,0.204
0.116,0.194
0.119,0.194
0.116,0.195
0.117,0.197
0.116,0.201
0.108,0.205
0.077,0.205
0.088,0.2
0.098,0.2
0.099,0.196
0.096,0.195
0.101,0.189
0.099,0.173
0.099,0.161
0.103,0.158
0.099,0.163
0.105,0.133
0.101,0.14
0.096,0.139
0.098,0.143
0.084,0.143
0.082,0.143
0.06,0.144
0.067,0.144
0.036,0.144
0.038,0.144
0.045,0.145
0.0,0.144
0.014,0.143
0.0,0.143
0.0,0.144
0.0,0.139
0.019,0.135
0.015,0.138
0.0,0.139
0.004,0.14
0.016,0.139
0.008,0.139
0.0,0.143
-0.019,0.143
-0.026,0.144
-0.042,0.146
0.0,0.146
0.0,0.147
0.0,0.147
-0.014,0.147
-0.016,0.147
0.0,0.146
0.0,0.147
-0.025,0.147
-0.005,0.147
-0.008,0.147
0.0,0.148
0.0,0.148
0.0,0.148
0.0,0.148
-0.005,0.148
-0.005,0.148
0.0,0.148
0.0,0.148
0.004,0.148
0.0,0.148
0.0,0.149
0.0,0.148
0.0,0.148
0.0,0.148
0.0,0.148
-0.002,0.148
-0.003,0.148
-0.008,0.148
-0.036,0.148
-0.031,0.148
-0.021,0.148
-0.047,0.15
-0.019,0.149
-0.041,0.148
-0.037,0.148
-0.02,0.149
-0.014,0.148
-0.043,0.149
-0.019,0.148
-0.042,0.15
-0.039,0.149
-0.033,0.148
-0.016,0.149
-0.02,0.149
-0.019,0.149
-0.013,0.149
-0.017,0.148
-0.013,0.149
-0.01,0.15
-0.017,0.15
-0.005,0.15
-0.006,0.149
-0.007,0.15
-0.014,0.149
-0.013,0.149
0.0,0.149
0.0,0.15
0.0,0.149
0.0,0.15
0.0,0.149
0.0,0.149
0.0,0.15
0.0,0.15
0.0,0.15
0.003,0.15
0.006,0.15
0.009,0.149
0.011,0.149
0.013,0.149
0.016,0.149
0.017,0.15
0.018,0.149
0.019,0.148
0.02,0.148
0.019,0.148
0.019,0.148
0.021,0.148
0.021,0.148
0.021,0.148
0.02,0.148
0.021,0.148
0.021,0.148
0.021,0.148
0.021,0.148
0.025,0.148
0.027,0.148
0.028,0.15
0.029,0.15
0.028,0.152
0.05,0.152
0.094,0.152
0.097,0.153
0.117,0.154
0.122,0.154
0.127,0.158
0.131,0.162
0.132,0.165
0.133,0.168
0.135,0.168
0.132,0.169
0.132,0.169
0.133,0.171
0.132,0.17
0.131,0.169
0.13,0.17
0.128,0.171
0.128,0.171
0.129,0.171
0.128,0.171
0.128,0.171
0.127,0.171
0.126,0.171
0.126,0.171
0.121,0.171
0.118,0.171
0.111,0.171
0.108,0.171
0.108,0.171
0.107,0.171
0.108,0.171
0.107,0.171
0.107,0.171
0.107,0.171
0.108,0.171
0.108,0.171
0.101,0.171
0.098,0.171
0.096,0.171
0.096,0.171
0.096,0.172
0.097,0.171
0.098,0.172
0.099,0.171
0.101,0.171
0.102,0.171
0.102,0.171
0.105,0.171
0.118,0.172
0.12,0.172
0.129,0.171
0.128,0.19
0.132,0.19
0.126,0.191
0.135,0.191
0.142,0.19
0.148,0.19
0.15,0.189
0.151,0.188
0.155,0.186
0.155,0.184
0.157,0.183
0.157,0.182
0.158,0.182
0.157,0.182
0.158,0.182
0.158,0.182
0.16,0.182
0.16,0.182
0.16,0.182
0.159,0.183
0.159,0.182
0.158,0.182
0.158,0.182
0.158,0.182
0.158,0.182
0.158,0.182
0.157,0.182
0.158,0.182
0.158,0.182
0.157,0.182
0.158,0.182
0.158,0.182
0.158,0.182
0.158,0.182
0.157,0.178
0.157,0.178
0.157,0.177
0.157,0.178
0.157,0.178
0.156,0.178
0.157,0.178
0.157,0.178
0.157,0.178
0.156,0.178
0.156,0.178
0.156,0.178
0.156,0.178
0.154,0.176
0.154,0.177
0.154,0.176
0.154,0.176
0.154,0.176
0.154,0.176
0.154,0.177
0.154,0.178
0.154,0.177
0.154,0.177
0.154,0.177
0.154,0.178
0.154,0.177
0.154,0.177
0.153,0.176
0.154,0.177
0.154,0.177
0.153,0.176
0.154,0.177
0.153,0.177
0.152,0.177
0.152,0.176
0.151,0.177
0.153,0.177
0.152,0.177
0.15,0.176
0.15,0.176
0.15,0.176
0.15,0.176
0.15,0.176
0.149,0.174
0.149,0.174
0.149,0.173
0.149,0.173
0.149,0.172
0.15,0.17
0.15,0.166
0.149,0.151
0.15,0.134
0.15,0.123
0.15,0.123
0.148,0.121
0.15,0.116
0.15,0.116
0.149,0.117
0.148,0.121
0.149,0.124
0.148,0.125
0.149,0.124
0.148,0.124
0.148,0.124
0.147,0.124
0.147,0.122
0.147,0.122
0.147,0.121
0.147,0.12
0.147,0.117
0.147,0.116
0.146,0.114
0.147,0.115
0.146,0.116
0.146,0.116
0.146,0.118
0.145,0.12
0.146,0.119
0.143,0.116
0.141,0.113
0.14,0.111
0.139,0.107
0.137,0.101
0.135,0.094
0.134,0.093
0.133,0.089
0.133,0.09
0.13,0.094
0.129,0.091
0.129,0.092
0.13,0.091
0.13,0.094
0.131,0.095
0.13,0.096
0.13,0.095
0.131,0.097
0.129,0.098
0.13,0.098
0.129,0.094
0.128,0.092
0.126,0.088
0.12,0.096
0.113,0.096
0.111,0.096
0.109,0.095
0.108,0.093
0.107,0.092
0.105,0.089
0.102,0.09
0.09,0.088
0.085,0.087
0.082,0.085
0.082,0.083
0.076,0.087
0.034,0.086
0.032,0.093
0.022,0.087
0.015,0.082
0.009,0.076
0.0,0.077
0.028,0.079
0.021,0.083
-0.003,0.083
-0.009,0.084
0.0,0.082
0.0,0.084
0.0,0.085
-0.002,0.085
0.0,0.085
-0.01,0.085
-0.007,0.084
-0.032,0.084
-0.029,0.083
0.0,0.082
0.0,0.083
0.0,0.084
0.0,0.083
-0.006,0.085
-0.013,0.087
-0.016,0.087
-0.011,0.086
0.0,0.087
0.0,0.088
0.0,0.088
0.0,0.088
0.0,0.088
0.0,0.088
0.0,0.088
0.0,0.089
0.0,0.089
0.0,0.089
0.002,0.089
0.01,0.089
0.004,0.089
0.018,0.089
0.016,0.089
0.02,0.088
0.015,0.085
0.013,0.049
0.0,0.013
0.0,0.0
0.0,0.015
0.0,0.019
0.0,0.024
0.001,0.03
0.006,0.037
0.006,0.049
0.012,0.056
0.018,0.059
0.026,0.062
0.049,0.058
0.052,0.158
0.081,0.17
0.113,0.175
0.128,0.175
0.129,0.178
0.131,0.172
0.131,0.173
0.133,0.224
0.134,0.246
0.137,0.258
0.169,0.257
0.161,0.255
0.21,0.261
0.233,0.256
0.235,0.241
0.236,0.235
0.237,0.265
0.236,0.268
0.235,0.271
0.229,0.272
0.214,0.263
0.214,0.255
0.214,0.199
0.213,0.154
0.214,0.157
0.214,0.146
0.143,0.115
0.066,0.115
0.031,0.092
0.0,0.098
-0.007,0.058
0.0,0.051
0.0,0.054
0.0,0.057
0.0,0.064
0.0,0.065
0.006,0.024
0.019,0.034
0.005,0.045
0.007,0.05
0.009,0.039
0.014,0.03
0.016,0.0
0.016,0.0
0.02,0.0
0.016,-0.006
0.021,-0.01
0.024,-0.001
0.02,0.0
0.022,0.0
0.024,0.0
0.026,0.0
0.026,0.0
0.028,0.0
0.027,0.0
0.026,0.0
0.026,0.0
0.027,0.0
0.024,-0.002
0.025,0.0
0.025,-0.006
0.025,-0.005
0.026,0.0
0.028,-0.008
0.026,-0.008
0.024,0.0
0.026,0.0
0.021,0.0
0.022,0.0
0.022,0.0
0.022,0.0
0.022,-0.001
0.022,0.0
0.023,0.0
0.022,0.0
0.024,0.008
0.022,0.036
0.025,0.038
0.023,0.041
0.024,0.063
0.024,0.081
0.023,0.107
0.024,0.153
0.024,0.167
0.023,0.178
0.024,0.182
0.024,0.178
0.023,0.18
0.024,0.182
0.024,0.181
0.025,0.182
0.026,0.182
0.026,0.181
0.026,0.182
0.026,0.182
0.026,0.175
0.025,0.163
0.025,0.163
0.025,0.163
0.026,0.163
0.026,0.163
0.025,0.163
0.025,0.163
0.026,0.163
0.027,0.155
0.026,0.152
0.024,0.152
0.025,0.153
0.026,0.156
0.024,0.154
0.023,0.152
0.025,0.148
0.027,0.091
0.023,0.092
0.024,0.052
0.025,0.063
0.024,0.067
0.023,0.076
0.022,0.076
0.022,0.077
0.026,0.077
0.024,0.076
0.024,0.073
0.024,0.072
0.024,0.071
0.024,0.071
0.024,0.069
0.022,0.071
0.024,0.069
0.022,0.066
0.024,0.068
0.023,0.069
0.024,0.069
0.029,0.072
0.031,0.075
0.033,0.077
0.033,0.078
0.034,0.078
0.035,0.077
0.034,0.077
0.049,0.077
0.054,0.076
0.054,0.075
0.055,0.075
0.056,0.075
0.077,0.075
0.091,0.076
0.103,0.076
0.103,0.077
0.107,0.075
0.109,0.075
0.107,0.076
0.108,0.077
0.109,0.077
0.109,0.072
0.109,0.077
0.109,0.077
0.109,0.078
0.109,0.078
0.109,0.077
0.109,0.077
0.109,0.077
0.109,0.077
0.108,0.077
0.107,0.077
0.106,0.077
0.105,0.078
0.105,0.078
0.104,0.077
0.104,0.077
0.103,0.077
0.103,0.079
0.101,0.079
0.101,0.081
0.101,0.091
0.101,0.093
0.1,0.094
0.099,0.094
0.099,0.095
0.099,0.095
0.099,0.094
0.1,0.095
0.1,0.095
0.099,0.095
0.099,0.095
0.098,0.095
0.099,0.094
0.098,0.095
0.098,0.118
0.098,0.129
0.098,0.143
0.098,0.151
0.098,0.15
0.098,0.15
0.098,0.152
0.098,0.148
0.097,0.143
0.097,0.141
0.097,0.139
0.096,0.137
0.096,0.134
0.096,0.12
0.095,0.12
0.095,0.119
0.095,0.099
0.093,0.095
0.093,0.085
0.093,0.081
0.093,0.081
0.093,0.066
0.093,0.059
0.093,0.062
0.092,0.077
0.091,0.091
0.09,0.1
0.09,0.119
0.09,0.161
0.09,0.176
0.09,0.176
0.092,0.171
0.092,0.166
0.092,0.161
0.093,0.158
0.093,0.158
0.093,0.158
0.093,0.158
0.092,0.158
0.093,0.159
0.092,0.157
0.092,0.157
0.092,0.156
0.092,0.157
0.092,0.157
0.092,0.157
0.091,0.146
0.09,0.145
0.09,0.144
0.09,0.144
0.09,0.14
0.09,0.139
0.09,0.121
0.09,0.078
0.09,0.085
0.09,0.084
0.09,0.077
0.084,0.082
0.073,0.077
0.033,0.067
0.021,0.07
0.023,0.068
0.036,0.073
0.054,0.077
0.058,0.086
0.058,0.09
0.007,0.098
-0.054,0.098
-0.138,0.099
-0.139,0.099
-0.093,0.099
-0.094,0.1
-0.081,0.1
-0.08,0.101
-0.092,0.101
-0.098,0.101
-0.097,0.114
-0.091,0.118
-0.088,0.118
-0.08,0.119
-0.075,0.119
-0.072,0.12
-0.072,0.12
-0.072,0.12
-0.067,0.123
-0.065,0.129
-0.063,0.133
-0.061,0.137
-0.055,0.139
-0.05,0.151
-0.05,0.158
-0.051,0.155
-0.05,0.153
-0.05,0.182
-0.05,0.188
-0.052,0.183
-0.051,0.18
-0.051,0.18
-0.084,0.18
-0.066,0.18
0.105,0.18
0.109,0.18
0.118,0.18
0.141,0.18
0.16,0.178
0.233,0.171
0.25,0.17
0.249,0.17
0.248,0.169
0.249,0.17
0.25,0.17
0.249,0.17
0.243,0.17
0.241,0.17
0.24,0.17
0.233,0.17
0.233,0.113
0.233,0.105
0.229,0.08
0.175,0.056
0.176,0.002
0.158,0.0
0.163,0.0
0.16,-0.026
0.152,-0.027
0.129,-0.047
0.114,-0.027
0.11,-0.033
0.072,-0.024
-0.024,-0.032
-0.011,-0.023
-0.052,-0.022
-0.047,-0.022
-0.023,-0.033
-0.002,-0.025
-0.023,-0.025
-0.008,-0.021
-0.013,-0.023
-0.036,-0.015
-0.065,-0.01
-0.066,-0.01
-0.094,-0.015
-0.116,-0.007
-0.153,-0.002
-0.25,0.0
-0.261,0.0
-0.255,0.0
-0.245,0.0
-0.24,0.0
-0.239,0.0
-0.238,0.0
-0.237,0.021
-0.237,0.022
-0.249,0.025
-0.274,0.026
-0.28,0.026
-0.28,0.026
-0.283,0.028
-0.286,0.032
-0.301,0.034
-0.302,0.034
-0.299,0.035
-0.296,0.035
-0.296,0.037
-0.295,0.03
-0.287,0.024
-0.279,0.026
-0.278,0.026
-0.276,0.021
-0.275,0.02
-0.274,0.016
-0.273,0.015
-0.274,0.013
-0.273,0.013
-0.274,0.011
-0.273,0.006
-0.273,0.006
-0.273,0.006
-0.273,0.004
-0.273,0.003
-0.273,0.004
-0.189,0.003
-0.151,0.004
-0.113,0.004
-0.076,0.004
-0.073,0.002
-0.066,0.005
-0.039,0.005
-0.1,0.004
0.084,0.006
0.148,0.006
0.176,0.006
0.176,0.005
0.184,0.006
0.182,0.007
0.184,0.009
0.185,0.004
0.184,0.002
0.175,0.0
0.184,0.0
0.188,0.0
0.182,0.0
0.182,0.0
0.184,0.0
0.187,0.0
0.191,0.0
0.193,0.0
0.192,0.0
0.193,0.0
0.193,0.0
0.193,0.0
0.193,0.0
0.193,0.0
0.193,0.0
0.188,0.0
0.186,0.0
0.186,-0.007
0.186,-0.034
0.186,-0.028
0.188,-0.017
0.192,-0.041
0.173,-0.051
0.191,-0.098
