valence,arousal
-0.039,-0.026
-0.039,-0.029
-0.035,-0.029
-0.024,-0.029
-0.041,-0.029
-0.015,-0.029
-0.019,-0.029
-0.008,-0.028
-0.011,-0.028
0.0,-0.027
0.0,-0.027
0.0,-0.026
-0.005,-0.025
0.0,-0.025
0.0,-0.022
0.0,-0.02
0.004,-0.02
0.02,-0.018
0.016,-0.017
0.019,-0.015
0.017,-0.017
0.019,-0.02
0.02,-0.022
0.02,-0.024
0.021,-0.025
0.009,-0.025
0.005,-0.028
0.004,-0.029
-0.058,-0.029
-0.066,-0.029
-0.068,-0.03
-0.066,-0.024
-0.065,-0.024
-0.061,-0.024
-0.052,-0.024
-0.051,-0.02
-0.036,-0.01
-0.02,-0.008
-0.018,-0.006
-0.011,-0.008
-0.002,-0.007
-0.032,-0.007
0.012,-0.005
0.047,-0.005
0.137,0.0
0.183,0.0
0.189,0.0
0.191,0.001
0.191,0.007
0.192,0.021
0.19,0.025
0.188,0.078
0.187,0.134
0.183,0.167
0.176,0.167
0.173,0.165
0.171,0.165
0.17,0.165
0.171,0.165
0.17,0.163
0.17,0.163
0.171,0.163
0.171,0.159
0.171,0.141
0.171,0.136
0.166,0.135
0.155,0.136
0.15,0.135
0.151,0.135
0.15,0.135
0.152,0.135
0.151,0.135
0.15,0.13
0.148,0.122
0.147,0.102
0.146,0.096
0.146,0.079
0.151,0.075
0.156,0.077
0.162,0.077
0.163,0.077
0.163,0.073
0.164,0.074
0.163,0.073
0.163,0.075
0.163,0.074
0.164,0.075
0.163,0.075
0.164,0.074
0.164,0.075
0.165,0.075
0.163,0.075
0.128,0.075
0.107,0.074
0.088,0.074
0.075,0.069
0.075,0.057
0.075,0.063
0.069,0.062
0.056,0.066
0.053,0.066
0.056,0.069
0.048,0.071
0.049,0.071
0.05,0.075
0.03,0.083
0.04,0.086
0.045,0.088
0.056,0.088
0.067,0.111
0.072,0.175
0.072,0.186
0.073,0.199
0.073,0.227
0.074,0.238
0.092,0.259
0.144,0.278
0.165,0.302
0.167,0.316
0.166,0.319
0.167,0.323
0.17,0.321
0.171,0.324
0.176,0.323
0.174,0.312
0.169,0.302
0.169,0.294
0.163,0.294
0.151,0.27
0.147,0.236
0.147,0.208
0.147,0.17
0.147,0.154
0.143,0.13
0.142,0.122
0.141,0.109
0.141,0.109
0.141,0.107
0.138,0.115
0.133,0.116
0.122,0.122
0.118,0.126
0.111,0.127
0.115,0.127
0.118,0.127
0.127,0.127
0.129,0.127
0.131,0.127
0.131,0.13
0.131,0.131
0.128,0.133
0.124,0.179
0.113,0.19
0.062,0.195
-0.029,0.204
-0.067,0.215
-0.105,0.22
-0.137,0.242
-0.256,0.248
-0.305,0.255
-0.323,0.253
-0.311,0.254
-0.264,0.255
-0.171,0.254
-0.136,0.254
-0.12,0.253
-0.117,0.253
-0.115,0.253
-0.112,0.251
-0.111,0.25
-0.113,0.245
-0.115,0.242
-0.115,0.235
-0.115,0.232
-0.115,0.232
-0.115,0.233
-0.114,0.235
-0.113,0.235
-0.114,0.236
-0.119,0.234
-0.122,0.233
-0.122,0.223
-0.121,0.21
-0.121,0.212
-0.12,0.213
-0.114,0.22
-0.106,0.226
-0.089,0.227
-0.079,0.227
-0.061,0.228
-0.052,0.227
-0.031,0.228
-0.033,0.228
-0.036,0.228
-0.029,0.228
-0.012,0.229
0.0,0.229
0.0,0.228
0.0,0.228
0.0,0.227
0.0,0.221
0.0,0.194
0.0,0.18
0.002,0.166
0.002,0.156
0.002,0.15
0.002,0.15
0.002,0.141
0.0,0.139
0.0,0.139
0.0,0.143
0.0,0.143
0.0,0.136
0.0,0.135
0.0,0.136
0.0,0.137
0.0,0.137
0.0,0.137
0.0,0.136
0.0,0.135
0.0,0.133
0.0,0.13
0.0,0.127
0.0,0.12
0.0,0.121
0.0,0.118
0.0,0.122
0.0,0.124
0.0,0.13
-0.064,0.134
-0.096,0.143
-0.236,0.166
-0.46,0.323
-0.59,0.378
-0.606,0.475
-0.594,0.501
-0.588,0.503
-0.588,0.508
-0.588,0.513
-0.587,0.52
-0.587,0.521
-0.588,0.53
-0.587,0.541
-0.587,0.559
-0.587,0.571
-0.587,0.6
-0.587,0.611
-0.587,0.62
-0.586,0.621
-0.587,0.621
-0.624,0.621
-0.643,0.621
-0.642,0.616
-0.642,0.614
-0.63,0.613
-0.616,0.612
-0.589,0.613
-0.583,0.617
-0.575,0.635
-0.576,0.662
-0.581,0.751
-0.584,0.788
-0.589,0.794
-0.626,0.828
-0.633,0.884
-0.639,0.901
-0.676,0.905
-0.691,0.903
-0.704,0.898
-0.713,0.897
-0.723,0.893
-0.72,0.885
-0.711,0.882
-0.711,0.867
-0.711,0.801
-0.711,0.773
-0.711,0.723
-0.711,0.698
-0.695,0.655
-0.655,0.618
-0.638,0.591
-0.609,0.58
-0.597,0.531
-0.579,0.508
-0.575,0.447
-0.573,0.394
-0.573,0.338
-0.574,0.259
-0.573,0.251
-0.57,0.232
-0.524,0.214
-0.459,0.193
-0.309,0.191
-0.203,0.19
-0.051,0.188
-0.05,0.193
-0.05,0.196
-0.05,0.197
-0.051,0.199
-0.051,0.197
-0.051,0.194
-0.05,0.154
-0.05,0.133
-0.049,0.098
-0.044,0.083
-0.008,0.079
0.001,0.081
0.0,0.078
0.0,0.072
0.0,0.053
0.0,0.041
0.0,0.034
0.0,0.021
0.0,0.011
0.0,0.005
0.0,0.011
0.0,0.012
0.0,0.012
0.0,0.013
0.0,0.013
0.0,0.012
0.0,0.012
0.0,0.014
0.0,0.015
0.0,0.014
0.0,0.013
0.0,0.014
0.0,0.013
0.0,0.015
0.0,0.015
0.0,0.016
0.0,0.015
0.0,0.015
0.0,0.013
0.0,0.013
0.0,0.013
0.0,0.014
0.0,0.015
0.0,0.019
0.0,0.02
0.0,0.021
0.0,0.021
0.0,0.021
0.0,0.021
0.0,0.02
0.0,0.019
-0.023,0.019
-0.021,0.018
-0.021,0.017
-0.022,0.017
-0.03,0.018
-0.057,0.018
-0.067,0.021
-0.1,0.032
-0.284,0.034
-0.346,0.033
-0.414,0.034
-0.411,0.133
-0.405,0.242
-0.395,0.278
-0.393,0.282
-0.394,0.291
-0.402,0.297
-0.435,0.306
-0.499,0.306
-0.524,0.308
-0.55,0.308
-0.565,0.323
-0.565,0.338
-0.565,0.391
-0.568,0.408
-0.587,0.407
-0.605,0.403
-0.611,0.398
-0.636,0.389
-0.656,0.365
-0.663,0.345
-0.663,0.34
-0.661,0.338
-0.66,0.336
-0.66,0.335
-0.66,0.302
-0.66,0.276
-0.66,0.276
-0.659,0.276
-0.658,0.276
-0.658,0.276
-0.656,0.276
-0.652,0.273
-0.653,0.272
-0.654,0.262
-0.654,0.259
-0.654,0.247
-0.65,0.238
-0.65,0.204
-0.649,0.207
-0.618,0.186
-0.6,0.186
-0.587,0.182
-0.552,0.176
-0.476,0.169
-0.449,0.166
-0.436,0.165
-0.43,0.17
-0.427,0.171
-0.427,0.171
-0.425,0.171
-0.426,0.171
-0.427,0.171
-0.428,0.158
-0.429,0.15
-0.429,0.149
-0.429,0.149
-0.429,0.149
-0.432,0.145
-0.433,0.144
-0.432,0.144
-0.432,0.139
-0.431,0.131
-0.431,0.136
-0.431,0.134
-0.431,0.135
-0.431,0.137
-0.431,0.139
-0.431,0.142
-0.431,0.155
-0.431,0.156
-0.431,0.171
-0.434,0.205
-0.436,0.221
-0.443,0.232
-0.451,0.264
-0.494,0.276
-0.499,0.278
-0.495,0.281
-0.49,0.281
-0.485,0.281
-0.484,0.281
-0.484,0.278
-0.484,0.276
-0.484,0.276
-0.484,0.275
-0.484,0.275
-0.484,0.274
-0.484,0.274
-0.485,0.272
-0.484,0.27
-0.484,0.27
-0.484,0.272
-0.484,0.271
-0.484,0.272
-0.484,0.272
-0.484,0.272
-0.484,0.271
-0.484,0.27
-0.484,0.265
-0.484,0.262
-0.484,0.261
-0.484,0.261
-0.449,0.262
-0.429,0.255
-0.401,0.25
-0.385,0.25
-0.378,0.25
-0.378,0.25
-0.373,0.25
-0.362,0.25
-0.295,0.25
-0.122,0.248
-0.106,0.21
-0.097,0.205
-0.082,0.193
-0.041,0.182
-0.026,0.171
-0.017,0.164
-0.016,0.161
-0.019,0.16
-0.021,0.152
-0.023,0.155
-0.023,0.158
-0.024,0.175
-0.039,0.177
-0.1,0.265
-0.178,0.32
-0.393,0.343
-0.492,0.361
-0.495,0.385
-0.491,0.389
-0.482,0.39
-0.465,0.39
-0.409,0.39
-0.403,0.382
-0.402,0.368
-0.399,0.368
-0.4,0.368
-0.401,0.368
-0.404,0.367
-0.406,0.368
-0.423,0.368
-0.423,0.368
-0.453,0.366
-0.469,0.359
-0.479,0.298
-0.485,0.262
-0.484,0.259
-0.477,0.238
-0.473,0.218
-0.468,0.214
-0.468,0.208
-0.468,0.186
-0.468,0.172
-0.468,0.164
-0.466,0.155
-0.462,0.152
-0.447,0.153
-0.441,0.151
-0.441,0.148
-0.44,0.151
-0.438,0.15
-0.426,0.146
-0.401,0.137
-0.395,0.138
-0.396,0.139
-0.397,0.139
-0.397,0.136
-0.396,0.131
-0.392,0.132
-0.385,0.131
-0.363,0.134
-0.352,0.135
-0.332,0.137
-0.309,0.137
-0.292,0.139
-0.247,0.139
-0.248,0.139
-0.25,0.139
-0.253,0.14
-0.255,0.141
-0.261,0.144
-0.262,0.146
-0.27,0.153
-0.277,0.154
-0.277,0.156
-0.277,0.156
-0.277,0.157
-0.278,0.157
-0.278,0.173
-0.278,0.176
-0.277,0.181
-0.278,0.182
-0.278,0.19
-0.278,0.208
-0.278,0.214
-0.278,0.227
-0.29,0.236
-0.327,0.242
-0.335,0.25
-0.335,0.249
-0.335,0.25
-0.335,0.251
-0.334,0.253
-0.333,0.254
-0.334,0.253
-0.338,0.253
-0.35,0.254
-0.349,0.254
-0.349,0.254
-0.349,0.254
-0.348,0.255
-0.348,0.254
-0.348,0.255
-0.347,0.254
-0.346,0.254
-0.345,0.253
-0.345,0.253
-0.343,0.253
-0.343,0.253
-0.343,0.253
-0.342,0.253
-0.341,0.251
-0.341,0.251
-0.336,0.25
-0.33,0.25
-0.33,0.25
-0.33,0.25
-0.329,0.25
-0.329,0.251
-0.327,0.251
-0.327,0.251
-0.329,0.252
-0.332,0.259
-0.39,0.261
-0.444,0.303
-0.451,0.336
-0.458,0.346
-0.49,0.355
-0.489,0.362
-0.489,0.364
-0.489,0.363
-0.488,0.363
-0.489,0.364
-0.487,0.361
-0.486,0.357
-0.485,0.345
-0.487,0.341
-0.49,0.341
-0.491,0.341
-0.5,0.341
-0.523,0.34
-0.526,0.34
-0.527,0.341
-0.527,0.34
-0.527,0.341
-0.528,0.341
-0.528,0.341
-0.528,0.341
-0.528,0.331
-0.528,0.318
-0.528,0.271
-0.527,0.263
-0.524,0.264
-0.524,0.265
-0.523,0.263
-0.522,0.258
-0.522,0.255
-0.523,0.25
-0.525,0.251
-0.526,0.244
-0.526,0.234
-0.527,0.232
-0.53,0.24
-0.531,0.238
-0.537,0.246
-0.538,0.246
-0.54,0.246
-0.539,0.244
-0.538,0.242
-0.525,0.244
-0.524,0.246
-0.478,0.244
-0.463,0.246
-0.445,0.244
-0.44,0.244
-0.434,0.244
-0.435,0.246
-0.435,0.248
-0.435,0.248
-0.437,0.249
-0.44,0.25
-0.44,0.251
-0.443,0.253
-0.443,0.253
-0.443,0.251
-0.442,0.259
-0.442,0.262
-0.442,0.265
-0.448,0.263
-0.456,0.264
-0.456,0.266
-0.472,0.267
-0.474,0.268
-0.469,0.268
-0.466,0.268
-0.464,0.266
-0.464,0.266
-0.466,0.263
-0.466,0.259
-0.467,0.255
-0.467,0.214
-0.466,0.213
-0.463,0.213
-0.464,0.213
-0.463,0.212
-0.463,0.213
-0.463,0.214
-0.463,0.218
-0.463,0.216
-0.463,0.217
-0.464,0.218
-0.464,0.218
-0.464,0.221
-0.463,0.22
-0.464,0.22
-0.463,0.22
-0.463,0.22
-0.463,0.22
-0.463,0.219
-0.456,0.219
-0.442,0.221
-0.427,0.221
-0.419,0.216
-0.401,0.199
-0.397,0.2
-0.395,0.205
-0.394,0.205
-0.396,0.209
-0.398,0.208
-0.397,0.208
-0.397,0.203
-0.397,0.203
-0.397,0.205
-0.397,0.203
-0.397,0.205
-0.397,0.205
-0.397,0.214
-0.397,0.228
-0.397,0.23
-0.397,0.259
-0.4,0.282
-0.421,0.337
-0.423,0.368
-0.495,0.427
-0.512,0.445
-0.555,0.459
-0.575,0.477
-0.604,0.505
-0.608,0.578
-0.616,0.598
-0.637,0.606
-0.642,0.606
-0.642,0.606
-0.642,0.601
-0.645,0.597
-0.644,0.595
-0.647,0.585
-0.648,0.586
-0.647,0.578
-0.647,0.56
-0.647,0.536
-0.647,0.529
-0.648,0.526
-0.656,0.518
-0.661,0.518
-0.67,0.501
-0.679,0.488
-0.679,0.471
-0.678,0.46
-0.677,0.439
-0.671,0.428
-0.663,0.412
-0.655,0.405
-0.642,0.409
-0.605,0.422
-0.571,0.432
-0.531,0.558
-0.531,0.638
-0.534,0.665
-0.534,0.683
-0.533,0.689
-0.533,0.69
-0.533,0.696
-0.535,0.71
-0.537,0.753
-0.538,0.836
-0.538,0.836
-0.536,0.858
-0.536,0.857
-0.538,0.855
-0.541,0.855
-0.543,0.853
-0.613,0.841
-0.62,0.82
-0.621,0.775
-0.621,0.709
-0.623,0.638
-0.627,0.621
-0.64,0.599
-0.646,0.601
-0.668,0.603
-0.667,0.606
-0.666,0.606
-0.666,0.606
-0.665,0.607
-0.665,0.607
-0.665,0.607
-0.666,0.607
-0.666,0.61
-0.667,0.62
-0.667,0.668
-0.668,0.764
-0.668,0.772
-0.669,0.778
-0.668,0.785
-0.667,0.792
-0.666,0.809
-0.666,0.822
-0.667,0.847
-0.668,0.854
-0.667,0.854
-0.667,0.855
-0.665,0.85
-0.663,0.849
-0.663,0.848
-0.663,0.851
-0.663,0.855
-0.663,0.953
-0.663,0.984
-0.663,0.987
-0.663,0.973
-0.662,0.964
-0.658,0.965
-0.656,0.952
-0.655,0.93
-0.655,0.914
-0.655,0.903
-0.655,0.832
-0.655,0.792
-0.655,0.77
-0.655,0.766
-0.655,0.732
-0.657,0.712
-0.66,0.706
-0.675,0.694
-0.689,0.687
-0.69,0.681
-0.686,0.682
-0.683,0.68
-0.676,0.666
-0.676,0.67
-0.663,0.687
-0.645,0.702
-0.642,0.724
-0.64,0.731
-0.642,0.736
-0.642,0.736
-0.641,0.736
-0.64,0.735
-0.594,0.723
-0.553,0.721
-0.533,0.721
-0.476,0.692
-0.429,0.619
-0.319,0.561
-0.308,0.532
-0.305,0.512
-0.302,0.499
-0.304,0.487
-0.306,0.476
-0.306,0.468
-0.305,0.468
-0.296,0.462
-0.273,0.452
-0.231,0.43
-0.203,0.405
-0.135,0.4
-0.083,0.38
-0.041,0.37
-0.028,0.372
-0.026,0.365
-0.027,0.362
-0.029,0.354
-0.028,0.345
-0.029,0.338
-0.029,0.327
-0.026,0.324
-0.03,0.295
-0.016,0.288
-0.015,0.285
-0.011,0.278
-0.011,0.278
-0.011,0.261
-0.011,0.255
-0.011,0.251
-0.009,0.231
-0.009,0.203
-0.008,0.181
-0.008,0.168
-0.009,0.166
-0.007,0.163
-0.008,0.161
-0.007,0.162
-0.006,0.156
-0.016,0.153
-0.02,0.151
-0.022,0.15
-0.023,0.155
-0.023,0.15
-0.022,0.15
-0.023,0.152
-0.023,0.156
-0.021,0.161
-0.018,0.163
-0.01,0.167
-0.009,0.169
-0.016,0.171
-0.002,0.205
0.0,0.267
0.0,0.281
-0.002,0.282
-0.018,0.283
-0.014,0.284
0.075,0.293
0.15,0.328
0.178,0.342
0.182,0.356
0.184,0.385
0.184,0.405
0.184,0.434
0.181,0.474
0.178,0.481
0.175,0.483
0.174,0.482
0.173,0.49
0.173,0.494
0.172,0.495
0.172,0.494
0.169,0.494
0.165,0.494
0.164,0.493
0.165,0.491
0.165,0.49
0.169,0.49
0.17,0.486
0.171,0.472
0.173,0.471
0.177,0.467
0.181,0.466
0.188,0.467
0.188,0.466
0.19,0.466
0.187,0.466
0.183,0.466
0.176,0.466
0.167,0.466
0.167,0.467
0.166,0.465
0.166,0.466
0.165,0.465
0.165,0.467
0.165,0.469
0.165,0.469
0.165,0.468
0.165,0.467
0.165,0.467
0.165,0.467
0.165,0.467
0.162,0.467
0.098,0.467
0.098,0.467
0.101,0.467
0.107,0.467
0.107,0.466
0.112,0.449
0.113,0.448
0.114,0.447
0.113,0.447
0.114,0.446
0.114,0.443
0.114,0.428
0.114,0.42
0.113,0.39
0.112,0.368
0.112,0.349
0.113,0.346
0.113,0.345
0.114,0.346
0.114,0.348
0.115,0.347
0.115,0.349
0.115,0.342
0.115,0.34
0.115,0.336
0.116,0.332
0.116,0.336
0.116,0.335
0.114,0.329
0.115,0.311
0.115,0.309
0.115,0.307
0.116,0.299
0.115,0.288
0.115,0.287
0.115,0.283
0.115,0.277
0.116,0.281
0.116,0.281
0.116,0.278
0.116,0.268
0.116,0.269
0.116,0.275
0.115,0.273
0.116,0.274
0.118,0.274
0.126,0.271
0.128,0.272
0.13,0.266
0.137,0.256
0.155,0.248
0.166,0.248
0.175,0.24
0.179,0.237
0.18,0.234
0.182,0.234
0.186,0.236
0.184,0.234
0.197,0.239
0.199,0.242
0.201,0.243
0.201,0.249
0.198,0.255
0.196,0.263
0.188,0.265
0.181,0.265
0.181,0.285
0.181,0.3
0.18,0.304
0.181,0.308
0.181,0.315
0.181,0.337
0.181,0.347
0.181,0.361
0.179,0.362
0.128,0.364
0.109,0.364
0.094,0.364
0.077,0.364
0.038,0.361
0.039,0.359
0.049,0.357
0.054,0.355
0.063,0.353
0.078,0.348
0.079,0.344
0.08,0.343
0.081,0.343
0.081,0.343
0.08,0.342
0.081,0.342
0.081,0.342
0.067,0.342
0.002,0.342
-0.021,0.342
-0.057,0.337
-0.035,0.329
-0.043,0.277
-0.051,0.287
-0.063,0.263
-0.087,0.265
-0.116,0.252
-0.131,0.252
-0.177,0.25
-0.208,0.249
-0.216,0.248
-0.243,0.25
-0.255,0.252
-0.272,0.249
-0.271,0.25
-0.271,0.246
-0.271,0.243
-0.274,0.238
-0.27,0.234
-0.262,0.225
-0.252,0.221
-0.251,0.233
-0.203,0.228
-0.165,0.229
-0.17,0.229
-0.176,0.227
-0.193,0.223
-0.193,0.219
-0.193,0.219
-0.193,0.221
-0.193,0.225
-0.193,0.221
-0.193,0.222
-0.193,0.22
-0.193,0.218
-0.193,0.21
-0.194,0.203
-0.194,0.205
-0.194,0.206
-0.189,0.201
-0.157,0.191
-0.104,0.192
-0.083,0.192
-0.073,0.193
-0.057,0.19
-0.045,0.185
-0.037,0.182
-0.033,0.182
-0.038,0.186
-0.041,0.187
-0.041,0.19
-0.045,0.19
-0.046,0.189
-0.047,0.19
-0.039,0.191
-0.016,0.191
-0.024,0.191
0.0,0.192
0.001,0.191
0.008,0.191
0.006,0.191
0.008,0.191
0.013,0.192
0.028,0.192
0.019,0.191
0.024,0.19
0.03,0.188
0.034,0.189
0.032,0.188
0.03,0.187
0.058,0.184
0.076,0.184
0.109,0.182
0.108,0.183
0.106,0.184
0.106,0.184
0.104,0.183
0.104,0.182
0.103,0.18
0.103,0.18
0.103,0.181
0.102,0.183
0.101,0.181
0.1,0.181
0.1,0.182
0.1,0.175
0.1,0.175
0.099,0.176
0.1,0.178
0.099,0.18
0.099,0.181
0.099,0.182
0.099,0.184
0.099,0.186
0.098,0.182
0.098,0.184
0.098,0.182
0.098,0.184
0.098,0.185
0.098,0.186
0.098,0.184
0.098,0.184
0.098,0.186
0.098,0.186
0.099,0.185
0.099,0.185
0.101,0.185
0.101,0.186
0.103,0.186
0.102,0.186
0.101,0.187
0.1,0.186
0.1,0.184
0.1,0.182
0.099,0.184
0.099,0.183
0.099,0.184
0.099,0.184
0.099,0.182
0.099,0.181
0.099,0.18
0.099,0.18
0.099,0.179
0.099,0.176
0.099,0.169
0.098,0.17
0.098,0.172
0.098,0.173
0.098,0.173
0.099,0.172
0.099,0.173
0.098,0.174
0.098,0.175
0.098,0.177
0.098,0.177
0.098,0.176
0.098,0.177
0.098,0.178
0.098,0.176
0.098,0.176
0.097,0.176
0.098,0.176
0.098,0.174
0.097,0.173
0.097,0.171
0.097,0.171
0.098,0.169
0.098,0.167
0.097,0.169
0.098,0.169
0.097,0.167
0.097,0.167
0.096,0.167
0.095,0.163
0.094,0.164
0.095,0.159
0.094,0.152
0.094,0.152
0.094,0.154
0.093,0.154
0.093,0.153
0.093,0.156
0.093,0.15
0.092,0.147
0.092,0.136
0.092,0.133
0.089,0.122
0.081,0.128
0.081,0.145
0.08,0.152
0.08,0.201
0.081,0.264
0.127,0.349
0.158,0.381
0.176,0.384
0.179,0.375
0.206,0.369
0.26,0.368
0.304,0.368
0.31,0.368
0.312,0.368
0.33,0.368
0.334,0.368
0.334,0.368
0.338,0.37
0.338,0.372
0.337,0.374
0.334,0.37
0.333,0.366
0.331,0.266
0.33,0.249
0.332,0.253
0.332,0.266
0.349,0.274
0.428,0.36
0.46,0.428
0.482,0.488
0.475,0.492
0.46,0.494
0.453,0.494
0.435,0.495
0.432,0.496
0.43,0.495
0.431,0.494
0.431,0.484
0.431,0.467
0.432,0.438
0.423,0.429
0.417,0.43
0.411,0.434
0.413,0.439
0.409,0.449
0.41,0.449
0.411,0.373
0.409,0.343
0.389,0.344
0.374,0.349
0.346,0.356
0.34,0.362
0.335,0.367
0.333,0.466
0.328,0.495
0.319,0.507
0.318,0.509
0.315,0.511
0.301,0.513
0.291,0.514
0.278,0.514
0.285,0.514
0.287,0.514
0.287,0.514
0.29,0.514
0.29,0.514
0.294,0.514
0.296,0.514
0.297,0.511
0.295,0.511
0.296,0.507
0.293,0.5
0.254,0.488
0.246,0.488
0.25,0.475
0.254,0.433
0.253,0.398
0.256,0.379
0.256,0.366
0.256,0.332
0.259,0.326
0.261,0.318
0.261,0.315
0.263,0.296
0.264,0.282
0.265,0.286
0.261,0.268
0.26,0.268
0.259,0.257
0.251,0.256
0.233,0.252
0.224,0.259
0.217,0.263
0.21,0.267
0.203,0.274
0.199,0.283
0.19,0.306
0.186,0.394
0.186,0.402
0.181,0.405
0.18,0.404
0.169,0.389
0.165,0.39
0.166,0.389
0.171,0.39
0.175,0.381
0.182,0.36
0.196,0.34
0.227,0.323
0.227,0.295
0.229,0.26
0.225,0.252
0.223,0.226
0.22,0.211
0.218,0.207
0.217,0.202
0.217,0.191
0.217,0.185
0.216,0.186
0.216,0.187
0.217,0.184
0.217,0.171
0.217,0.166
0.217,0.164
0.217,0.159
0.218,0.156
0.217,0.158
0.217,0.158
0.217,0.152
0.219,0.14
0.218,0.124
0.217,0.12
0.218,0.116
0.217,0.116
0.217,0.104
0.217,0.111
0.217,0.107
0.216,0.092
0.218,0.09
0.217,0.09
0.217,0.099
0.203,0.109
0.119,0.115
-0.022,0.141
-0.035,0.177
-0.159,0.266
-0.212,0.273
-0.254,0.278
-0.259,0.279
-0.259,0.276
-0.257,0.272
-0.255,0.268
-0.254,0.263
-0.253,0.263
-0.253,0.263
-0.252,0.263
-0.247,0.263
-0.247,0.263
-0.247,0.253
-0.249,0.244
-0.252,0.202
-0.271,0.194
-0.27,0.171
-0.269,0.171
-0.261,0.17
-0.247,0.17
-0.247,0.171
-0.196,0.175
-0.136,0.174
-0.114,0.173
-0.112,0.174
-0.112,0.173
-0.117,0.173
-0.124,0.173
-0.132,0.175
-0.132,0.175
-0.133,0.18
-0.133,0.182
-0.132,0.191
-0.133,0.197
-0.133,0.197
-0.132,0.199
-0.142,0.199
-0.143,0.199
-0.142,0.199
-0.143,0.199
-0.143,0.199
-0.144,0.199
-0.144,0.199
-0.144,0.2
-0.143,0.2
-0.139,0.201
-0.139,0.2
-0.139,0.201
-0.139,0.201
-0.14,0.201
-0.14,0.201
-0.143,0.201
-0.145,0.201
-0.151,0.201
-0.166,0.201
-0.179,0.201
-0.188,0.222
-0.204,0.289
-0.222,0.333
-0.235,0.362
-0.248,0.405
-0.263,0.405
-0.267,0.41
-0.267,0.426
-0.268,0.435
-0.273,0.474
-0.278,0.505
-0.281,0.529
-0.283,0.543
-0.299,0.564
-0.317,0.568
-0.323,0.57
-0.329,0.579
-0.329,0.606
-0.34,0.656
-0.344,0.67
-0.349,0.679
-0.354,0.679
-0.361,0.681
-0.369,0.682
-0.383,0.683
-0.39,0.683
-0.397,0.683
-0.397,0.684
-0.399,0.683
-0.398,0.682
-0.398,0.674
-0.398,0.663
-0.396,0.607
-0.394,0.575
-0.393,0.563
-0.392,0.556
-0.391,0.554
-0.391,0.556
-0.39,0.557
-0.386,0.55
-0.378,0.501
-0.377,0.451
-0.377,0.431
-0.377,0.425
-0.377,0.403
-0.377,0.405
-0.377,0.407
-0.377,0.413
-0.377,0.415
-0.377,0.425
-0.38,0.438
-0.389,0.456
-0.392,0.457
-0.403,0.464
-0.401,0.467
-0.402,0.477
-0.401,0.492
-0.4,0.515
-0.4,0.534
-0.4,0.569
-0.401,0.6
-0.41,0.62
-0.414,0.643
-0.42,0.642
-0.432,0.642
-0.438,0.641
-0.457,0.636
-0.465,0.636
-0.472,0.636
-0.471,0.636
-0.473,0.635
-0.472,0.638
-0.465,0.639
-0.455,0.641
-0.453,0.641
-0.449,0.64
-0.423,0.636
-0.409,0.617
-0.411,0.616
-0.423,0.616
-0.427,0.608
-0.428,0.574
-0.429,0.558
-0.424,0.523
-0.41,0.469
-0.383,0.451
-0.378,0.445
-0.377,0.427
-0.378,0.402
-0.38,0.397
-0.386,0.403
-0.386,0.405
-0.385,0.396
-0.383,0.396
-0.383,0.395
-0.384,0.398
-0.384,0.396
-0.386,0.391
-0.386,0.389
-0.387,0.382
-0.391,0.379
-0.399,0.384
-0.401,0.383
-0.401,0.389
-0.402,0.389
-0.402,0.389
-0.401,0.386
-0.402,0.375
-0.402,0.366
-0.402,0.364
-0.402,0.336
-0.402,0.332
-0.402,0.331
-0.402,0.331
-0.403,0.325
-0.403,0.318
-0.403,0.316
-0.403,0.3
-0.403,0.303
-0.402,0.304
-0.403,0.304
-0.403,0.307
-0.403,0.309
-0.403,0.313
-0.403,0.314
-0.402,0.315
-0.403,0.316
-0.403,0.317
-0.403,0.316
-0.403,0.317
-0.403,0.319
-0.403,0.318
-0.403,0.319
-0.403,0.32
-0.403,0.321
-0.403,0.321
-0.403,0.313
-0.403,0.308
-0.403,0.297
-0.403,0.293
-0.403,0.294
-0.402,0.287
-0.403,0.291
-0.403,0.298
-0.403,0.3
-0.403,0.303
-0.403,0.308
-0.403,0.308
-0.403,0.31
-0.403,0.312
-0.403,0.312
-0.403,0.312
-0.403,0.316
-0.403,0.321
-0.403,0.327
-0.403,0.329
-0.403,0.33
-0.403,0.353
-0.403,0.374
-0.403,0.385
-0.404,0.389
-0.408,0.402
-0.408,0.416
-0.41,0.452
-0.416,0.499
-0.42,0.507
-0.451,0.515
-0.456,0.546
-0.466,0.557
-0.478,0.57
-0.489,0.574
-0.5,0.594
-0.512,0.61
-0.512,0.648
-0.513,0.65
-0.522,0.651
-0.525,0.659
-0.526,0.665
-0.526,0.67
-0.532,0.672
-0.53,0.68
-0.531,0.704
-0.539,0.715
-0.541,0.736
-0.544,0.74
-0.549,0.742
-0.556,0.775
-0.561,0.796
-0.571,0.814
-0.58,0.847
-0.581,0.878
-0.579,0.886
-0.575,0.897
-0.575,0.919
-0.574,0.924
-0.57,0.927
-0.567,0.927
-0.567,0.927
-0.567,0.925
-0.569,0.925
-0.57,0.926
-0.575,0.925
-0.59,0.922
-0.592,0.92
-0.592,0.918
-0.592,0.918
-0.604,0.918
-0.609,0.918
-0.613,0.916
-0.617,0.914
-0.626,0.914
-0.633,0.908
-0.634,0.905
-0.633,0.875
-0.635,0.831
-0.636,0.83
-0.636,0.826
-0.642,0.828
-0.649,0.818
-0.65,0.822
-0.653,0.826
-0.656,0.82
-0.662,0.816
-0.663,0.809
-0.664,0.79
-0.664,0.776
-0.663,0.74
-0.655,0.716
-0.649,0.714
-0.648,0.713
-0.648,0.719
-0.617,0.726
-0.537,0.732
-0.494,0.756
-0.481,0.794
-0.478,0.879
-0.48,0.893
-0.48,0.935
-0.479,0.971
-0.479,0.981
-0.476,0.982
-0.467,0.984
-0.448,0.987
-0.401,0.99
-0.39,0.99
-0.38,0.99
-0.372,0.991
-0.37,0.993
-0.369,0.993
-0.365,0.989
-0.364,0.983
-0.363,0.971
-0.36,0.97
-0.358,0.968
-0.352,0.967
-0.349,0.966
-0.348,0.966
-0.342,0.967
-0.336,0.967
-0.326,0.966
-0.309,0.965
-0.297,0.965
-0.296,0.966
-0.298,0.955
-0.298,0.951
-0.292,0.952
-0.284,0.95
-0.234,0.952
-0.22,0.952
-0.237,0.951
-0.298,0.951
-0.339,0.951
-0.425,0.951
-0.495,0.95
-0.566,0.95
-0.586,0.95
-0.619,0.949
-0.636,0.95
-0.657,0.95
-0.667,0.946
-0.671,0.937
-0.684,0.893
-0.689,0.871
-0.693,0.847
-0.719,0.841
-0.735,0.831
-0.745,0.801
-0.745,0.797
-0.744,0.798
-0.731,0.796
-0.722,0.768
-0.618,0.76
-0.556,0.753
-0.457,0.755
-0.434,0.757
-0.4,0.755
-0.372,0.757
-0.368,0.76
-0.348,0.764
-0.344,0.771
-0.339,0.786
-0.324,0.888
-0.315,0.901
-0.311,0.897
-0.309,0.893
-0.309,0.881
-0.309,0.881
-0.314,0.881
-0.332,0.882
-0.351,0.88
-0.406,0.88
-0.46,0.88
-0.478,0.881
-0.503,0.88
-0.54,0.88
-0.552,0.88
-0.586,0.88
-0.603,0.854
-0.612,0.818
-0.618,0.802
-0.626,0.785
-0.636,0.779
-0.648,0.78
-0.672,0.781
-0.689,0.781
-0.701,0.761
-0.716,0.748
-0.716,0.705
-0.717,0.663
-0.721,0.654
-0.722,0.633
-0.725,0.624
-0.725,0.614
-0.726,0.615
-0.725,0.614
-0.725,0.613
-0.725,0.616
-0.725,0.619
-0.725,0.625
-0.725,0.643
-0.726,0.651
-0.727,0.674
-0.731,0.696
-0.744,0.702
-0.753,0.702
-0.761,0.706
-0.778,0.71
-0.785,0.71
-0.787,0.709
-0.787,0.706
-0.786,0.698
-0.778,0.69
-0.773,0.638
-0.756,0.617
-0.727,0.586
-0.686,0.535
-0.667,0.508
-0.612,0.499
-0.581,0.497
-0.531,0.485
-0.468,0.468
-0.392,0.471
-0.376,0.473
-0.372,0.484
-0.372,0.493
-0.372,0.501
-0.371,0.578
-0.375,0.726
-0.375,0.743
-0.377,0.747
-0.39,0.749
-0.447,0.751
-0.472,0.754
-0.481,0.767
-0.48,0.766
-0.468,0.764
-0.468,0.758
-0.468,0.753
-0.468,0.749
-0.464,0.741
-0.453,0.708
-0.439,0.703
-0.413,0.705
-0.391,0.707
-0.383,0.71
-0.384,0.711
-0.379,0.711
-0.38,0.711
-0.381,0.711
-0.384,0.697
-0.385,0.647
-0.385,0.591
-0.386,0.58
-0.388,0.559
-0.388,0.535
-0.388,0.534
-0.392,0.539
-0.441,0.539
-0.469,0.539
-0.476,0.539
-0.488,0.54
-0.492,0.539
-0.491,0.539
-0.49,0.538
-0.487,0.538
-0.484,0.52
-0.478,0.509
-0.475,0.479
-0.475,0.469
-0.475,0.432
-0.475,0.43
-0.475,0.425
-0.475,0.409
-0.419,0.41
-0.403,0.409
-0.395,0.4
-0.392,0.398
-0.394,0.402
-0.395,0.403
-0.396,0.404
-0.396,0.394
-0.396,0.398
-0.395,0.409
-0.395,0.419
-0.396,0.423
-0.395,0.454
-0.38,0.546
-0.364,0.551
-0.314,0.55
-0.282,0.534
-0.275,0.525
-0.272,0.421
-0.274,0.371
-0.276,0.229
-0.277,0.138
-0.275,0.041
-0.246,0.015
-0.093,0.021
-0.029,0.009
-0.03,0.015
-0.03,0.017
-0.03,0.016
-0.03,0.015
-0.03,0.017
-0.03,0.016
-0.03,0.015
-0.03,0.015
-0.03,0.015
-0.03,0.017
-0.03,0.017
-0.03,0.018
-0.03,0.018
-0.03,0.017
-0.03,0.017
-0.029,0.017
-0.02,0.018
-0.015,0.019
-0.013,0.022
-0.014,0.027
-0.021,0.029
-0.021,0.03
-0.021,0.03
-0.022,0.031
-0.024,0.031
-0.023,0.031
-0.024,0.03
-0.024,0.03
-0.024,0.027
-0.024,0.017
-0.024,0.0
-0.024,0.007
-0.025,0.006
-0.025,0.007
-0.024,0.009
-0.024,0.01
-0.024,0.01
-0.03,0.011
-0.024,0.009
-0.024,0.009
-0.024,0.01
-0.024,0.009
-0.024,0.011
-0.024,0.011
-0.024,0.011
-0.024,0.011
-0.024,0.011
-0.024,0.011
-0.024,0.01
-0.024,0.01
-0.024,0.011
-0.024,0.011
-0.024,0.01
-0.024,0.011
-0.024,0.011
-0.024,0.011
-0.024,0.011
-0.024,0.011
-0.024,0.011
-0.024,0.011
-0.024,0.012
-0.024,0.011
-0.024,0.012
-0.024,0.012
-0.024,0.012
-0.024,0.011
-0.024,0.012
-0.024,0.012
-0.024,0.011
-0.024,0.012
-0.024,0.012
-0.024,0.012
-0.025,0.012
-0.024,0.012
-0.023,0.012
-0.024,0.011
-0.024,0.011
-0.024,0.012
-0.024,0.012
-0.024,0.011
-0.024,0.011
-0.024,0.011
-0.024,0.012
-0.024,0.011
-0.024,0.012
-0.024,0.011
-0.024,0.011
-0.024,0.011
-0.024,0.011
-0.024,0.011
-0.024,0.011
-0.024,0.011
-0.024,0.011
-0.024,0.011
-0.024,0.011
-0.024,0.012
-0.024,0.011
-0.024,0.012
-0.025,0.014
-0.024,0.015
-0.024,0.015
-0.024,0.015
-0.025,0.015
-0.024,0.015
-0.024,0.015
-0.024,0.015
-0.024,0.015
-0.024,0.015
-0.024,0.015
-0.024,0.015
-0.029,0.015
-0.061,0.015
-0.073,0.015
-0.094,0.028
-0.203,0.028
-0.313,0.029
-0.325,0.032
-0.324,0.051
-0.318,0.132
-0.309,0.16
-0.223,0.186
-0.216,0.23
-0.221,0.268
-0.24,0.301
-0.329,0.343
-0.475,0.366
-0.543,0.432
-0.546,0.444
-0.543,0.479
-0.537,0.486
-0.536,0.493
-0.537,0.488
-0.539,0.481
-0.539,0.466
-0.536,0.466
-0.533,0.458
-0.385,0.337
-0.1,0.126
-0.055,0.059
-0.05,0.014
-0.05,0.0
-0.054,0.0
-0.051,0.0
-0.05,0.008
-0.05,0.008
-0.05,0.009
-0.05,0.009
-0.05,0.009
-0.05,0.008
-0.05,0.009
-0.05,0.008
-0.05,0.008
-0.05,0.008
-0.05,0.009
-0.05,0.008
-0.038,0.009
-0.018,0.008
0.021,0.008
0.029,0.008
0.028,0.008
0.021,0.008
0.017,0.009
0.012,0.008
0.014,0.009
0.013,0.009
0.013,0.008
0.013,0.008
0.013,0.009
0.014,0.008
0.013,0.008
0.012,0.008
0.013,0.008
0.013,0.009
0.013,0.009
0.013,0.008
0.013,0.008
0.013,0.008
-0.036,0.008
-0.032,0.009
-0.032,0.011
-0.051,0.013
-0.054,0.017
-0.057,0.019
-0.061,0.019
-0.05,0.021
-0.042,0.02
-0.037,0.021
-0.034,0.021
-0.033,0.021
-0.032,0.021
-0.032,0.022
-0.032,0.022
-0.032,0.022
-0.032,0.021
-0.032,0.022
-0.032,0.022
-0.032,0.024
-0.032,0.026
-0.033,0.025
-0.033,0.124
-0.033,0.244
-0.059,0.392
-0.11,0.422
-0.126,0.47
-0.24,0.501
-0.312,0.55
-0.384,0.565
-0.38,0.587
-0.372,0.623
-0.37,0.624
-0.37,0.625
-0.37,0.625
-0.37,0.625
-0.372,0.626
-0.432,0.626
-0.491,0.627
-0.492,0.633
-0.496,0.628
-0.494,0.627
-0.493,0.621
-0.49,0.616
-0.49,0.607
-0.495,0.607
-0.495,0.607
-0.494,0.607
-0.486,0.595
-0.432,0.573
-0.296,0.572
-0.281,0.561
-0.281,0.532
-0.289,0.513
-0.305,0.488
-0.305,0.477
-0.305,0.471
-0.305,0.454
-0.305,0.43
-0.305,0.436
-0.305,0.434
-0.305,0.432
-0.305,0.433
-0.306,0.423
-0.307,0.406
-0.306,0.392
-0.306,0.391
-0.306,0.394
-0.306,0.394
-0.306,0.376
-0.306,0.378
-0.314,0.365
-0.342,0.36
-0.352,0.345
-0.352,0.331
-0.351,0.333
-0.352,0.334
-0.352,0.336
-0.352,0.338
-0.354,0.35
-0.366,0.352
-0.38,0.376
-0.403,0.386
-0.41,0.398
-0.423,0.403
-0.429,0.428
-0.434,0.44
-0.436,0.446
-0.439,0.471
-0.439,0.479
-0.439,0.488
-0.444,0.492
-0.451,0.505
-0.457,0.541
-0.459,0.565
-0.478,0.583
-0.485,0.604
-0.494,0.615
-0.522,0.627
-0.546,0.647
-0.562,0.651
-0.573,0.655
-0.584,0.663
-0.598,0.674
-0.633,0.691
-0.645,0.719
-0.648,0.719
-0.663,0.724
-0.676,0.725
-0.683,0.731
-0.692,0.735
-0.697,0.751
-0.71,0.773
-0.721,0.788
-0.728,0.818
-0.751,0.824
-0.763,0.825
-0.776,0.824
-0.777,0.824
-0.789,0.824
-0.796,0.824
-0.804,0.823
-0.81,0.824
-0.831,0.824
-0.887,0.823
-0.92,0.823
-0.937,0.821
-0.939,0.82
-0.954,0.82
-0.958,0.82
-0.954,0.82
-0.949,0.819
-0.934,0.82
-0.934,0.82
-0.934,0.819
-0.934,0.819
-0.934,0.819
-0.912,0.818
-0.896,0.82
-0.886,0.818
-0.887,0.819
-0.884,0.819
-0.871,0.82
-0.865,0.82
-0.865,0.819
-0.867,0.82
-0.867,0.821
-0.855,0.82
-0.837,0.82
-0.828,0.82
-0.801,0.82
-0.797,0.82
-0.795,0.82
-0.796,0.82
-0.796,0.818
-0.792,0.816
-0.778,0.813
-0.782,0.808
-0.786,0.805
-0.798,0.803
-0.807,0.801
-0.81,0.801
-0.834,0.801
-0.836,0.801
-0.835,0.801
-0.835,0.801
-0.835,0.801
-0.834,0.801
-0.832,0.8
-0.826,0.801
-0.821,0.801
-0.82,0.801
-0.805,0.801
-0.75,0.801
-0.734,0.8
-0.723,0.792
-0.697,0.781
-0.678,0.778
-0.663,0.776
-0.661,0.776
-0.661,0.769
-0.658,0.758
-0.655,0.725
-0.656,0.674
-0.663,0.657
-0.679,0.625
-0.679,0.625
-0.68,0.61
-0.68,0.607
-0.681,0.608
-0.682,0.618
-0.682,0.633
-0.682,0.636
-0.682,0.648
-0.682,0.652
-0.682,0.653
-0.682,0.654
-0.682,0.653
-0.682,0.65
-0.677,0.649
-0.666,0.648
-0.667,0.648
-0.667,0.58
-0.666,0.567
-0.666,0.505
-0.668,0.5
-0.668,0.52
-0.668,0.532
-0.668,0.533
-0.669,0.651
-0.666,0.711
-0.667,0.736
-0.667,0.738
-0.663,0.736
-0.659,0.723
-0.66,0.722
-0.659,0.722
-0.659,0.722
-0.643,0.722
-0.567,0.723
-0.474,0.722
-0.474,0.723
-0.476,0.72
-0.49,0.657
-0.492,0.593
-0.493,0.574
-0.493,0.486
-0.494,0.472
-0.494,0.473
-0.494,0.475
-0.494,0.475
-0.494,0.476
-0.494,0.477
-0.495,0.477
-0.495,0.473
-0.543,0.453
-0.617,0.443
-0.621,0.422
-0.619,0.401
-0.614,0.387
-0.593,0.36
-0.459,0.334
-0.239,0.263
-0.103,0.19
-0.06,0.097
-0.06,0.026
-0.06,0.039
-0.059,0.021
-0.06,0.028
-0.059,0.026
-0.059,0.021
-0.059,0.019
-0.058,0.02
-0.058,0.022
-0.058,0.023
-0.058,0.024
-0.052,0.024
-0.047,0.024
-0.036,0.024
-0.029,0.024
-0.024,0.026
-0.005,0.025
0.0,0.026
0.0,0.029
-0.002,0.039
-0.007,0.039
-0.007,0.039
-0.008,0.04
-0.008,0.04
-0.008,0.04
-0.008,0.041
-0.008,0.041
-0.008,0.04
-0.008,0.096
-0.079,0.163
-0.099,0.228
-0.151,0.254
-0.351,0.28
-0.394,0.334
-0.415,0.409
-0.415,0.47
-0.408,0.509
-0.407,0.512
-0.406,0.512
-0.394,0.512
-0.392,0.512
-0.404,0.513
-0.426,0.516
-0.428,0.533
-0.427,0.572
-0.446,0.582
-0.483,0.588
-0.57,0.593
-0.646,0.595
-0.651,0.62
-0.653,0.64
-0.654,0.641
-0.651,0.642
-0.649,0.642
-0.649,0.636
-0.651,0.625
-0.651,0.615
-0.651,0.614
-0.65,0.616
-0.645,0.616
-0.485,0.616
-0.485,0.604
-0.425,0.599
-0.437,0.598
-0.467,0.597
-0.539,0.596
-0.553,0.595
-0.565,0.597
-0.596,0.588
-0.601,0.585
-0.6,0.561
-0.6,0.54
-0.593,0.535
-0.588,0.509
-0.587,0.498
-0.587,0.479
-0.587,0.447
-0.587,0.426
-0.586,0.428
-0.587,0.412
-0.586,0.411
-0.587,0.406
-0.586,0.396
-0.586,0.387
-0.586,0.366
-0.592,0.342
-0.606,0.339
-0.63,0.345
-0.638,0.347
-0.646,0.353
-0.645,0.365
-0.64,0.367
-0.636,0.379
-0.636,0.387
-0.632,0.392
-0.621,0.394
-0.515,0.403
-0.352,0.404
-0.049,0.405
-0.041,0.405
-0.042,0.407
-0.043,0.405
-0.043,0.405
-0.043,0.402
-0.048,0.402
-0.002,0.401
0.01,0.399
0.013,0.399
0.009,0.399
0.009,0.399
0.009,0.399
0.009,0.399
0.011,0.4
0.148,0.4
0.183,0.4
0.185,0.4
0.186,0.4
0.186,0.4
0.185,0.404
0.183,0.407
0.174,0.44
0.173,0.466
0.172,0.492
0.142,0.497
0.038,0.496
0.022,0.496
0.031,0.497
-0.008,0.496
0.0,0.493
0.011,0.477
0.017,0.475
0.0,0.403
0.0,0.369
0.0,0.36
0.002,0.341
0.002,0.336
0.0,0.336
0.0,0.327
0.0,0.321
0.0,0.299
0.0,0.283
0.0,0.268
0.0,0.244
0.002,0.229
0.004,0.214
0.004,0.209
0.004,0.208
0.004,0.207
0.003,0.206
0.004,0.207
0.004,0.201
0.004,0.198
0.004,0.192
0.004,0.192
0.004,0.187
0.004,0.181
0.004,0.173
0.004,0.169
0.004,0.165
0.004,0.156
0.004,0.145
0.004,0.143
0.004,0.137
0.004,0.136
0.004,0.133
0.004,0.119
0.004,0.116
0.004,0.107
0.004,0.101
0.004,0.089
0.002,0.081
-0.008,0.054
-0.02,0.037
-0.022,0.036
-0.016,0.033
-0.016,0.009
-0.012,0.01
-0.01,0.018
-0.008,0.019
-0.008,0.021
-0.021,0.022
-0.018,0.024
-0.018,0.023
-0.015,0.025
-0.014,0.024
-0.013,0.026
-0.011,0.027
-0.01,0.027
-0.008,0.028
-0.007,0.026
-0.005,0.026
-0.005,0.026
-0.004,0.026
-0.004,0.026
-0.004,0.024
-0.004,0.024
-0.004,0.024
-0.002,0.024
-0.002,0.023
-0.002,0.022
-0.002,0.022
-0.001,0.019
-0.002,0.002
-0.001,-0.031
-0.001,-0.018
-0.001,-0.015
-0.001,-0.03
-0.001,-0.029
0.0,-0.025
0.0,-0.023
0.0,-0.021
0.0,-0.014
0.0,-0.01
0.0,-0.009
0.0,-0.008
0.0,-0.007
0.0,-0.007
0.0,-0.007
0.0,-0.007
0.0,-0.006
0.0,-0.006
0.0,-0.006
0.0,-0.006
0.0,-0.005
0.0,-0.005
0.0,-0.005
0.0,-0.005
0.0,-0.005
0.0,-0.005
0.0,-0.005
0.0,-0.005
0.0,-0.005
0.0,-0.005
0.0,-0.005
0.0,-0.004
0.0,-0.005
0.0,-0.005
0.0,-0.005
0.0,-0.005
0.0,-0.005
0.0,-0.005
0.0,-0.005
0.0,-0.005
0.0,-0.004
0.0,-0.004
0.0,-0.004
0.0,-0.005
0.0,-0.004
0.0,-0.005
0.0,-0.005
0.0,-0.004
0.0,-0.004
0.0,-0.004
0.0,-0.004
0.0,-0.005
0.0,-0.003
0.0,-0.004
0.0,-0.004
0.0,-0.004
0.0,-0.005
0.0,-0.004
0.0,-0.004
0.0,-0.004
0.0,-0.004
0.0,-0.004
0.0,-0.004
0.0,-0.004
0.0,-0.004
0.0,-0.004
0.0,-0.004
0.0,-0.004
0.0,-0.004
0.0,-0.004
0.0,-0.004
0.0,-0.004
0.0,-0.004
0.0,-0.004
0.0,-0.004
0.0,-0.004
0.0,-0.004
0.0,-0.004
0.0,-0.004
0.0,-0.004
0.0,-0.004
0.0,-0.004
0.0,-0.004
0.0,-0.004
0.0,-0.004
0.0,-0.004
0.0,-0.004
0.0,-0.004
0.0,-0.004
0.0,-0.004
0.0,-0.004
0.0,0.0
0.0,0.009
0.0,0.189
0.0,0.247
0.0,0.336
0.0,0.337
0.0,0.341
0.0,0.345
0.0,0.345
0.0,0.345
0.0,0.345
0.0,0.343
0.0,0.342
0.0,0.339
0.0,0.336
0.0,0.332
0.0,0.328
0.0,0.327
0.0,0.327
0.0,0.326
0.0,0.327
0.0,0.327
0.0,0.327
0.0,0.326
0.0,0.327
0.0,0.327
0.0,0.281
0.0,0.244
0.0,0.236
0.0,0.237
0.0,0.24
0.0,0.241
0.0,0.247
0.0,0.25
0.0,0.25
0.0,0.246
0.0,0.245
0.0,0.229
0.0,0.226
0.0,0.22
0.0,0.21
0.0,0.195
0.0,0.194
0.0,0.186
0.0,0.184
0.004,0.184
0.024,0.191
0.026,0.195
0.027,0.207
0.026,0.212
0.031,0.228
0.039,0.312
0.048,0.329
0.047,0.331
0.051,0.33
0.05,0.33
0.051,0.33
0.051,0.33
0.052,0.33
0.052,0.33
0.053,0.33
0.052,0.332
0.051,0.334
0.051,0.336
0.051,0.349
0.051,0.353
0.051,0.356
0.049,0.357
0.05,0.357
0.05,0.357
0.05,0.357
0.05,0.358
0.05,0.357
0.05,0.358
0.051,0.358
0.052,0.358
0.053,0.358
0.052,0.362
0.052,0.373
0.052,0.39
0.052,0.394
0.052,0.395
0.051,0.395
0.051,0.394
0.051,0.394
0.051,0.392
0.051,0.389
0.051,0.387
0.05,0.383
0.05,0.38
0.051,0.377
0.051,0.377
0.051,0.378
0.052,0.378
0.051,0.379
0.051,0.379
0.051,0.377
0.051,0.375
0.052,0.375
0.054,0.375
0.054,0.375
0.054,0.375
0.054,0.375
0.054,0.376
0.055,0.376
0.056,0.375
0.055,0.372
0.053,0.372
0.054,0.372
0.053,0.371
0.052,0.372
0.053,0.372
0.054,0.372
0.054,0.364
0.054,0.343
0.06,0.331
0.062,0.286
0.075,0.271
0.116,0.269
0.126,0.256
0.138,0.255
0.144,0.259
0.143,0.265
0.144,0.267
0.145,0.267
0.145,0.255
0.145,0.244
0.146,0.249
0.148,0.25
0.148,0.254
0.147,0.255
0.148,0.257
0.148,0.262
0.15,0.263
0.15,0.266
0.152,0.267
0.152,0.267
0.152,0.266
0.152,0.268
0.152,0.267
0.152,0.267
0.151,0.267
0.15,0.27
0.152,0.276
0.152,0.276
0.153,0.291
0.152,0.322
0.152,0.357
0.152,0.363
0.147,0.364
0.146,0.364
0.144,0.363
0.142,0.362
0.139,0.359
0.137,0.355
0.136,0.349
0.137,0.343
0.137,0.343
0.136,0.343
0.135,0.344
0.129,0.343
0.091,0.343
0.055,0.344
0.065,0.344
0.071,0.344
0.086,0.343
0.089,0.344
0.089,0.344
0.099,0.343
0.109,0.343
0.11,0.343
0.111,0.344
0.111,0.343
0.111,0.343
0.111,0.343
0.111,0.344
0.111,0.343
0.114,0.343
0.115,0.343
0.124,0.343
0.127,0.343
0.126,0.343
0.129,0.343
0.126,0.343
0.129,0.343
0.128,0.343
0.129,0.345
0.13,0.343
0.13,0.343
0.13,0.343
0.129,0.344
0.129,0.343
0.129,0.343
0.129,0.343
0.129,0.343
0.129,0.343
0.129,0.344
0.128,0.343
0.128,0.343
0.129,0.343
0.129,0.343
0.129,0.343
0.129,0.343
0.131,0.343
0.132,0.342
0.135,0.338
0.136,0.33
0.14,0.283
0.152,0.264
0.156,0.259
0.171,0.265
0.175,0.266
0.176,0.27
0.178,0.274
0.179,0.275
0.178,0.276
0.178,0.277
0.18,0.277
0.18,0.276
0.18,0.275
0.181,0.273
0.174,0.272
0.184,0.27
0.193,0.27
0.2,0.27
0.23,0.27
0.248,0.27
0.248,0.272
0.248,0.273
0.246,0.275
0.245,0.279
0.245,0.283
0.245,0.29
0.243,0.291
0.243,0.292
0.241,0.292
0.236,0.293
0.229,0.293
0.224,0.293
0.223,0.291
0.215,0.285
0.216,0.283
0.216,0.281
0.216,0.281
0.216,0.28
0.218,0.28
0.217,0.279
0.218,0.279
0.219,0.278
0.22,0.277
0.221,0.274
0.228,0.27
0.33,0.272
0.389,0.274
0.4,0.278
0.419,0.291
0.42,0.291
0.424,0.291
0.425,0.292
0.424,0.293
0.424,0.293
0.422,0.293
0.42,0.293
0.418,0.293
0.412,0.293
0.407,0.293
0.405,0.293
0.405,0.295
0.403,0.331
0.403,0.364
0.403,0.388
0.403,0.389
0.403,0.385
0.403,0.373
0.403,0.37
0.403,0.366
0.403,0.349
0.403,0.325
0.403,0.313
0.403,0.289
0.403,0.289
0.403,0.276
0.403,0.283
0.403,0.281
0.403,0.283
0.403,0.283
0.403,0.283
0.403,0.276
0.315,0.274
0.268,0.275
0.214,0.276
0.207,0.277
0.213,0.277
0.214,0.278
0.217,0.279
0.216,0.28
0.224,0.281
0.225,0.285
0.227,0.288
0.229,0.293
0.229,0.301
0.23,0.306
0.229,0.308
0.23,0.308
0.23,0.308
0.23,0.308
0.23,0.308
0.23,0.308
0.231,0.308
0.231,0.308
0.231,0.308
0.231,0.308
0.231,0.308
0.231,0.309
0.231,0.308
0.233,0.309
0.233,0.309
0.233,0.309
0.233,0.309
0.225,0.309
0.217,0.309
0.173,0.309
0.161,0.308
0.15,0.309
0.139,0.302
0.122,0.275
0.109,0.27
0.108,0.262
0.113,0.261
0.113,0.252
0.118,0.247
0.12,0.242
0.121,0.233
0.122,0.229
0.122,0.225
0.123,0.223
0.123,0.223
0.124,0.214
0.123,0.203
0.123,0.199
0.123,0.184
0.124,0.182
0.123,0.178
0.123,0.174
0.124,0.169
0.125,0.169
0.128,0.169
0.131,0.169
0.131,0.171
0.131,0.17
0.132,0.171
0.132,0.168
0.133,0.167
0.132,0.169
0.133,0.171
0.133,0.169
0.133,0.169
0.133,0.168
0.133,0.171
0.133,0.171
0.133,0.165
0.133,0.165
0.133,0.165
0.133,0.165
0.134,0.164
0.134,0.158
0.133,0.154
0.133,0.15
0.133,0.141
0.133,0.142
0.133,0.14
0.134,0.135
0.133,0.133
0.134,0.128
0.134,0.114
0.135,0.109
0.134,0.111
0.134,0.119
0.135,0.136
0.135,0.139
0.134,0.156
0.135,0.197
0.134,0.225
0.134,0.227
0.135,0.229
0.134,0.235
0.134,0.253
0.135,0.289
0.134,0.297
0.134,0.302
0.135,0.3
0.134,0.298
0.135,0.297
0.134,0.294
0.135,0.294
0.135,0.295
0.134,0.297
0.135,0.302
0.143,0.308
0.153,0.358
0.185,0.382
0.208,0.387
0.236,0.407
0.261,0.42
0.271,0.42
0.274,0.421
0.285,0.42
0.287,0.419
0.307,0.416
0.325,0.409
0.33,0.402
0.347,0.265
0.352,0.242
0.353,0.209
0.355,0.205
0.353,0.208
0.351,0.211
0.351,0.21
0.349,0.168
0.349,0.163
0.349,0.166
0.35,0.18
0.352,0.188
0.353,0.241
0.359,0.366
0.384,0.417
0.39,0.512
0.419,0.529
0.442,0.531
0.448,0.53
0.447,0.528
0.45,0.518
0.459,0.512
0.476,0.514
0.477,0.469
0.477,0.437
0.476,0.405
0.473,0.4
0.46,0.381
0.447,0.342
0.446,0.332
0.441,0.327
0.419,0.281
0.409,0.248
0.372,0.207
0.365,0.182
0.35,0.158
0.333,0.161
0.32,0.161
0.312,0.163
0.278,0.177
0.257,0.178
0.24,0.265
0.252,0.332
0.255,0.334
0.265,0.34
0.272,0.34
0.275,0.344
0.275,0.347
0.276,0.351
0.289,0.35
0.302,0.351
0.321,0.351
0.322,0.351
0.322,0.351
0.325,0.351
0.332,0.349
0.336,0.348
0.349,0.347
0.361,0.346
0.388,0.338
0.391,0.336
0.394,0.335
0.394,0.334
0.391,0.334
0.388,0.334
0.383,0.334
0.377,0.334
0.377,0.332
0.377,0.298
0.377,0.283
0.377,0.275
0.372,0.272
0.342,0.246
0.332,0.239
0.316,0.221
0.304,0.208
0.267,0.188
0.231,0.178
0.231,0.179
0.237,0.185
0.246,0.19
0.246,0.204
0.249,0.247
0.257,0.306
0.259,0.321
0.26,0.335
0.261,0.36
0.261,0.368
0.261,0.415
0.262,0.448
0.263,0.565
0.263,0.606
0.263,0.626
0.263,0.627
0.299,0.638
0.342,0.663
0.347,0.671
0.347,0.679
0.347,0.686
0.347,0.711
0.345,0.719
0.345,0.732
0.344,0.743
0.345,0.766
0.345,0.768
0.345,0.771
0.345,0.769
0.345,0.768
0.345,0.771
0.345,0.77
0.345,0.77
0.345,0.771
0.347,0.776
0.347,0.787
0.347,0.803
0.347,0.805
0.347,0.809
0.347,0.81
0.347,0.809
0.349,0.806
0.348,0.803
0.349,0.801
0.349,0.79
0.348,0.787
0.342,0.788
0.347,0.787
0.346,0.788
0.341,0.789
0.334,0.79
0.335,0.792
0.333,0.792
0.297,0.788
0.274,0.788
0.268,0.77
0.251,0.704
0.245,0.697
0.244,0.686
0.237,0.657
0.209,0.633
0.214,0.619
0.222,0.583
0.229,0.585
0.24,0.582
0.242,0.579
0.247,0.573
0.251,0.568
0.252,0.565
0.258,0.548
0.261,0.53
0.264,0.521
0.265,0.511
0.265,0.473
0.265,0.47
0.265,0.474
0.265,0.44
0.264,0.43
0.263,0.422
0.263,0.421
0.263,0.401
0.264,0.4
0.263,0.388
0.263,0.385
0.263,0.381
0.263,0.373
0.263,0.364
0.262,0.362
0.263,0.359
0.261,0.342
0.262,0.332
0.262,0.319
0.262,0.317
0.263,0.308
0.262,0.298
0.262,0.281
0.262,0.266
0.263,0.264
0.262,0.257
0.262,0.254
0.263,0.254
0.263,0.251
0.262,0.247
0.262,0.243
0.263,0.24
0.262,0.242
0.262,0.242
0.262,0.242
0.262,0.239
0.261,0.237
0.263,0.24
0.261,0.254
-0.036,0.268
-0.063,0.269
-0.067,0.316
-0.112,0.338
-0.154,0.34
-0.263,0.341
-0.307,0.346
-0.353,0.361
-0.398,0.366
-0.401,0.384
-0.399,0.402
-0.4,0.415
-0.418,0.423
-0.417,0.426
-0.416,0.435
-0.417,0.437
-0.421,0.438
-0.422,0.437
-0.417,0.436
-0.395,0.434
-0.394,0.42
-0.393,0.419
-0.386,0.382
-0.376,0.344
-0.372,0.343
-0.37,0.335
-0.37,0.336
-0.372,0.336
-0.379,0.338
-0.38,0.343
-0.38,0.345
-0.383,0.345
-0.422,0.344
-0.427,0.344
-0.439,0.343
-0.446,0.342
-0.47,0.341
-0.477,0.342
-0.496,0.343
-0.505,0.343
-0.525,0.348
-0.527,0.352
-0.541,0.359
-0.564,0.359
-0.571,0.389
-0.59,0.394
-0.605,0.395
-0.605,0.394
-0.606,0.394
-0.608,0.39
-0.606,0.389
-0.605,0.388
-0.605,0.388
-0.605,0.388
-0.602,0.386
-0.602,0.385
-0.602,0.383
-0.602,0.381
-0.602,0.381
-0.603,0.381
-0.603,0.381
-0.602,0.381
-0.602,0.381
-0.598,0.382
-0.595,0.381
-0.592,0.381
-0.591,0.381
-0.591,0.381
-0.577,0.381
-0.562,0.381
-0.56,0.381
-0.558,0.381
-0.556,0.381
-0.549,0.381
-0.542,0.381
-0.541,0.381
-0.538,0.381
-0.532,0.377
-0.525,0.354
-0.517,0.343
-0.496,0.328
-0.49,0.323
-0.481,0.302
-0.474,0.293
-0.466,0.274
-0.463,0.252
-0.463,0.248
-0.462,0.242
-0.462,0.223
-0.466,0.229
-0.471,0.232
-0.49,0.242
-0.49,0.246
-0.494,0.255
-0.541,0.34
-0.552,0.407
-0.552,0.409
-0.558,0.415
-0.558,0.415
-0.551,0.42
-0.532,0.417
-0.456,0.413
-0.292,0.406
-0.171,0.399
-0.07,0.399
-0.062,0.384
-0.056,0.338
-0.045,0.308
-0.043,0.282
-0.033,0.262
-0.033,0.254
-0.038,0.242
-0.04,0.229
-0.041,0.205
-0.041,0.191
-0.042,0.169
-0.042,0.144
-0.042,0.11
-0.043,0.084
-0.044,0.081
-0.045,0.077
-0.044,0.073
-0.045,0.07
-0.045,0.068
-0.065,0.065
-0.113,0.067
-0.207,0.067
-0.247,0.066
-0.29,0.064
-0.298,0.064
-0.335,0.064
-0.364,0.066
-0.428,0.066
-0.444,0.073
-0.457,0.079
-0.463,0.083
-0.463,0.094
-0.463,0.173
-0.468,0.197
-0.471,0.218
-0.469,0.239
-0.468,0.259
-0.467,0.266
-0.467,0.277
-0.466,0.33
-0.456,0.338
-0.451,0.345
-0.444,0.347
-0.444,0.349
-0.444,0.349
-0.444,0.349
-0.444,0.35
-0.444,0.351
-0.444,0.351
-0.444,0.351
-0.444,0.35
-0.444,0.349
-0.443,0.35
-0.444,0.349
-0.443,0.347
-0.444,0.345
-0.444,0.345
-0.444,0.343
-0.444,0.343
-0.443,0.338
-0.444,0.332
-0.444,0.33
-0.443,0.33
-0.443,0.33
-0.443,0.33
-0.443,0.33
-0.444,0.329
-0.487,0.33
-0.541,0.327
-0.563,0.322
-0.621,0.302
-0.699,0.304
-0.736,0.309
-0.748,0.313
-0.747,0.323
-0.746,0.324
-0.746,0.334
-0.746,0.341
-0.747,0.353
-0.745,0.379
-0.746,0.412
-0.746,0.45
-0.746,0.476
-0.746,0.48
-0.755,0.496
-0.773,0.522
-0.775,0.539
-0.774,0.572
-0.775,0.577
-0.78,0.581
-0.783,0.609
-0.784,0.636
-0.786,0.676
-0.788,0.685
-0.793,0.706
-0.794,0.707
-0.8,0.713
-0.818,0.715
-0.817,0.713
-0.821,0.713
-0.84,0.713
-0.841,0.712
-0.841,0.711
-0.843,0.711
-0.847,0.711
-0.847,0.711
-0.849,0.712
-0.861,0.713
-0.871,0.714
-0.888,0.714
-0.891,0.713
-0.892,0.713
-0.893,0.711
-0.891,0.712
-0.887,0.71
-0.874,0.689
-0.874,0.689
-0.874,0.672
-0.874,0.646
-0.874,0.651
-0.874,0.663
-0.874,0.676
-0.874,0.676
-0.873,0.73
-0.874,0.747
-0.874,0.75
-0.874,0.751
-0.874,0.763
-0.874,0.765
-0.874,0.764
-0.874,0.764
-0.875,0.765
-0.875,0.764
-0.874,0.762
-0.874,0.762
-0.874,0.761
-0.874,0.76
-0.874,0.761
-0.874,0.758
-0.874,0.759
-0.874,0.76
-0.874,0.759
-0.874,0.758
-0.874,0.758
-0.874,0.758
-0.874,0.757
-0.875,0.757
-0.875,0.757
-0.875,0.758
-0.875,0.757
-0.875,0.757
-0.875,0.755
-0.875,0.755
-0.875,0.751
-0.875,0.751
-0.875,0.751
-0.875,0.745
-0.875,0.744
-0.852,0.744
-0.844,0.745
-0.83,0.696
-0.825,0.644
-0.814,0.585
-0.807,0.58
-0.8,0.538
-0.797,0.462
-0.793,0.43
-0.788,0.415
-0.784,0.388
-0.781,0.333
-0.777,0.26
-0.772,0.223
-0.773,0.147
-0.772,0.081
-0.769,0.054
-0.754,0.03
-0.738,0.012
-0.598,0.017
-0.287,0.003
-0.094,0.015
-0.051,0.017
-0.033,0.019
-0.035,0.021
-0.035,0.019
-0.035,0.02
-0.035,0.023
-0.035,0.034
-0.035,0.036
-0.035,0.038
-0.035,0.043
-0.084,0.146
-0.096,0.197
-0.193,0.248
-0.304,0.248
-0.345,0.249
-0.346,0.248
-0.346,0.25
-0.345,0.249
-0.342,0.25
-0.331,0.25
-0.329,0.25
-0.339,0.249
-0.388,0.248
-0.505,0.246
-0.53,0.24
-0.534,0.236
-0.531,0.238
-0.526,0.239
-0.519,0.25
-0.479,0.283
-0.441,0.293
-0.326,0.295
-0.192,0.295
-0.115,0.292
-0.107,0.291
-0.097,0.286
-0.069,0.281
-0.06,0.28
-0.051,0.28
-0.044,0.281
-0.044,0.287
-0.045,0.289
-0.045,0.293
-0.045,0.293
-0.045,0.293
-0.045,0.291
-0.045,0.29
-0.045,0.289
-0.046,0.287
-0.051,0.283
-0.054,0.276
-0.095,0.276
-0.307,0.277
-0.375,0.276
-0.426,0.276
-0.456,0.276
-0.536,0.276
-0.561,0.279
-0.561,0.286
-0.576,0.296
-0.615,0.296
-0.625,0.3
-0.626,0.307
-0.626,0.336
-0.626,0.39
-0.615,0.414
-0.615,0.419
-0.615,0.417
-0.615,0.414
-0.613,0.413
-0.594,0.407
-0.592,0.402
-0.587,0.343
-0.563,0.34
-0.552,0.325
-0.552,0.289
-0.553,0.272
-0.553,0.251
-0.554,0.251
-0.556,0.246
-0.556,0.235
-0.556,0.21
-0.547,0.21
-0.525,0.207
-0.451,0.189
-0.383,0.184
-0.382,0.183
-0.376,0.169
-0.373,0.154
-0.376,0.127
-0.389,0.099
-0.395,0.096
-0.403,0.091
-0.453,0.087
-0.482,0.09
-0.523,0.089
-0.561,0.08
-0.567,0.08
-0.575,0.071
-0.595,0.056
-0.6,0.055
-0.596,0.06
-0.584,0.062
-0.568,0.064
-0.559,0.063
-0.559,0.064
-0.561,0.064
-0.561,0.064
-0.561,0.065
-0.56,0.064
-0.56,0.067
-0.561,0.074
-0.561,0.079
-0.561,0.079
-0.563,0.08
-0.562,0.08
-0.562,0.081
-0.562,0.104
-0.561,0.129
-0.56,0.141
-0.559,0.14
-0.559,0.139
-0.561,0.139
-0.563,0.139
-0.565,0.139
-0.565,0.139
-0.565,0.139
-0.566,0.139
-0.565,0.139
-0.565,0.139
-0.565,0.138
-0.565,0.137
-0.565,0.138
-0.564,0.137
-0.547,0.137
-0.482,0.137
-0.277,0.132
-0.136,0.137
-0.105,0.139
-0.081,0.139
-0.045,0.139
-0.044,0.138
-0.047,0.138
-0.047,0.138
-0.047,0.138
-0.048,0.14
-0.048,0.147
-0.048,0.17
-0.047,0.174
-0.047,0.178
-0.045,0.177
-0.041,0.177
-0.038,0.179
-0.035,0.183
-0.034,0.241
-0.033,0.268
-0.047,0.338
-0.017,0.361
0.004,0.362
0.008,0.364
0.007,0.364
0.011,0.364
0.014,0.355
0.013,0.347
0.0,0.337
0.009,0.27
0.041,0.254
0.05,0.201
0.061,0.195
0.06,0.186
0.061,0.188
0.061,0.181
0.061,0.18
0.06,0.182
0.047,0.167
0.03,0.166
-0.048,0.161
-0.026,0.163
-0.009,0.165
-0.007,0.167
-0.004,0.169
0.0,0.169
0.0,0.172
0.0,0.172
0.0,0.175
0.0,0.175
0.0,0.175
0.0,0.173
0.0,0.173
0.0,0.174
0.002,0.174
0.006,0.173
0.005,0.174
0.01,0.174
0.012,0.175
0.018,0.175
0.032,0.175
0.043,0.174
0.043,0.175
0.047,0.174
0.048,0.169
0.055,0.175
0.062,0.175
0.062,0.177
0.064,0.176
0.063,0.182
0.062,0.185
0.063,0.188
0.062,0.188
0.062,0.188
0.061,0.188
0.06,0.188
0.059,0.188
0.059,0.188
0.059,0.187
0.059,0.189
0.06,0.188
0.06,0.189
0.06,0.19
0.06,0.19
0.06,0.191
0.06,0.191
0.06,0.191
0.06,0.191
0.06,0.191
0.06,0.191
0.06,0.192
0.06,0.192
0.063,0.197
0.064,0.204
0.065,0.205
0.066,0.207
0.087,0.209
0.154,0.216
0.222,0.223
0.276,0.238
0.289,0.252
0.306,0.269
0.319,0.274
0.345,0.276
0.366,0.276
0.37,0.28
0.371,0.281
0.37,0.281
0.368,0.282
0.366,0.282
0.359,0.283
0.355,0.284
0.351,0.283
0.351,0.283
0.351,0.283
0.351,0.282
0.345,0.28
0.341,0.277
0.34,0.268
0.34,0.263
0.34,0.262
0.312,0.261
0.294,0.257
0.278,0.238
0.27,0.225
0.262,0.21
0.258,0.188
0.254,0.184
0.251,0.18
0.239,0.184
0.223,0.183
0.233,0.178
0.235,0.171
0.244,0.167
0.246,0.17
0.251,0.174
0.253,0.184
0.253,0.19
0.254,0.197
0.254,0.198
0.257,0.198
0.261,0.199
0.262,0.199
0.274,0.201
0.276,0.203
0.278,0.205
0.278,0.208
0.278,0.21
0.279,0.218
0.28,0.227
0.286,0.233
0.287,0.244
0.287,0.245
0.283,0.248
0.281,0.25
0.28,0.248
0.278,0.248
0.278,0.247
0.278,0.246
0.279,0.245
0.28,0.245
0.28,0.243
0.28,0.242
0.278,0.242
0.28,0.238
0.279,0.234
0.278,0.229
0.278,0.229
0.278,0.23
0.279,0.229
0.278,0.229
0.279,0.229
0.277,0.229
0.273,0.229
0.269,0.229
0.27,0.229
0.27,0.23
0.27,0.228
0.269,0.225
0.27,0.214
0.27,0.201
0.27,0.189
0.27,0.184
0.27,0.177
0.27,0.169
0.27,0.161
0.27,0.158
0.27,0.152
0.27,0.147
0.27,0.148
0.27,0.15
0.27,0.153
0.27,0.164
0.27,0.175
0.269,0.175
0.27,0.175
0.27,0.176
0.27,0.176
0.269,0.176
0.27,0.176
0.269,0.176
0.27,0.176
0.274,0.177
0.278,0.176
0.284,0.177
0.287,0.178
0.298,0.178
0.304,0.178
0.306,0.179
0.318,0.178
0.326,0.178
0.331,0.179
0.335,0.179
0.334,0.18
0.328,0.179
0.319,0.18
0.316,0.18
0.314,0.18
0.313,0.181
0.312,0.181
0.312,0.18
0.306,0.181
0.255,0.181
0.229,0.181
0.215,0.18
0.215,0.18
0.221,0.181
0.221,0.181
0.22,0.18
0.223,0.18
0.224,0.176
0.225,0.165
0.225,0.14
0.225,0.134
0.226,0.127
0.226,0.12
0.227,0.113
0.229,0.109
0.231,0.117
0.232,0.12
0.235,0.121
0.236,0.124
0.24,0.125
0.242,0.126
0.245,0.127
0.246,0.128
0.246,0.129
0.246,0.136
0.246,0.138
0.246,0.139
0.247,0.144
0.246,0.198
0.247,0.211
0.247,0.208
0.247,0.208
0.247,0.216
0.248,0.254
0.248,0.283
0.247,0.334
0.248,0.353
0.247,0.366
0.247,0.367
0.248,0.381
0.248,0.401
0.247,0.423
0.248,0.428
0.248,0.429
0.247,0.429
0.247,0.43
0.248,0.431
0.248,0.431
0.248,0.432
0.248,0.432
0.248,0.431
0.247,0.429
0.248,0.425
0.257,0.422
0.276,0.416
0.278,0.416
0.281,0.398
0.281,0.367
0.278,0.363
0.278,0.364
0.276,0.364
0.274,0.367
0.271,0.366
0.27,0.366
0.27,0.366
0.27,0.366
0.27,0.365
0.27,0.364
0.267,0.366
0.262,0.365
0.261,0.358
0.253,0.354
0.21,0.34
0.21,0.328
0.206,0.325
0.184,0.284
0.171,0.273
0.166,0.268
0.158,0.257
0.163,0.248
0.167,0.24
0.167,0.246
0.169,0.253
0.169,0.251
0.171,0.251
0.173,0.253
0.176,0.247
0.179,0.248
0.18,0.257
0.182,0.26
0.181,0.275
0.182,0.277
0.182,0.345
0.184,0.419
0.183,0.43
0.184,0.429
0.184,0.431
0.184,0.431
0.184,0.431
0.184,0.424
0.184,0.42
0.19,0.415
0.202,0.415
0.205,0.416
0.208,0.398
0.208,0.356
0.208,0.342
0.208,0.304
0.208,0.263
0.209,0.23
0.208,0.224
0.21,0.218
0.21,0.207
0.209,0.21
0.21,0.208
0.21,0.208
0.21,0.207
0.21,0.197
0.21,0.192
0.21,0.188
0.21,0.181
0.21,0.184
0.21,0.18
0.21,0.176
0.21,0.178
0.21,0.186
0.21,0.19
0.21,0.203
0.21,0.206
0.21,0.221
0.211,0.302
0.21,0.33
0.212,0.374
0.213,0.399
0.22,0.456
0.229,0.499
0.251,0.563
0.302,0.578
0.294,0.596
0.226,0.606
-0.012,0.614
-0.085,0.621
-0.088,0.621
-0.115,0.62
-0.251,0.62
-0.277,0.617
-0.315,0.612
-0.325,0.608
-0.364,0.602
-0.413,0.606
-0.43,0.606
-0.444,0.605
-0.461,0.605
-0.461,0.604
-0.459,0.605
-0.45,0.603
-0.441,0.601
-0.44,0.602
-0.44,0.601
-0.44,0.601
-0.44,0.601
-0.44,0.602
-0.443,0.601
-0.468,0.601
-0.471,0.601
-0.47,0.601
-0.467,0.602
-0.465,0.601
-0.451,0.602
-0.451,0.601
-0.45,0.601
-0.45,0.601
-0.45,0.601
-0.457,0.602
-0.532,0.601
-0.563,0.601
-0.571,0.601
-0.574,0.601
-0.574,0.602
-0.577,0.601
-0.575,0.601
-0.573,0.601
-0.554,0.606
-0.485,0.661
-0.491,0.667
-0.499,0.666
-0.556,0.672
-0.612,0.681
-0.629,0.689
-0.658,0.688
-0.7,0.69
-0.725,0.689
-0.735,0.689
-0.744,0.688
-0.75,0.689
-0.75,0.688
-0.749,0.687
-0.748,0.687
-0.746,0.687
-0.739,0.687
-0.739,0.687
-0.739,0.687
-0.713,0.689
-0.69,0.691
-0.685,0.69
-0.67,0.69
-0.658,0.691
-0.649,0.692
-0.619,0.691
-0.599,0.692
-0.558,0.693
-0.551,0.694
-0.552,0.694
-0.553,0.696
-0.553,0.694
-0.553,0.696
-0.555,0.695
-0.555,0.693
-0.555,0.69
-0.555,0.685
-0.556,0.683
-0.558,0.674
-0.56,0.672
-0.561,0.671
-0.561,0.672
-0.561,0.672
-0.561,0.648
-0.56,0.637
-0.559,0.631
-0.558,0.628
-0.559,0.629
-0.557,0.611
-0.559,0.61
-0.56,0.604
-0.562,0.602
-0.562,0.599
-0.563,0.589
-0.563,0.584
-0.563,0.588
-0.563,0.587
-0.565,0.578
-0.565,0.565
-0.566,0.542
-0.567,0.525
-0.568,0.526
-0.569,0.524
-0.569,0.505
-0.571,0.509
-0.572,0.516
-0.573,0.518
-0.573,0.517
-0.573,0.517
-0.573,0.519
-0.573,0.519
-0.573,0.518
-0.573,0.516
-0.573,0.514
-0.573,0.508
-0.573,0.508
-0.573,0.51
-0.573,0.507
-0.573,0.506
-0.573,0.509
-0.573,0.507
-0.573,0.501
-0.573,0.5
-0.573,0.499
-0.573,0.496
-0.573,0.497
-0.573,0.5
-0.573,0.504
-0.573,0.503
-0.573,0.502
-0.573,0.505
-0.573,0.501
-0.573,0.505
-0.573,0.503
-0.573,0.502
-0.573,0.502
-0.573,0.501
-0.573,0.502
-0.573,0.503
-0.557,0.5
-0.533,0.499
-0.521,0.5
-0.51,0.5
-0.506,0.495
-0.491,0.497
-0.479,0.497
-0.451,0.496
-0.432,0.501
-0.413,0.499
-0.395,0.499
-0.394,0.497
-0.41,0.499
-0.471,0.501
-0.522,0.506
-0.578,0.512
-0.586,0.52
-0.586,0.527
-0.581,0.53
-0.578,0.542
-0.573,0.554
-0.572,0.568
-0.571,0.571
-0.571,0.584
-0.57,0.612
-0.57,0.643
-0.568,0.659
-0.568,0.681
-0.568,0.691
-0.568,0.692
-0.568,0.693
-0.568,0.694
-0.568,0.715
-0.568,0.718
-0.568,0.719
-0.568,0.717
-0.568,0.717
-0.567,0.717
-0.568,0.717
-0.568,0.717
-0.568,0.717
-0.568,0.717
-0.567,0.717
-0.567,0.718
-0.567,0.717
-0.568,0.717
-0.567,0.718
-0.567,0.717
-0.568,0.717
-0.568,0.717
-0.568,0.718
-0.568,0.719
-0.559,0.719
-0.532,0.72
-0.526,0.721
-0.516,0.721
-0.504,0.724
-0.497,0.723
-0.489,0.725
-0.485,0.725
-0.485,0.723
-0.485,0.723
-0.486,0.723
-0.486,0.722
-0.487,0.723
-0.487,0.724
-0.488,0.724
-0.49,0.723
-0.495,0.723
-0.506,0.723
-0.506,0.722
-0.508,0.721
-0.52,0.721
-0.536,0.721
-0.542,0.721
-0.55,0.721
-0.552,0.72
-0.556,0.721
-0.556,0.721
-0.559,0.72
-0.561,0.719
-0.564,0.719
-0.568,0.717
-0.581,0.717
-0.59,0.715
-0.591,0.716
-0.594,0.716
-0.592,0.715
-0.592,0.714
-0.591,0.714
-0.588,0.714
-0.587,0.713
-0.583,0.713
-0.578,0.713
-0.576,0.711
-0.575,0.709
-0.575,0.695
-0.568,0.694
-0.565,0.694
-0.565,0.688
-0.565,0.672
-0.564,0.659
-0.561,0.621
-0.558,0.616
-0.542,0.614
-0.539,0.619
-0.534,0.619
-0.53,0.619
-0.525,0.617
-0.524,0.612
-0.494,0.601
-0.471,0.589
-0.414,0.563
-0.342,0.553
-0.328,0.54
-0.295,0.539
-0.264,0.529
-0.126,0.531
-0.095,0.53
-0.054,0.525
-0.028,0.514
-0.03,0.505
-0.029,0.505
-0.03,0.494
-0.029,0.487
-0.03,0.484
-0.03,0.487
-0.03,0.48
-0.03,0.477
-0.03,0.477
-0.029,0.464
-0.024,0.462
-0.027,0.45
-0.018,0.449
-0.017,0.424
-0.016,0.401
-0.014,0.385
-0.013,0.379
-0.01,0.378
0.0,0.379
0.0,0.378
0.0,0.371
0.0,0.353
0.0,0.334
0.0,0.27
0.0,0.217
0.0,0.206
0.0,0.198
0.0,0.15
0.0,0.132
0.0,0.096
0.0,0.086
0.0,0.064
0.0,0.039
0.0,0.02
0.0,0.0
0.0,0.003
0.0,0.006
0.0,0.005
0.0,0.01
0.0,0.01
0.0,0.008
0.0,0.011
0.0,0.011
-0.006,0.012
-0.016,0.009
-0.026,0.012
-0.03,0.011
-0.032,0.013
-0.037,0.014
-0.038,0.017
-0.072,0.026
-0.081,0.03
-0.083,0.034
-0.094,0.035
-0.113,0.034
-0.216,0.035
-0.222,0.035
-0.223,0.051
-0.268,0.154
-0.308,0.229
-0.316,0.245
-0.343,0.253
-0.381,0.255
-0.386,0.271
-0.385,0.272
-0.385,0.279
-0.385,0.296
-0.385,0.345
-0.385,0.367
-0.434,0.381
-0.476,0.381
-0.513,0.384
-0.513,0.39
-0.516,0.395
-0.521,0.413
-0.522,0.419
-0.526,0.428
-0.554,0.428
-0.561,0.426
-0.561,0.423
-0.556,0.42
-0.556,0.417
-0.556,0.415
-0.556,0.407
-0.555,0.407
-0.555,0.407
-0.555,0.402
-0.555,0.375
-0.555,0.361
-0.556,0.328
-0.556,0.334
-0.556,0.337
-0.557,0.334
-0.565,0.324
-0.576,0.325
-0.592,0.319
-0.605,0.274
-0.617,0.265
-0.623,0.262
-0.626,0.268
-0.625,0.281
-0.63,0.289
-0.632,0.298
-0.635,0.332
-0.636,0.365
-0.639,0.401
-0.649,0.465
-0.663,0.494
-0.667,0.546
-0.675,0.567
-0.685,0.578
-0.689,0.603
-0.694,0.611
-0.712,0.619
-0.736,0.63
-0.748,0.654
-0.765,0.666
-0.769,0.679
-0.772,0.692
-0.774,0.72
-0.777,0.72
-0.778,0.721
-0.778,0.722
-0.778,0.721
-0.778,0.719
-0.777,0.71
-0.777,0.702
-0.776,0.699
-0.774,0.698
-0.772,0.699
-0.765,0.67
-0.765,0.661
-0.765,0.643
-0.762,0.631
-0.726,0.614
-0.711,0.598
-0.706,0.584
-0.682,0.567
-0.662,0.519
-0.638,0.5
-0.626,0.473
-0.618,0.465
-0.615,0.469
-0.615,0.464
-0.615,0.452
-0.615,0.454
-0.615,0.456
-0.613,0.458
-0.611,0.464
-0.611,0.458
-0.609,0.46
-0.605,0.443
-0.598,0.432
-0.593,0.413
-0.595,0.395
-0.593,0.349
-0.592,0.337
-0.586,0.334
-0.587,0.339
-0.587,0.34
-0.588,0.343
-0.586,0.344
-0.581,0.343
-0.578,0.343
-0.574,0.344
-0.562,0.343
-0.547,0.341
-0.521,0.34
-0.494,0.338
-0.401,0.34
-0.274,0.337
-0.16,0.336
-0.071,0.338
-0.048,0.34
-0.044,0.338
-0.037,0.339
-0.036,0.34
-0.037,0.338
-0.037,0.335
-0.039,0.334
-0.04,0.333
-0.04,0.33
-0.042,0.331
-0.048,0.332
-0.05,0.332
-0.051,0.332
-0.05,0.332
-0.051,0.33
-0.051,0.332
-0.051,0.334
-0.053,0.334
-0.065,0.33
-0.066,0.329
-0.069,0.328
-0.103,0.33
-0.117,0.328
-0.13,0.329
-0.18,0.33
-0.244,0.327
-0.252,0.318
-0.267,0.315
-0.27,0.312
-0.27,0.314
-0.269,0.313
-0.268,0.306
-0.262,0.306
-0.251,0.304
-0.248,0.304
-0.247,0.301
-0.151,0.301
-0.107,0.3
-0.095,0.302
-0.091,0.303
-0.069,0.298
-0.056,0.278
-0.052,0.265
-0.051,0.258
-0.05,0.243
-0.05,0.222
-0.048,0.197
-0.048,0.18
-0.048,0.135
-0.046,0.099
-0.047,0.083
-0.046,0.055
-0.042,0.043
-0.035,0.043
-0.035,0.035
-0.023,0.023
-0.022,0.02
-0.024,0.017
-0.019,0.017
-0.018,0.019
-0.004,0.007
-0.004,0.007
-0.011,0.007
-0.02,0.017
-0.02,0.017
-0.066,0.018
-0.078,0.011
-0.135,0.015
-0.231,0.015
-0.294,0.016
-0.313,0.03
-0.314,0.04
-0.305,0.041
-0.292,0.042
-0.291,0.066
-0.291,0.084
-0.291,0.134
-0.29,0.19
-0.255,0.233
-0.227,0.251
-0.201,0.255
-0.2,0.256
-0.197,0.263
-0.169,0.274
-0.138,0.277
-0.107,0.302
-0.109,0.33
-0.115,0.353
-0.115,0.38
-0.114,0.383
-0.114,0.403
-0.114,0.422
-0.116,0.449
-0.133,0.457
-0.188,0.465
-0.232,0.498
-0.236,0.538
-0.235,0.55
-0.231,0.556
-0.229,0.567
-0.228,0.567
-0.229,0.586
-0.228,0.586
-0.229,0.591
-0.228,0.597
-0.228,0.601
-0.228,0.604
-0.228,0.617
-0.237,0.618
-0.259,0.619
-0.263,0.62
-0.261,0.618
-0.26,0.619
-0.256,0.618
-0.255,0.617
-0.254,0.617
-0.253,0.616
-0.252,0.615
-0.252,0.614
-0.252,0.613
-0.253,0.611
-0.252,0.61
-0.252,0.61
-0.25,0.608
-0.246,0.606
-0.243,0.602
-0.239,0.599
-0.239,0.592
-0.238,0.591
-0.238,0.593
-0.238,0.591
-0.237,0.587
-0.237,0.575
-0.237,0.563
-0.237,0.559
-0.237,0.551
-0.237,0.539
-0.237,0.537
-0.237,0.536
-0.237,0.531
-0.237,0.529
-0.237,0.522
-0.228,0.513
-0.207,0.492
-0.19,0.484
-0.193,0.475
-0.194,0.45
-0.205,0.437
-0.216,0.43
-0.217,0.427
-0.218,0.413
-0.218,0.403
-0.218,0.395
-0.219,0.387
-0.219,0.389
-0.218,0.389
-0.219,0.391
-0.219,0.396
-0.221,0.395
-0.295,0.395
-0.342,0.397
-0.352,0.398
-0.352,0.409
-0.359,0.413
-0.367,0.422
-0.378,0.476
-0.403,0.488
-0.451,0.503
-0.472,0.536
-0.514,0.569
-0.552,0.589
-0.588,0.638
-0.598,0.658
-0.604,0.692
-0.604,0.713
-0.602,0.715
-0.601,0.743
-0.596,0.762
-0.596,0.807
-0.596,0.829
-0.596,0.84
-0.596,0.844
-0.598,0.856
-0.602,0.862
-0.611,0.863
-0.618,0.869
-0.624,0.866
-0.645,0.865
-0.663,0.865
-0.677,0.863
-0.68,0.862
-0.697,0.862
-0.713,0.862
-0.717,0.862
-0.719,0.862
-0.723,0.862
-0.732,0.862
-0.733,0.862
-0.749,0.862
-0.756,0.862
-0.76,0.86
-0.794,0.86
-0.804,0.86
-0.808,0.859
-0.808,0.86
-0.807,0.859
-0.806,0.859
-0.803,0.858
-0.799,0.858
-0.799,0.858
-0.798,0.858
-0.797,0.858
-0.796,0.858
-0.796,0.858
-0.796,0.858
-0.796,0.858
-0.796,0.857
-0.796,0.855
-0.796,0.854
-0.783,0.852
-0.771,0.849
-0.76,0.847
-0.755,0.847
-0.75,0.847
-0.735,0.847
-0.729,0.847
-0.731,0.847
-0.727,0.846
-0.714,0.843
-0.708,0.843
-0.705,0.842
-0.695,0.841
-0.683,0.839
-0.674,0.839
-0.671,0.839
-0.67,0.839
-0.672,0.838
-0.672,0.837
-0.671,0.839
-0.671,0.839
-0.673,0.839
-0.674,0.839
-0.675,0.839
-0.675,0.838
-0.675,0.839
-0.674,0.838
-0.674,0.839
-0.674,0.837
-0.674,0.838
-0.674,0.837
-0.674,0.837
-0.67,0.837
-0.664,0.839
-0.66,0.838
-0.661,0.837
-0.664,0.837
-0.67,0.838
-0.68,0.837
-0.689,0.837
-0.689,0.837
-0.689,0.837
-0.689,0.837
-0.69,0.837
-0.691,0.837
-0.691,0.837
-0.69,0.837
-0.691,0.837
-0.691,0.837
-0.691,0.837
-0.691,0.837
-0.691,0.837
-0.691,0.837
-0.691,0.837
-0.691,0.837
-0.691,0.837
-0.691,0.835
-0.691,0.833
-0.691,0.83
-0.691,0.829
-0.691,0.83
-0.691,0.83
-0.691,0.83
-0.691,0.83
-0.692,0.829
-0.691,0.831
-0.691,0.833
-0.691,0.833
-0.691,0.835
-0.687,0.835
-0.676,0.836
-0.663,0.836
-0.657,0.835
-0.654,0.841
-0.655,0.842
-0.655,0.843
-0.655,0.842
-0.654,0.843
-0.63,0.882
-0.604,0.888
-0.542,0.895
-0.512,0.897
-0.515,0.905
-0.53,0.907
-0.58,0.909
-0.655,0.922
-0.701,0.968
-0.721,0.982
-0.757,1.0
-0.779,1.0
-0.784,1.0
-0.803,1.0
-0.818,1.0
-0.821,1.0
-0.861,1.0
-0.889,1.0
-0.948,1.0
-0.951,1.0
-0.958,0.999
-0.962,0.989
-0.967,0.986
-0.991,0.985
-1.0,0.985
-1.0,0.984
-1.0,0.983
-1.0,0.985
-1.0,0.984
-1.0,0.984
-1.0,0.984
-1.0,0.984
-1.0,0.984
-1.0,0.984
-1.0,0.984
-1.0,0.984
-1.0,0.983
-1.0,0.984
-1.0,0.983
-0.984,0.984
-0.964,0.984
-0.958,0.984
-0.949,0.984
-0.948,0.983
-0.945,0.984
-0.942,0.984
-0.933,0.984
-0.921,0.984
-0.911,0.983
-0.896,0.983
-0.889,0.984
-0.889,0.984
-0.888,0.983
-0.889,0.984
-0.889,0.984
-0.889,0.983
-0.888,0.984
-0.888,0.984
-0.889,0.983
-0.889,0.983
-0.887,0.984
-0.887,0.983
-0.889,0.984
-0.887,0.984
-0.887,0.984
-0.887,0.983
-0.889,0.983
-0.887,0.984
-0.888,0.983
-0.888,0.983
-0.888,0.977
-0.889,0.976
-0.888,0.969
-0.889,0.967
-0.889,0.965
-0.888,0.963
-0.889,0.958
-0.889,0.954
-0.889,0.95
-0.889,0.948
-0.889,0.945
-0.89,0.931
-0.89,0.921
-0.889,0.919
-0.89,0.909
-0.889,0.894
-0.888,0.879
-0.887,0.854
-0.881,0.851
-0.877,0.83
-0.868,0.826
-0.859,0.823
-0.855,0.821
-0.847,0.822
-0.847,0.824
-0.847,0.818
-0.847,0.818
-0.847,0.815
-0.846,0.817
-0.847,0.817
-0.847,0.815
-0.847,0.809
-0.847,0.803
-0.847,0.803
-0.846,0.797
-0.846,0.802
-0.846,0.803
-0.846,0.804
-0.846,0.807
-0.846,0.808
-0.846,0.809
-0.846,0.809
-0.846,0.808
-0.844,0.808
-0.835,0.807
-0.827,0.807
-0.825,0.805
-0.815,0.805
-0.807,0.81
-0.775,0.803
-0.765,0.807
-0.752,0.805
-0.75,0.803
-0.75,0.801
-0.75,0.801
-0.747,0.8
-0.746,0.803
-0.741,0.804
-0.732,0.805
-0.731,0.805
-0.732,0.805
-0.731,0.805
-0.731,0.801
-0.732,0.8
-0.732,0.777
-0.732,0.76
-0.727,0.756
-0.723,0.758
-0.72,0.747
-0.721,0.747
-0.72,0.738
-0.717,0.71
-0.714,0.681
-0.705,0.635
-0.7,0.57
-0.699,0.524
-0.697,0.423
-0.693,0.359
-0.692,0.347
-0.694,0.336
-0.686,0.328
-0.681,0.333
-0.668,0.335
-0.67,0.338
-0.67,0.343
-0.671,0.351
-0.671,0.358
-0.672,0.373
-0.673,0.387
-0.671,0.395
-0.67,0.405
-0.67,0.415
-0.669,0.422
-0.668,0.43
-0.668,0.46
-0.668,0.467
-0.668,0.469
-0.669,0.471
-0.668,0.472
-0.668,0.471
-0.669,0.471
-0.668,0.473
-0.668,0.474
-0.668,0.474
-0.667,0.475
-0.667,0.477
-0.667,0.482
-0.668,0.483
-0.667,0.482
-0.668,0.48
-0.668,0.48
-0.668,0.48
-0.668,0.478
-0.667,0.479
-0.668,0.479
-0.668,0.479
-0.668,0.478
-0.668,0.477
-0.668,0.477
-0.668,0.477
-0.668,0.477
-0.668,0.476
-0.667,0.476
-0.667,0.477
-0.668,0.476
-0.668,0.475
-0.667,0.475
-0.668,0.475
-0.667,0.475
-0.667,0.475
-0.667,0.475
-0.668,0.477
-0.667,0.477
-0.662,0.482
-0.652,0.488
-0.639,0.524
-0.613,0.556
-0.606,0.59
-0.607,0.595
-0.609,0.592
-0.61,0.589
-0.612,0.578
-0.612,0.574
-0.618,0.574
-0.619,0.563
-0.625,0.542
-0.629,0.533
-0.629,0.487
-0.63,0.424
-0.629,0.39
-0.63,0.388
-0.63,0.377
-0.63,0.364
-0.63,0.366
-0.63,0.372
-0.63,0.374
-0.63,0.374
-0.63,0.375
-0.63,0.374
-0.63,0.373
-0.631,0.372
-0.63,0.374
-0.63,0.372
-0.63,0.371
-0.644,0.369
-0.654,0.37
-0.653,0.369
-0.651,0.369
-0.651,0.371
-0.651,0.371
-0.651,0.372
-0.651,0.374
-0.651,0.378
-0.651,0.381
-0.65,0.39
-0.649,0.392
-0.649,0.413
-0.648,0.431
-0.647,0.462
-0.643,0.527
-0.64,0.549
-0.64,0.561
-0.64,0.574
-0.64,0.594
-0.641,0.625
-0.638,0.646
-0.62,0.663
-0.619,0.676
-0.618,0.685
-0.617,0.728
-0.615,0.734
-0.611,0.741
-0.606,0.741
-0.604,0.745
-0.6,0.748
-0.591,0.748
-0.592,0.749
-0.591,0.751
-0.59,0.753
-0.586,0.752
-0.582,0.753
-0.575,0.753
-0.576,0.753
-0.592,0.753
-0.593,0.753
-0.615,0.753
-0.627,0.752
-0.632,0.752
-0.632,0.752
-0.631,0.751
-0.626,0.751
-0.62,0.749
-0.619,0.747
-0.619,0.747
-0.611,0.747
-0.607,0.747
-0.59,0.745
-0.586,0.744
-0.583,0.743
-0.575,0.743
-0.55,0.741
-0.531,0.741
-0.502,0.742
-0.483,0.742
-0.476,0.74
-0.475,0.728
-0.474,0.717
-0.476,0.681
-0.477,0.679
-0.478,0.675
-0.478,0.651
-0.478,0.62
-0.477,0.613
-0.476,0.613
-0.473,0.576
-0.468,0.567
-0.467,0.569
-0.465,0.564
-0.456,0.564
-0.456,0.567
-0.453,0.568
-0.45,0.569
-0.453,0.57
-0.459,0.57
-0.47,0.57
-0.486,0.57
-0.52,0.569
-0.564,0.57
-0.572,0.567
-0.574,0.541
-0.573,0.546
-0.562,0.542
-0.553,0.538
-0.535,0.535
-0.488,0.536
-0.459,0.525
-0.447,0.527
-0.405,0.52
-0.304,0.514
-0.22,0.508
-0.119,0.501
-0.116,0.51
-0.12,0.503
-0.124,0.499
-0.136,0.496
-0.139,0.482
-0.14,0.472
-0.14,0.469
-0.141,0.471
-0.141,0.47
-0.141,0.472
-0.141,0.473
-0.141,0.465
-0.141,0.461
-0.141,0.448
-0.194,0.431
-0.335,0.431
-0.349,0.428
-0.447,0.429
-0.477,0.432
-0.496,0.426
-0.52,0.426
-0.552,0.428
-0.558,0.432
-0.558,0.43
-0.556,0.431
-0.553,0.432
-0.551,0.434
-0.548,0.432
-0.544,0.432
-0.542,0.432
-0.542,0.43
-0.541,0.417
-0.54,0.404
-0.54,0.401
-0.539,0.402
-0.539,0.399
-0.539,0.396
-0.539,0.393
-0.539,0.393
-0.539,0.391
-0.539,0.394
-0.522,0.394
-0.495,0.396
-0.42,0.402
-0.366,0.41
-0.368,0.413
-0.372,0.416
-0.375,0.418
-0.375,0.42
-0.375,0.42
-0.375,0.42
-0.377,0.42
-0.379,0.42
-0.382,0.421
-0.392,0.421
-0.407,0.421
-0.446,0.421
-0.447,0.421
-0.444,0.422
-0.439,0.422
-0.428,0.422
-0.428,0.422
-0.428,0.419
-0.427,0.415
-0.428,0.413
-0.427,0.411
-0.427,0.402
-0.428,0.38
-0.427,0.377
-0.427,0.381
-0.427,0.376
-0.428,0.37
-0.427,0.363
-0.416,0.36
-0.413,0.36
-0.413,0.353
-0.413,0.349
-0.414,0.352
-0.414,0.353
-0.414,0.349
-0.412,0.351
-0.41,0.353
-0.407,0.351
-0.395,0.354
-0.384,0.354
-0.371,0.355
-0.366,0.357
-0.366,0.357
-0.365,0.358
-0.367,0.358
-0.366,0.36
-0.366,0.363
-0.366,0.363
-0.366,0.365
-0.366,0.368
-0.366,0.37
-0.364,0.371
-0.361,0.372
-0.356,0.372
-0.357,0.372
-0.356,0.372
-0.356,0.37
-0.355,0.369
-0.355,0.359
-0.355,0.325
-0.354,0.33
-0.349,0.331
-0.345,0.332
-0.344,0.329
-0.343,0.33
-0.342,0.33
-0.339,0.323
-0.339,0.318
-0.338,0.321
-0.339,0.323
-0.337,0.328
-0.338,0.33
-0.336,0.333
-0.33,0.336
-0.319,0.345
-0.315,0.348
-0.311,0.351
-0.289,0.353
-0.229,0.353
-0.04,0.343
-0.024,0.344
-0.038,0.358
-0.005,0.441
0.0,0.636
0.0,0.672
0.22,0.67
0.424,0.668
0.433,0.668
0.432,0.668
0.433,0.669
0.434,0.682
0.434,0.747
0.44,0.761
0.447,0.761
0.448,0.77
0.459,0.768
0.491,0.77
0.498,0.771
0.514,0.773
0.572,0.771
0.591,0.771
0.601,0.77
0.602,0.769
0.602,0.769
0.602,0.77
0.602,0.77
0.601,0.771
0.601,0.774
0.604,0.776
0.616,0.781
0.674,0.797
0.711,0.828
0.717,0.833
0.702,0.836
0.702,0.852
0.703,0.854
0.702,0.853
0.702,0.862
0.703,0.891
0.703,0.89
0.702,0.89
0.704,0.887
0.718,0.888
0.728,0.886
0.737,0.888
0.801,0.89
0.851,0.929
0.891,1.0
0.965,1.0
0.966,1.0
0.965,1.0
0.969,1.0
0.98,1.0
0.995,1.0
1.0,1.0
1.0,1.0
1.0,1.0
1.0,1.0
1.0,1.0
1.0,1.0
1.0,1.0
1.0,1.0
1.0,1.0
1.0,1.0
1.0,1.0
1.0,1.0
1.0,1.0
1.0,1.0
1.0,1.0
1.0,1.0
1.0,1.0
1.0,1.0
1.0,1.0
1.0,1.0
1.0,1.0
1.0,1.0
0.925,1.0
0.899,1.0
0.856,1.0
0.764,1.0
0.75,1.0
0.719,1.0
0.699,1.0
0.696,1.0
0.689,1.0
0.659,1.0
0.59,1.0
0.563,1.0
0.52,1.0
0.506,1.0
0.511,1.0
0.509,1.0
0.511,1.0
0.505,1.0
0.496,1.0
0.447,1.0
0.434,1.0
0.433,1.0
0.445,1.0
0.452,1.0
0.452,1.0
0.453,1.0
0.454,0.935
0.454,0.922
0.449,0.917
0.442,0.917
0.376,0.894
0.33,0.873
0.27,0.868
0.251,0.856
0.259,0.85
0.265,0.848
0.265,0.852
0.264,0.846
0.259,0.847
0.258,0.816
0.264,0.766
0.265,0.745
0.266,0.695
0.262,0.67
0.253,0.666
0.212,0.662
0.096,0.633
0.088,0.622
0.093,0.584
0.099,0.576
0.101,0.568
0.101,0.556
0.121,0.531
0.176,0.522
0.206,0.49
0.233,0.471
0.245,0.428
0.25,0.407
0.252,0.368
0.248,0.278
0.294,0.242
0.36,0.197
0.418,0.201
0.422,0.209
0.421,0.215
0.42,0.218
0.419,0.287
0.419,0.316
0.42,0.343
0.42,0.345
0.421,0.346
0.421,0.347
0.42,0.346
0.416,0.347
0.408,0.347
0.37,0.346
0.358,0.346
0.361,0.346
0.362,0.346
0.367,0.346
0.372,0.345
0.379,0.346
0.34,0.346
0.299,0.346
0.244,0.347
0.236,0.349
0.2,0.353
0.199,0.351
0.207,0.35
0.217,0.35
0.223,0.35
0.293,0.348
0.293,0.347
0.291,0.345
0.293,0.342
0.293,0.338
0.293,0.334
0.293,0.332
0.293,0.332
0.293,0.32
0.294,0.293
0.295,0.281
0.295,0.282
0.294,0.287
0.291,0.297
0.286,0.3
0.206,0.301
0.189,0.306
0.176,0.306
0.177,0.306
0.181,0.307
0.184,0.306
0.188,0.307
0.193,0.308
0.195,0.308
0.197,0.307
0.198,0.307
0.197,0.307
0.198,0.309
0.199,0.314
0.205,0.323
0.25,0.39
0.332,0.419
0.334,0.42
0.336,0.423
0.334,0.42
0.331,0.419
0.323,0.415
0.323,0.409
0.323,0.407
0.323,0.406
0.323,0.407
0.323,0.403
0.323,0.335
0.25,0.307
0.188,0.278
0.191,0.239
0.189,0.204
0.186,0.175
0.178,0.167
0.18,0.167
0.173,0.17
0.165,0.169
0.168,0.169
0.171,0.17
0.179,0.17
0.186,0.17
0.186,0.169
0.187,0.17
0.187,0.171
0.198,0.174
0.227,0.186
0.251,0.186
0.251,0.189
0.25,0.227
0.244,0.251
0.244,0.255
0.243,0.257
0.244,0.259
0.244,0.261
0.244,0.269
0.244,0.271
0.243,0.288
0.244,0.308
0.248,0.309
0.25,0.31
0.25,0.312
0.257,0.316
0.296,0.317
0.325,0.323
0.395,0.328
0.428,0.33
0.437,0.349
0.472,0.358
0.476,0.366
0.476,0.372
0.477,0.379
0.478,0.383
0.485,0.389
0.503,0.395
0.571,0.413
0.594,0.423
0.595,0.427
0.591,0.432
0.592,0.437
0.593,0.443
0.595,0.455
0.597,0.492
0.599,0.514
0.599,0.529
0.597,0.548
0.595,0.571
0.589,0.575
0.588,0.583
0.588,0.6
0.584,0.608
0.576,0.636
0.576,0.644
0.576,0.647
0.576,0.647
0.577,0.663
0.577,0.675
0.578,0.672
0.618,0.667
0.636,0.663
0.664,0.661
0.668,0.655
0.675,0.655
0.679,0.655
0.683,0.655
0.681,0.655
0.682,0.655
0.681,0.659
0.682,0.669
0.684,0.672
0.701,0.676
0.8,0.678
0.801,0.679
0.799,0.679
0.799,0.679
0.799,0.679
0.799,0.681
0.8,0.734
0.813,0.777
0.832,0.961
0.859,0.977
0.921,0.972
0.955,0.97
0.969,0.963
0.968,0.963
0.968,0.96
0.967,0.959
0.966,0.959
0.967,0.959
0.967,0.959
0.964,0.959
0.96,0.959
0.958,0.957
0.953,0.955
0.953,0.954
0.953,0.954
0.955,0.954
0.959,0.954
0.96,0.922
0.97,0.819
0.985,0.796
0.985,0.785
0.985,0.782
0.988,0.783
0.993,0.788
0.997,0.791
1.0,0.792
1.0,0.791
1.0,0.786
1.0,0.771
1.0,0.777
1.0,0.775
1.0,0.745
1.0,0.73
1.0,0.732
1.0,0.725
1.0,0.71
1.0,0.708
1.0,0.709
0.993,0.709
0.993,0.699
0.993,0.704
0.993,0.708
1.0,0.712
1.0,0.721
1.0,0.727
1.0,0.779
1.0,0.913
1.0,1.0
1.0,1.0
1.0,1.0
1.0,1.0
1.0,1.0
1.0,1.0
1.0,1.0
1.0,1.0
1.0,1.0
1.0,1.0
1.0,1.0
1.0,1.0
1.0,1.0
1.0,1.0
1.0,1.0
1.0,1.0
1.0,1.0
1.0,1.0
1.0,1.0
1.0,1.0
1.0,1.0
1.0,1.0
1.0,1.0
1.0,1.0
1.0,1.0
1.0,1.0
0.982,1.0
0.89,1.0
0.848,1.0
0.818,1.0
0.817,1.0
0.817,1.0
0.819,1.0
0.792,1.0
0.756,1.0
0.758,1.0
0.76,1.0
0.764,1.0
0.766,1.0
0.768,1.0
0.772,1.0
0.771,1.0
0.818,1.0
0.835,1.0
0.841,1.0
0.843,1.0
0.843,1.0
0.843,1.0
0.844,1.0
0.839,1.0
0.83,1.0
0.824,1.0
0.824,1.0
0.766,1.0
0.753,1.0
0.72,1.0
0.685,1.0
0.634,1.0
0.596,1.0
0.57,0.977
0.531,0.965
0.467,0.961
0.414,0.963
0.41,0.96
0.407,0.959
0.407,0.961
0.411,0.955
0.409,0.948
0.41,0.934
0.415,0.935
0.414,0.932
0.417,0.931
0.42,0.927
0.424,0.92
0.546,0.907
0.664,0.88
0.681,0.871
0.704,0.871
0.769,0.867
0.801,0.864
0.862,0.862
0.882,0.85
0.89,0.846
0.893,0.843
0.894,0.844
0.895,0.846
0.897,0.852
0.903,0.852
0.919,0.853
0.95,0.854
0.993,0.854
0.999,0.854
1.0,0.876
1.0,1.0
1.0,1.0
1.0,1.0
1.0,1.0
1.0,1.0
1.0,1.0
1.0,1.0
1.0,1.0
1.0,1.0
1.0,1.0
1.0,1.0
1.0,1.0
1.0,1.0
1.0,1.0
1.0,1.0
1.0,1.0
1.0,1.0
1.0,1.0
1.0,1.0
1.0,1.0
1.0,1.0
1.0,1.0
1.0,1.0
1.0,1.0
1.0,1.0
1.0,1.0
1.0,1.0
1.0,1.0
1.0,1.0
1.0,1.0
1.0,1.0
1.0,1.0
1.0,0.955
1.0,0.939
1.0,0.933
1.0,0.917
1.0,0.892
1.0,0.888
1.0,0.883
1.0,0.863
1.0,0.852
1.0,0.839
1.0,0.829
1.0,0.821
1.0,0.802
1.0,0.808
1.0,0.811
1.0,0.822
1.0,0.83
1.0,0.897
1.0,0.929
1.0,0.933
1.0,0.934
1.0,0.946
1.0,0.955
1.0,0.961
1.0,0.967
0.989,0.972
0.984,0.986
0.974,0.986
0.969,0.994
0.954,1.0
0.947,1.0
0.941,1.0
0.937,1.0
0.93,1.0
0.923,1.0
0.914,1.0
0.877,1.0
0.864,1.0
0.86,0.995
0.859,0.961
0.853,0.95
0.846,0.907
0.837,0.888
0.826,0.873
0.821,0.86
0.817,0.849
0.814,0.818
0.812,0.809
0.811,0.77
0.812,0.738
0.814,0.726
0.816,0.71
0.818,0.677
0.798,0.681
0.734,0.685
0.721,0.694
0.723,0.696
0.725,0.697
0.796,0.698
0.912,0.697
1.0,0.695
1.0,0.694
1.0,0.693
1.0,0.695
1.0,0.702
1.0,0.709
1.0,0.718
1.0,0.789
1.0,0.814
1.0,0.818
1.0,0.826
1.0,0.83
1.0,0.845
1.0,0.849
1.0,0.852
1.0,0.853
1.0,0.852
1.0,0.852
1.0,0.852
1.0,0.856
1.0,0.856
1.0,0.88
1.0,0.903
1.0,0.916
1.0,0.918
1.0,0.92
1.0,0.918
1.0,0.917
1.0,0.917
1.0,0.918
1.0,0.917
1.0,0.917
1.0,0.915
1.0,0.915
1.0,0.915
0.997,0.914
0.972,0.914
0.935,0.914
0.924,0.911
0.921,0.91
0.92,0.91
0.92,0.91
0.922,0.91
0.922,0.91
0.923,0.907
0.922,0.905
0.922,0.905
0.919,0.904
0.897,0.903
0.874,0.905
0.854,0.904
0.847,0.904
0.845,0.904
0.841,0.903
0.837,0.902
0.834,0.901
0.831,0.901
0.813,0.9
0.776,0.898
0.762,0.896
0.757,0.895
0.729,0.895
0.678,0.896
0.665,0.895
0.64,0.896
0.639,0.897
0.64,0.895
0.642,0.869
0.644,0.869
0.646,0.87
0.653,0.872
0.662,0.869
0.682,0.871
0.727,0.87
0.733,0.87
0.739,0.871
0.74,0.871
0.739,0.871
0.74,0.869
0.739,0.87
0.738,0.826
0.726,0.815
0.725,0.814
0.7,0.815
0.698,0.816
0.676,0.818
0.676,0.812
0.633,0.792
0.582,0.777
0.563,0.766
0.529,0.771
0.523,0.768
0.507,0.768
0.486,0.766
0.461,0.764
0.44,0.766
0.428,0.765
0.406,0.769
0.4,0.773
0.395,0.773
0.394,0.782
0.402,0.784
0.412,0.785
0.413,0.786
0.481,0.85
0.52,0.852
0.574,0.851
0.58,0.847
0.592,0.831
0.606,0.83
0.631,0.788
0.649,0.751
0.71,0.704
0.788,0.677
0.828,0.651
0.919,0.656
1.0,0.659
1.0,0.659
1.0,0.668
1.0,0.676
1.0,0.749
1.0,0.831
1.0,1.0
1.0,1.0
1.0,1.0
1.0,1.0
1.0,1.0
1.0,1.0
1.0,1.0
1.0,1.0
1.0,1.0
1.0,1.0
1.0,1.0
1.0,1.0
1.0,1.0
1.0,1.0
1.0,1.0
1.0,1.0
1.0,1.0
1.0,1.0
1.0,1.0
1.0,1.0
1.0,1.0
1.0,1.0
1.0,1.0
1.0,1.0
1.0,1.0
1.0,1.0
1.0,1.0
1.0,1.0
1.0,1.0
1.0,1.0
1.0,1.0
1.0,1.0
1.0,1.0
1.0,1.0
1.0,1.0
1.0,1.0
1.0,1.0
1.0,1.0
1.0,1.0
1.0,1.0
1.0,1.0
1.0,1.0
1.0,1.0
1.0,1.0
1.0,1.0
1.0,1.0
1.0,1.0
1.0,1.0
1.0,1.0
1.0,1.0
1.0,1.0
1.0,1.0
1.0,0.982
1.0,0.963
1.0,0.946
1.0,0.941
1.0,0.941
1.0,0.94
1.0,0.938
0.987,0.937
0.94,0.939
0.933,0.939
0.927,0.937
0.923,0.937
0.922,0.931
0.891,0.895
0.83,0.874
0.779,0.796
0.687,0.789
0.608,0.77
0.518,0.756
0.436,0.68
0.261,0.625
0.1,0.569
0.015,0.554
0.0,0.535
0.0,0.518
0.0,0.475
0.004,0.479
0.005,0.48
0.005,0.485
0.011,0.485
0.009,0.497
0.012,0.503
0.024,0.509
0.031,0.507
0.032,0.416
0.032,0.388
0.034,0.22
0.047,0.095
0.081,0.061
0.128,0.066
0.147,0.075
0.17,0.132
0.173,0.338
0.175,0.392
0.223,0.429
0.241,0.505
0.273,0.581
0.28,0.631
0.295,0.685
0.309,0.708
0.338,0.788
0.347,0.831
0.351,0.831
0.381,0.83
0.405,0.832
0.477,0.832
0.526,0.832
0.569,0.831
0.563,0.831
0.565,0.829
0.565,0.82
0.572,0.818
0.576,0.815
0.576,0.813
0.579,0.814
0.58,0.814
0.581,0.813
0.582,0.813
0.582,0.812
0.582,0.813
0.587,0.813
0.605,0.795
0.606,0.779
0.619,0.735
0.62,0.725
0.618,0.706
0.618,0.683
0.618,0.67
0.617,0.651
0.615,0.655
0.615,0.614
0.614,0.526
0.558,0.499
0.521,0.497
0.492,0.49
0.479,0.483
0.417,0.485
0.357,0.473
0.343,0.445
0.321,0.428
0.283,0.417
0.289,0.349
0.289,0.295
0.289,0.29
0.285,0.297
0.29,0.303
0.288,0.315
0.29,0.317
0.29,0.39
0.291,0.416
0.292,0.429
0.292,0.439
0.291,0.464
0.291,0.471
0.296,0.474
0.306,0.476
0.308,0.48
0.319,0.479
0.326,0.479
0.326,0.479
0.326,0.476
0.326,0.471
0.327,0.452
0.327,0.451
0.325,0.451
0.325,0.452
0.326,0.451
0.325,0.451
0.325,0.45
0.325,0.445
0.326,0.439
0.325,0.437
0.326,0.432
0.326,0.424
0.325,0.418
0.325,0.411
0.325,0.374
0.326,0.36
0.326,0.347
0.325,0.342
0.326,0.336
0.326,0.325
0.325,0.324
0.326,0.325
0.326,0.325
0.325,0.322
0.326,0.299
0.325,0.287
0.325,0.265
0.325,0.266
0.325,0.24
0.325,0.239
0.326,0.236
0.327,0.237
0.325,0.246
0.325,0.25
0.326,0.253
0.325,0.259
0.325,0.261
0.325,0.261
0.326,0.263
0.326,0.262
0.326,0.263
0.326,0.263
0.326,0.263
0.325,0.264
0.258,0.263
0.249,0.263
0.251,0.264
0.247,0.263
0.246,0.264
0.25,0.263
0.247,0.261
0.25,0.261
0.259,0.259
0.263,0.259
0.265,0.255
0.266,0.255
0.266,0.253
0.266,0.253
0.266,0.253
0.266,0.251
0.266,0.252
0.266,0.253
0.267,0.253
0.266,0.253
0.267,0.254
0.268,0.253
0.271,0.251
0.27,0.251
0.272,0.251
0.272,0.213
0.271,0.21
0.272,0.199
0.272,0.182
0.272,0.177
0.272,0.176
0.272,0.163
0.272,0.156
0.272,0.152
0.272,0.159
0.273,0.16
0.289,0.161
0.293,0.161
0.291,0.161
0.285,0.162
0.284,0.162
0.283,0.16
0.283,0.16
0.282,0.158
0.282,0.158
0.283,0.159
0.282,0.162
0.282,0.161
0.283,0.163
0.283,0.175
0.235,0.178
0.22,0.178
0.221,0.179
0.223,0.18
0.202,0.18
0.205,0.18
0.184,0.18
0.174,0.18
0.169,0.181
0.161,0.181
0.153,0.182
0.137,0.182
0.129,0.182
0.133,0.182
0.136,0.182
0.141,0.182
0.143,0.183
0.144,0.182
0.146,0.186
0.147,0.218
0.147,0.236
0.146,0.253
0.148,0.254
0.148,0.254
0.153,0.253
0.175,0.253
0.174,0.253
0.177,0.253
0.177,0.253
0.178,0.255
0.178,0.259
0.181,0.262
0.182,0.277
0.181,0.329
0.184,0.351
0.184,0.359
0.184,0.36
0.183,0.361
0.185,0.361
0.184,0.361
0.218,0.361
0.273,0.362
0.293,0.363
0.299,0.366
0.298,0.364
0.298,0.368
0.299,0.368
0.302,0.37
0.305,0.382
0.365,0.388
0.377,0.424
0.383,0.446
0.382,0.462
0.38,0.461
0.37,0.461
0.364,0.459
0.355,0.458
0.323,0.458
0.306,0.454
0.296,0.447
0.293,0.441
0.288,0.439
0.249,0.437
0.238,0.437
0.244,0.437
0.249,0.435
0.251,0.401
0.249,0.376
0.25,0.358
0.249,0.357
0.25,0.357
0.248,0.353
0.251,0.352
0.25,0.352
0.24,0.348
0.199,0.347
0.195,0.34
0.189,0.342
0.191,0.335
0.195,0.342
0.195,0.342
0.193,0.343
0.194,0.346
0.193,0.344
0.195,0.346
0.195,0.338
0.202,0.328
0.203,0.324
0.205,0.329
0.212,0.33
0.216,0.332
0.217,0.333
0.219,0.338
0.23,0.342
0.267,0.346
0.305,0.353
0.318,0.375
0.325,0.391
0.355,0.403
0.365,0.401
0.373,0.404
0.377,0.407
0.379,0.412
0.379,0.422
0.379,0.428
0.378,0.458
0.378,0.491
0.377,0.523
0.378,0.569
0.378,0.579
0.378,0.58
0.376,0.595
0.375,0.61
0.374,0.636
0.373,0.651
0.373,0.668
0.372,0.767
0.372,0.783
0.373,0.792
0.374,0.797
0.374,0.8
0.374,0.805
0.374,0.805
0.374,0.805
0.374,0.804
0.372,0.801
0.371,0.794
0.363,0.786
0.363,0.777
0.363,0.709
0.363,0.702
0.363,0.702
0.363,0.7
0.363,0.702
0.363,0.704
0.364,0.708
0.365,0.708
0.37,0.709
0.371,0.713
0.372,0.717
0.373,0.723
0.375,0.723
0.379,0.796
0.381,0.817
0.382,0.83
0.382,0.895
0.379,0.92
0.378,0.95
0.37,0.951
0.366,0.95
0.362,0.951
0.361,0.952
0.34,0.951
0.292,0.95
0.302,0.947
0.307,0.935
0.312,0.927
0.321,0.893
0.325,0.875
0.334,0.835
0.332,0.756
0.244,0.725
0.223,0.727
0.229,0.721
0.233,0.693
0.24,0.687
0.251,0.667
0.253,0.646
0.255,0.619
0.252,0.584
0.251,0.578
0.25,0.52
0.25,0.496
0.25,0.466
0.248,0.445
0.232,0.447
0.222,0.443
0.223,0.443
0.225,0.452
0.224,0.453
0.222,0.459
0.225,0.463
0.225,0.473
0.226,0.482
0.223,0.507
0.222,0.555
0.199,0.581
0.197,0.616
0.184,0.674
0.178,0.685
0.185,0.705
0.185,0.708
0.188,0.71
0.19,0.708
0.193,0.708
0.193,0.707
0.194,0.707
0.193,0.702
0.192,0.694
0.187,0.69
0.182,0.69
0.146,0.625
0.133,0.578
0.123,0.504
0.13,0.475
0.131,0.424
0.136,0.404
0.139,0.402
0.141,0.4
0.141,0.394
0.141,0.38
0.143,0.361
0.142,0.334
0.142,0.325
0.143,0.314
0.143,0.31
0.143,0.298
0.143,0.298
0.143,0.302
0.143,0.306
0.143,0.304
0.143,0.307
0.143,0.307
0.144,0.305
0.144,0.304
0.143,0.303
0.144,0.305
0.144,0.308
0.144,0.31
0.144,0.315
0.144,0.316
0.144,0.317
0.144,0.319
0.144,0.319
0.144,0.319
0.144,0.319
0.145,0.319
0.144,0.317
0.145,0.316
0.144,0.312
0.144,0.306
0.145,0.304
0.145,0.301
0.144,0.3
0.145,0.302
0.145,0.299
0.144,0.296
0.145,0.277
0.145,0.28
0.145,0.276
0.146,0.277
0.145,0.278
0.145,0.277
0.145,0.274
0.145,0.267
0.146,0.27
0.146,0.274
0.145,0.276
0.145,0.277
0.146,0.283
0.145,0.283
0.146,0.285
0.145,0.287
0.144,0.291
0.145,0.291
0.146,0.293
0.145,0.293
0.144,0.293
0.061,0.293
-0.033,0.304
-0.042,0.306
-0.042,0.351
-0.081,0.398
-0.076,0.4
-0.121,0.403
-0.206,0.402
-0.282,0.403
-0.299,0.402
-0.317,0.398
-0.343,0.398
-0.355,0.392
-0.363,0.393
-0.364,0.392
-0.363,0.392
-0.343,0.392
-0.326,0.392
-0.298,0.393
-0.265,0.392
-0.207,0.392
-0.148,0.393
-0.109,0.393
-0.098,0.392
-0.057,0.392
-0.041,0.392
-0.054,0.392
-0.014,0.393
0.0,0.392
0.0,0.389
0.027,0.347
0.027,0.328
0.038,0.325
0.103,0.321
0.136,0.315
0.26,0.305
0.3,0.298
0.329,0.287
0.33,0.269
0.332,0.249
0.336,0.234
0.343,0.233
0.358,0.223
0.37,0.209
0.372,0.199
0.372,0.203
0.372,0.205
0.368,0.21
0.362,0.213
0.36,0.221
0.357,0.223
0.359,0.224
0.36,0.266
0.364,0.279
0.375,0.283
0.381,0.295
0.383,0.326
0.384,0.327
0.383,0.329
0.382,0.328
0.381,0.329
0.383,0.328
0.385,0.328
0.386,0.328
0.388,0.327
0.387,0.327
0.383,0.327
0.378,0.327
0.377,0.327
0.372,0.321
0.37,0.312
0.37,0.311
0.37,0.311
0.37,0.311
0.368,0.301
0.348,0.244
0.287,0.248
0.28,0.242
0.251,0.217
0.238,0.206
0.244,0.201
0.248,0.2
0.251,0.193
0.252,0.189
0.253,0.187
0.255,0.189
0.256,0.19
0.257,0.183
0.255,0.183
0.244,0.186
0.223,0.186
0.229,0.188
0.241,0.187
0.246,0.187
0.248,0.188
0.246,0.186
0.191,0.188
0.203,0.188
0.203,0.188
0.206,0.188
0.21,0.192
0.212,0.194
0.214,0.196
0.21,0.197
0.168,0.199
0.136,0.2
0.049,0.201
0.015,0.202
0.0,0.204
0.0,0.204
0.011,0.205
0.013,0.206
0.012,0.206
0.011,0.206
0.015,0.206
0.014,0.206
0.019,0.207
0.019,0.207
0.021,0.208
0.018,0.208
0.018,0.209
0.019,0.21
0.02,0.21
0.019,0.21
0.02,0.211
0.024,0.212
0.022,0.212
0.0,0.212
-0.05,0.212
-0.041,0.212
-0.038,0.212
-0.046,0.213
-0.047,0.212
-0.044,0.212
-0.042,0.212
-0.042,0.212
-0.042,0.212
-0.042,0.212
-0.04,0.213
-0.033,0.212
-0.034,0.213
0.0,0.212
0.015,0.212
0.016,0.213
0.022,0.214
0.073,0.227
0.106,0.272
0.119,0.308
0.12,0.31
0.12,0.312
0.12,0.315
0.115,0.316
0.115,0.317
0.111,0.317
0.109,0.319
0.109,0.318
0.109,0.319
0.109,0.318
0.11,0.317
0.109,0.315
0.109,0.301
0.109,0.298
0.109,0.299
0.109,0.298
0.109,0.298
0.109,0.299
0.109,0.299
0.109,0.299
0.109,0.299
0.109,0.299
0.109,0.31
0.109,0.315
0.109,0.327
0.109,0.33
0.109,0.33
0.109,0.34
0.109,0.353
0.109,0.364
0.108,0.377
0.109,0.39
0.109,0.395
0.109,0.4
0.109,0.401
0.109,0.404
0.109,0.413
0.109,0.415
0.109,0.42
0.109,0.429
0.109,0.428
0.109,0.432
0.109,0.432
0.109,0.433
0.109,0.434
0.109,0.434
0.108,0.433
0.108,0.434
0.109,0.434
0.108,0.434
0.109,0.434
0.109,0.433
0.109,0.432
0.109,0.433
0.109,0.433
0.109,0.432
0.109,0.432
0.108,0.432
0.109,0.432
0.109,0.432
0.108,0.432
0.109,0.434
0.109,0.434
0.109,0.434
0.109,0.435
0.108,0.434
0.109,0.435
0.109,0.434
0.108,0.435
0.109,0.437
0.109,0.438
0.109,0.454
0.109,0.452
0.109,0.453
0.109,0.461
0.107,0.469
0.107,0.484
0.107,0.49
0.106,0.512
0.106,0.521
0.106,0.535
0.107,0.537
0.107,0.536
0.106,0.535
0.107,0.537
0.107,0.535
0.107,0.534
0.107,0.535
0.107,0.535
0.107,0.536
0.107,0.536
0.107,0.537
0.107,0.539
0.107,0.552
0.107,0.563
0.107,0.567
0.107,0.572
0.107,0.584
0.107,0.588
0.107,0.587
0.103,0.587
0.101,0.589
0.101,0.589
0.101,0.588
0.1,0.584
0.099,0.578
0.1,0.563
0.1,0.561
0.1,0.506
0.099,0.499
0.099,0.462
0.099,0.439
0.1,0.419
0.101,0.425
0.101,0.422
0.102,0.4
0.102,0.394
0.101,0.394
0.102,0.389
0.102,0.388
0.102,0.377
0.102,0.374
0.102,0.375
0.102,0.374
0.102,0.375
0.103,0.376
0.103,0.377
0.103,0.375
0.104,0.354
0.103,0.337
0.104,0.334
0.105,0.343
0.104,0.342
0.105,0.338
0.105,0.343
0.105,0.346
0.105,0.347
0.105,0.349
0.105,0.357
0.105,0.366
0.105,0.368
0.105,0.369
0.105,0.369
0.105,0.371
0.104,0.367
0.105,0.369
0.105,0.368
0.105,0.369
0.105,0.37
0.105,0.37
0.105,0.37
0.105,0.37
0.105,0.37
0.105,0.37
0.105,0.371
0.104,0.371
0.105,0.372
0.105,0.372
0.105,0.372
0.105,0.373
0.104,0.372
0.105,0.373
0.104,0.373
0.105,0.374
0.104,0.374
0.104,0.374
0.105,0.374
0.114,0.374
0.189,0.38
0.216,0.424
0.24,0.438
0.244,0.45
0.244,0.459
0.245,0.46
0.244,0.458
0.244,0.46
0.242,0.459
0.231,0.46
0.223,0.457
0.223,0.457
0.224,0.457
0.224,0.456
0.223,0.454
0.223,0.45
0.223,0.449
0.216,0.436
0.21,0.432
0.201,0.437
0.184,0.412
0.182,0.394
0.175,0.381
0.148,0.38
0.136,0.332
0.132,0.32
0.132,0.317
0.133,0.319
0.136,0.322
0.139,0.323
0.14,0.33
0.141,0.334
0.143,0.338
0.148,0.338
0.15,0.338
0.151,0.338
0.151,0.338
0.151,0.341
0.151,0.342
0.151,0.343
0.152,0.343
0.151,0.343
0.152,0.343
0.152,0.344
0.152,0.344
0.152,0.345
0.148,0.345
0.141,0.351
0.109,0.392
0.098,0.42
0.098,0.445
0.1,0.451
0.102,0.453
0.103,0.454
0.104,0.456
0.104,0.456
0.104,0.456
0.105,0.457
0.105,0.452
0.105,0.441
0.106,0.435
0.107,0.433
0.107,0.415
0.107,0.383
0.107,0.353
0.107,0.331
0.107,0.326
0.108,0.323
0.107,0.318
0.108,0.318
0.109,0.317
0.109,0.3
0.109,0.297
0.109,0.296
0.109,0.296
0.109,0.296
0.109,0.3
0.109,0.302
0.109,0.305
0.109,0.308
0.109,0.309
0.109,0.31
0.109,0.309
0.109,0.31
0.109,0.31
0.109,0.312
0.11,0.312
0.11,0.312
0.111,0.312
0.11,0.312
0.111,0.314
0.111,0.315
0.111,0.315
0.111,0.314
0.113,0.315
0.111,0.315
0.111,0.312
0.111,0.312
0.111,0.312
0.111,0.312
0.112,0.312
0.111,0.312
0.112,0.312
0.111,0.31
0.111,0.31
0.111,0.311
0.112,0.311
0.112,0.311
0.111,0.311
0.112,0.311
0.112,0.31
0.112,0.31
0.111,0.311
0.111,0.311
0.109,0.312
0.109,0.311
0.109,0.312
0.109,0.312
0.108,0.312
0.108,0.31
0.107,0.31
0.106,0.31
0.105,0.309
0.103,0.31
0.101,0.309
0.099,0.309
0.092,0.307
0.089,0.305
0.09,0.303
0.09,0.3
0.091,0.298
0.09,0.297
0.09,0.295
0.092,0.293
0.089,0.292
0.09,0.283
0.088,0.285
0.088,0.28
0.088,0.278
0.085,0.278
0.082,0.274
0.083,0.272
0.082,0.277
0.084,0.275
0.084,0.274
0.085,0.276
0.084,0.279
0.084,0.283
0.084,0.283
0.086,0.285
0.086,0.286
0.087,0.284
0.088,0.284
0.09,0.28
0.094,0.283
0.096,0.284
0.098,0.283
0.098,0.286
0.098,0.285
0.097,0.283
0.097,0.285
0.097,0.293
0.097,0.295
0.096,0.295
0.096,0.296
0.096,0.295
0.096,0.294
0.096,0.291
0.096,0.289
0.096,0.287
0.096,0.289
0.096,0.287
0.097,0.285
0.097,0.283
0.096,0.282
0.097,0.281
0.096,0.278
0.096,0.248
0.096,0.247
0.097,0.24
0.097,0.245
0.097,0.238
0.097,0.24
0.096,0.238
0.096,0.236
0.096,0.236
0.096,0.227
0.096,0.225
0.096,0.227
0.096,0.226
0.097,0.222
0.098,0.227
0.097,0.229
0.097,0.231
0.098,0.23
0.098,0.231
0.098,0.231
0.098,0.229
0.097,0.228
0.097,0.229
0.097,0.227
0.097,0.224
0.098,0.228
0.097,0.229
0.098,0.23
0.098,0.231
0.098,0.233
0.1,0.236
0.102,0.24
0.105,0.246
0.107,0.255
0.108,0.257
0.108,0.271
0.109,0.348
0.109,0.396
0.108,0.44
0.109,0.474
0.109,0.515
0.109,0.531
0.109,0.574
0.109,0.586
0.109,0.617
0.109,0.634
0.113,0.653
0.133,0.686
0.148,0.715
0.146,0.733
0.144,0.738
0.133,0.739
0.096,0.738
0.08,0.739
0.051,0.739
0.0,0.736
-0.051,0.735
-0.075,0.734
-0.116,0.734
-0.229,0.734
-0.286,0.733
-0.373,0.734
-0.4,0.734
-0.421,0.733
-0.42,0.733
-0.413,0.731
-0.398,0.728
-0.358,0.727
-0.236,0.725
-0.172,0.717
-0.096,0.693
-0.06,0.644
-0.044,0.634
-0.039,0.586
-0.031,0.571
-0.015,0.567
-0.005,0.555
-0.002,0.493
0.0,0.428
0.0,0.422
0.0,0.428
0.0,0.415
0.0,0.413
0.0,0.414
0.0,0.42
0.0,0.423
0.0,0.426
0.008,0.433
0.04,0.442
0.049,0.445
0.057,0.447
0.063,0.449
0.052,0.486
0.027,0.498
-0.054,0.515
-0.057,0.518
-0.084,0.523
-0.075,0.519
-0.069,0.523
-0.062,0.522
-0.053,0.523
-0.04,0.518
-0.029,0.514
-0.008,0.503
0.004,0.437
0.05,0.426
0.105,0.422
0.163,0.398
0.194,0.393
0.202,0.391
0.217,0.396
0.218,0.392
0.217,0.39
0.216,0.39
0.217,0.394
0.204,0.393
0.204,0.393
0.203,0.394
0.201,0.395
0.201,0.395
0.199,0.396
0.199,0.394
0.198,0.394
0.199,0.395
0.199,0.394
0.163,0.394
0.147,0.387
0.139,0.385
0.141,0.377
0.143,0.367
0.143,0.357
0.143,0.358
0.143,0.359
0.143,0.355
0.144,0.349
0.144,0.351
0.147,0.351
0.154,0.352
0.154,0.351
0.155,0.354
0.155,0.352
0.158,0.352
0.159,0.351
0.16,0.351
0.16,0.354
0.158,0.355
0.16,0.356
0.16,0.357
0.16,0.358
0.16,0.357
0.16,0.358
0.16,0.359
0.16,0.363
0.16,0.365
0.16,0.371
0.16,0.372
0.16,0.372
0.16,0.373
0.16,0.373
0.16,0.373
0.16,0.374
0.16,0.373
0.16,0.373
0.16,0.373
0.16,0.373
0.16,0.373
0.16,0.372
0.16,0.373
0.161,0.373
0.16,0.374
0.161,0.373
0.16,0.372
0.16,0.373
0.16,0.373
0.16,0.373
0.16,0.374
0.161,0.374
0.16,0.374
0.16,0.373
0.16,0.373
0.16,0.373
0.16,0.373
0.161,0.374
0.16,0.374
0.161,0.374
0.16,0.374
0.161,0.374
0.16,0.374
0.161,0.374
0.161,0.374
0.161,0.374
0.161,0.374
0.161,0.374
0.161,0.374
0.161,0.374
0.161,0.374
0.161,0.374
0.161,0.374
0.161,0.373
0.161,0.374
0.161,0.374
0.161,0.374
0.161,0.373
0.16,0.374
0.16,0.374
0.161,0.374
0.161,0.374
0.161,0.374
0.161,0.373
0.161,0.374
0.161,0.374
0.161,0.374
0.161,0.374
0.158,0.374
0.161,0.374
0.161,0.374
0.161,0.374
0.161,0.374
0.16,0.373
0.161,0.374
0.161,0.374
0.16,0.373
0.161,0.374
0.161,0.374
0.16,0.374
0.16,0.374
0.16,0.375
0.161,0.374
0.16,0.374
0.16,0.373
0.16,0.373
0.16,0.372
0.16,0.368
0.16,0.366
0.159,0.358
0.158,0.333
0.158,0.318
0.158,0.287
0.158,0.268
0.158,0.27
0.158,0.276
0.158,0.273
0.158,0.275
0.158,0.276
0.158,0.278
0.159,0.278
0.159,0.277
0.158,0.265
0.16,0.25
0.16,0.243
0.16,0.224
0.16,0.191
0.16,0.184
0.16,0.18
0.16,0.18
0.161,0.185
0.16,0.186
0.16,0.191
0.16,0.192
0.16,0.194
0.161,0.195
0.16,0.198
0.161,0.199
0.161,0.201
0.161,0.201
0.144,0.201
0.008,0.203
-0.01,0.203
0.0,0.203
0.0,0.203
-0.061,0.203
-0.109,0.204
-0.274,0.204
-0.357,0.302
-0.465,0.371
-0.474,0.52
-0.466,0.566
-0.456,0.591
-0.455,0.689
-0.454,0.726
-0.454,0.758
-0.454,0.765
-0.454,0.761
-0.454,0.762
-0.454,0.761
-0.46,0.762
-0.467,0.761
-0.462,0.762
-0.452,0.761
-0.385,0.761
-0.348,0.773
-0.321,0.859
-0.232,1.0
-0.106,1.0
-0.094,1.0
-0.074,1.0
-0.048,0.921
-0.036,0.831
-0.025,0.655
-0.016,0.467
-0.014,0.32
-0.014,0.23
-0.013,0.141
-0.011,0.094
-0.013,0.059
-0.01,0.0
-0.01,-0.009
-0.01,0.0
-0.008,0.0
-0.009,0.0
-0.006,0.0
-0.002,0.001
-0.002,0.002
0.0,0.001
0.009,0.005
0.013,0.003
0.013,0.004
0.012,0.001
0.012,0.0
0.013,-0.003
0.014,0.0
0.015,0.0
0.015,0.0
0.015,0.002
0.014,0.001
0.013,0.006
0.012,0.008
0.011,0.007
0.009,0.006
0.009,0.006
0.008,0.004
0.006,0.004
0.006,0.004
0.004,0.004
0.003,0.006
0.004,0.006
0.004,0.007
0.004,0.007
0.003,0.008
0.004,0.008
0.005,0.007
0.006,0.007
0.014,0.008
0.015,0.01
0.017,0.01
0.015,0.01
0.017,0.011
0.021,0.011
0.026,0.013
0.027,0.015
0.027,0.017
0.025,0.019
0.022,0.019
0.021,0.019
0.016,0.02
0.011,0.021
0.008,0.021
0.007,0.021
0.006,0.022
0.006,0.023
0.006,0.023
0.005,0.024
0.005,0.024
0.006,0.024
0.006,0.024
0.005,0.024
0.005,0.025
0.006,0.025
0.005,0.026
0.0,0.026
0.006,0.026
0.006,0.027
0.006,0.027
0.006,0.027
0.006,0.027
0.005,0.028
0.006,0.028
0.005,0.029
0.006,0.029
0.005,0.03
0.006,0.03
0.006,0.03
0.006,0.03
0.006,0.03
0.005,0.031
0.001,0.03
0.0,0.03
0.0,0.031
0.0,0.031
0.0,0.03
0.0,0.031
0.0,0.031
0.0,0.031
0.0,0.032
0.0,0.032
0.0,0.032
0.0,0.031
0.0,0.031
0.0,0.031
0.0,0.032
0.0,0.031
0.0,0.032
0.0,0.032
0.0,0.031
0.0,0.031
-0.008,-0.023
-0.031,-0.042
-0.031,-0.039
-0.033,-0.038
-0.036,-0.016
-0.036,-0.009
-0.035,0.0
-0.036,0.024
-0.033,0.028
-0.032,0.067
-0.033,0.085
-0.033,0.122
-0.032,0.144
-0.032,0.197
-0.032,0.216
-0.03,0.214
-0.029,0.216
-0.026,0.216
-0.025,0.213
-0.023,0.199
-0.02,0.198
-0.017,0.199
-0.017,0.188
-0.016,0.173
-0.017,0.173
-0.017,0.174
-0.017,0.173
-0.017,0.175
-0.017,0.166
-0.016,0.161
-0.016,0.099
-0.016,0.09
-0.016,0.089
-0.017,0.093
-0.016,0.092
-0.016,0.092
-0.016,0.093
-0.017,0.093
-0.016,0.094
-0.016,0.099
-0.016,0.107
-0.016,0.107
-0.016,0.116
-0.016,0.135
-0.016,0.138
-0.007,0.138
0.0,0.166
0.0,0.17
0.001,0.291
0.0,0.36
0.002,0.467
0.0,0.512
-0.055,0.624
-0.227,0.631
-0.403,0.633
-0.513,0.635
-0.533,0.64
-0.553,0.638
-0.555,0.641
-0.563,0.653
-0.562,0.679
-0.554,0.741
-0.547,0.768
-0.508,0.775
-0.482,0.776
-0.457,0.78
-0.427,0.785
-0.423,0.794
-0.403,0.795
-0.379,0.806
-0.379,0.812
-0.379,0.809
-0.379,0.807
-0.37,0.8
-0.29,0.792
-0.239,0.762
-0.179,0.694
-0.142,0.659
-0.121,0.636
-0.114,0.566
-0.114,0.543
-0.11,0.527
-0.106,0.5
-0.103,0.427
-0.103,0.415
-0.103,0.403
-0.104,0.376
-0.103,0.333
-0.102,0.332
-0.098,0.334
-0.095,0.334
-0.092,0.336
-0.092,0.314
-0.091,0.313
-0.089,0.293
-0.085,0.274
-0.054,0.254
-0.046,0.248
-0.044,0.242
-0.05,0.246
-0.056,0.246
-0.061,0.25
-0.062,0.246
-0.064,0.246
-0.064,0.247
-0.065,0.231
-0.065,0.243
-0.065,0.242
-0.065,0.246
-0.066,0.246
-0.066,0.245
-0.066,0.246
-0.066,0.248
-0.066,0.247
-0.066,0.248
-0.066,0.243
-0.066,0.244
-0.066,0.244
-0.066,0.24
-0.066,0.238
-0.066,0.24
-0.066,0.241
-0.066,0.24
-0.066,0.238
-0.066,0.231
-0.066,0.231
-0.066,0.224
-0.066,0.231
-0.066,0.228
-0.066,0.223
-0.067,0.219
-0.067,0.205
-0.066,0.203
-0.067,0.198
-0.066,0.196
-0.066,0.203
-0.067,0.204
-0.067,0.205
-0.067,0.205
-0.067,0.206
-0.066,0.205
-0.067,0.202
-0.067,0.199
-0.067,0.201
-0.067,0.198
-0.066,0.193
-0.067,0.191
-0.067,0.203
-0.067,0.213
-0.067,0.224
-0.067,0.233
-0.067,0.247
-0.067,0.251
-0.067,0.256
-0.067,0.257
-0.067,0.257
-0.067,0.25
-0.067,0.255
-0.067,0.256
-0.067,0.255
-0.067,0.254
-0.066,0.255
-0.058,0.254
-0.041,0.255
-0.036,0.255
-0.032,0.255
-0.029,0.255
-0.033,0.259
-0.033,0.259
-0.035,0.328
-0.036,0.417
-0.036,0.44
-0.037,0.445
-0.038,0.449
-0.039,0.45
-0.039,0.45
-0.039,0.45
-0.039,0.451
-0.031,0.447
-0.027,0.44
0.0,0.438
0.0,0.439
0.042,0.447
0.039,0.485
0.04,0.605
0.045,0.668
0.058,0.674
0.073,0.675
0.084,0.672
0.105,0.67
0.111,0.67
0.113,0.661
0.113,0.661
0.114,0.644
0.113,0.644
0.113,0.643
0.112,0.642
0.113,0.634
0.113,0.614
0.112,0.61
0.112,0.57
0.111,0.527
0.11,0.512
0.109,0.504
0.106,0.493
0.103,0.475
0.104,0.467
0.105,0.449
0.105,0.429
0.105,0.426
0.106,0.424
0.105,0.418
0.106,0.41
0.105,0.388
0.104,0.379
0.102,0.377
0.102,0.365
0.102,0.364
0.101,0.361
0.101,0.366
0.101,0.363
0.101,0.367
0.101,0.36
0.101,0.362
0.101,0.357
0.101,0.355
0.099,0.355
0.099,0.357
0.1,0.36
0.099,0.364
0.099,0.367
0.099,0.367
0.099,0.366
0.099,0.37
0.099,0.379
0.099,0.385
0.098,0.398
0.099,0.43
0.099,0.447
0.099,0.482
0.099,0.508
0.101,0.538
0.104,0.544
0.106,0.567
0.106,0.567
0.107,0.566
0.107,0.567
0.107,0.567
0.106,0.565
0.106,0.565
0.106,0.56
0.106,0.556
0.107,0.541
0.112,0.518
0.118,0.458
0.131,0.447
0.138,0.425
0.139,0.429
0.141,0.412
0.141,0.402
0.14,0.39
0.139,0.387
0.139,0.381
0.137,0.364
0.136,0.356
0.137,0.336
0.136,0.328
0.135,0.312
0.135,0.297
0.135,0.281
0.132,0.268
0.131,0.229
0.128,0.218
0.126,0.205
0.122,0.214
0.114,0.215
0.114,0.216
0.114,0.216
0.114,0.216
0.114,0.217
0.114,0.218
0.114,0.218
0.114,0.218
0.114,0.218
0.114,0.218
0.114,0.218
0.114,0.22
0.114,0.221
0.114,0.222
0.114,0.223
0.114,0.224
0.114,0.228
0.114,0.229
0.114,0.23
0.114,0.235
0.114,0.236
0.114,0.236
0.114,0.237
0.114,0.237
0.114,0.238
0.115,0.238
0.114,0.238
0.114,0.238
0.114,0.242
0.114,0.243
0.114,0.249
0.114,0.252
0.114,0.266
0.114,0.264
0.114,0.279
0.114,0.298
0.114,0.332
0.114,0.346
0.114,0.347
0.114,0.353
0.114,0.36
0.114,0.362
0.114,0.363
0.114,0.363
0.114,0.364
0.114,0.364
0.114,0.363
0.114,0.363
0.114,0.363
0.114,0.364
0.114,0.363
0.114,0.363
0.114,0.364
0.114,0.364
0.114,0.364
0.114,0.364
0.114,0.366
0.0,0.372
-0.06,0.406
-0.165,0.452
-0.258,0.552
-0.382,0.608
-0.416,0.698
-0.435,0.734
-0.469,0.741
-0.475,0.755
-0.482,0.773
-0.521,0.777
-0.536,0.783
-0.577,0.795
-0.62,0.852
-0.639,0.899
-0.654,0.912
-0.654,0.949
-0.653,0.955
-0.652,0.964
-0.652,0.995
-0.663,1.0
-0.665,1.0
-0.676,1.0
-0.678,1.0
-0.678,1.0
-0.677,1.0
-0.672,1.0
-0.663,1.0
-0.624,1.0
-0.543,1.0
-0.52,1.0
-0.508,1.0
-0.506,1.0
-0.512,1.0
-0.514,1.0
-0.522,1.0
-0.522,1.0
-0.522,1.0
-0.522,1.0
-0.52,1.0
-0.479,1.0
-0.451,1.0
-0.408,1.0
-0.391,1.0
-0.393,0.993
-0.408,0.997
-0.443,1.0
-0.475,1.0
-0.521,1.0
-0.574,1.0
-0.612,1.0
-0.621,1.0
-0.626,1.0
-0.643,1.0
-0.652,1.0
-0.656,1.0
-0.663,1.0
-0.659,1.0
-0.657,1.0
-0.656,1.0
-0.657,1.0
-0.657,0.995
-0.654,0.963
-0.651,0.957
-0.649,0.959
-0.649,0.943
-0.649,0.927
-0.649,0.889
-0.649,0.883
-0.649,0.878
-0.649,0.877
-0.649,0.873
-0.652,0.871
-0.654,0.873
-0.656,0.877
-0.659,0.88
-0.658,0.903
-0.652,0.987
-0.65,1.0
-0.606,1.0
-0.565,1.0
-0.549,1.0
-0.526,1.0
-0.496,1.0
-0.473,1.0
-0.46,1.0
-0.461,1.0
-0.465,1.0
-0.466,1.0
-0.468,1.0
-0.475,1.0
-0.476,1.0
-0.477,1.0
-0.478,1.0
-0.478,1.0
-0.478,1.0
-0.478,1.0
-0.479,0.918
-0.479,0.883
-0.479,0.882
-0.478,0.882
-0.477,0.881
-0.474,0.877
-0.444,0.869
-0.428,0.855
-0.397,0.829
-0.381,0.824
-0.379,0.815
-0.38,0.793
-0.38,0.778
-0.38,0.777
-0.381,0.772
-0.381,0.757
-0.382,0.753
-0.383,0.742
-0.385,0.74
-0.385,0.737
-0.385,0.73
-0.386,0.703
-0.382,0.701
-0.382,0.664
-0.38,0.636
-0.379,0.614
-0.377,0.603
-0.375,0.582
-0.374,0.571
-0.373,0.561
-0.375,0.529
-0.374,0.505
-0.369,0.5
-0.366,0.497
-0.356,0.477
-0.352,0.464
-0.351,0.452
-0.35,0.454
-0.351,0.443
-0.351,0.436
-0.351,0.433
-0.35,0.431
-0.349,0.436
-0.349,0.437
-0.348,0.437
-0.346,0.438
-0.343,0.439
-0.341,0.437
-0.338,0.44
-0.335,0.439
-0.333,0.441
-0.326,0.441
-0.323,0.442
-0.32,0.441
-0.314,0.441
-0.312,0.437
-0.313,0.434
-0.312,0.433
-0.313,0.428
-0.308,0.42
-0.304,0.417
-0.217,0.42
-0.148,0.422
-0.104,0.422
-0.103,0.422
-0.104,0.423
-0.103,0.424
-0.103,0.424
-0.106,0.426
-0.107,0.427
-0.107,0.43
-0.108,0.431
-0.108,0.432
-0.109,0.432
-0.109,0.432
-0.106,0.432
-0.099,0.432
-0.092,0.433
-0.053,0.432
-0.034,0.432
-0.029,0.432
-0.016,0.432
-0.013,0.433
-0.014,0.433
-0.007,0.434
-0.004,0.434
0.0,0.434
0.0,0.434
0.009,0.434
0.018,0.434
0.024,0.434
0.024,0.434
0.023,0.434
0.022,0.434
0.023,0.435
0.022,0.435
0.02,0.435
0.009,0.435
0.007,0.437
-0.048,0.437
-0.074,0.436
-0.125,0.437
-0.155,0.436
-0.215,0.437
-0.244,0.437
-0.274,0.437
-0.287,0.438
-0.287,0.439
-0.29,0.438
-0.295,0.445
-0.308,0.447
-0.322,0.484
-0.341,0.502
-0.348,0.507
-0.368,0.509
-0.375,0.507
-0.382,0.503
-0.383,0.498
-0.384,0.495
-0.388,0.495
-0.388,0.495
-0.388,0.495
-0.388,0.477
-0.388,0.463
-0.387,0.434
-0.384,0.432
-0.376,0.419
-0.368,0.416
-0.368,0.42
-0.369,0.422
-0.369,0.423
-0.369,0.424
-0.369,0.426
-0.368,0.426
-0.367,0.426
-0.367,0.425
-0.367,0.426
-0.361,0.422
-0.329,0.421
-0.31,0.422
-0.276,0.419
-0.26,0.419
-0.256,0.415
-0.258,0.415
-0.255,0.417
-0.25,0.417
-0.242,0.419
-0.232,0.42
-0.222,0.419
-0.125,0.421
-0.1,0.42
-0.093,0.42
-0.081,0.42
-0.072,0.42
-0.058,0.42
-0.043,0.421
-0.04,0.42
-0.041,0.42
-0.052,0.42
-0.054,0.422
-0.064,0.424
-0.067,0.423
-0.064,0.424
-0.065,0.423
-0.043,0.423
-0.03,0.424
-0.027,0.424
-0.027,0.424
-0.027,0.424
-0.026,0.423
-0.025,0.424
-0.02,0.423
-0.028,0.424
-0.055,0.424
-0.091,0.424
-0.117,0.424
-0.117,0.423
-0.115,0.422
-0.106,0.423
-0.105,0.423
-0.132,0.423
-0.141,0.423
-0.14,0.423
-0.138,0.424
-0.132,0.425
-0.127,0.424
-0.124,0.424
-0.118,0.424
-0.117,0.425
-0.126,0.424
-0.155,0.424
-0.171,0.426
-0.185,0.425
-0.216,0.425
-0.212,0.424
-0.193,0.425
-0.192,0.425
-0.122,0.425
-0.117,0.425
-0.115,0.424
-0.106,0.425
-0.096,0.425
-0.07,0.425
-0.036,0.425
-0.022,0.425
0.0,0.424
0.0,0.425
0.0,0.425
0.003,0.425
0.009,0.425
0.009,0.424
0.011,0.424
0.012,0.424
0.016,0.426
0.014,0.426
0.0,0.43
-0.007,0.439
-0.096,0.44
-0.148,0.439
-0.214,0.472
-0.24,0.485
-0.317,0.495
-0.332,0.495
-0.369,0.497
-0.398,0.495
-0.41,0.494
-0.42,0.492
-0.432,0.492
-0.434,0.493
-0.434,0.493
-0.459,0.493
-0.468,0.492
-0.472,0.492
-0.482,0.493
-0.497,0.492
-0.511,0.491
-0.516,0.492
-0.536,0.491
-0.547,0.489
-0.555,0.486
-0.559,0.48
-0.564,0.48
-0.561,0.479
-0.561,0.479
-0.557,0.479
-0.555,0.478
-0.555,0.478
-0.555,0.476
-0.558,0.458
-0.562,0.444
-0.575,0.423
-0.592,0.417
-0.597,0.405
-0.606,0.383
-0.609,0.374
-0.612,0.372
-0.612,0.361
-0.626,0.354
-0.637,0.352
-0.641,0.353
-0.642,0.354
-0.64,0.355
-0.635,0.361
-0.628,0.368
-0.627,0.379
-0.627,0.403
-0.628,0.436
-0.626,0.489
-0.627,0.526
-0.626,0.582
-0.625,0.601
-0.621,0.613
-0.608,0.631
-0.587,0.651
-0.541,0.687
-0.522,0.691
-0.513,0.693
-0.508,0.698
-0.51,0.71
-0.516,0.711
-0.523,0.727
-0.527,0.74
-0.546,0.75
-0.585,0.786
-0.606,0.794
-0.611,0.792
-0.611,0.79
-0.608,0.781
-0.602,0.78
-0.602,0.766
-0.604,0.726
-0.604,0.725
-0.601,0.724
-0.596,0.693
-0.592,0.679
-0.592,0.668
-0.592,0.666
-0.592,0.608
-0.592,0.579
-0.591,0.535
-0.592,0.53
-0.573,0.523
-0.553,0.507
-0.527,0.509
-0.521,0.505
-0.519,0.494
-0.517,0.488
-0.512,0.482
-0.496,0.472
-0.475,0.474
-0.446,0.472
-0.431,0.465
-0.407,0.471
-0.397,0.479
-0.391,0.482
-0.379,0.486
-0.356,0.492
-0.327,0.494
-0.299,0.494
-0.289,0.494
-0.253,0.495
-0.234,0.495
-0.158,0.495
-0.095,0.495
-0.061,0.496
-0.046,0.497
-0.033,0.495
-0.024,0.495
-0.02,0.495
-0.025,0.496
-0.028,0.495
-0.03,0.495
-0.03,0.496
-0.031,0.496
-0.031,0.495
-0.031,0.495
-0.032,0.495
-0.032,0.495
-0.031,0.495
-0.032,0.495
-0.032,0.494
-0.031,0.495
-0.028,0.496
-0.028,0.497
-0.027,0.497
-0.027,0.496
-0.025,0.496
-0.024,0.488
-0.022,0.48
-0.018,0.426
-0.014,0.409
-0.014,0.4
-0.012,0.368
-0.011,0.357
-0.005,0.334
-0.005,0.329
-0.008,0.314
0.0,0.276
0.0,0.265
0.0,0.221
0.0,0.193
0.0,0.134
0.0,0.063
