valence,arousal
0.009,0.01
0.03,0.011
0.03,0.01
0.038,0.011
0.045,0.011
0.041,0.014
0.071,0.016
0.073,0.023
0.08,0.024
0.111,0.024
0.124,0.025
0.131,0.025
0.144,0.026
0.165,0.026
0.166,0.034
0.17,0.078
0.172,0.167
0.079,0.214
0.198,0.222
0.215,0.221
0.253,0.213
0.251,0.191
0.254,0.191
0.253,0.191
0.27,0.191
0.306,0.191
0.336,0.191
0.344,0.217
0.371,0.295
0.394,0.36
0.416,0.371
0.415,0.373
0.417,0.357
0.427,0.352
0.429,0.347
0.449,0.316
0.452,0.32
0.456,0.323
0.456,0.327
0.455,0.338
0.455,0.337
0.458,0.338
0.459,0.338
0.465,0.338
0.473,0.338
0.465,0.338
0.465,0.338
0.465,0.352
0.465,0.397
0.465,0.42
0.465,0.421
0.467,0.42
0.469,0.42
0.471,0.417
0.469,0.415
0.467,0.413
0.465,0.411
0.467,0.405
0.464,0.405
0.496,0.398
0.541,0.398
0.559,0.398
0.562,0.385
0.561,0.341
0.561,0.322
0.544,0.303
0.542,0.278
0.533,0.228
0.425,0.208
0.411,0.153
0.353,0.128
0.251,0.092
0.213,0.094
0.171,0.077
0.191,0.074
0.158,0.069
0.16,0.058
0.172,0.054
0.169,0.064
0.176,0.069
0.188,0.081
0.189,0.083
0.195,0.083
0.255,0.084
0.269,0.09
0.289,0.121
0.295,0.161
0.3,0.164
0.297,0.169
0.296,0.171
0.293,0.171
0.291,0.167
0.289,0.168
0.288,0.167
0.289,0.172
0.288,0.174
0.287,0.189
0.286,0.215
0.285,0.259
0.283,0.275
0.279,0.278
0.278,0.276
0.28,0.276
0.28,0.275
0.28,0.274
0.282,0.273
0.282,0.273
0.302,0.275
0.323,0.279
0.355,0.28
0.368,0.28
0.37,0.278
0.372,0.277
0.375,0.276
0.375,0.275
0.377,0.271
0.376,0.264
0.375,0.249
0.374,0.248
0.374,0.248
0.373,0.229
0.372,0.202
0.372,0.197
0.37,0.185
0.368,0.167
0.366,0.163
0.362,0.163
0.362,0.163
0.355,0.164
0.349,0.175
0.349,0.19
0.349,0.189
0.348,0.19
0.346,0.197
0.345,0.197
0.345,0.197
0.346,0.197
0.347,0.197
0.347,0.197
0.347,0.197
0.347,0.195
0.347,0.194
0.345,0.194
0.298,0.182
0.261,0.162
0.22,0.151
0.193,0.153
0.205,0.154
0.203,0.153
0.2,0.126
0.223,0.126
0.229,0.116
0.236,0.12
0.246,0.134
0.253,0.15
0.255,0.152
0.3,0.159
0.413,0.218
0.48,0.25
0.499,0.327
0.498,0.343
0.494,0.348
0.486,0.347
0.467,0.346
0.469,0.339
0.413,0.331
0.373,0.321
0.334,0.321
0.315,0.313
0.246,0.285
0.215,0.252
0.223,0.244
0.208,0.255
0.214,0.264
0.226,0.281
0.228,0.313
0.227,0.352
0.234,0.369
0.237,0.372
0.244,0.387
0.253,0.402
0.253,0.4
0.262,0.4
0.27,0.392
0.276,0.377
0.278,0.375
0.281,0.376
0.281,0.376
0.282,0.378
0.279,0.379
0.276,0.375
0.276,0.376
0.276,0.319
0.257,0.27
0.219,0.186
0.15,0.171
0.113,0.15
0.155,0.145
0.178,0.147
0.187,0.152
0.189,0.152
0.191,0.152
0.2,0.156
0.2,0.169
0.201,0.201
0.207,0.259
0.273,0.293
0.275,0.293
0.283,0.29
0.283,0.282
0.284,0.279
0.285,0.278
0.285,0.278
0.285,0.27
0.286,0.264
0.293,0.254
0.312,0.251
0.334,0.251
0.338,0.257
0.34,0.257
0.342,0.26
0.342,0.262
0.341,0.263
0.336,0.264
0.342,0.263
0.338,0.263
0.332,0.257
0.328,0.214
0.313,0.21
0.314,0.217
0.313,0.217
0.312,0.216
0.298,0.225
0.267,0.237
0.212,0.238
0.203,0.231
0.219,0.218
0.206,0.212
0.208,0.215
0.212,0.214
0.198,0.201
0.21,0.196
0.208,0.192
0.208,0.195
0.212,0.173
0.216,0.163
0.222,0.144
0.223,0.154
0.221,0.169
0.222,0.173
0.221,0.175
0.228,0.175
0.233,0.175
0.248,0.175
0.259,0.175
0.261,0.176
0.26,0.176
0.26,0.175
0.26,0.176
0.261,0.176
0.26,0.176
0.261,0.176
0.263,0.176
0.265,0.176
0.265,0.176
0.265,0.177
0.264,0.177
0.261,0.176
0.259,0.176
0.259,0.143
0.258,0.121
0.256,0.107
0.256,0.088
0.256,0.095
0.255,0.094
0.255,0.098
0.255,0.099
0.254,0.099
0.253,0.099
0.252,0.1
0.25,0.106
0.249,0.114
0.249,0.123
0.249,0.128
0.25,0.125
0.248,0.125
0.248,0.123
0.248,0.116
0.248,0.113
0.249,0.113
0.248,0.113
0.248,0.112
0.248,0.111
0.248,0.111
0.248,0.111
0.248,0.112
0.248,0.113
0.246,0.112
0.246,0.113
0.247,0.113
0.246,0.113
0.246,0.119
0.248,0.126
0.253,0.242
0.265,0.368
0.34,0.374
0.346,0.372
0.348,0.372
0.348,0.374
0.347,0.378
0.349,0.396
0.348,0.428
0.347,0.456
0.347,0.458
0.347,0.457
0.347,0.457
0.348,0.458
0.348,0.46
0.347,0.474
0.347,0.486
0.346,0.503
0.344,0.511
0.342,0.511
0.342,0.508
0.342,0.507
0.341,0.497
0.34,0.486
0.338,0.483
0.339,0.484
0.338,0.488
0.338,0.488
0.338,0.488
0.339,0.488
0.34,0.488
0.34,0.488
0.34,0.488
0.34,0.49
0.341,0.492
0.343,0.516
0.343,0.52
0.344,0.52
0.344,0.526
0.346,0.526
0.346,0.528
0.346,0.527
0.346,0.527
0.346,0.526
0.348,0.526
0.351,0.527
0.356,0.539
0.358,0.556
0.36,0.563
0.368,0.566
0.369,0.571
0.369,0.575
0.369,0.579
0.37,0.584
0.369,0.59
0.37,0.591
0.369,0.586
0.368,0.584
0.368,0.578
0.366,0.565
0.367,0.562
0.366,0.562
0.365,0.561
0.366,0.561
0.365,0.561
0.365,0.556
0.365,0.522
0.364,0.471
0.364,0.419
0.359,0.4
0.357,0.37
0.352,0.365
0.347,0.344
0.345,0.317
0.345,0.309
0.344,0.31
0.344,0.333
0.344,0.335
0.343,0.336
0.344,0.344
0.344,0.345
0.344,0.345
0.344,0.345
0.344,0.345
0.345,0.345
0.343,0.345
0.344,0.345
0.344,0.392
0.344,0.441
0.344,0.449
0.344,0.437
0.344,0.426
0.344,0.377
0.354,0.343
0.361,0.286
0.379,0.244
0.403,0.22
0.43,0.206
0.439,0.185
0.457,0.176
0.46,0.165
0.459,0.163
0.46,0.142
0.46,0.149
0.46,0.154
0.46,0.165
0.462,0.165
0.461,0.168
0.456,0.21
0.437,0.24
0.436,0.335
0.424,0.348
0.393,0.355
0.389,0.355
0.381,0.351
0.381,0.333
0.352,0.332
0.336,0.321
0.336,0.234
0.34,0.183
0.346,0.163
0.348,0.146
0.35,0.131
0.351,0.105
0.35,0.09
0.349,0.083
0.349,0.079
0.349,0.086
0.349,0.088
0.355,0.089
0.358,0.088
0.37,0.092
0.37,0.095
0.383,0.097
0.384,0.098
0.384,0.098
0.384,0.098
0.383,0.096
0.383,0.095
0.383,0.094
0.383,0.094
0.383,0.094
0.383,0.098
0.383,0.103
0.383,0.104
0.383,0.105
0.382,0.105
0.383,0.105
0.383,0.107
0.384,0.115
0.385,0.13
0.384,0.135
0.384,0.135
0.384,0.135
0.384,0.135
0.383,0.143
0.381,0.129
0.379,0.19
0.378,0.243
0.379,0.26
0.379,0.267
0.379,0.269
0.375,0.268
0.334,0.267
0.312,0.267
0.317,0.268
0.29,0.271
0.288,0.272
0.259,0.274
0.263,0.273
0.263,0.273
0.265,0.272
0.259,0.27
0.261,0.268
0.245,0.265
0.251,0.263
0.259,0.259
0.264,0.257
0.265,0.255
0.266,0.255
0.269,0.254
0.27,0.255
0.272,0.262
0.272,0.263
0.272,0.263
0.266,0.266
0.27,0.268
0.272,0.308
0.287,0.377
0.302,0.405
0.304,0.422
0.317,0.419
0.382,0.416
0.387,0.401
0.392,0.4
0.398,0.385
0.398,0.384
0.398,0.383
0.4,0.386
0.398,0.396
0.398,0.395
0.392,0.403
0.384,0.471
0.382,0.482
0.383,0.481
0.383,0.477
0.336,0.461
0.332,0.452
0.334,0.45
0.336,0.429
0.337,0.389
0.345,0.371
0.349,0.349
0.349,0.349
0.349,0.349
0.35,0.351
0.349,0.353
0.349,0.354
0.349,0.353
0.349,0.354
0.351,0.355
0.359,0.356
0.361,0.355
0.362,0.358
0.366,0.372
0.368,0.379
0.372,0.379
0.373,0.392
0.374,0.393
0.374,0.392
0.374,0.39
0.374,0.385
0.374,0.384
0.374,0.384
0.374,0.334
0.374,0.313
0.374,0.292
0.373,0.27
0.374,0.276
0.374,0.276
0.374,0.278
0.374,0.28
0.374,0.287
0.374,0.29
0.374,0.297
0.374,0.302
0.374,0.302
0.374,0.302
0.374,0.302
0.374,0.301
0.374,0.291
0.374,0.285
0.374,0.257
0.374,0.257
0.374,0.251
0.374,0.253
0.374,0.255
0.372,0.259
0.372,0.257
0.372,0.252
0.372,0.24
0.372,0.238
0.373,0.215
0.372,0.186
0.372,0.167
0.373,0.128
0.372,0.112
0.373,0.1
0.372,0.099
0.373,0.093
0.372,0.09
0.373,0.092
0.373,0.086
0.372,0.086
0.373,0.086
0.372,0.089
0.372,0.098
0.372,0.108
0.372,0.109
0.373,0.111
0.372,0.112
0.372,0.114
0.372,0.114
0.372,0.115
0.373,0.116
0.372,0.116
0.31,0.116
0.272,0.116
0.252,0.118
0.242,0.117
0.238,0.118
0.261,0.118
0.283,0.118
0.293,0.118
0.3,0.125
0.317,0.138
0.364,0.142
0.385,0.152
0.393,0.153
0.398,0.154
0.396,0.15
0.415,0.149
0.419,0.146
0.421,0.141
0.438,0.138
0.454,0.14
0.454,0.151
0.454,0.216
0.445,0.338
0.437,0.347
0.434,0.333
0.434,0.327
0.434,0.326
0.434,0.327
0.434,0.325
0.434,0.325
0.434,0.326
0.435,0.326
0.434,0.326
0.434,0.332
0.434,0.352
0.434,0.362
0.435,0.372
0.434,0.401
0.434,0.398
0.434,0.401
0.434,0.4
0.434,0.401
0.434,0.4
0.434,0.4
0.434,0.401
0.434,0.401
0.434,0.399
0.434,0.398
0.434,0.394
0.435,0.39
0.434,0.38
0.434,0.377
0.435,0.377
0.435,0.378
0.434,0.377
0.434,0.378
0.435,0.377
0.435,0.377
0.435,0.377
0.434,0.377
0.434,0.376
0.435,0.377
0.434,0.377
0.434,0.377
0.434,0.377
0.434,0.377
0.437,0.377
0.434,0.372
0.435,0.365
0.434,0.362
0.434,0.36
0.435,0.36
0.428,0.361
0.434,0.36
0.434,0.361
0.435,0.361
0.435,0.362
0.433,0.362
0.411,0.362
0.411,0.361
0.414,0.358
0.42,0.358
0.428,0.357
0.432,0.357
0.509,0.357
0.539,0.358
0.539,0.359
0.541,0.361
0.533,0.363
0.508,0.364
0.513,0.364
0.499,0.367
0.473,0.37
0.417,0.372
0.405,0.372
0.392,0.372
0.377,0.341
0.368,0.33
0.34,0.292
0.337,0.27
0.332,0.246
0.33,0.223
0.325,0.214
0.32,0.207
0.295,0.203
0.263,0.201
0.248,0.205
0.255,0.21
0.25,0.218
0.259,0.22
0.266,0.223
0.274,0.228
0.291,0.229
0.295,0.287
0.295,0.316
0.296,0.317
0.319,0.315
0.339,0.317
0.347,0.315
0.36,0.312
0.37,0.307
0.369,0.298
0.37,0.297
0.371,0.296
0.372,0.296
0.387,0.287
0.403,0.286
0.417,0.287
0.429,0.281
0.428,0.274
0.428,0.225
0.424,0.22
0.422,0.206
0.421,0.209
0.421,0.215
0.42,0.215
0.421,0.22
0.42,0.222
0.421,0.231
0.421,0.231
0.42,0.257
0.42,0.33
0.421,0.347
0.422,0.348
0.421,0.349
0.42,0.349
0.42,0.351
0.42,0.356
0.419,0.374
0.419,0.396
0.418,0.403
0.418,0.406
0.417,0.411
0.417,0.409
0.417,0.387
0.417,0.379
0.417,0.343
0.417,0.265
0.417,0.249
0.417,0.244
0.419,0.229
0.422,0.218
0.425,0.225
0.428,0.232
0.429,0.24
0.431,0.247
0.428,0.337
0.423,0.409
0.508,0.463
0.527,0.488
0.548,0.488
0.546,0.488
0.548,0.489
0.548,0.49
0.545,0.492
0.546,0.502
0.546,0.541
0.546,0.571
0.547,0.573
0.547,0.572
0.548,0.573
0.548,0.573
0.547,0.572
0.547,0.572
0.546,0.571
0.545,0.568
0.542,0.563
0.541,0.561
0.528,0.558
0.524,0.553
0.524,0.552
0.484,0.551
0.479,0.55
0.477,0.548
0.484,0.544
0.488,0.542
0.49,0.542
0.495,0.544
0.501,0.546
0.503,0.549
0.503,0.557
0.504,0.561
0.503,0.56
0.503,0.556
0.503,0.545
0.503,0.544
0.505,0.541
0.505,0.529
0.505,0.484
0.505,0.457
0.505,0.432
0.505,0.415
0.508,0.401
0.505,0.376
0.505,0.36
0.505,0.353
0.505,0.332
0.505,0.33
0.505,0.321
0.505,0.304
0.505,0.306
0.503,0.325
0.501,0.334
0.501,0.345
0.499,0.39
0.499,0.39
0.499,0.389
0.496,0.391
0.495,0.391
0.49,0.396
0.448,0.411
0.444,0.458
0.416,0.476
0.424,0.475
0.423,0.465
0.428,0.444
0.434,0.445
0.436,0.445
0.435,0.445
0.436,0.445
0.437,0.467
0.437,0.473
0.436,0.471
0.436,0.45
0.436,0.447
0.436,0.447
0.436,0.447
0.445,0.447
0.458,0.447
0.458,0.441
0.473,0.434
0.476,0.403
0.475,0.394
0.476,0.38
0.479,0.374
0.487,0.362
0.496,0.352
0.514,0.346
0.526,0.327
0.532,0.323
0.531,0.326
0.53,0.332
0.53,0.337
0.531,0.349
0.527,0.35
0.518,0.351
0.513,0.351
0.505,0.352
0.505,0.352
0.505,0.351
0.505,0.352
0.505,0.378
0.504,0.384
0.49,0.385
0.481,0.385
0.451,0.385
0.449,0.388
0.452,0.39
0.454,0.39
0.439,0.39
0.422,0.39
0.421,0.389
0.408,0.389
0.411,0.389
0.413,0.388
0.413,0.388
0.424,0.383
0.428,0.384
0.429,0.385
0.429,0.387
0.43,0.387
0.428,0.387
0.427,0.384
0.426,0.384
0.427,0.383
0.427,0.386
0.426,0.387
0.429,0.388
0.428,0.389
0.388,0.39
0.39,0.389
0.41,0.39
0.417,0.389
0.417,0.389
0.419,0.388
0.419,0.387
0.419,0.395
0.316,0.415
0.206,0.439
0.039,0.461
0.013,0.456
-0.028,0.445
-0.064,0.44
-0.048,0.434
-0.047,0.434
0.001,0.434
0.012,0.434
0.0,0.434
0.0,0.434
-0.056,0.471
-0.116,0.498
-0.154,0.552
-0.251,0.554
-0.254,0.544
-0.262,0.537
-0.297,0.522
-0.307,0.522
-0.299,0.522
-0.299,0.509
-0.298,0.5
-0.317,0.5
-0.328,0.499
-0.326,0.499
-0.314,0.491
-0.301,0.476
-0.05,0.419
0.052,0.373
0.101,0.322
0.038,0.306
0.137,0.305
0.285,0.318
0.357,0.332
0.42,0.333
0.477,0.36
0.48,0.365
0.475,0.362
0.456,0.355
0.458,0.354
0.459,0.354
0.459,0.354
0.452,0.354
0.44,0.352
0.439,0.338
0.439,0.283
0.437,0.268
0.434,0.268
0.426,0.263
0.401,0.261
0.37,0.265
0.36,0.262
0.356,0.253
0.334,0.252
0.328,0.251
0.323,0.236
0.324,0.229
0.33,0.22
0.34,0.216
0.35,0.207
0.352,0.205
0.355,0.207
0.357,0.211
0.36,0.212
0.364,0.214
0.365,0.222
0.367,0.227
0.37,0.231
0.374,0.245
0.379,0.258
0.385,0.278
0.387,0.283
0.401,0.363
0.408,0.381
0.41,0.39
0.412,0.399
0.415,0.409
0.42,0.411
0.42,0.412
0.419,0.41
0.418,0.408
0.41,0.406
0.407,0.404
0.406,0.403
0.406,0.403
0.406,0.403
0.403,0.403
0.405,0.403
0.403,0.403
0.4,0.4
0.401,0.399
0.402,0.398
0.401,0.396
0.404,0.393
0.406,0.391
0.406,0.393
0.406,0.394
0.407,0.396
0.401,0.398
0.437,0.4
0.46,0.401
0.469,0.401
0.47,0.402
0.469,0.403
0.471,0.407
0.472,0.405
0.473,0.4
0.473,0.387
0.472,0.387
0.467,0.387
0.464,0.387
0.46,0.387
0.456,0.387
0.441,0.387
0.388,0.387
0.364,0.365
0.167,0.344
0.068,0.287
0.065,0.278
0.065,0.286
0.07,0.302
0.071,0.311
0.051,0.33
0.034,0.33
0.049,0.33
0.055,0.319
0.064,0.244
0.065,0.236
0.064,0.218
0.184,0.22
0.206,0.212
0.225,0.216
0.225,0.221
0.227,0.231
0.228,0.24
0.242,0.25
0.236,0.365
0.27,0.42
0.276,0.421
0.274,0.424
0.302,0.423
0.309,0.423
0.315,0.424
0.358,0.424
0.388,0.432
0.397,0.443
0.401,0.476
0.4,0.507
0.407,0.518
0.407,0.522
0.409,0.525
0.424,0.524
0.452,0.52
0.456,0.518
0.471,0.513
0.466,0.512
0.471,0.512
0.471,0.507
0.471,0.506
0.473,0.502
0.47,0.492
0.472,0.491
0.471,0.473
0.469,0.46
0.467,0.449
0.467,0.447
0.467,0.443
0.467,0.441
0.467,0.438
0.467,0.437
0.466,0.434
0.468,0.434
0.469,0.429
0.469,0.422
0.469,0.417
0.468,0.418
0.468,0.415
0.468,0.409
0.468,0.403
0.468,0.409
0.468,0.408
0.467,0.409
0.465,0.411
0.464,0.411
0.464,0.411
0.464,0.411
0.464,0.411
0.458,0.411
0.457,0.409
0.448,0.402
0.441,0.369
0.442,0.366
0.441,0.369
0.441,0.373
0.442,0.379
0.441,0.396
0.441,0.398
0.434,0.398
0.429,0.398
0.424,0.399
0.416,0.399
0.413,0.398
0.415,0.4
0.415,0.4
0.413,0.4
0.408,0.407
0.394,0.42
0.377,0.441
0.339,0.465
0.351,0.462
0.355,0.457
0.375,0.436
0.388,0.348
0.39,0.319
0.4,0.257
0.4,0.235
0.402,0.225
0.402,0.225
0.402,0.23
0.4,0.237
0.394,0.242
0.394,0.246
0.387,0.247
0.329,0.25
0.319,0.253
0.289,0.253
0.27,0.255
0.268,0.256
0.278,0.256
0.281,0.256
0.284,0.256
0.289,0.257
0.292,0.257
0.292,0.258
0.293,0.258
0.293,0.309
0.293,0.346
0.292,0.379
0.291,0.381
0.291,0.38
0.292,0.379
0.299,0.379
0.315,0.38
0.324,0.384
0.379,0.396
0.383,0.456
0.422,0.494
0.432,0.514
0.441,0.512
0.447,0.512
0.471,0.512
0.471,0.509
0.477,0.506
0.478,0.505
0.473,0.504
0.476,0.502
0.48,0.499
0.479,0.498
0.479,0.497
0.478,0.49
0.477,0.486
0.477,0.481
0.479,0.48
0.478,0.449
0.476,0.437
0.468,0.432
0.447,0.417
0.449,0.411
0.392,0.405
0.367,0.396
0.367,0.386
0.336,0.375
0.34,0.342
0.341,0.339
0.355,0.328
0.36,0.329
0.367,0.342
0.37,0.348
0.4,0.351
0.418,0.372
0.42,0.383
0.424,0.383
0.42,0.379
0.421,0.374
0.413,0.374
0.43,0.374
0.426,0.374
0.44,0.374
0.465,0.373
0.511,0.347
0.533,0.329
0.532,0.321
0.539,0.321
0.536,0.321
0.535,0.325
0.535,0.328
0.535,0.328
0.534,0.328
0.534,0.325
0.534,0.319
0.534,0.284
0.526,0.281
0.526,0.263
0.52,0.268
0.52,0.264
0.519,0.262
0.519,0.261
0.519,0.268
0.52,0.26
0.52,0.267
0.52,0.269
0.52,0.272
0.52,0.274
0.52,0.278
0.52,0.283
0.52,0.283
0.52,0.287
0.52,0.287
0.518,0.289
0.519,0.292
0.518,0.293
0.509,0.296
0.509,0.299
0.454,0.3
0.452,0.3
0.464,0.306
0.488,0.308
0.499,0.309
0.499,0.308
0.491,0.308
0.411,0.309
0.396,0.308
0.396,0.309
0.406,0.31
0.418,0.309
0.421,0.309
0.421,0.309
0.417,0.309
0.379,0.309
0.372,0.309
0.322,0.309
0.29,0.309
0.296,0.309
0.302,0.308
0.302,0.31
0.304,0.309
0.304,0.309
0.304,0.309
0.306,0.309
0.303,0.309
0.305,0.31
0.317,0.309
0.323,0.309
0.323,0.309
0.324,0.309
0.323,0.309
0.306,0.309
0.299,0.31
0.307,0.309
0.316,0.309
0.325,0.309
0.328,0.309
0.329,0.309
0.336,0.31
0.346,0.311
0.362,0.311
0.373,0.311
0.379,0.31
0.383,0.311
0.395,0.31
0.379,0.31
0.412,0.31
0.471,0.325
0.487,0.364
0.485,0.39
0.49,0.397
0.487,0.398
0.494,0.4
0.492,0.426
0.492,0.454
0.492,0.48
0.492,0.49
0.49,0.499
0.484,0.507
0.48,0.507
0.48,0.507
0.48,0.507
0.479,0.505
0.473,0.505
0.473,0.5
0.473,0.494
0.471,0.48
0.471,0.479
0.471,0.479
0.465,0.405
0.461,0.369
0.462,0.349
0.461,0.329
0.462,0.315
0.461,0.291
0.461,0.281
0.462,0.266
0.461,0.254
0.462,0.257
0.461,0.273
0.461,0.288
0.462,0.295
0.462,0.297
0.461,0.325
0.462,0.33
0.46,0.331
0.449,0.336
0.445,0.339
0.441,0.34
0.435,0.342
0.434,0.342
0.437,0.348
0.441,0.367
0.457,0.385
0.46,0.414
0.46,0.421
0.465,0.426
0.488,0.429
0.492,0.422
0.494,0.408
0.492,0.409
0.495,0.409
0.497,0.409
0.499,0.388
0.498,0.385
0.499,0.376
0.498,0.355
0.497,0.34
0.497,0.332
0.496,0.303
0.491,0.268
0.483,0.272
0.481,0.274
0.479,0.268
0.468,0.268
0.469,0.276
0.469,0.28
0.46,0.287
0.394,0.298
0.395,0.302
0.388,0.304
0.383,0.318
0.375,0.319
0.385,0.32
0.389,0.321
0.394,0.32
0.409,0.32
0.41,0.32
0.411,0.32
0.429,0.32
0.462,0.32
0.477,0.32
0.488,0.32
0.481,0.32
0.469,0.32
0.453,0.321
0.365,0.32
0.33,0.321
0.223,0.321
0.238,0.32
0.229,0.321
0.228,0.321
0.237,0.32
0.239,0.321
0.248,0.32
0.251,0.32
0.253,0.321
0.258,0.321
0.268,0.321
0.27,0.315
0.323,0.3
0.345,0.307
0.415,0.4
0.423,0.484
0.427,0.542
0.443,0.542
0.327,0.533
0.149,0.531
-0.074,0.528
-0.157,0.514
-0.234,0.511
-0.234,0.512
-0.247,0.512
-0.338,0.511
-0.376,0.512
-0.385,0.512
-0.379,0.512
-0.355,0.497
-0.108,0.379
-0.034,0.341
0.0,0.3
0.028,0.289
0.046,0.268
0.069,0.225
0.075,0.246
0.099,0.253
0.116,0.248
0.167,0.251
0.19,0.26
0.21,0.273
0.243,0.274
0.259,0.336
0.28,0.385
0.294,0.437
0.31,0.443
0.322,0.445
0.339,0.449
0.34,0.461
0.343,0.464
0.343,0.464
0.343,0.462
0.343,0.458
0.342,0.437
0.333,0.43
0.324,0.378
0.318,0.358
0.317,0.33
0.318,0.314
0.319,0.296
0.32,0.27
0.336,0.262
0.382,0.227
0.403,0.26
0.405,0.275
0.406,0.291
0.408,0.292
0.408,0.293
0.409,0.312
0.41,0.322
0.409,0.328
0.414,0.329
0.417,0.329
0.416,0.33
0.416,0.33
0.416,0.332
0.417,0.332
0.418,0.332
0.423,0.331
0.475,0.332
0.494,0.332
0.503,0.331
0.503,0.331
0.503,0.334
0.494,0.331
0.488,0.33
0.478,0.33
0.478,0.33
0.479,0.331
0.478,0.331
0.479,0.334
0.479,0.335
0.479,0.338
0.479,0.338
0.469,0.338
0.417,0.337
0.383,0.334
0.372,0.334
0.342,0.333
0.335,0.332
0.328,0.334
0.3,0.332
0.291,0.333
0.294,0.332
0.304,0.332
0.321,0.332
0.323,0.332
0.325,0.332
0.324,0.332
0.323,0.332
0.324,0.332
0.324,0.332
0.327,0.332
0.33,0.332
0.331,0.332
0.331,0.332
0.342,0.332
0.358,0.332
0.364,0.332
0.375,0.333
0.39,0.334
0.389,0.334
0.392,0.341
0.392,0.342
0.393,0.346
0.392,0.343
0.394,0.332
0.393,0.33
0.394,0.33
0.393,0.329
0.392,0.329
0.39,0.328
0.389,0.33
0.377,0.326
0.377,0.323
0.362,0.316
0.34,0.31
0.333,0.293
0.328,0.287
0.325,0.284
0.324,0.173
0.306,0.205
0.298,0.179
0.286,0.19
0.254,0.208
0.224,0.188
0.211,0.198
0.21,0.186
0.206,0.201
0.21,0.207
0.209,0.206
0.209,0.207
0.211,0.207
0.208,0.208
0.193,0.207
0.197,0.212
0.196,0.215
0.193,0.219
0.193,0.218
0.184,0.219
0.174,0.221
0.173,0.227
0.174,0.231
0.175,0.231
0.178,0.232
0.183,0.231
0.194,0.231
0.199,0.231
0.201,0.231
0.201,0.235
0.201,0.239
0.202,0.238
0.206,0.239
0.228,0.257
0.231,0.265
0.239,0.254
0.253,0.284
0.298,0.298
0.306,0.298
0.311,0.297
0.312,0.308
0.312,0.335
0.312,0.422
0.312,0.439
0.322,0.44
0.349,0.439
0.385,0.439
0.392,0.438
0.399,0.426
0.399,0.422
0.396,0.421
0.39,0.421
0.377,0.383
0.377,0.334
0.377,0.246
0.377,0.231
0.379,0.245
0.382,0.257
0.384,0.282
0.39,0.287
0.396,0.288
0.38,0.361
0.448,0.37
0.512,0.371
0.516,0.372
0.517,0.389
0.52,0.402
0.518,0.428
0.518,0.462
0.518,0.475
0.518,0.474
0.52,0.474
0.52,0.471
0.52,0.471
0.52,0.47
0.519,0.468
0.518,0.464
0.518,0.456
0.518,0.445
0.518,0.443
0.515,0.443
0.515,0.441
0.516,0.382
0.515,0.376
0.514,0.374
0.512,0.379
0.512,0.379
0.513,0.383
0.513,0.377
0.512,0.374
0.513,0.377
0.512,0.379
0.513,0.382
0.512,0.383
0.513,0.383
0.512,0.388
0.512,0.394
0.512,0.401
0.512,0.401
0.512,0.408
0.512,0.426
0.513,0.429
0.512,0.436
0.512,0.444
0.512,0.445
0.512,0.445
0.512,0.453
0.512,0.469
0.512,0.49
0.512,0.496
0.512,0.497
0.512,0.504
0.512,0.51
0.513,0.509
0.514,0.51
0.516,0.511
0.516,0.51
0.516,0.507
0.516,0.501
0.516,0.492
0.517,0.484
0.52,0.479
0.522,0.451
0.538,0.387
0.544,0.386
0.542,0.381
0.581,0.411
0.612,0.411
0.619,0.61
0.619,0.629
0.62,0.634
0.622,0.634
0.623,0.633
0.621,0.632
0.623,0.608
0.623,0.608
0.62,0.608
0.62,0.595
0.621,0.547
0.621,0.424
0.619,0.358
0.619,0.324
0.619,0.216
0.603,0.237
0.59,0.217
0.588,0.215
0.547,0.173
0.509,0.183
0.496,0.13
0.49,0.156
0.39,0.16
0.439,0.164
0.405,0.195
0.41,0.199
0.392,0.2
0.387,0.206
0.388,0.206
0.396,0.208
0.398,0.209
0.403,0.21
0.413,0.208
0.418,0.114
0.424,0.163
0.538,0.173
0.535,0.186
0.565,0.192
0.571,0.193
0.584,0.192
0.582,0.193
0.582,0.188
0.583,0.181
0.559,0.177
0.542,0.17
0.403,0.162
0.321,0.186
0.154,0.201
0.0,0.201
-0.032,0.21
-0.162,0.246
-0.208,0.349
-0.225,0.355
-0.224,0.403
-0.224,0.441
-0.223,0.442
-0.226,0.46
-0.226,0.462
-0.202,0.464
-0.094,0.465
-0.017,0.465
0.051,0.464
0.092,0.458
0.128,0.449
0.172,0.449
0.209,0.449
0.259,0.449
0.303,0.448
0.311,0.448
0.31,0.45
0.333,0.452
0.34,0.452
0.373,0.452
0.387,0.452
0.413,0.453
0.422,0.452
0.413,0.453
0.443,0.452
0.447,0.452
0.463,0.452
0.468,0.452
0.467,0.452
0.471,0.452
0.471,0.452
0.473,0.452
0.477,0.454
0.477,0.465
0.452,0.472
0.467,0.481
0.561,0.506
0.615,0.523
0.613,0.529
0.608,0.529
0.604,0.533
0.601,0.541
0.59,0.541
0.59,0.541
0.591,0.54
0.591,0.538
0.591,0.535
0.59,0.533
0.591,0.508
0.584,0.508
0.561,0.504
0.472,0.489
0.433,0.417
0.421,0.362
0.427,0.315
0.416,0.338
0.401,0.346
0.404,0.353
0.402,0.364
0.398,0.364
0.398,0.379
0.4,0.413
0.402,0.436
0.411,0.454
0.418,0.462
0.419,0.46
0.42,0.46
0.421,0.459
0.42,0.46
0.417,0.46
0.417,0.46
0.419,0.458
0.421,0.459
0.422,0.454
0.422,0.447
0.424,0.437
0.423,0.437
0.424,0.403
0.425,0.378
0.425,0.353
0.425,0.338
0.426,0.346
0.426,0.352
0.426,0.365
0.427,0.375
0.426,0.381
0.426,0.428
0.389,0.462
0.385,0.46
0.39,0.459
0.402,0.456
0.415,0.455
0.416,0.456
0.418,0.456
0.418,0.458
0.419,0.458
0.419,0.464
0.419,0.465
0.417,0.466
0.395,0.467
0.391,0.466
0.402,0.465
0.403,0.467
0.403,0.475
0.403,0.475
0.41,0.48
0.417,0.483
0.419,0.484
0.419,0.487
0.419,0.486
0.419,0.488
0.419,0.502
0.42,0.514
0.419,0.526
0.42,0.527
0.402,0.531
0.402,0.531
0.401,0.531
0.402,0.531
0.407,0.529
0.408,0.527
0.408,0.526
0.407,0.526
0.411,0.525
0.417,0.523
0.417,0.519
0.419,0.518
0.419,0.517
0.419,0.511
0.419,0.508
0.419,0.501
0.419,0.5
0.42,0.499
0.419,0.5
0.437,0.499
0.44,0.499
0.438,0.499
0.441,0.5
0.44,0.499
0.441,0.499
0.442,0.5
0.443,0.5
0.442,0.499
0.439,0.499
0.433,0.499
0.43,0.499
0.429,0.501
0.429,0.5
0.429,0.5
0.419,0.5
0.398,0.499
0.391,0.499
0.383,0.5
0.375,0.5
0.372,0.5
0.37,0.5
0.343,0.499
0.33,0.499
0.322,0.5
0.326,0.5
0.327,0.499
0.331,0.464
0.335,0.428
0.345,0.424
0.345,0.424
0.345,0.424
0.345,0.426
0.347,0.42
0.347,0.425
0.347,0.431
0.347,0.454
0.345,0.46
0.333,0.497
0.325,0.544
0.317,0.553
0.319,0.555
0.322,0.554
0.321,0.556
0.321,0.554
0.321,0.55
0.317,0.542
0.301,0.527
0.302,0.503
0.308,0.412
0.325,0.391
0.332,0.336
0.343,0.317
0.345,0.277
0.372,0.248
0.411,0.265
0.42,0.322
0.446,0.329
0.452,0.326
0.452,0.48
0.467,0.531
0.458,0.528
0.443,0.526
0.443,0.525
0.443,0.509
0.443,0.508
0.444,0.509
0.434,0.503
0.411,0.407
0.393,0.382
0.362,0.357
0.339,0.299
0.281,0.235
0.27,0.224
0.278,0.252
0.291,0.261
0.304,0.281
0.322,0.281
0.345,0.278
0.351,0.214
0.359,0.182
0.366,0.2
0.365,0.183
0.366,0.182
0.365,0.17
0.365,0.177
0.366,0.184
0.37,0.19
0.373,0.195
0.398,0.197
0.407,0.201
0.406,0.197
0.411,0.189
0.42,0.199
0.422,0.202
0.424,0.206
0.422,0.208
0.426,0.208
0.425,0.208
0.424,0.218
0.422,0.223
0.421,0.197
0.421,0.349
0.42,0.392
0.419,0.399
0.418,0.402
0.417,0.401
0.415,0.402
0.413,0.415
0.413,0.426
0.413,0.464
0.411,0.518
0.412,0.519
0.412,0.516
0.413,0.516
0.411,0.517
0.411,0.514
0.41,0.512
0.411,0.512
0.411,0.512
0.411,0.512
0.411,0.507
0.411,0.505
0.409,0.501
0.41,0.499
0.411,0.496
0.411,0.491
0.411,0.491
0.406,0.491
0.405,0.491
0.406,0.491
0.405,0.492
0.407,0.491
0.407,0.491
0.407,0.491
0.407,0.492
0.407,0.492
0.407,0.447
0.407,0.4
0.408,0.376
0.409,0.379
0.409,0.364
0.413,0.377
0.417,0.381
0.422,0.39
0.423,0.394
0.424,0.396
0.423,0.401
0.424,0.405
0.422,0.404
0.422,0.405
0.413,0.405
0.415,0.418
0.418,0.474
0.415,0.49
0.449,0.499
0.452,0.495
0.473,0.494
0.475,0.49
0.475,0.49
0.475,0.49
0.479,0.49
0.48,0.49
0.486,0.49
0.482,0.488
0.48,0.487
0.477,0.491
0.479,0.495
0.484,0.499
0.467,0.542
0.481,0.563
0.524,0.568
0.544,0.568
0.55,0.571
0.548,0.576
0.544,0.589
0.533,0.598
0.518,0.597
0.518,0.595
0.514,0.592
0.516,0.592
0.515,0.592
0.514,0.593
0.514,0.593
0.514,0.594
0.514,0.593
0.511,0.592
0.512,0.588
0.509,0.586
0.498,0.583
0.494,0.58
0.492,0.579
0.492,0.572
0.473,0.564
0.435,0.564
0.458,0.561
0.43,0.544
0.421,0.544
0.416,0.546
0.396,0.55
0.385,0.55
0.376,0.55
0.354,0.55
0.343,0.551
0.319,0.561
0.289,0.562
0.287,0.563
0.317,0.562
0.33,0.563
0.334,0.523
0.356,0.518
0.356,0.521
0.364,0.525
0.365,0.535
0.363,0.536
0.369,0.568
0.408,0.618
0.475,0.638
0.546,0.659
0.556,0.68
0.556,0.685
0.553,0.685
0.553,0.685
0.546,0.687
0.537,0.688
0.43,0.687
0.33,0.685
0.15,0.681
-0.004,0.676
-0.137,0.672
-0.192,0.668
-0.317,0.663
-0.432,0.661
-0.479,0.661
-0.564,0.661
-0.612,0.661
-0.643,0.661
-0.647,0.661
-0.643,0.66
-0.629,0.661
-0.629,0.659
-0.629,0.653
-0.629,0.643
-0.616,0.643
-0.574,0.648
-0.537,0.65
-0.512,0.656
-0.483,0.656
-0.448,0.657
-0.451,0.657
-0.481,0.657
-0.481,0.656
-0.482,0.656
-0.487,0.652
-0.535,0.65
-0.555,0.62
-0.563,0.563
-0.586,0.537
-0.591,0.437
-0.59,0.357
-0.588,0.311
-0.587,0.247
-0.578,0.244
-0.574,0.26
-0.561,0.254
-0.561,0.254
-0.561,0.256
-0.561,0.265
-0.554,0.257
-0.544,0.233
-0.534,0.243
-0.516,0.238
-0.485,0.24
-0.479,0.245
-0.47,0.251
-0.464,0.262
-0.455,0.272
-0.447,0.273
-0.447,0.285
-0.447,0.289
-0.448,0.293
-0.447,0.312
-0.447,0.315
-0.447,0.315
-0.444,0.317
-0.436,0.313
-0.429,0.321
-0.405,0.318
-0.339,0.328
-0.143,0.332
-0.044,0.331
0.046,0.328
0.092,0.355
0.111,0.345
0.191,0.471
0.21,0.511
0.243,0.516
0.265,0.526
0.272,0.53
0.327,0.548
0.382,0.561
0.379,0.567
0.394,0.586
0.404,0.582
0.408,0.583
0.405,0.582
0.413,0.584
0.409,0.584
0.414,0.583
0.431,0.585
0.432,0.589
0.44,0.615
0.445,0.62
0.471,0.625
0.492,0.63
0.498,0.633
0.504,0.631
0.527,0.629
0.526,0.629
0.531,0.629
0.537,0.629
0.539,0.628
0.541,0.627
0.538,0.627
0.542,0.627
0.543,0.627
0.541,0.626
0.538,0.626
0.541,0.626
0.541,0.625
0.541,0.622
0.541,0.621
0.541,0.621
0.541,0.621
0.541,0.62
0.539,0.619
0.539,0.619
0.539,0.618
0.539,0.618
0.539,0.617
0.537,0.618
0.531,0.618
0.531,0.618
0.53,0.618
0.531,0.617
0.536,0.617
0.537,0.618
0.535,0.618
0.541,0.618
0.542,0.619
0.546,0.619
0.545,0.619
0.549,0.617
0.552,0.617
0.546,0.619
0.545,0.616
0.545,0.612
0.544,0.613
0.542,0.613
0.535,0.613
0.533,0.614
0.531,0.614
0.531,0.614
0.525,0.614
0.522,0.613
0.522,0.61
0.523,0.604
0.523,0.602
0.522,0.602
0.522,0.602
0.523,0.602
0.491,0.601
0.434,0.602
0.426,0.602
0.432,0.601
0.437,0.602
0.46,0.602
0.467,0.602
0.467,0.602
0.482,0.602
0.498,0.602
0.502,0.601
0.505,0.601
0.505,0.601
0.512,0.601
0.511,0.602
0.516,0.602
0.519,0.601
0.515,0.602
0.512,0.602
0.513,0.602
0.509,0.578
0.507,0.535
0.507,0.445
0.506,0.42
0.502,0.381
0.501,0.283
0.499,0.183
0.496,0.171
0.494,0.196
0.494,0.192
0.494,0.191
0.424,0.21
0.406,0.216
0.414,0.318
0.42,0.365
0.437,0.36
0.441,0.399
0.441,0.424
0.442,0.489
0.443,0.574
0.443,0.593
0.484,0.629
0.571,0.639
0.571,0.632
0.575,0.632
0.573,0.632
0.567,0.631
0.552,0.627
0.553,0.621
0.552,0.616
0.553,0.608
0.553,0.608
0.553,0.607
0.552,0.607
0.553,0.607
0.554,0.607
0.548,0.607
0.542,0.607
0.541,0.607
0.519,0.608
0.49,0.608
0.456,0.608
0.451,0.608
0.445,0.608
0.44,0.607
0.446,0.607
0.447,0.607
0.452,0.607
0.454,0.607
0.456,0.607
0.458,0.607
0.458,0.608
0.458,0.607
0.458,0.607
0.439,0.607
0.426,0.606
0.435,0.601
0.437,0.594
0.436,0.594
0.437,0.593
0.424,0.594
0.412,0.597
0.402,0.597
0.392,0.598
0.389,0.598
0.396,0.598
0.398,0.599
0.398,0.599
0.405,0.598
0.407,0.598
0.418,0.598
0.418,0.598
0.419,0.598
0.419,0.598
0.419,0.598
0.42,0.598
0.432,0.598
0.445,0.599
0.461,0.599
0.475,0.599
0.471,0.599
0.475,0.599
0.474,0.599
0.468,0.6
0.469,0.599
0.48,0.6
0.481,0.598
0.462,0.529
0.462,0.4
0.408,0.075
0.398,0.101
0.408,0.129
0.424,0.139
0.429,0.138
0.431,0.147
0.453,0.147
0.477,0.151
0.484,0.113
0.492,0.333
0.507,0.372
0.522,0.413
0.526,0.43
0.548,0.484
0.548,0.518
0.55,0.533
0.552,0.54
0.556,0.54
0.551,0.54
0.568,0.541
0.572,0.541
0.574,0.54
0.574,0.541
0.576,0.541
0.576,0.541
0.575,0.541
0.574,0.543
0.575,0.546
0.576,0.543
0.574,0.544
0.574,0.543
0.571,0.54
0.557,0.536
0.552,0.531
0.55,0.526
0.55,0.524
0.55,0.521
0.549,0.522
0.549,0.521
0.549,0.52
0.548,0.52
0.544,0.519
0.528,0.519
0.499,0.517
0.487,0.513
0.484,0.511
0.484,0.512
0.48,0.511
0.484,0.512
0.482,0.512
0.477,0.512
0.479,0.512
0.471,0.512
0.482,0.512
0.495,0.512
0.504,0.512
0.516,0.512
0.516,0.512
0.516,0.512
0.516,0.424
0.535,0.368
0.565,0.338
0.588,0.295
0.585,0.236
0.568,0.193
0.506,0.198
0.432,0.184
0.434,0.187
0.423,0.173
0.417,0.173
0.42,0.184
0.425,0.19
0.426,0.205
0.426,0.233
0.417,0.293
0.411,0.338
0.408,0.344
0.41,0.346
0.407,0.348
0.408,0.348
0.407,0.349
0.402,0.349
0.38,0.349
0.375,0.355
0.364,0.356
0.334,0.355
0.33,0.355
0.327,0.355
0.333,0.354
0.333,0.355
0.334,0.354
0.334,0.354
0.334,0.354
0.334,0.362
0.334,0.376
0.335,0.415
0.336,0.435
0.334,0.438
0.319,0.435
0.3,0.434
0.282,0.432
0.268,0.426
0.263,0.426
0.261,0.423
0.252,0.422
0.255,0.422
0.268,0.422
0.278,0.425
0.291,0.422
0.295,0.422
0.298,0.423
0.298,0.422
0.298,0.42
0.304,0.411
0.303,0.405
0.303,0.394
0.304,0.373
0.304,0.377
0.304,0.378
0.304,0.37
0.304,0.364
0.304,0.356
0.304,0.332
0.304,0.317
0.304,0.308
0.305,0.273
0.305,0.276
0.305,0.226
0.302,0.212
0.297,0.18
0.29,0.15
0.276,0.125
0.257,0.114
0.247,0.135
0.249,0.128
0.234,0.115
0.245,0.116
0.246,0.129
0.244,0.142
0.248,0.151
0.251,0.156
0.25,0.173
0.25,0.266
0.251,0.285
0.252,0.289
0.253,0.289
0.253,0.29
0.253,0.289
0.251,0.289
0.248,0.289
0.246,0.289
0.244,0.287
0.245,0.286
0.245,0.285
0.25,0.281
0.251,0.277
0.251,0.274
0.252,0.272
0.252,0.272
0.252,0.273
0.251,0.272
0.251,0.272
0.251,0.273
0.253,0.272
0.253,0.272
0.255,0.272
0.256,0.273
0.257,0.273
0.257,0.273
0.26,0.273
0.261,0.273
0.261,0.272
0.262,0.273
0.262,0.273
0.262,0.273
0.262,0.273
0.263,0.273
0.263,0.273
0.263,0.272
0.264,0.273
0.263,0.273
0.264,0.273
0.265,0.273
0.265,0.273
0.265,0.273
0.265,0.273
0.265,0.273
0.265,0.272
0.265,0.273
0.265,0.273
0.265,0.274
0.265,0.277
0.265,0.297
0.265,0.317
0.266,0.317
0.265,0.324
0.265,0.323
0.266,0.328
0.265,0.332
0.265,0.341
0.265,0.349
0.266,0.349
0.266,0.353
0.266,0.358
0.267,0.355
0.266,0.358
0.267,0.36
0.269,0.361
0.268,0.361
0.268,0.36
0.268,0.362
0.268,0.362
0.268,0.362
0.268,0.362
0.268,0.362
0.268,0.36
0.268,0.361
0.268,0.362
0.268,0.36
0.268,0.361
0.268,0.36
0.267,0.362
0.267,0.363
0.265,0.364
0.265,0.365
0.261,0.368
0.26,0.366
0.257,0.364
0.248,0.36
0.246,0.359
0.233,0.357
0.231,0.356
0.235,0.352
0.233,0.351
0.23,0.351
0.232,0.351
0.235,0.349
0.235,0.348
0.248,0.344
0.257,0.345
0.261,0.345
0.264,0.345
0.264,0.345
0.264,0.343
0.266,0.343
0.265,0.342
0.265,0.341
0.265,0.341
0.266,0.342
0.266,0.341
0.27,0.343
0.275,0.348
0.276,0.368
0.277,0.422
0.277,0.43
0.278,0.479
0.278,0.493
0.278,0.502
0.279,0.506
0.28,0.503
0.278,0.503
0.279,0.498
0.286,0.496
0.317,0.496
0.343,0.495
0.357,0.495
0.353,0.495
0.353,0.491
0.362,0.49
0.364,0.491
0.364,0.489
0.366,0.489
0.382,0.488
0.435,0.487
0.437,0.488
0.44,0.485
0.443,0.484
0.444,0.485
0.446,0.485
0.446,0.485
0.446,0.482
0.44,0.486
0.437,0.486
0.434,0.487
0.432,0.487
0.432,0.488
0.434,0.488
0.433,0.486
0.434,0.487
0.434,0.486
0.434,0.487
0.433,0.486
0.433,0.487
0.434,0.487
0.433,0.486
0.434,0.486
0.434,0.486
0.434,0.486
0.434,0.486
0.433,0.486
0.428,0.486
0.417,0.486
0.416,0.487
0.413,0.487
0.398,0.487
0.353,0.486
0.33,0.486
0.333,0.486
0.346,0.486
0.359,0.485
0.371,0.485
0.374,0.486
0.375,0.485
0.374,0.484
0.374,0.484
0.375,0.481
0.374,0.479
0.268,0.48
0.264,0.479
0.283,0.479
0.311,0.479
0.314,0.48
0.316,0.48
0.329,0.476
0.349,0.479
0.409,0.479
0.428,0.479
0.422,0.479
0.428,0.478
0.432,0.455
0.433,0.429
0.431,0.422
0.421,0.396
0.422,0.376
0.422,0.357
0.422,0.352
0.422,0.346
0.422,0.351
0.414,0.34
0.407,0.338
0.4,0.333
0.4,0.345
0.406,0.348
0.409,0.347
0.409,0.349
0.409,0.306
0.402,0.266
0.385,0.235
0.349,0.236
0.328,0.245
0.327,0.26
0.336,0.268
0.34,0.272
0.35,0.329
0.36,0.345
0.361,0.344
0.361,0.345
0.375,0.347
0.379,0.345
0.379,0.343
0.378,0.34
0.379,0.338
0.378,0.336
0.379,0.337
0.379,0.336
0.379,0.336
0.379,0.336
0.379,0.336
0.381,0.336
0.382,0.333
0.374,0.333
0.379,0.333
0.387,0.333
0.384,0.333
0.385,0.332
0.387,0.332
0.392,0.331
0.39,0.315
0.39,0.278
0.392,0.185
0.393,0.128
0.393,0.158
0.392,0.165
0.394,0.182
0.394,0.193
0.39,0.203
0.346,0.204
0.393,0.221
0.389,0.272
0.393,0.355
0.397,0.363
0.401,0.38
0.417,0.381
0.409,0.383
0.398,0.384
0.42,0.384
0.422,0.389
0.422,0.393
0.424,0.393
0.424,0.392
0.423,0.391
0.424,0.393
0.422,0.392
0.423,0.392
0.422,0.391
0.419,0.39
0.422,0.389
0.426,0.387
0.426,0.387
0.426,0.387
0.421,0.387
0.413,0.385
0.424,0.385
0.415,0.385
0.417,0.385
0.43,0.385
0.425,0.385
0.436,0.385
0.436,0.385
0.439,0.386
0.441,0.385
0.443,0.386
0.443,0.386
0.443,0.386
0.447,0.386
0.456,0.386
0.447,0.385
0.451,0.385
0.468,0.385
0.473,0.385
0.473,0.385
0.479,0.385
0.48,0.385
0.478,0.384
0.479,0.383
0.477,0.383
0.479,0.384
0.479,0.383
0.478,0.384
0.477,0.384
0.475,0.384
0.475,0.383
0.476,0.383
0.471,0.383
0.462,0.376
0.462,0.374
0.464,0.374
0.46,0.374
0.455,0.375
0.451,0.375
0.452,0.372
0.451,0.364
0.452,0.365
0.452,0.365
0.493,0.365
0.577,0.366
0.582,0.366
0.583,0.415
0.584,0.486
0.583,0.507
0.589,0.518
0.589,0.523
0.59,0.535
0.593,0.536
0.592,0.535
0.578,0.533
0.577,0.533
0.571,0.532
0.571,0.532
0.569,0.533
0.57,0.54
0.565,0.561
0.565,0.571
0.567,0.575
0.567,0.578
0.567,0.596
0.568,0.616
0.569,0.624
0.57,0.624
0.569,0.621
0.572,0.619
0.574,0.619
0.576,0.619
0.576,0.619
0.576,0.619
0.576,0.619
0.576,0.619
0.58,0.619
0.585,0.617
0.595,0.616
0.627,0.612
0.629,0.61
0.627,0.604
0.65,0.595
0.664,0.595
0.668,0.595
0.668,0.595
0.67,0.595
0.67,0.595
0.669,0.595
0.669,0.595
0.668,0.595
0.669,0.595
0.671,0.595
0.672,0.595
0.678,0.595
0.726,0.595
0.749,0.595
0.775,0.595
0.777,0.595
0.776,0.595
0.775,0.595
0.768,0.595
0.763,0.596
0.761,0.595
0.759,0.595
0.758,0.595
0.755,0.595
0.751,0.595
0.753,0.595
0.752,0.596
0.689,0.595
0.642,0.595
0.526,0.596
0.385,0.595
0.389,0.539
0.379,0.464
0.374,0.413
0.314,0.386
0.298,0.392
0.254,0.401
0.265,0.411
0.266,0.414
0.268,0.428
0.277,0.439
0.288,0.445
0.296,0.446
0.302,0.449
0.307,0.449
0.308,0.449
0.307,0.449
0.308,0.449
0.31,0.449
0.309,0.453
0.309,0.458
0.309,0.458
0.327,0.459
0.335,0.46
0.33,0.456
0.347,0.456
0.366,0.452
0.366,0.45
0.367,0.444
0.371,0.442
0.372,0.442
0.375,0.441
0.376,0.442
0.375,0.442
0.375,0.441
0.375,0.442
0.375,0.435
0.375,0.433
0.377,0.424
0.377,0.422
0.375,0.422
0.371,0.426
0.364,0.428
0.363,0.43
0.363,0.43
0.368,0.43
0.375,0.434
0.409,0.454
0.419,0.501
0.547,0.53
0.641,0.528
0.659,0.523
0.667,0.52
0.667,0.518
0.665,0.52
0.665,0.535
0.664,0.55
0.666,0.591
0.666,0.611
0.666,0.612
0.669,0.614
0.669,0.621
0.669,0.624
0.672,0.627
0.674,0.627
0.671,0.629
0.669,0.627
0.67,0.629
0.67,0.632
0.672,0.642
0.681,0.664
0.69,0.669
0.708,0.673
0.724,0.672
0.73,0.672
0.726,0.672
0.721,0.671
0.719,0.671
0.717,0.672
0.713,0.672
0.71,0.671
0.711,0.668
0.711,0.665
0.711,0.651
0.711,0.648
0.699,0.606
0.585,0.576
0.565,0.537
0.55,0.473
0.538,0.437
0.416,0.419
0.406,0.377
0.463,0.362
0.413,0.323
0.387,0.274
0.441,0.281
0.44,0.273
0.431,0.263
0.395,0.256
0.358,0.261
0.394,0.263
0.397,0.273
0.39,0.276
0.376,0.283
0.374,0.286
0.355,0.294
0.34,0.302
0.346,0.302
0.336,0.302
0.33,0.319
0.327,0.337
0.328,0.34
0.332,0.354
0.336,0.357
0.327,0.355
0.325,0.353
0.319,0.352
0.322,0.35
0.325,0.345
0.327,0.343
0.332,0.343
0.331,0.342
0.332,0.343
0.334,0.342
0.336,0.343
0.338,0.357
0.336,0.364
0.336,0.369
0.339,0.368
0.34,0.363
0.344,0.35
0.342,0.35
0.347,0.35
0.349,0.349
0.35,0.349
0.35,0.349
0.351,0.349
0.353,0.349
0.354,0.349
0.353,0.349
0.354,0.349
0.354,0.349
0.353,0.349
0.354,0.349
0.355,0.349
0.355,0.35
0.354,0.347
0.355,0.344
0.354,0.345
0.353,0.347
0.349,0.347
0.345,0.347
0.342,0.359
0.341,0.364
0.34,0.365
0.338,0.37
0.336,0.372
0.336,0.372
0.336,0.374
0.337,0.377
0.34,0.366
0.342,0.383
0.342,0.38
0.342,0.382
0.338,0.381
0.331,0.378
0.29,0.378
0.306,0.377
0.308,0.377
0.308,0.377
0.319,0.377
0.329,0.377
0.334,0.375
0.342,0.375
0.349,0.375
0.356,0.375
0.35,0.375
0.398,0.372
0.42,0.363
0.426,0.362
0.424,0.362
0.439,0.362
0.455,0.362
0.452,0.364
0.445,0.358
0.449,0.411
0.476,0.436
0.481,0.447
0.473,0.467
0.475,0.479
0.462,0.481
0.433,0.48
0.473,0.479
0.463,0.479
0.495,0.451
0.503,0.45
0.499,0.403
0.493,0.411
0.49,0.417
0.49,0.418
0.491,0.424
0.49,0.426
0.491,0.426
0.491,0.427
0.492,0.427
0.491,0.427
0.469,0.428
0.446,0.426
0.405,0.415
0.391,0.376
0.365,0.345
0.347,0.338
0.345,0.314
0.373,0.31
0.389,0.326
0.396,0.334
0.401,0.344
0.413,0.356
0.415,0.357
0.402,0.386
0.414,0.411
0.408,0.417
0.412,0.417
0.407,0.417
0.432,0.418
0.437,0.415
0.437,0.415
0.432,0.413
0.428,0.412
0.427,0.412
0.428,0.409
0.428,0.408
0.432,0.407
0.434,0.406
0.417,0.407
0.437,0.407
0.454,0.407
0.457,0.407
0.435,0.407
0.437,0.407
0.437,0.407
0.407,0.405
0.383,0.4
0.347,0.4
0.349,0.4
0.325,0.4
0.278,0.4
0.3,0.377
0.291,0.351
0.287,0.342
0.297,0.343
0.31,0.341
0.327,0.348
0.334,0.36
0.337,0.374
0.339,0.379
0.339,0.379
0.342,0.379
0.351,0.381
0.338,0.39
0.353,0.409
0.368,0.427
0.396,0.434
0.407,0.436
0.413,0.449
0.419,0.458
0.422,0.464
0.423,0.462
0.424,0.464
0.424,0.464
0.424,0.465
0.422,0.465
0.419,0.464
0.419,0.464
0.417,0.465
0.416,0.465
0.415,0.466
0.407,0.471
0.411,0.471
0.407,0.478
0.407,0.482
0.407,0.484
0.407,0.505
0.407,0.516
0.399,0.52
0.395,0.518
0.396,0.524
0.397,0.52
0.398,0.521
0.398,0.521
0.398,0.521
0.398,0.521
0.398,0.521
0.399,0.523
0.398,0.526
0.398,0.529
0.392,0.544
0.39,0.554
0.384,0.565
0.378,0.575
0.37,0.573
0.338,0.573
0.343,0.574
0.356,0.572
0.355,0.569
0.37,0.56
0.376,0.56
0.379,0.559
0.381,0.559
0.38,0.559
0.381,0.559
0.381,0.557
0.383,0.55
0.382,0.542
0.381,0.542
0.381,0.542
0.382,0.542
0.381,0.542
0.382,0.542
0.382,0.54
0.383,0.526
0.382,0.524
0.381,0.488
0.383,0.446
0.382,0.428
0.382,0.423
0.381,0.412
0.379,0.407
0.379,0.398
0.376,0.393
0.37,0.384
0.364,0.365
0.36,0.332
0.357,0.313
0.36,0.317
0.366,0.262
0.366,0.268
0.369,0.222
0.37,0.231
0.374,0.199
0.386,0.231
0.396,0.242
0.396,0.193
0.386,0.197
0.401,0.223
0.424,0.246
0.43,0.259
0.429,0.272
0.429,0.33
0.43,0.402
0.427,0.411
0.423,0.413
0.417,0.413
0.415,0.414
0.415,0.414
0.415,0.418
0.418,0.419
0.42,0.422
0.425,0.428
0.435,0.43
0.434,0.432
0.441,0.432
0.441,0.413
0.441,0.414
0.457,0.414
0.458,0.414
0.435,0.403
0.434,0.376
0.435,0.356
0.434,0.349
0.428,0.348
0.383,0.339
0.364,0.317
0.362,0.329
0.359,0.338
0.328,0.349
0.306,0.355
0.282,0.374
0.311,0.375
0.318,0.386
0.35,0.389
0.351,0.391
0.354,0.392
0.392,0.393
0.407,0.397
0.425,0.402
0.425,0.401
0.432,0.407
0.426,0.411
0.436,0.417
0.454,0.422
0.477,0.42
0.446,0.417
0.501,0.415
0.486,0.414
0.497,0.413
0.497,0.412
0.505,0.411
0.515,0.408
0.514,0.401
0.52,0.401
0.518,0.402
0.51,0.395
0.509,0.392
0.507,0.372
0.516,0.355
0.513,0.345
0.508,0.349
0.507,0.353
0.509,0.361
0.509,0.367
0.511,0.382
0.512,0.381
0.517,0.381
0.519,0.381
0.519,0.382
0.519,0.382
0.516,0.383
0.516,0.383
0.514,0.383
0.514,0.385
0.512,0.387
0.515,0.388
0.516,0.388
0.516,0.387
0.514,0.387
0.514,0.387
0.513,0.387
0.512,0.387
0.514,0.387
0.513,0.387
0.513,0.387
0.513,0.387
0.512,0.383
0.512,0.339
0.507,0.327
0.485,0.304
0.49,0.259
0.491,0.264
0.489,0.281
0.491,0.283
0.493,0.282
0.494,0.263
0.494,0.265
0.493,0.278
0.494,0.277
0.494,0.286
0.494,0.287
0.494,0.287
0.494,0.289
0.493,0.287
0.471,0.285
0.419,0.285
0.403,0.281
0.398,0.214
0.403,0.225
0.413,0.142
0.429,0.133
0.432,0.154
0.398,0.22
0.509,0.232
0.577,0.247
0.589,0.302
0.591,0.345
0.591,0.388
0.591,0.394
0.59,0.394
0.59,0.403
0.59,0.411
0.591,0.408
0.59,0.415
0.591,0.424
0.59,0.46
0.595,0.461
0.599,0.484
0.608,0.486
0.606,0.487
0.618,0.488
0.617,0.486
0.617,0.49
0.64,0.49
0.647,0.489
0.651,0.487
0.652,0.487
0.65,0.487
0.649,0.486
0.647,0.486
0.646,0.484
0.625,0.484
0.617,0.484
0.617,0.482
0.614,0.469
0.522,0.448
0.485,0.449
0.384,0.445
0.384,0.441
0.374,0.426
0.373,0.405
0.373,0.402
0.403,0.4
0.4,0.361
0.402,0.346
0.425,0.313
0.432,0.299
0.433,0.32
0.362,0.317
0.419,0.325
0.483,0.331
0.52,0.342
0.533,0.337
0.546,0.479
0.551,0.5
0.55,0.508
0.539,0.507
0.537,0.504
0.538,0.503
0.539,0.481
0.54,0.48
0.539,0.469
0.538,0.421
0.502,0.411
0.345,0.393
0.365,0.396
0.35,0.39
0.342,0.379
0.332,0.368
0.355,0.34
0.332,0.327
0.338,0.317
0.294,0.283
0.303,0.233
0.312,0.203
0.358,0.225
0.362,0.244
0.364,0.244
0.365,0.25
0.366,0.259
0.366,0.266
0.367,0.273
0.368,0.276
0.368,0.279
0.368,0.304
0.368,0.314
0.367,0.319
0.368,0.331
0.368,0.35
0.368,0.372
0.369,0.362
0.346,0.397
0.295,0.407
0.322,0.415
0.332,0.416
0.345,0.432
0.357,0.433
0.358,0.427
0.358,0.417
0.36,0.415
0.361,0.413
0.365,0.392
0.37,0.362
0.375,0.35
0.311,0.355
0.361,0.354
0.418,0.354
0.434,0.357
0.478,0.358
0.482,0.368
0.459,0.37
0.469,0.376
0.484,0.387
0.449,0.387
0.476,0.387
0.49,0.387
0.495,0.387
0.494,0.387
0.5,0.388
0.506,0.388
0.503,0.394
0.505,0.409
0.504,0.429
0.505,0.431
0.506,0.43
0.509,0.428
0.509,0.433
0.508,0.445
0.503,0.456
0.499,0.468
0.497,0.481
0.496,0.478
0.495,0.483
0.491,0.484
0.492,0.48
0.481,0.482
0.48,0.48
0.48,0.48
0.48,0.482
0.481,0.488
0.481,0.481
0.482,0.479
0.482,0.482
0.482,0.49
0.482,0.486
0.482,0.489
0.482,0.488
0.482,0.489
0.482,0.492
0.482,0.489
0.483,0.488
0.481,0.489
0.478,0.492
0.465,0.485
0.452,0.503
0.418,0.511
0.4,0.505
0.419,0.509
0.449,0.511
0.453,0.51
0.46,0.509
0.461,0.508
0.46,0.505
0.368,0.503
0.352,0.495
0.337,0.489
0.332,0.468
0.328,0.469
0.343,0.449
0.371,0.399
0.373,0.354
0.375,0.303
0.377,0.152
0.377,0.117
0.377,0.144
0.377,0.191
0.378,0.198
0.379,0.213
0.382,0.223
0.387,0.229
0.39,0.255
0.394,0.313
0.394,0.329
0.38,0.347
0.405,0.395
0.439,0.416
0.43,0.483
0.457,0.544
0.481,0.55
0.515,0.554
0.529,0.553
0.552,0.554
0.548,0.556
0.548,0.554
0.548,0.555
0.542,0.552
0.544,0.552
0.544,0.55
0.542,0.549
0.542,0.548
0.543,0.548
0.542,0.548
0.542,0.548
0.543,0.548
0.541,0.548
0.541,0.547
0.54,0.545
0.54,0.544
0.539,0.544
0.539,0.544
0.539,0.537
0.539,0.529
0.54,0.524
0.54,0.525
0.541,0.519
0.539,0.512
0.539,0.452
0.539,0.42
0.535,0.401
0.535,0.387
0.531,0.394
0.531,0.377
0.529,0.364
0.526,0.368
0.526,0.374
0.526,0.374
0.526,0.376
0.527,0.379
0.527,0.378
0.527,0.38
0.526,0.379
0.526,0.342
0.526,0.333
0.527,0.317
0.526,0.31
0.527,0.314
0.527,0.299
0.527,0.312
0.526,0.307
0.526,0.272
0.527,0.278
0.527,0.256
0.526,0.281
0.527,0.28
0.527,0.29
0.527,0.283
0.527,0.265
0.527,0.253
0.526,0.27
0.526,0.293
0.526,0.295
0.526,0.297
0.527,0.297
0.527,0.298
0.527,0.298
0.527,0.297
0.527,0.278
0.527,0.257
0.526,0.216
0.526,0.236
0.535,0.233
0.542,0.24
0.548,0.211
0.522,0.25
0.563,0.243
0.586,0.236
0.612,0.231
0.616,0.211
0.617,0.22
0.624,0.24
0.621,0.236
0.616,0.217
0.606,0.168
0.593,0.197
0.591,0.169
0.569,0.141
0.531,0.072
0.408,0.084
0.407,0.074
0.398,0.105
0.372,0.119
0.376,0.093
0.377,0.102
0.392,0.103
0.393,0.114
0.4,0.152
0.402,0.158
0.405,0.161
0.411,0.169
0.413,0.178
0.418,0.184
0.428,0.191
0.427,0.201
0.429,0.301
0.441,0.321
0.428,0.324
0.431,0.33
0.425,0.335
0.449,0.33
0.452,0.33
0.495,0.326
0.507,0.343
0.525,0.345
0.527,0.345
0.518,0.351
0.525,0.353
0.52,0.353
0.527,0.355
0.558,0.357
0.58,0.357
0.58,0.357
0.594,0.357
0.601,0.357
0.614,0.355
0.605,0.357
0.625,0.357
0.621,0.357
0.625,0.357
0.622,0.357
0.633,0.357
0.632,0.357
0.629,0.355
0.629,0.355
0.627,0.355
0.621,0.354
0.621,0.355
0.621,0.354
0.622,0.353
0.623,0.353
0.621,0.353
0.622,0.353
0.622,0.353
0.621,0.353
0.619,0.352
0.619,0.352
0.619,0.353
0.618,0.353
0.619,0.352
0.618,0.351
0.619,0.35
0.62,0.348
0.621,0.341
0.617,0.338
0.614,0.339
0.61,0.34
0.606,0.34
0.605,0.339
0.603,0.339
0.609,0.339
0.612,0.34
0.633,0.34
0.633,0.339
0.634,0.339
0.634,0.34
0.634,0.339
0.625,0.34
0.623,0.339
0.625,0.339
0.629,0.339
0.629,0.339
0.629,0.34
0.629,0.34
0.627,0.34
0.625,0.339
0.625,0.339
0.625,0.34
0.627,0.34
0.625,0.34
0.625,0.34
0.622,0.339
0.622,0.34
0.621,0.34
0.621,0.34
0.621,0.34
0.621,0.34
0.622,0.34
0.622,0.34
0.622,0.34
0.622,0.34
0.623,0.34
0.623,0.34
0.622,0.34
0.623,0.339
0.622,0.339
0.622,0.34
0.622,0.34
0.619,0.339
0.615,0.34
0.6,0.34
0.599,0.34
0.601,0.34
0.601,0.34
0.601,0.34
0.601,0.34
0.602,0.34
0.602,0.34
0.602,0.339
0.603,0.34
0.603,0.339
0.602,0.34
0.602,0.34
0.602,0.339
0.602,0.34
0.603,0.339
0.603,0.34
0.602,0.34
0.602,0.339
0.602,0.34
0.602,0.339
0.603,0.339
0.602,0.34
0.602,0.339
0.602,0.34
0.602,0.339
0.603,0.34
0.603,0.339
0.602,0.339
0.602,0.34
0.602,0.34
0.603,0.34
0.603,0.34
0.604,0.339
0.604,0.339
0.602,0.339
0.603,0.34
0.604,0.34
0.604,0.339
0.604,0.34
0.604,0.34
0.604,0.34
0.604,0.34
0.604,0.34
0.604,0.339
0.604,0.34
0.604,0.34
0.604,0.34
0.604,0.34
0.604,0.34
0.604,0.34
0.604,0.339
0.604,0.34
0.604,0.34
0.548,0.34
0.516,0.338
0.497,0.339
0.52,0.339
0.527,0.34
0.4,0.34
0.4,0.339
0.452,0.34
0.458,0.34
0.48,0.34
0.541,0.339
0.544,0.34
0.49,0.34
0.564,0.34
0.546,0.339
0.569,0.34
0.578,0.327
0.583,0.212
0.585,0.23
0.582,0.306
0.582,0.321
0.582,0.419
0.582,0.494
0.583,0.495
0.586,0.493
0.588,0.492
0.591,0.494
0.603,0.494
0.605,0.498
0.608,0.501
0.612,0.504
0.611,0.503
0.616,0.501
0.612,0.499
0.616,0.499
0.614,0.496
0.614,0.495
0.611,0.495
0.605,0.494
0.602,0.492
0.6,0.492
0.599,0.488
0.599,0.479
0.599,0.477
0.598,0.477
0.597,0.476
0.597,0.477
0.597,0.474
0.597,0.469
0.597,0.467
0.597,0.469
0.593,0.469
0.59,0.468
0.588,0.469
0.585,0.469
0.585,0.469
0.586,0.388
0.588,0.289
0.59,0.305
0.593,0.221
0.599,0.232
0.606,0.24
0.591,0.251
0.623,0.252
0.644,0.251
0.646,0.261
0.648,0.261
0.639,0.268
0.636,0.267
0.627,0.272
0.621,0.273
0.622,0.274
0.62,0.277
0.621,0.278
0.62,0.28
0.62,0.278
0.619,0.278
0.62,0.278
0.619,0.278
0.619,0.278
0.619,0.278
0.619,0.283
0.619,0.284
0.571,0.285
0.56,0.286
0.56,0.286
0.529,0.289
0.497,0.29
0.48,0.295
0.435,0.296
0.367,0.298
0.386,0.301
0.4,0.301
0.4,0.302
0.376,0.303
0.358,0.304
0.357,0.333
0.344,0.362
0.355,0.417
0.374,0.46
0.387,0.484
0.39,0.529
0.411,0.548
0.505,0.58
0.524,0.594
0.57,0.595
0.577,0.618
0.584,0.631
0.581,0.635
0.579,0.634
0.582,0.633
0.583,0.633
0.576,0.631
0.573,0.631
0.575,0.632
0.574,0.631
0.575,0.632
0.576,0.63
0.576,0.626
0.579,0.625
0.58,0.625
0.607,0.625
0.634,0.626
0.648,0.627
0.648,0.632
0.649,0.632
0.649,0.64
0.651,0.649
0.651,0.656
0.651,0.656
0.651,0.657
0.651,0.657
0.651,0.656
0.651,0.656
0.648,0.655
0.642,0.657
0.642,0.659
0.642,0.661
0.641,0.661
0.64,0.661
0.64,0.661
0.64,0.661
0.633,0.662
0.63,0.668
0.63,0.671
0.63,0.671
0.63,0.67
0.629,0.671
0.626,0.672
0.623,0.671
0.621,0.672
0.621,0.67
0.621,0.668
0.621,0.664
0.621,0.662
0.621,0.662
0.621,0.661
0.618,0.659
0.618,0.655
0.619,0.644
0.618,0.642
0.618,0.641
0.617,0.64
0.618,0.64
0.617,0.639
0.618,0.64
0.619,0.639
0.619,0.64
0.619,0.64
0.619,0.64
0.619,0.64
0.62,0.64
0.62,0.64
0.62,0.64
0.619,0.64
0.619,0.64
0.619,0.64
0.619,0.64
0.62,0.64
0.619,0.636
0.619,0.622
0.619,0.576
0.55,0.544
0.456,0.494
0.467,0.384
0.424,0.397
0.429,0.386
0.413,0.397
0.394,0.407
0.413,0.414
0.418,0.419
0.43,0.42
0.447,0.39
0.458,0.358
0.46,0.341
0.381,0.332
0.466,0.336
0.466,0.347
0.485,0.362
0.576,0.364
0.589,0.435
0.61,0.578
0.625,0.606
0.631,0.614
0.64,0.652
0.644,0.722
0.664,0.769
0.675,0.776
0.675,0.789
0.676,0.801
0.676,0.8
0.674,0.799
0.68,0.798
0.68,0.794
0.681,0.788
0.682,0.736
0.68,0.672
0.672,0.555
0.655,0.401
0.628,0.362
0.564,0.358
0.556,0.352
0.444,0.345
0.418,0.3
0.365,0.304
0.333,0.314
0.327,0.312
0.383,0.275
0.39,0.27
0.356,0.235
0.379,0.22
0.385,0.184
0.388,0.14
0.393,0.213
0.396,0.156
0.398,0.113
0.398,0.111
0.394,0.103
0.33,0.154
0.296,0.073
0.346,0.165
0.32,0.186
0.311,0.209
0.34,0.214
0.355,0.223
0.366,0.225
0.377,0.235
0.379,0.235
0.391,0.216
0.353,0.225
0.402,0.33
0.4,0.32
0.419,0.426
0.419,0.457
0.421,0.461
0.423,0.487
0.424,0.499
0.424,0.504
0.425,0.511
0.424,0.519
0.424,0.539
0.424,0.557
0.424,0.556
0.423,0.571
0.422,0.589
0.422,0.608
0.422,0.644
0.423,0.655
0.424,0.655
0.37,0.655
0.419,0.656
0.475,0.656
0.535,0.657
0.539,0.657
0.529,0.657
0.533,0.651
0.535,0.64
0.534,0.632
0.528,0.627
0.425,0.626
0.411,0.604
0.4,0.561
0.38,0.511
0.366,0.495
0.357,0.483
0.339,0.469
0.354,0.444
0.368,0.434
0.387,0.427
0.39,0.403
0.392,0.389
0.397,0.399
0.404,0.385
0.406,0.347
0.405,0.313
0.407,0.306
0.408,0.291
0.409,0.281
0.409,0.229
0.411,0.203
0.411,0.223
0.411,0.231
0.411,0.198
0.411,0.223
0.411,0.277
0.41,0.306
0.411,0.366
0.412,0.411
0.411,0.429
0.411,0.436
0.411,0.435
0.411,0.435
0.413,0.437
0.388,0.444
0.41,0.488
0.454,0.533
0.449,0.681
0.463,0.704
0.467,0.706
0.473,0.704
0.477,0.694
0.479,0.679
0.472,0.656
0.495,0.577
0.506,0.56
0.514,0.541
0.523,0.55
0.511,0.554
0.515,0.567
0.522,0.58
0.533,0.58
0.537,0.581
0.526,0.582
0.527,0.582
0.525,0.582
0.526,0.606
0.527,0.635
0.527,0.636
0.526,0.64
0.529,0.646
0.527,0.662
0.529,0.664
0.529,0.665
0.529,0.666
0.53,0.666
0.529,0.666
0.53,0.662
0.529,0.661
0.529,0.659
0.53,0.659
0.529,0.657
0.531,0.655
0.53,0.654
0.529,0.65
0.432,0.637
0.406,0.638
0.392,0.638
0.367,0.631
0.349,0.59
0.354,0.523
0.304,0.486
0.335,0.447
0.312,0.434
0.297,0.394
0.216,0.389
0.239,0.388
0.306,0.367
0.328,0.327
0.334,0.188
0.337,0.212
0.339,0.238
0.34,0.217
0.34,0.196
0.341,0.216
0.342,0.263
0.343,0.284
0.343,0.261
0.344,0.4
0.343,0.431
0.345,0.43
0.347,0.439
0.27,0.446
0.413,0.446
0.457,0.468
0.489,0.482
0.505,0.491
0.503,0.489
0.497,0.493
0.485,0.494
0.482,0.494
0.482,0.486
0.467,0.471
0.385,0.463
0.374,0.463
0.366,0.432
0.299,0.4
0.312,0.379
0.293,0.364
0.291,0.37
0.314,0.355
0.325,0.362
0.323,0.365
0.357,0.37
0.36,0.374
0.366,0.377
0.366,0.379
0.367,0.395
0.351,0.396
0.212,0.452
0.231,0.518
0.255,0.563
0.236,0.569
0.225,0.57
0.206,0.565
0.238,0.554
0.245,0.546
0.26,0.541
0.288,0.541
0.291,0.541
0.304,0.541
0.306,0.513
0.308,0.5
0.311,0.417
0.313,0.394
0.315,0.36
0.316,0.306
0.317,0.276
0.317,0.223
0.317,0.18
0.317,0.2
0.315,0.2
0.307,0.152
0.307,0.19
0.306,0.139
0.305,0.165
0.304,0.06
0.305,0.046
0.306,0.064
0.305,0.14
0.306,0.171
0.306,0.175
0.306,0.177
0.306,0.18
0.306,0.18
0.308,0.18
0.307,0.184
0.307,0.186
0.308,0.188
0.31,0.184
0.308,0.164
0.308,0.165
0.312,0.179
0.317,0.182
0.319,0.172
0.323,0.188
0.324,0.325
0.278,0.368
0.403,0.374
0.413,0.373
0.419,0.374
0.422,0.374
0.415,0.374
0.415,0.374
0.415,0.375
0.407,0.374
0.303,0.375
0.236,0.377
0.156,0.377
0.185,0.375
0.201,0.374
0.206,0.37
0.189,0.357
0.195,0.357
0.2,0.358
0.197,0.353
0.196,0.352
0.189,0.349
0.193,0.298
0.192,0.242
0.188,0.175
0.184,0.221
0.191,0.229
0.197,0.241
0.208,0.248
0.212,0.258
0.213,0.263
0.213,0.27
0.222,0.274
0.227,0.289
0.23,0.294
0.235,0.297
0.206,0.303
0.25,0.345
0.251,0.413
0.257,0.457
0.26,0.479
0.259,0.479
0.259,0.48
0.261,0.477
0.261,0.479
0.261,0.48
0.261,0.478
0.261,0.475
0.261,0.45
0.259,0.448
0.253,0.448
0.25,0.448
0.249,0.44
0.248,0.434
0.249,0.428
0.248,0.397
0.249,0.397
0.25,0.393
0.25,0.39
0.251,0.39
0.25,0.395
0.25,0.396
0.25,0.389
0.25,0.324
0.25,0.308
0.25,0.315
0.25,0.332
0.25,0.341
0.25,0.359
0.249,0.354
0.251,0.419
0.208,0.422
0.197,0.424
0.295,0.426
0.299,0.481
0.28,0.519
0.374,0.529
0.375,0.525
0.402,0.506
0.401,0.495
0.402,0.494
0.401,0.494
0.387,0.479
0.311,0.466
0.287,0.418
0.274,0.379
0.176,0.347
0.202,0.319
0.203,0.304
0.191,0.306
0.24,0.285
0.24,0.28
0.226,0.216
0.24,0.22
0.233,0.25
0.216,0.266
0.234,0.301
0.214,0.308
0.216,0.325
0.191,0.33
0.212,0.332
0.219,0.34
0.229,0.345
0.229,0.348
0.21,0.347
0.211,0.347
0.254,0.347
0.259,0.347
0.264,0.347
0.266,0.347
0.266,0.347
0.267,0.347
0.268,0.347
0.268,0.343
0.268,0.334
0.268,0.127
0.27,0.238
0.269,0.24
0.269,0.248
0.269,0.248
0.269,0.225
0.269,0.22
0.27,0.247
0.27,0.244
0.27,0.249
0.27,0.27
0.27,0.281
0.27,0.283
0.27,0.293
0.27,0.304
0.27,0.3
0.271,0.319
0.27,0.317
0.27,0.32
0.27,0.322
0.271,0.321
0.27,0.321
0.271,0.325
0.271,0.323
0.271,0.322
0.27,0.323
0.27,0.323
0.271,0.324
0.271,0.324
0.202,0.324
0.295,0.315
0.299,0.32
0.299,0.366
0.299,0.379
0.298,0.385
0.298,0.384
0.298,0.385
0.298,0.389
0.298,0.387
0.298,0.413
0.299,0.439
0.301,0.441
0.302,0.437
0.295,0.428
0.299,0.428
0.322,0.43
0.331,0.432
0.315,0.434
0.388,0.448
0.395,0.509
0.384,0.518
0.378,0.518
0.379,0.516
0.379,0.517
0.379,0.52
0.38,0.544
0.38,0.556
0.381,0.565
0.381,0.563
0.381,0.559
0.382,0.556
0.381,0.554
0.381,0.554
0.382,0.55
0.381,0.548
0.381,0.541
0.381,0.536
0.381,0.533
0.381,0.534
0.382,0.535
0.382,0.534
0.383,0.531
0.383,0.445
0.382,0.414
0.382,0.387
0.383,0.372
0.382,0.364
0.382,0.36
0.383,0.35
0.383,0.331
0.382,0.345
0.383,0.353
0.382,0.367
0.382,0.379
0.382,0.403
0.383,0.423
0.383,0.435
0.383,0.435
0.382,0.439
0.382,0.439
0.382,0.443
0.383,0.444
0.382,0.443
0.383,0.444
0.383,0.443
0.383,0.443
0.382,0.444
0.383,0.445
0.383,0.45
0.383,0.447
0.383,0.445
0.383,0.435
0.383,0.434
0.383,0.433
0.383,0.431
0.383,0.415
0.382,0.382
0.381,0.39
0.382,0.392
0.382,0.397
0.382,0.397
0.382,0.398
0.382,0.401
0.381,0.405
0.381,0.405
0.381,0.405
0.381,0.405
0.381,0.405
0.381,0.406
0.381,0.405
0.381,0.406
0.381,0.413
0.382,0.416
0.382,0.417
0.382,0.419
0.381,0.426
0.382,0.427
0.382,0.429
0.383,0.435
0.383,0.441
0.383,0.45
0.383,0.458
0.383,0.458
0.383,0.467
0.383,0.469
0.383,0.471
0.383,0.473
0.383,0.473
0.383,0.471
0.383,0.469
0.383,0.464
0.383,0.462
0.383,0.446
0.383,0.445
0.383,0.445
0.383,0.445
0.383,0.442
0.383,0.441
0.383,0.443
0.383,0.445
0.383,0.445
0.383,0.445
0.383,0.445
0.384,0.445
0.383,0.445
0.383,0.444
0.383,0.445
0.383,0.445
0.383,0.445
0.383,0.445
0.383,0.445
0.383,0.445
0.383,0.444
0.383,0.445
0.383,0.445
0.383,0.445
0.383,0.445
0.383,0.487
0.383,0.547
0.383,0.582
0.383,0.596
0.383,0.596
0.383,0.588
0.383,0.573
0.384,0.57
0.383,0.569
0.383,0.57
0.383,0.532
0.383,0.426
0.383,0.427
0.383,0.366
0.35,0.318
0.392,0.282
0.394,0.221
0.385,0.263
0.401,0.297
0.43,0.312
0.424,0.387
0.434,0.6
0.434,0.61
0.421,0.607
0.438,0.604
0.453,0.601
0.454,0.598
0.45,0.598
0.45,0.597
0.45,0.597
0.452,0.596
0.452,0.591
0.452,0.586
0.45,0.569
0.448,0.495
0.448,0.458
0.448,0.448
0.447,0.415
0.448,0.43
0.449,0.39
0.448,0.406
0.449,0.401
0.449,0.394
0.447,0.402
0.434,0.397
0.434,0.401
0.433,0.405
0.434,0.414
0.434,0.418
0.435,0.419
0.436,0.423
0.435,0.427
0.435,0.428
0.436,0.429
0.437,0.429
0.436,0.43
0.436,0.43
0.437,0.419
0.437,0.409
0.436,0.387
0.437,0.382
0.437,0.39
0.436,0.401
0.437,0.414
0.436,0.417
0.436,0.431
0.436,0.424
0.437,0.437
0.437,0.456
0.437,0.472
0.437,0.479
0.437,0.485
0.437,0.488
0.437,0.489
0.437,0.489
0.437,0.487
0.437,0.485
0.437,0.484
0.437,0.485
0.437,0.485
0.437,0.488
0.437,0.49
0.437,0.497
0.438,0.502
0.437,0.5
0.438,0.509
0.437,0.519
0.437,0.521
0.437,0.52
0.437,0.52
0.437,0.526
0.437,0.527
0.438,0.537
0.437,0.546
0.437,0.558
0.438,0.571
0.438,0.575
0.437,0.575
0.438,0.574
0.437,0.573
0.438,0.574
0.438,0.573
0.437,0.572
0.437,0.572
0.437,0.571
0.437,0.569
0.438,0.567
0.438,0.554
0.438,0.551
0.438,0.551
0.438,0.55
0.437,0.55
0.437,0.55
0.438,0.55
0.438,0.55
0.437,0.551
0.437,0.55
0.438,0.551
0.438,0.551
0.438,0.551
0.432,0.551
0.389,0.551
0.324,0.552
0.272,0.551
0.292,0.55
0.235,0.55
0.225,0.549
0.234,0.549
0.258,0.549
0.267,0.549
0.282,0.55
0.297,0.549
0.305,0.549
0.309,0.549
0.312,0.546
0.312,0.546
0.313,0.53
0.313,0.446
0.314,0.416
0.315,0.413
0.315,0.411
0.316,0.405
0.316,0.422
0.317,0.446
0.317,0.449
0.317,0.421
0.318,0.508
0.317,0.532
0.318,0.537
0.317,0.538
0.317,0.537
0.317,0.533
0.317,0.518
0.317,0.518
0.317,0.519
0.318,0.518
0.317,0.519
0.317,0.512
0.318,0.511
0.317,0.509
0.318,0.501
0.318,0.497
0.318,0.462
0.318,0.443
0.317,0.437
0.317,0.43
0.318,0.425
0.319,0.416
0.319,0.406
0.319,0.412
0.319,0.402
0.318,0.381
0.319,0.377
0.318,0.377
0.319,0.364
0.319,0.304
0.319,0.295
0.319,0.307
0.319,0.311
0.319,0.315
0.319,0.325
0.319,0.33
0.319,0.343
0.318,0.359
0.319,0.382
0.319,0.419
0.319,0.43
0.318,0.432
0.319,0.439
0.319,0.441
0.318,0.441
0.319,0.437
0.319,0.43
0.319,0.425
0.319,0.424
0.319,0.327
0.319,0.281
0.319,0.215
0.319,0.122
0.319,0.167
0.316,0.088
0.332,0.077
0.33,0.048
0.392,0.082
0.39,0.111
0.408,0.1
0.408,0.081
0.411,0.084
0.409,0.082
0.411,0.075
0.41,0.09
0.397,0.086
0.398,0.073
0.399,0.052
0.397,0.022
0.398,0.094
0.394,0.105
0.395,0.114
0.393,0.114
0.392,0.092
0.392,0.099
0.393,0.137
0.393,0.304
0.393,0.342
0.39,0.375
0.389,0.401
0.388,0.383
0.387,0.405
0.389,0.409
0.387,0.416
0.385,0.417
0.375,0.419
0.372,0.414
0.373,0.409
0.374,0.419
0.371,0.434
0.366,0.439
0.366,0.442
0.364,0.441
0.367,0.44
0.364,0.441
0.366,0.441
0.367,0.442
0.369,0.442
0.371,0.441
0.37,0.441
0.368,0.442
0.368,0.441
0.364,0.44
0.321,0.438
0.262,0.437
0.199,0.437
0.243,0.437
0.259,0.437
0.272,0.438
0.259,0.438
0.265,0.438
0.265,0.438
0.275,0.438
0.281,0.439
0.281,0.438
0.283,0.437
0.283,0.436
0.283,0.435
0.285,0.434
0.286,0.434
0.286,0.434
0.288,0.434
0.288,0.435
0.288,0.436
0.289,0.438
0.289,0.439
0.289,0.442
0.289,0.443
0.29,0.443
0.289,0.443
0.29,0.442
0.29,0.464
0.291,0.477
0.291,0.55
0.291,0.567
0.291,0.572
0.291,0.575
0.293,0.575
0.293,0.576
0.308,0.576
0.317,0.576
0.323,0.576
0.324,0.576
0.326,0.574
0.326,0.572
0.327,0.57
0.328,0.567
0.328,0.564
0.328,0.563
0.328,0.561
0.328,0.559
0.329,0.542
0.33,0.543
0.33,0.541
0.33,0.542
0.33,0.542
0.33,0.542
0.33,0.541
0.33,0.541
0.329,0.539
0.33,0.533
0.33,0.517
0.33,0.504
0.33,0.507
0.33,0.503
0.33,0.495
0.33,0.426
0.33,0.403
0.332,0.387
0.33,0.39
0.331,0.394
0.33,0.371
0.331,0.351
0.33,0.297
0.329,0.29
0.329,0.306
0.33,0.307
0.329,0.319
0.329,0.331
0.33,0.341
0.33,0.346
0.33,0.348
0.331,0.349
0.331,0.351
0.332,0.351
0.331,0.351
0.332,0.328
0.332,0.25
0.332,0.293
0.332,0.317
0.331,0.323
0.331,0.338
0.332,0.339
0.33,0.341
0.329,0.361
0.327,0.39
0.325,0.392
0.326,0.397
0.325,0.398
0.325,0.4
0.325,0.4
0.325,0.401
0.325,0.401
0.325,0.4
0.325,0.4
0.325,0.399
0.326,0.397
0.326,0.397
0.325,0.396
0.325,0.396
0.324,0.396
0.324,0.395
0.324,0.395
0.324,0.394
0.324,0.396
0.324,0.395
0.324,0.395
0.298,0.394
0.137,0.393
0.197,0.394
0.197,0.394
0.21,0.394
0.22,0.393
0.223,0.394
0.232,0.394
0.235,0.394
0.236,0.394
0.236,0.394
0.237,0.394
0.24,0.394
0.241,0.394
0.242,0.396
0.246,0.397
0.229,0.397
0.265,0.398
0.269,0.399
0.28,0.399
0.287,0.398
0.282,0.4
0.283,0.398
0.286,0.399
0.285,0.399
0.289,0.4
0.291,0.402
0.274,0.397
0.273,0.394
0.272,0.394
0.314,0.397
0.273,0.401
0.312,0.405
0.319,0.409
0.325,0.4
0.33,0.396
0.331,0.405
0.338,0.411
0.337,0.411
0.34,0.411
0.341,0.413
0.347,0.413
0.349,0.413
0.347,0.413
0.347,0.414
0.347,0.415
0.348,0.417
0.347,0.387
0.348,0.422
0.347,0.434
0.348,0.443
0.349,0.437
0.348,0.428
0.349,0.427
0.349,0.427
0.349,0.427
0.349,0.428
0.349,0.428
0.349,0.428
0.349,0.428
0.349,0.428
0.348,0.428
0.349,0.428
0.348,0.429
0.349,0.429
0.349,0.428
0.348,0.428
0.349,0.436
0.349,0.437
0.349,0.435
0.348,0.433
0.347,0.431
0.317,0.431
0.335,0.432
0.351,0.432
0.379,0.432
0.383,0.428
0.389,0.424
0.401,0.409
0.393,0.322
0.4,0.341
0.402,0.277
0.403,0.205
0.404,0.203
0.404,0.259
0.405,0.261
0.405,0.271
0.405,0.281
0.405,0.287
0.405,0.289
0.405,0.292
0.401,0.289
0.39,0.29
0.387,0.291
0.36,0.291
0.305,0.293
0.319,0.292
0.332,0.293
0.34,0.294
0.345,0.296
0.348,0.297
0.354,0.297
0.352,0.298
0.354,0.297
0.356,0.294
0.357,0.293
0.357,0.285
0.357,0.276
0.357,0.276
0.358,0.276
0.358,0.28
0.357,0.28
0.358,0.281
0.358,0.285
0.359,0.289
0.359,0.296
0.36,0.306
0.36,0.306
0.36,0.303
0.36,0.302
0.362,0.298
0.361,0.287
0.361,0.235
0.361,0.173
0.357,0.22
0.34,0.211
0.272,0.171
0.149,0.125
0.144,0.126
0.133,0.066
0.171,0.086
0.192,0.111
0.213,0.135
0.214,0.148
0.227,0.152
0.225,0.15
0.231,0.165
0.233,0.173
0.236,0.176
0.235,0.178
0.234,0.173
0.234,0.244
0.235,0.25
0.236,0.287
0.253,0.284
0.255,0.297
0.257,0.297
0.268,0.297
0.281,0.298
0.285,0.3
0.289,0.303
0.292,0.33
0.292,0.384
0.292,0.443
0.293,0.472
0.294,0.468
0.293,0.465
0.293,0.466
0.288,0.465
0.282,0.465
0.28,0.465
0.259,0.465
0.193,0.467
0.203,0.465
0.198,0.462
0.197,0.452
0.196,0.441
0.184,0.396
0.184,0.359
0.181,0.289
0.182,0.293
0.182,0.228
0.182,0.16
0.181,0.219
0.182,0.191
0.185,0.214
0.185,0.197
0.186,0.221
0.187,0.24
0.191,0.24
0.196,0.251
0.2,0.255
0.202,0.259
0.203,0.266
0.203,0.278
0.203,0.282
0.203,0.288
0.203,0.276
0.203,0.332
0.203,0.339
0.203,0.347
0.204,0.35
0.204,0.351
0.203,0.357
0.204,0.374
0.203,0.387
0.205,0.394
0.204,0.396
0.203,0.394
0.204,0.398
0.204,0.398
0.205,0.396
0.21,0.396
0.212,0.397
0.213,0.396
0.229,0.393
0.224,0.406
0.236,0.403
0.24,0.435
0.241,0.443
0.241,0.451
0.24,0.44
0.233,0.44
0.229,0.441
0.229,0.439
0.229,0.44
0.229,0.439
0.229,0.437
0.229,0.437
0.229,0.437
0.229,0.437
0.229,0.437
0.225,0.437
0.221,0.437
0.218,0.437
0.218,0.437
0.22,0.437
0.221,0.437
0.223,0.436
0.223,0.436
0.223,0.435
0.224,0.435
0.223,0.435
0.224,0.435
0.225,0.435
0.224,0.435
0.225,0.435
0.225,0.434
0.225,0.434
0.225,0.435
0.225,0.435
0.225,0.435
0.225,0.435
0.225,0.435
0.225,0.436
0.225,0.438
0.225,0.44
0.225,0.442
0.225,0.462
0.225,0.461
0.225,0.468
0.225,0.473
0.225,0.471
0.225,0.472
0.229,0.472
0.229,0.474
0.238,0.475
0.242,0.474
0.193,0.473
0.246,0.473
0.257,0.473
0.25,0.471
0.301,0.469
0.293,0.466
0.312,0.465
0.308,0.465
0.306,0.465
0.308,0.465
0.308,0.465
0.312,0.464
0.313,0.464
0.308,0.463
0.3,0.462
0.3,0.457
0.3,0.452
0.297,0.45
0.246,0.447
0.171,0.447
0.191,0.445
0.18,0.445
0.173,0.448
0.158,0.446
0.162,0.447
0.162,0.445
0.161,0.443
0.153,0.443
0.151,0.444
0.15,0.444
0.131,0.445
0.128,0.444
0.124,0.444
0.107,0.445
0.103,0.445
0.099,0.445
0.096,0.445
0.093,0.434
0.096,0.255
0.101,0.176
0.108,0.162
0.122,0.144
0.126,0.149
0.14,0.166
0.159,0.165
0.205,0.173
0.235,0.181
0.24,0.184
0.382,0.184
0.435,0.186
0.48,0.189
0.501,0.189
0.504,0.191
0.517,0.191
0.524,0.192
0.52,0.134
0.508,0.285
0.526,0.396
0.527,0.43
0.518,0.447
0.503,0.541
0.498,0.547
0.497,0.557
0.49,0.563
0.522,0.559
0.549,0.566
0.55,0.565
0.549,0.565
0.529,0.568
0.525,0.569
0.527,0.565
0.253,0.556
0.253,0.549
0.17,0.534
0.194,0.522
0.197,0.367
0.144,0.354
0.131,0.361
0.128,0.327
0.127,0.325
0.116,0.306
0.11,0.302
0.102,0.238
0.099,0.194
0.091,0.247
0.092,0.284
0.098,0.292
0.105,0.297
0.118,0.283
0.12,0.378
0.12,0.406
0.121,0.406
0.146,0.399
0.161,0.431
0.173,0.434
0.207,0.443
0.23,0.445
0.225,0.443
0.223,0.445
0.228,0.447
0.231,0.441
0.231,0.455
0.238,0.456
0.238,0.456
0.24,0.455
0.241,0.455
0.241,0.454
0.233,0.455
0.218,0.454
0.218,0.454
0.219,0.455
0.219,0.456
0.219,0.454
0.219,0.455
0.219,0.454
0.218,0.455
0.21,0.456
0.209,0.452
0.212,0.452
0.215,0.451
0.216,0.453
0.216,0.456
0.216,0.467
0.217,0.465
0.216,0.46
0.216,0.461
0.216,0.465
0.216,0.488
0.216,0.49
0.216,0.512
0.216,0.561
0.216,0.56
0.216,0.559
0.216,0.559
0.216,0.557
0.217,0.557
0.216,0.557
0.216,0.556
0.217,0.556
0.217,0.554
0.216,0.554
0.216,0.555
0.217,0.552
0.216,0.552
0.217,0.552
0.217,0.552
0.159,0.552
0.156,0.552
0.146,0.552
0.16,0.553
0.169,0.553
0.179,0.553
0.173,0.553
0.191,0.553
0.21,0.553
0.246,0.552
0.274,0.551
0.278,0.55
0.279,0.55
0.281,0.55
0.283,0.55
0.283,0.551
0.283,0.552
0.284,0.552
0.284,0.552
0.285,0.553
0.283,0.553
0.245,0.552
0.291,0.553
0.292,0.552
0.32,0.553
0.319,0.552
0.336,0.548
0.336,0.541
0.336,0.541
0.321,0.544
0.341,0.546
0.328,0.546
0.335,0.546
0.337,0.546
0.347,0.545
0.352,0.544
0.355,0.543
0.356,0.543
0.356,0.544
0.353,0.544
0.355,0.544
0.356,0.546
0.355,0.548
0.355,0.548
0.353,0.548
0.351,0.548
0.351,0.548
0.351,0.548
0.348,0.548
0.348,0.547
0.349,0.547
0.348,0.547
0.348,0.547
0.349,0.547
0.349,0.547
0.348,0.547
0.349,0.547
0.349,0.548
0.349,0.547
0.349,0.547
0.349,0.546
0.345,0.545
0.295,0.544
0.289,0.543
0.316,0.544
0.342,0.539
0.158,0.535
0.054,0.531
0.053,0.531
0.071,0.526
0.073,0.526
0.075,0.415
0.075,0.352
0.075,0.337
0.075,0.329
0.077,0.285
0.086,0.243
0.057,0.235
0.121,0.199
0.176,0.234
0.188,0.229
0.24,0.248
0.266,0.249
0.224,0.249
0.319,0.251
0.308,0.251
0.372,0.252
0.385,0.251
0.398,0.244
0.415,0.211
0.458,0.212
0.507,0.231
0.516,0.243
0.515,0.24
0.505,0.241
0.495,0.244
0.492,0.245
0.377,0.245
0.353,0.24
0.36,0.22
0.351,0.186
0.35,0.161
0.37,0.116
0.367,0.166
0.352,0.129
0.34,0.132
0.357,0.108
0.348,0.145
0.368,0.148
0.381,0.165
0.39,0.16
0.424,0.158
0.437,0.163
0.442,0.186
0.444,0.202
0.428,0.341
0.473,0.504
0.507,0.547
0.506,0.546
0.507,0.54
0.511,0.537
