valence,arousal
-0.004,-0.018
-0.004,-0.018
-0.004,-0.018
-0.004,-0.018
-0.003,-0.018
-0.002,-0.019
-0.002,-0.018
-0.002,-0.019
-0.002,-0.018
-0.002,-0.019
-0.002,-0.018
-0.001,-0.014
-0.001,-0.004
0.0,0.0
0.0,0.0
0.0,0.0
0.022,0.0
0.035,0.0
0.067,0.0
0.088,0.0
0.142,0.0
0.16,0.001
0.16,0.002
0.159,0.0
0.159,0.004
0.156,0.004
0.15,0.036
0.149,0.062
0.148,0.058
0.148,0.058
0.15,0.058
0.156,0.064
0.16,0.064
0.171,0.061
0.179,0.046
0.182,0.049
0.183,0.062
0.183,0.044
0.182,-0.002
0.182,0.057
0.181,0.139
0.182,0.174
0.181,0.18
0.182,0.179
0.182,0.176
0.182,0.175
0.182,0.16
0.183,0.163
0.185,0.167
0.191,0.167
0.194,0.168
0.199,0.169
0.204,0.16
0.206,0.075
0.205,0.091
0.205,0.097
0.204,0.109
0.203,0.104
0.199,0.114
0.199,0.098
0.199,0.08
0.2,0.081
0.202,0.086
0.21,0.096
0.274,0.101
0.274,0.111
0.326,0.119
0.347,0.064
0.349,0.16
0.349,0.268
0.349,0.283
0.35,0.292
0.35,0.334
0.369,0.36
0.385,0.379
0.422,0.395
0.431,0.41
0.435,0.418
0.435,0.418
0.435,0.419
0.437,0.418
0.441,0.419
0.45,0.42
0.465,0.42
0.467,0.422
0.466,0.439
0.466,0.45
0.466,0.462
0.469,0.465
0.485,0.464
0.512,0.464
0.522,0.464
0.521,0.465
0.518,0.465
0.509,0.462
0.507,0.454
0.497,0.449
0.491,0.44
0.491,0.439
0.49,0.426
0.487,0.405
0.449,0.354
0.439,0.296
0.419,0.21
0.413,0.221
0.405,0.232
0.39,0.184
0.373,0.216
0.349,0.244
0.332,0.257
0.328,0.265
0.327,0.266
0.331,0.268
0.338,0.268
0.342,0.268
0.343,0.268
0.346,0.268
0.348,0.269
0.35,0.269
0.351,0.274
0.351,0.281
0.351,0.29
0.352,0.296
0.377,0.315
0.377,0.349
0.378,0.355
0.38,0.381
0.379,0.414
0.38,0.43
0.381,0.44
0.382,0.438
0.381,0.439
0.382,0.437
0.382,0.421
0.381,0.415
0.381,0.416
0.381,0.373
0.381,0.342
0.381,0.314
0.381,0.225
0.381,0.205
0.381,0.178
0.381,0.207
0.381,0.186
0.38,0.207
0.381,0.201
0.381,0.195
0.381,0.19
0.381,0.176
0.38,0.161
0.381,0.154
0.381,0.114
0.381,0.148
0.381,0.169
0.381,0.165
0.381,0.171
0.381,0.171
0.381,0.177
0.381,0.183
0.381,0.193
0.381,0.201
0.381,0.202
0.381,0.203
0.381,0.204
0.38,0.205
0.381,0.205
0.38,0.206
0.38,0.206
0.379,0.206
0.379,0.205
0.377,0.202
0.372,0.089
0.366,0.142
0.366,0.137
0.365,0.113
0.365,0.143
0.365,0.122
0.365,0.051
0.365,0.06
0.364,0.03
0.362,0.0
0.346,0.039
0.315,-0.001
0.288,0.072
0.276,0.077
0.255,0.079
0.246,0.067
0.242,0.084
0.241,0.084
0.238,0.09
0.236,0.095
0.233,0.098
0.23,0.098
0.226,0.098
0.222,0.099
0.21,0.099
0.201,0.099
0.171,0.1
0.169,0.101
0.167,0.1
0.165,0.101
0.166,0.101
0.165,0.101
0.165,0.101
0.167,0.101
0.166,0.101
0.164,0.101
0.165,0.101
0.163,0.102
0.165,0.103
0.163,0.102
0.173,0.101
0.182,0.103
0.19,0.103
0.223,0.038
0.251,0.123
0.271,0.155
0.28,0.162
0.285,0.16
0.298,0.164
0.304,0.168
0.303,0.169
0.304,0.169
0.302,0.171
0.3,0.171
0.295,0.163
0.284,0.166
0.281,0.169
0.281,0.165
0.28,0.148
0.281,0.149
0.281,0.15
0.28,0.15
0.28,0.15
0.28,0.15
0.263,0.151
0.257,0.151
0.256,0.151
0.252,0.152
0.247,0.151
0.22,0.135
0.205,-0.004
0.188,0.068
0.18,0.068
0.169,0.076
0.167,0.081
0.158,0.084
0.159,0.094
0.16,0.101
0.163,0.114
0.171,0.097
0.178,0.211
0.178,0.225
0.214,0.229
0.235,0.235
0.283,0.236
0.289,0.236
0.3,0.236
0.306,0.201
0.31,0.27
0.317,0.252
0.32,0.311
0.32,0.323
0.32,0.322
0.319,0.309
0.32,0.303
0.32,0.302
0.319,0.302
0.316,0.294
0.313,0.289
0.31,0.283
0.298,0.278
0.295,0.278
0.295,0.28
0.294,0.278
0.295,0.278
0.294,0.276
0.294,0.261
0.294,0.22
0.294,0.212
0.295,0.148
0.289,0.195
0.28,0.22
0.278,0.25
0.284,0.255
0.289,0.353
0.35,0.405
0.38,0.409
0.407,0.409
0.419,0.41
0.436,0.412
0.438,0.42
0.44,0.43
0.441,0.486
0.443,0.542
0.442,0.556
0.442,0.556
0.442,0.553
0.441,0.55
0.438,0.546
0.432,0.546
0.43,0.545
0.426,0.543
0.423,0.535
0.42,0.531
0.419,0.531
0.41,0.517
0.396,0.514
0.374,0.526
0.363,0.554
0.353,0.6
0.345,0.631
0.335,0.625
0.33,0.607
0.328,0.581
0.326,0.495
0.328,0.455
0.329,0.407
0.338,0.383
0.352,0.362
0.415,0.37
0.453,0.377
0.457,0.398
0.459,0.403
0.467,0.429
0.473,0.432
0.474,0.434
0.474,0.427
0.475,0.426
0.475,0.356
0.475,0.321
0.475,0.229
0.475,0.246
0.474,0.238
0.473,0.229
0.47,0.255
0.467,0.274
0.464,0.28
0.463,0.282
0.445,0.287
0.444,0.287
0.444,0.289
0.445,0.289
0.445,0.289
0.445,0.294
0.444,0.323
0.444,0.358
0.444,0.38
0.444,0.385
0.444,0.386
0.444,0.387
0.444,0.378
0.444,0.369
0.444,0.369
0.444,0.356
0.444,0.313
0.443,0.288
0.444,0.242
0.435,0.238
0.419,0.194
0.408,0.22
0.402,0.219
0.375,0.217
0.358,0.221
0.349,0.227
0.342,0.208
0.343,0.178
0.343,0.204
0.349,0.197
0.351,0.163
0.36,0.131
0.366,0.083
0.366,0.148
0.366,0.215
0.383,0.223
0.389,0.229
0.39,0.289
0.392,0.323
0.394,0.327
0.394,0.326
0.395,0.327
0.394,0.327
0.4,0.336
0.407,0.358
0.413,0.411
0.424,0.467
0.439,0.478
0.443,0.483
0.445,0.484
0.448,0.484
0.448,0.484
0.448,0.484
0.447,0.484
0.447,0.486
0.445,0.487
0.446,0.49
0.446,0.497
0.445,0.524
0.446,0.543
0.447,0.558
0.445,0.568
0.446,0.593
0.446,0.621
0.446,0.664
0.445,0.685
0.445,0.687
0.445,0.689
0.446,0.694
0.447,0.7
0.448,0.704
0.449,0.71
0.451,0.714
0.45,0.714
0.45,0.716
0.454,0.717
0.459,0.717
0.467,0.719
0.475,0.719
0.48,0.715
0.48,0.708
0.479,0.702
0.474,0.695
0.467,0.694
0.449,0.694
0.446,0.686
0.446,0.686
0.446,0.687
0.439,0.687
0.428,0.65
0.424,0.601
0.409,0.573
0.407,0.561
0.39,0.52
0.368,0.489
0.361,0.448
0.351,0.425
0.343,0.409
0.317,0.407
0.297,0.384
0.272,0.377
0.253,0.385
0.246,0.385
0.241,0.388
0.227,0.391
0.225,0.392
0.22,0.389
0.22,0.39
0.211,0.368
0.203,0.367
0.195,0.358
0.184,0.342
0.173,0.321
0.167,0.306
0.164,0.264
0.161,0.24
0.158,0.244
0.155,0.249
0.158,0.226
0.159,0.209
0.158,0.208
0.147,0.222
0.144,0.226
0.14,0.244
0.133,0.27
0.133,0.279
0.132,0.281
0.135,0.317
0.129,0.335
0.131,0.338
0.137,0.37
0.151,0.389
0.148,0.449
0.184,0.477
0.276,0.479
0.306,0.494
0.338,0.544
0.348,0.588
0.387,0.594
0.407,0.594
0.409,0.597
0.411,0.599
0.426,0.598
0.429,0.597
0.429,0.594
0.432,0.59
0.44,0.589
0.471,0.586
0.493,0.584
0.509,0.584
0.51,0.584
0.509,0.586
0.51,0.593
0.509,0.595
0.499,0.607
0.486,0.621
0.484,0.62
0.484,0.6
0.434,0.526
0.395,0.38
0.392,0.296
0.393,0.254
0.394,0.244
0.394,0.255
0.403,0.198
0.409,0.196
0.414,0.193
0.415,0.102
0.372,0.121
0.327,0.135
0.315,0.148
0.285,0.126
0.276,0.085
0.268,0.098
0.274,0.135
0.279,0.157
0.282,0.156
0.287,0.169
0.293,0.178
0.294,0.186
0.295,0.188
0.295,0.189
0.302,0.19
0.306,0.191
0.307,0.191
0.306,0.191
0.307,0.191
0.307,0.192
0.306,0.192
0.307,0.193
0.307,0.193
0.307,0.193
0.306,0.193
0.294,0.193
0.282,0.194
0.283,0.195
0.283,0.195
0.283,0.195
0.285,0.194
0.285,0.195
0.283,0.195
0.253,0.195
0.246,0.195
0.241,0.196
0.239,0.191
0.243,0.186
0.248,0.184
0.258,0.191
0.26,0.192
0.263,0.191
0.265,0.221
0.27,0.243
0.27,0.25
0.27,0.254
0.27,0.251
0.27,0.254
0.27,0.255
0.27,0.257
0.27,0.266
0.27,0.306
0.27,0.324
0.27,0.327
0.265,0.329
0.255,0.331
0.234,0.33
0.236,0.328
0.242,0.371
0.245,0.372
0.254,0.37
0.257,0.37
0.257,0.369
0.259,0.37
0.258,0.367
0.255,0.357
0.25,0.359
0.245,0.36
0.219,0.36
0.212,0.36
0.213,0.355
0.21,0.354
0.205,0.354
0.207,0.355
0.208,0.354
0.207,0.354
0.208,0.354
0.208,0.354
0.206,0.353
0.206,0.354
0.208,0.354
0.207,0.354
0.207,0.355
0.208,0.354
0.205,0.354
0.203,0.355
0.194,0.355
0.184,0.354
0.178,0.355
0.176,0.355
0.18,0.354
0.181,0.348
0.182,0.212
0.196,0.214
0.202,0.077
0.204,0.085
0.205,0.053
0.207,0.14
0.206,0.152
0.207,0.166
0.208,0.084
0.208,0.163
0.208,0.223
0.209,0.245
0.21,0.238
0.199,0.238
0.189,0.277
0.16,0.298
0.136,0.388
0.128,0.411
0.123,0.414
0.122,0.413
0.124,0.411
0.124,0.41
0.125,0.398
0.126,0.397
0.126,0.398
0.126,0.398
0.126,0.398
0.126,0.398
0.127,0.398
0.129,0.388
0.131,0.386
0.132,0.331
0.131,0.203
0.132,0.265
0.132,0.297
0.133,0.306
0.133,0.297
0.135,0.215
0.133,0.25
0.133,0.257
0.134,0.246
0.133,0.257
0.132,0.139
0.132,0.178
0.133,0.167
0.133,0.186
0.132,0.049
0.132,0.081
0.133,0.06
0.133,0.037
0.134,0.081
0.135,0.153
0.134,0.161
0.134,0.165
0.135,0.167
0.135,0.167
0.135,0.168
0.135,0.077
0.134,0.069
0.134,0.112
0.133,0.122
0.131,0.13
0.131,0.135
0.131,0.137
0.131,0.139
0.131,0.131
0.13,0.071
0.129,0.03
0.126,0.026
0.116,0.0
0.087,0.046
0.062,0.047
0.04,0.06
0.005,0.066
0.0,0.067
-0.013,0.078
-0.025,0.079
-0.036,0.082
-0.048,0.08
-0.066,0.011
-0.075,0.062
-0.075,0.045
-0.083,0.0
-0.097,0.026
-0.098,0.035
-0.106,0.053
-0.111,0.054
-0.113,0.055
-0.116,0.08
-0.117,0.083
-0.115,0.086
-0.115,0.086
-0.117,0.086
-0.118,0.089
-0.117,0.09
-0.115,0.098
-0.114,0.075
-0.112,0.078
-0.112,0.079
-0.112,0.09
-0.11,0.092
-0.104,0.092
-0.098,0.094
-0.092,0.096
-0.091,0.096
-0.09,0.098
-0.089,0.099
-0.089,0.1
-0.09,0.102
-0.09,0.099
-0.09,0.0
-0.09,0.095
-0.09,0.107
-0.09,0.129
-0.09,0.127
-0.09,0.125
-0.089,0.128
-0.088,0.129
-0.089,0.129
-0.089,0.128
-0.09,0.131
-0.09,0.129
-0.089,0.129
-0.09,0.129
-0.089,0.131
-0.089,0.131
-0.089,0.13
-0.089,0.131
-0.089,0.132
-0.088,0.137
-0.089,0.139
-0.087,0.141
-0.073,0.14
-0.044,0.14
-0.037,0.139
-0.02,0.139
-0.014,0.139
-0.009,0.139
0.0,0.139
0.0,0.139
0.0,0.139
0.0,0.14
0.0,0.141
0.0,0.14
0.0,0.139
0.002,0.139
0.017,0.141
0.029,0.146
0.079,0.146
0.095,0.146
0.099,0.147
0.107,0.148
0.108,0.148
0.114,0.149
0.124,0.15
0.128,0.15
0.133,0.15
0.156,0.149
0.163,0.14
0.17,0.133
0.193,0.133
0.202,0.137
0.213,0.139
0.216,0.14
0.225,0.144
0.227,0.144
0.231,0.144
0.231,0.14
0.233,0.114
0.255,0.021
0.262,0.203
0.293,0.242
0.308,0.282
0.32,0.283
0.321,0.284
0.327,0.287
0.327,0.285
0.332,0.283
0.334,0.281
0.338,0.278
0.35,0.278
0.367,0.276
0.371,0.276
0.382,0.272
0.388,0.273
0.385,0.255
0.387,0.171
0.383,0.173
0.382,0.135
0.382,0.066
0.381,0.142
0.382,0.139
0.381,0.115
0.381,0.105
0.381,0.108
0.381,0.076
0.38,0.067
0.379,0.022
0.377,0.041
0.377,0.034
0.377,0.075
0.377,0.078
0.379,0.091
0.381,0.09
0.382,0.1
0.379,0.125
0.374,0.129
0.361,0.132
0.361,0.133
0.361,0.135
0.336,0.135
0.317,0.136
0.295,0.137
0.284,0.135
0.274,0.137
0.273,0.137
0.268,0.137
0.26,0.143
0.252,0.146
0.232,0.073
0.224,0.1
0.23,0.164
0.248,0.173
0.251,0.176
0.251,0.214
0.253,0.208
0.253,0.221
0.254,0.225
0.253,0.23
0.254,0.231
0.254,0.229
0.255,0.231
0.255,0.232
0.255,0.231
0.266,0.231
0.286,0.231
0.298,0.235
0.299,0.231
0.299,0.229
0.302,0.242
0.303,0.244
0.303,0.244
0.303,0.243
0.304,0.244
0.304,0.241
0.304,0.248
0.306,0.239
0.306,0.267
0.306,0.264
0.308,0.268
0.307,0.27
0.307,0.271
0.307,0.272
0.306,0.273
0.307,0.273
0.312,0.272
0.319,0.27
0.343,0.228
0.378,0.278
0.398,0.299
0.41,0.28
0.41,0.298
0.411,0.321
0.402,0.327
0.389,0.331
0.388,0.33
0.388,0.33
0.388,0.329
0.389,0.329
0.389,0.329
0.389,0.329
0.392,0.33
0.394,0.33
0.395,0.329
0.398,0.33
0.399,0.33
0.4,0.332
0.402,0.333
0.403,0.332
0.404,0.33
0.404,0.322
0.405,0.344
0.405,0.349
0.405,0.357
0.406,0.385
0.405,0.389
0.405,0.398
0.405,0.403
0.405,0.404
0.406,0.407
0.405,0.408
0.404,0.41
0.402,0.409
0.393,0.41
0.391,0.41
0.39,0.411
0.39,0.41
0.39,0.41
0.39,0.409
0.39,0.41
0.381,0.409
0.377,0.41
0.363,0.411
0.36,0.413
0.36,0.414
0.36,0.413
0.358,0.413
0.359,0.412
0.357,0.411
0.353,0.414
0.338,0.414
0.328,0.415
0.303,0.415
0.285,0.424
0.257,0.426
0.222,0.426
0.212,0.422
0.201,0.402
0.2,0.401
0.201,0.402
0.203,0.33
0.204,0.331
0.201,0.312
0.204,0.18
0.206,0.186
0.218,0.181
0.223,0.195
0.225,0.253
0.225,0.265
0.226,0.28
0.227,0.289
0.227,0.307
0.227,0.377
0.227,0.392
0.227,0.431
0.228,0.433
0.228,0.438
0.228,0.493
0.228,0.527
0.229,0.548
0.229,0.551
0.229,0.554
0.229,0.552
0.229,0.55
0.229,0.548
0.229,0.547
0.229,0.548
0.229,0.548
0.23,0.548
0.23,0.546
0.23,0.527
0.23,0.522
0.23,0.447
0.231,0.433
0.231,0.403
0.231,0.39
0.231,0.371
0.23,0.36
0.231,0.346
0.231,0.299
0.231,0.255
0.231,0.213
0.231,0.223
0.231,0.231
0.231,0.249
0.231,0.261
0.231,0.264
0.231,0.273
0.231,0.274
0.231,0.276
0.231,0.276
0.231,0.276
0.231,0.278
0.231,0.28
0.231,0.28
0.231,0.28
0.231,0.28
0.231,0.279
0.231,0.279
0.231,0.278
0.231,0.279
0.231,0.283
0.231,0.285
0.231,0.288
0.231,0.287
0.231,0.291
0.231,0.291
0.231,0.294
0.231,0.295
0.23,0.295
0.229,0.297
0.228,0.298
0.222,0.3
0.211,0.3
0.184,0.301
0.178,0.301
0.173,0.302
0.171,0.302
0.176,0.302
0.176,0.302
0.169,0.302
0.167,0.302
0.16,0.309
0.154,0.314
0.151,0.327
0.149,0.33
0.147,0.338
0.149,0.343
0.151,0.347
0.153,0.347
0.152,0.349
0.152,0.35
0.162,0.351
0.168,0.351
0.173,0.353
0.177,0.353
0.179,0.352
0.179,0.352
0.179,0.349
0.179,0.346
0.18,0.342
0.179,0.338
0.18,0.338
0.179,0.338
0.18,0.338
0.176,0.338
0.156,0.338
0.133,0.338
0.126,0.338
0.122,0.338
0.119,0.338
0.117,0.234
0.118,0.224
0.12,0.178
0.12,0.193
0.12,0.176
0.121,0.184
0.12,0.19
0.12,0.181
0.118,0.168
0.118,0.194
0.116,0.218
0.111,0.233
0.111,0.239
0.111,0.242
0.113,0.242
0.105,0.251
0.104,0.258
0.103,0.26
0.103,0.259
0.106,0.261
0.107,0.269
0.124,0.269
0.128,0.269
0.128,0.273
0.129,0.275
0.129,0.272
0.129,0.273
0.13,0.274
0.131,0.275
0.131,0.276
0.131,0.277
0.131,0.276
0.131,0.276
0.131,0.276
0.135,0.276
0.14,0.276
0.143,0.276
0.145,0.276
0.151,0.276
0.151,0.276
0.151,0.276
0.151,0.276
0.153,0.277
0.156,0.277
0.163,0.261
0.163,0.256
0.164,0.325
0.164,0.33
0.163,0.373
0.162,0.37
0.161,0.377
0.162,0.389
0.163,0.39
0.161,0.394
0.161,0.398
0.161,0.398
0.161,0.396
0.161,0.396
0.161,0.393
0.161,0.392
0.162,0.392
0.161,0.393
0.162,0.393
0.161,0.393
0.162,0.393
0.161,0.393
0.161,0.392
0.159,0.376
0.16,0.323
0.159,0.31
0.159,0.24
0.159,0.251
0.159,0.257
0.16,0.23
0.158,0.225
0.153,0.243
0.147,0.22
0.137,0.155
0.024,0.194
0.0,0.187
0.0,0.191
0.0,0.175
-0.004,0.193
-0.007,0.171
-0.011,0.209
-0.015,0.201
-0.043,0.202
-0.052,0.191
-0.06,0.182
-0.069,0.148
-0.081,0.193
-0.091,0.218
-0.102,0.233
-0.103,0.242
-0.115,0.242
-0.122,0.354
-0.126,0.435
-0.128,0.438
-0.131,0.44
-0.137,0.442
-0.142,0.442
-0.151,0.443
-0.157,0.443
-0.162,0.443
-0.179,0.444
-0.183,0.445
-0.19,0.445
-0.196,0.444
-0.209,0.439
-0.216,0.429
-0.218,0.424
-0.213,0.422
-0.213,0.422
-0.211,0.421
-0.209,0.407
-0.204,0.406
-0.203,0.405
-0.195,0.405
-0.192,0.398
-0.11,0.381
-0.073,0.375
-0.023,0.378
-0.013,0.382
0.0,0.383
0.0,0.384
0.022,0.351
0.077,0.341
0.101,0.357
0.137,0.376
0.154,0.396
0.182,0.396
0.183,0.428
0.184,0.471
0.192,0.494
0.191,0.497
0.19,0.509
0.189,0.522
0.189,0.521
0.189,0.524
0.189,0.524
0.188,0.525
0.188,0.522
0.189,0.522
0.188,0.52
0.187,0.518
0.187,0.517
0.187,0.514
0.186,0.512
0.186,0.509
0.186,0.506
0.185,0.498
0.184,0.493
0.184,0.49
0.182,0.49
0.179,0.49
0.177,0.49
0.175,0.49
0.175,0.49
0.176,0.49
0.173,0.49
0.173,0.49
0.173,0.49
0.173,0.491
0.173,0.49
0.174,0.49
0.173,0.491
0.173,0.491
0.173,0.491
0.173,0.49
0.173,0.49
0.171,0.486
0.17,0.473
0.17,0.469
0.169,0.462
0.17,0.456
0.169,0.413
0.169,0.403
0.171,0.377
0.19,0.368
0.201,0.367
0.226,0.355
0.231,0.353
0.229,0.347
0.227,0.308
0.228,0.327
0.228,0.308
0.229,0.315
0.229,0.288
0.227,0.22
0.225,0.208
0.221,0.208
0.213,0.16
0.21,0.158
0.2,0.182
0.2,0.176
0.2,0.184
0.185,0.106
0.18,0.131
0.144,0.094
0.136,0.038
0.129,0.043
0.13,0.081
0.131,0.126
0.138,0.138
0.14,0.151
0.143,0.038
0.144,0.0
0.146,0.088
0.146,0.079
0.145,0.113
0.144,0.111
0.144,0.091
0.145,0.111
0.146,0.12
0.146,0.13
0.146,0.144
0.147,0.144
0.148,0.161
0.147,0.158
0.146,0.141
0.142,0.158
0.141,0.158
0.103,0.164
0.096,0.169
0.095,0.168
0.094,0.175
0.096,0.178
0.096,0.178
0.1,0.18
0.106,0.18
0.109,0.181
0.115,0.181
0.116,0.182
0.118,0.184
0.118,0.184
0.119,0.184
0.12,0.183
0.12,0.184
0.12,0.186
0.121,0.186
0.128,0.186
0.157,0.186
0.169,0.185
0.183,0.186
0.193,0.186
0.207,0.186
0.21,0.187
0.214,0.189
0.218,0.188
0.218,0.193
0.221,0.196
0.222,0.199
0.221,0.201
0.223,0.201
0.222,0.202
0.225,0.203
0.225,0.203
0.224,0.204
0.225,0.204
0.225,0.204
0.225,0.204
0.226,0.203
0.227,0.208
0.223,0.213
0.223,0.216
0.234,0.22
0.238,0.221
0.237,0.225
0.239,0.191
0.242,0.197
0.238,0.224
0.235,0.223
0.228,0.236
0.224,0.222
0.225,0.244
0.225,0.242
0.225,0.242
0.225,0.252
0.225,0.266
0.225,0.266
0.225,0.269
0.225,0.271
0.225,0.274
0.225,0.274
0.225,0.274
0.225,0.277
0.225,0.277
0.226,0.27
0.225,0.281
0.225,0.293
0.224,0.331
0.224,0.344
0.223,0.344
0.222,0.347
0.221,0.346
0.221,0.342
0.221,0.334
0.223,0.333
0.221,0.334
0.22,0.333
0.221,0.334
0.223,0.332
0.226,0.325
0.24,0.311
0.246,0.307
0.25,0.305
0.244,0.302
0.234,0.302
0.22,0.257
0.22,0.246
0.218,0.191
0.216,0.169
0.216,0.184
0.218,0.203
0.218,0.167
0.219,0.18
0.218,0.113
0.218,0.122
0.219,0.133
0.218,0.109
0.218,0.105
0.219,0.116
0.219,0.146
0.219,0.161
0.218,0.161
0.219,0.12
0.218,0.157
0.218,0.133
0.218,0.158
0.218,0.17
0.219,0.182
0.219,0.18
0.219,0.165
0.218,0.186
0.218,0.186
0.211,0.189
0.197,0.197
0.191,0.198
0.183,0.201
0.178,0.203
0.179,0.203
0.183,0.203
0.182,0.203
0.174,0.201
0.166,0.201
0.147,0.203
0.124,0.204
0.109,0.206
0.098,0.208
0.096,0.208
0.089,0.21
0.088,0.21
0.086,0.21
0.086,0.212
0.086,0.213
0.079,0.213
0.075,0.213
0.071,0.213
0.056,0.214
0.053,0.214
0.052,0.215
0.052,0.215
0.051,0.216
0.055,0.216
0.056,0.216
0.059,0.216
0.058,0.216
0.06,0.216
0.06,0.218
0.062,0.218
0.062,0.218
0.062,0.216
0.062,0.218
0.062,0.218
0.063,0.218
0.065,0.217
0.066,0.218
0.068,0.218
0.073,0.215
0.075,0.213
0.076,0.21
0.105,0.18
0.114,0.139
0.119,0.121
0.119,0.154
0.118,0.151
0.114,0.152
0.112,0.157
0.108,0.171
0.108,0.167
0.103,0.171
0.103,0.18
0.103,0.173
0.103,0.175
0.103,0.173
0.103,0.16
0.103,0.161
0.103,0.156
0.103,0.175
0.103,0.175
0.103,0.184
0.103,0.188
0.103,0.191
0.103,0.194
0.103,0.199
0.103,0.199
0.103,0.201
0.103,0.212
0.103,0.218
0.103,0.224
0.103,0.23
0.103,0.233
0.103,0.238
0.103,0.238
0.103,0.24
0.103,0.248
0.103,0.27
0.106,0.325
0.114,0.332
0.12,0.341
0.121,0.34
0.141,0.341
0.139,0.341
0.142,0.341
0.143,0.339
0.142,0.333
0.141,0.332
0.148,0.328
0.16,0.328
0.161,0.328
0.164,0.328
0.173,0.328
0.176,0.328
0.177,0.328
0.178,0.33
0.178,0.333
0.183,0.334
0.182,0.334
0.183,0.339
0.182,0.342
0.182,0.354
0.18,0.36
0.178,0.374
0.178,0.406
0.176,0.411
0.176,0.419
0.177,0.422
0.178,0.424
0.177,0.422
0.178,0.424
0.177,0.425
0.177,0.424
0.177,0.426
0.178,0.428
0.177,0.432
0.176,0.436
0.178,0.443
0.176,0.445
0.177,0.447
0.177,0.443
0.177,0.449
0.178,0.449
0.177,0.451
0.178,0.453
0.178,0.452
0.178,0.453
0.18,0.454
0.181,0.49
0.199,0.531
0.208,0.575
0.24,0.584
0.248,0.584
0.256,0.583
0.255,0.578
0.255,0.574
0.254,0.563
0.251,0.556
0.249,0.556
0.246,0.552
0.245,0.494
0.242,0.443
0.24,0.417
0.238,0.41
0.238,0.419
0.239,0.432
0.241,0.443
0.245,0.445
0.258,0.456
0.273,0.474
0.277,0.479
0.28,0.489
0.279,0.493
0.278,0.5
0.295,0.502
0.297,0.526
0.297,0.554
0.297,0.565
0.297,0.58
0.297,0.603
0.293,0.604
0.291,0.611
0.286,0.615
0.283,0.619
0.281,0.619
0.281,0.63
0.28,0.637
0.279,0.649
0.276,0.664
0.274,0.682
0.274,0.691
0.274,0.702
0.274,0.713
0.274,0.723
0.272,0.722
0.236,0.726
0.223,0.726
0.226,0.726
0.214,0.726
0.201,0.725
0.192,0.719
0.193,0.713
0.189,0.695
0.19,0.686
0.186,0.647
0.19,0.63
0.19,0.591
0.193,0.566
0.195,0.56
0.195,0.551
0.195,0.537
0.19,0.539
0.182,0.54
0.156,0.541
0.162,0.54
0.156,0.542
0.161,0.543
0.162,0.542
0.163,0.546
0.165,0.548
0.169,0.552
0.173,0.563
0.173,0.569
0.173,0.569
0.174,0.571
0.174,0.571
0.174,0.572
0.175,0.574
0.175,0.573
0.175,0.573
0.176,0.576
0.176,0.57
0.176,0.575
0.175,0.576
0.175,0.576
0.174,0.576
0.173,0.576
0.172,0.575
0.171,0.575
0.17,0.576
0.17,0.575
0.169,0.576
0.17,0.575
0.17,0.575
0.17,0.575
0.169,0.574
0.165,0.575
0.15,0.575
0.133,0.575
0.131,0.575
0.122,0.575
0.116,0.575
0.111,0.576
0.108,0.575
0.108,0.575
0.113,0.576
0.113,0.576
0.114,0.576
0.114,0.578
0.115,0.596
0.116,0.636
0.12,0.644
0.125,0.644
0.135,0.644
0.135,0.644
0.136,0.643
0.137,0.638
0.137,0.635
0.137,0.634
0.138,0.633
0.138,0.633
0.138,0.633
0.138,0.633
0.139,0.631
0.139,0.624
0.139,0.616
0.139,0.616
0.139,0.615
0.139,0.586
0.139,0.552
0.139,0.54
0.139,0.535
0.139,0.525
0.148,0.518
0.15,0.505
0.15,0.502
0.15,0.487
0.15,0.488
0.148,0.488
0.148,0.491
0.147,0.493
0.147,0.494
0.147,0.495
0.146,0.496
0.146,0.497
0.146,0.497
0.146,0.498
0.146,0.499
0.148,0.499
0.152,0.503
0.16,0.504
0.163,0.507
0.178,0.509
0.181,0.509
0.18,0.51
0.18,0.509
0.178,0.51
0.178,0.511
0.177,0.516
0.175,0.52
0.173,0.526
0.173,0.526
0.172,0.527
0.172,0.527
0.171,0.518
0.171,0.445
0.171,0.394
0.169,0.373
0.166,0.375
0.165,0.369
0.166,0.362
0.165,0.366
0.165,0.375
0.166,0.375
0.165,0.375
0.164,0.373
0.163,0.374
0.163,0.362
0.163,0.341
0.163,0.353
0.162,0.351
0.163,0.337
0.163,0.328
0.163,0.319
0.163,0.316
0.163,0.319
0.163,0.303
0.163,0.313
0.162,0.283
0.163,0.299
0.163,0.299
0.164,0.247
0.165,0.269
0.164,0.278
0.163,0.231
0.164,0.197
0.163,0.216
0.167,0.261
0.172,0.302
0.173,0.314
0.171,0.323
0.115,0.385
0.024,0.401
-0.111,0.419
-0.138,0.421
-0.167,0.421
-0.181,0.42
-0.208,0.42
-0.223,0.42
-0.231,0.42
-0.287,0.423
-0.332,0.421
-0.345,0.42
-0.372,0.422
-0.385,0.424
-0.395,0.424
-0.405,0.444
-0.41,0.448
-0.416,0.516
-0.416,0.524
-0.418,0.526
-0.418,0.527
-0.417,0.529
-0.419,0.533
-0.421,0.537
-0.42,0.55
-0.425,0.567
-0.421,0.569
-0.414,0.568
-0.409,0.568
-0.395,0.57
-0.393,0.567
-0.393,0.567
-0.393,0.566
-0.393,0.567
-0.393,0.563
-0.392,0.562
-0.361,0.559
-0.313,0.556
-0.305,0.554
-0.316,0.553
-0.32,0.553
-0.324,0.552
-0.332,0.552
-0.333,0.55
-0.333,0.55
-0.333,0.551
-0.333,0.55
-0.354,0.55
-0.376,0.548
-0.382,0.548
-0.383,0.548
-0.383,0.548
-0.382,0.547
-0.379,0.546
-0.359,0.546
-0.354,0.539
-0.349,0.538
-0.304,0.537
-0.278,0.538
-0.187,0.538
-0.15,0.534
-0.127,0.526
-0.057,0.512
-0.044,0.508
-0.024,0.503
-0.005,0.48
0.0,0.47
0.022,0.456
0.043,0.45
0.06,0.435
0.067,0.42
0.079,0.403
0.09,0.394
0.094,0.393
0.11,0.397
0.116,0.398
0.116,0.409
0.118,0.407
0.118,0.407
0.118,0.406
0.117,0.409
0.118,0.41
0.118,0.399
0.118,0.388
0.118,0.392
0.118,0.387
0.118,0.378
0.117,0.374
0.118,0.359
0.118,0.355
0.119,0.304
0.122,0.315
0.122,0.319
0.122,0.3
0.135,0.259
0.147,0.218
0.154,0.228
0.154,0.25
0.151,0.254
0.147,0.263
0.143,0.291
0.135,0.302
0.127,0.314
0.125,0.343
0.124,0.364
0.129,0.393
0.163,0.398
0.171,0.407
0.169,0.409
0.17,0.409
0.169,0.43
0.17,0.465
0.171,0.522
0.168,0.531
0.176,0.532
0.171,0.533
0.171,0.532
0.183,0.533
0.186,0.533
0.188,0.533
0.194,0.534
0.193,0.534
0.205,0.533
0.215,0.533
0.218,0.531
0.246,0.528
0.251,0.528
0.252,0.527
0.251,0.529
0.255,0.528
0.253,0.528
0.255,0.528
0.255,0.526
0.253,0.526
0.253,0.526
0.253,0.526
0.253,0.526
0.252,0.526
0.253,0.526
0.252,0.526
0.252,0.526
0.252,0.526
0.252,0.526
0.252,0.526
0.252,0.525
0.253,0.522
0.253,0.519
0.253,0.502
0.253,0.501
0.253,0.479
0.253,0.471
0.253,0.443
0.254,0.448
0.253,0.445
0.254,0.443
0.254,0.421
0.253,0.424
0.255,0.441
0.257,0.444
0.258,0.47
0.259,0.471
0.258,0.484
0.258,0.531
0.259,0.544
0.257,0.554
0.255,0.554
0.255,0.554
0.248,0.553
0.231,0.552
0.227,0.551
0.227,0.549
0.227,0.541
0.227,0.531
0.227,0.529
0.227,0.53
0.226,0.52
0.224,0.514
0.221,0.504
0.22,0.507
0.215,0.499
0.212,0.495
0.206,0.497
0.205,0.497
0.203,0.497
0.193,0.499
0.19,0.499
0.182,0.499
0.177,0.499
0.176,0.499
0.165,0.499
0.168,0.499
0.168,0.499
0.165,0.499
0.162,0.499
0.165,0.499
0.163,0.499
0.163,0.5
0.161,0.499
0.159,0.5
0.161,0.502
0.162,0.5
0.164,0.5
0.17,0.5
0.18,0.5
0.184,0.499
0.185,0.499
0.182,0.499
0.181,0.418
0.178,0.378
0.177,0.319
0.178,0.344
0.18,0.347
0.185,0.343
0.184,0.345
0.208,0.352
0.214,0.351
0.22,0.353
0.221,0.353
0.22,0.355
0.216,0.359
0.21,0.366
0.206,0.367
0.194,0.368
0.194,0.369
0.194,0.368
0.194,0.369
0.194,0.37
0.194,0.37
0.195,0.37
0.194,0.364
0.194,0.306
0.193,0.303
0.194,0.257
0.194,0.229
0.195,0.21
0.195,0.25
0.194,0.276
0.194,0.287
0.194,0.301
0.195,0.302
0.195,0.306
0.195,0.306
0.195,0.323
0.194,0.348
0.194,0.358
0.194,0.362
0.195,0.365
0.195,0.37
0.195,0.372
0.195,0.371
0.195,0.373
0.195,0.372
0.195,0.37
0.195,0.367
0.195,0.358
0.195,0.358
0.195,0.357
0.195,0.349
0.195,0.306
0.195,0.298
0.195,0.298
0.195,0.313
0.195,0.31
0.195,0.317
0.195,0.315
0.195,0.319
0.195,0.32
0.195,0.317
0.195,0.311
0.195,0.166
0.195,0.21
0.195,0.205
0.195,0.188
0.195,0.195
0.195,0.189
0.195,0.186
0.195,0.195
0.195,0.179
0.195,0.15
0.195,0.097
0.195,0.097
0.194,0.019
0.196,0.098
0.222,0.107
0.23,0.11
0.235,0.114
0.235,0.112
0.221,0.137
0.211,0.139
0.211,0.151
0.208,0.159
0.206,0.156
0.208,0.152
0.207,0.153
0.206,0.077
0.207,0.066
0.207,0.026
0.207,0.014
0.207,0.032
0.207,0.02
0.206,0.094
0.207,0.098
0.207,0.058
0.207,0.067
0.207,0.047
0.207,0.072
0.207,0.065
0.207,0.101
0.207,0.106
0.207,0.118
0.207,0.12
0.208,0.126
0.207,0.135
0.207,0.148
0.207,0.148
0.207,0.151
0.207,0.152
0.207,0.153
0.207,0.154
0.207,0.071
0.208,0.092
0.207,0.16
0.207,0.236
0.208,0.246
0.207,0.25
0.208,0.257
0.207,0.262
0.208,0.262
0.207,0.264
0.21,0.257
0.219,0.261
0.231,0.299
0.241,0.313
0.238,0.369
0.24,0.408
0.242,0.416
0.243,0.428
0.239,0.432
0.25,0.435
0.31,0.447
0.328,0.457
0.34,0.477
0.344,0.485
0.346,0.49
0.346,0.495
0.347,0.499
0.346,0.497
0.346,0.5
0.345,0.499
0.345,0.501
0.345,0.501
0.346,0.501
0.346,0.503
0.346,0.507
0.347,0.509
0.343,0.511
0.34,0.508
0.334,0.507
0.33,0.506
0.329,0.504
0.327,0.503
0.327,0.503
0.328,0.497
0.33,0.495
0.333,0.488
0.336,0.48
0.345,0.475
0.357,0.474
0.364,0.473
0.37,0.473
0.374,0.474
0.372,0.465
0.375,0.447
0.379,0.377
0.379,0.342
0.381,0.294
0.377,0.308
0.377,0.264
0.366,0.161
0.354,0.2
0.354,0.184
0.355,0.136
0.353,0.137
0.354,0.137
0.355,0.155
0.354,0.138
0.354,0.161
0.354,0.103
0.354,0.135
0.354,0.054
0.345,0.109
0.298,0.112
0.276,0.169
0.24,0.153
0.199,0.0
0.197,0.046
0.203,0.04
0.205,0.107
0.205,0.115
0.206,0.14
0.207,0.148
0.201,0.157
0.186,0.166
0.174,0.178
0.186,0.186
0.188,0.188
0.19,0.191
0.192,0.193
0.193,0.193
0.194,0.193
0.193,0.194
0.189,0.192
0.174,0.193
0.186,0.206
0.193,0.212
0.192,0.246
0.191,0.261
0.191,0.265
0.191,0.268
0.194,0.268
0.192,0.269
0.193,0.266
0.191,0.269
0.195,0.269
0.197,0.285
0.199,0.283
0.2,0.289
0.199,0.287
0.199,0.292
0.199,0.292
0.199,0.29
0.198,0.294
0.197,0.29
0.197,0.291
0.197,0.295
0.198,0.296
0.198,0.299
0.199,0.297
0.199,0.297
0.199,0.297
0.199,0.299
0.199,0.299
0.199,0.299
0.2,0.3
0.199,0.3
0.199,0.298
0.201,0.285
0.205,0.295
0.208,0.309
0.21,0.31
0.21,0.312
0.21,0.313
0.211,0.315
0.21,0.313
0.21,0.314
0.21,0.314
0.212,0.315
0.215,0.313
0.214,0.313
0.216,0.313
0.216,0.313
0.217,0.313
0.218,0.313
0.218,0.313
0.218,0.313
0.218,0.314
0.218,0.314
0.218,0.315
0.218,0.315
0.218,0.317
0.244,0.316
0.247,0.319
0.251,0.316
0.254,0.315
0.252,0.327
0.253,0.324
0.257,0.321
0.255,0.321
0.259,0.322
0.295,0.318
0.319,0.343
0.329,0.409
0.349,0.449
0.36,0.527
0.364,0.535
0.374,0.533
0.381,0.533
0.387,0.533
0.411,0.533
0.459,0.533
0.505,0.533
0.523,0.533
0.527,0.534
0.537,0.537
0.55,0.538
0.549,0.543
0.547,0.556
0.548,0.578
0.548,0.588
0.546,0.592
0.546,0.589
0.545,0.57
0.543,0.565
0.537,0.522
0.536,0.432
0.535,0.405
0.531,0.384
0.517,0.379
0.517,0.364
0.518,0.338
0.517,0.315
0.518,0.315
0.517,0.328
0.518,0.334
0.517,0.345
0.516,0.352
0.516,0.374
0.514,0.381
0.514,0.395
0.51,0.397
0.509,0.398
0.509,0.398
0.509,0.401
0.509,0.411
0.509,0.411
0.509,0.413
0.509,0.414
0.509,0.417
0.509,0.417
0.509,0.418
0.509,0.417
0.509,0.417
0.51,0.416
0.509,0.417
0.509,0.417
0.509,0.416
0.509,0.416
0.509,0.415
0.509,0.414
0.509,0.41
0.509,0.406
0.509,0.405
0.509,0.404
0.51,0.404
0.509,0.4
0.509,0.392
0.509,0.382
0.509,0.375
0.508,0.368
0.509,0.337
0.509,0.315
0.509,0.326
0.509,0.332
0.509,0.321
0.509,0.326
0.51,0.304
0.51,0.32
0.509,0.315
0.51,0.304
0.51,0.321
0.51,0.317
0.509,0.321
0.509,0.323
0.509,0.321
0.509,0.325
0.509,0.325
0.508,0.325
0.507,0.323
0.508,0.321
0.505,0.295
0.501,0.299
0.492,0.274
0.419,0.195
0.415,0.176
0.414,0.21
0.415,0.23
0.411,0.169
0.405,0.195
0.398,0.189
0.391,0.179
0.392,0.226
0.394,0.242
0.371,0.23
0.369,0.239
0.348,0.238
0.32,0.246
0.306,0.248
0.275,0.248
0.274,0.244
0.274,0.258
0.27,0.257
0.255,0.255
0.257,0.255
0.246,0.252
0.245,0.229
0.248,0.137
0.244,0.146
0.25,0.163
0.25,0.185
0.255,0.205
0.255,0.214
0.256,0.229
0.255,0.243
0.257,0.251
0.258,0.187
0.251,0.3
0.242,0.378
0.236,0.393
0.226,0.413
0.212,0.428
0.21,0.441
0.214,0.462
0.212,0.477
0.214,0.484
0.217,0.485
0.219,0.489
0.226,0.488
0.231,0.488
0.238,0.483
0.241,0.468
0.241,0.45
0.263,0.373
0.272,0.33
0.276,0.334
0.276,0.298
0.269,0.196
0.265,0.227
0.265,0.184
0.265,0.185
0.264,0.174
0.24,0.171
0.205,0.174
0.183,0.191
0.178,0.163
0.175,0.161
0.17,0.169
0.178,0.187
0.182,0.205
0.176,0.207
0.173,0.208
0.171,0.214
0.165,0.221
0.165,0.223
0.167,0.228
0.165,0.228
0.146,0.225
0.154,0.209
0.137,0.208
0.141,0.122
0.143,0.075
0.144,0.129
0.154,0.152
0.156,0.16
0.161,0.173
0.162,0.192
0.166,0.197
0.168,0.197
0.17,0.194
0.172,0.196
0.173,0.196
0.173,0.193
0.173,0.109
0.174,0.119
0.178,0.133
0.23,0.164
0.253,0.14
0.255,0.166
0.246,0.175
0.236,0.189
0.236,0.203
0.236,0.212
0.236,0.215
0.236,0.297
0.236,0.349
0.236,0.372
0.251,0.415
0.267,0.419
0.265,0.422
0.249,0.435
0.248,0.441
0.248,0.443
0.247,0.444
0.323,0.448
0.385,0.449
0.388,0.45
0.385,0.449
0.386,0.479
0.387,0.501
0.398,0.528
0.422,0.579
0.514,0.584
0.55,0.588
0.553,0.591
0.556,0.593
0.546,0.594
0.533,0.603
0.53,0.627
0.52,0.663
0.507,0.708
0.475,0.722
0.467,0.723
0.471,0.721
0.473,0.719
0.473,0.711
0.454,0.691
0.421,0.69
0.407,0.691
0.387,0.691
0.398,0.69
0.394,0.69
0.387,0.69
0.379,0.69
0.372,0.666
0.372,0.624
0.377,0.61
0.375,0.59
0.382,0.584
0.377,0.563
0.379,0.535
0.382,0.522
0.396,0.51
0.402,0.513
0.402,0.513
0.41,0.526
0.413,0.535
0.413,0.542
0.413,0.542
0.413,0.549
0.418,0.559
0.427,0.565
0.475,0.571
0.541,0.577
0.582,0.578
0.591,0.575
0.595,0.574
0.6,0.572
0.603,0.571
0.61,0.559
0.616,0.559
0.621,0.558
0.626,0.558
0.64,0.558
0.646,0.558
0.648,0.56
0.648,0.56
0.647,0.563
0.647,0.584
0.647,0.617
0.646,0.644
0.646,0.696
0.646,0.718
0.646,0.705
0.646,0.689
0.643,0.686
0.635,0.686
0.626,0.687
0.623,0.687
0.621,0.687
0.621,0.687
0.62,0.687
0.621,0.687
0.619,0.687
0.621,0.686
0.62,0.687
0.616,0.693
0.616,0.694
0.617,0.696
0.617,0.697
0.617,0.69
0.616,0.689
0.617,0.689
0.616,0.69
0.617,0.689
0.616,0.69
0.617,0.713
0.616,0.756
0.617,0.766
0.621,0.766
0.623,0.763
0.625,0.766
0.626,0.766
0.627,0.769
0.633,0.77
0.651,0.768
0.67,0.768
0.695,0.765
0.698,0.764
0.701,0.763
0.703,0.762
0.704,0.76
0.705,0.759
0.703,0.758
0.704,0.758
0.703,0.758
0.703,0.758
0.702,0.758
0.702,0.758
0.702,0.758
0.699,0.755
0.696,0.753
0.681,0.752
0.661,0.751
0.589,0.749
0.558,0.75
0.533,0.749
0.437,0.749
0.413,0.749
0.407,0.743
0.385,0.737
0.38,0.737
0.362,0.736
0.36,0.737
0.357,0.737
0.353,0.73
0.33,0.73
0.328,0.731
0.313,0.731
0.313,0.729
0.281,0.726
0.263,0.715
0.261,0.696
0.255,0.653
0.251,0.62
0.251,0.591
0.255,0.576
0.259,0.561
0.262,0.533
0.263,0.49
0.269,0.438
0.271,0.404
0.272,0.375
0.272,0.349
0.272,0.308
0.274,0.302
0.274,0.246
0.275,0.205
0.274,0.175
0.274,0.156
0.274,0.15
0.274,0.169
0.274,0.126
0.274,0.06
0.274,0.056
0.274,0.079
0.274,0.081
0.274,0.085
0.274,0.117
0.274,0.096
0.275,0.161
0.276,0.182
0.276,0.179
0.276,0.186
0.276,0.215
0.276,0.255
0.276,0.297
0.276,0.313
0.276,0.349
0.276,0.371
0.276,0.368
0.276,0.369
0.277,0.372
0.276,0.372
0.276,0.374
0.277,0.374
0.277,0.374
0.278,0.374
0.277,0.374
0.277,0.373
0.277,0.372
0.276,0.372
0.277,0.372
0.276,0.371
0.276,0.368
0.273,0.357
0.273,0.356
0.274,0.355
0.273,0.355
0.274,0.355
0.274,0.354
0.274,0.355
0.273,0.357
0.274,0.356
0.274,0.357
0.274,0.357
0.274,0.357
0.273,0.357
0.272,0.357
0.273,0.357
0.267,0.357
0.263,0.357
0.253,0.357
0.247,0.357
0.248,0.357
0.251,0.357
0.251,0.355
0.253,0.353
0.256,0.353
0.26,0.354
0.266,0.354
0.27,0.353
0.27,0.353
0.272,0.354
0.274,0.353
0.274,0.353
0.274,0.354
0.276,0.353
0.275,0.354
0.276,0.354
0.276,0.354
0.276,0.353
0.277,0.355
0.276,0.357
0.277,0.378
0.276,0.385
0.277,0.394
0.28,0.403
0.28,0.408
0.281,0.42
0.282,0.419
0.283,0.424
0.282,0.416
0.283,0.442
0.284,0.456
0.285,0.509
0.297,0.56
0.314,0.577
0.326,0.58
0.337,0.588
0.34,0.593
0.338,0.606
0.34,0.637
0.341,0.651
0.349,0.674
0.358,0.676
0.407,0.674
0.469,0.672
0.486,0.657
0.487,0.648
0.484,0.647
0.459,0.648
0.457,0.648
0.456,0.648
0.45,0.648
0.441,0.648
0.437,0.648
0.437,0.648
0.432,0.648
0.392,0.648
0.362,0.586
0.327,0.569
0.323,0.579
0.322,0.581
0.324,0.584
0.331,0.591
0.345,0.595
0.347,0.601
0.36,0.604
0.379,0.604
0.39,0.604
0.395,0.604
0.396,0.604
0.405,0.605
0.432,0.604
0.443,0.604
0.49,0.604
0.523,0.604
0.529,0.605
0.526,0.609
0.524,0.608
0.52,0.609
0.52,0.609
0.52,0.609
0.521,0.609
0.522,0.609
0.525,0.609
0.525,0.609
0.526,0.608
0.525,0.609
0.525,0.609
0.522,0.609
0.515,0.609
0.5,0.61
0.498,0.609
0.499,0.609
0.499,0.609
0.494,0.61
0.483,0.609
0.448,0.609
0.411,0.61
0.381,0.61
0.36,0.609
0.338,0.609
0.318,0.609
0.319,0.608
0.313,0.609
0.314,0.609
0.317,0.609
0.32,0.609
0.322,0.609
0.323,0.619
0.32,0.675
0.302,0.752
0.265,0.767
0.265,0.768
0.255,0.76
0.263,0.746
0.275,0.739
0.278,0.738
0.285,0.739
0.288,0.738
0.298,0.739
0.301,0.739
0.302,0.739
0.302,0.74
0.298,0.739
0.292,0.738
0.289,0.74
0.28,0.739
0.278,0.739
0.278,0.73
0.28,0.723
0.277,0.718
0.267,0.715
0.253,0.711
0.25,0.696
0.257,0.679
0.249,0.67
0.24,0.647
0.246,0.625
0.252,0.623
0.253,0.617
0.257,0.614
0.258,0.613
0.257,0.602
0.255,0.595
0.257,0.588
0.256,0.579
0.258,0.572
0.261,0.557
0.259,0.555
0.261,0.524
0.261,0.515
0.261,0.488
0.262,0.469
0.263,0.462
0.263,0.439
0.265,0.424
0.266,0.419
0.267,0.404
0.267,0.411
0.266,0.403
0.268,0.398
0.267,0.386
0.266,0.364
0.269,0.345
0.27,0.31
0.271,0.31
0.272,0.33
0.272,0.347
0.273,0.355
0.274,0.368
0.274,0.369
0.275,0.371
0.275,0.383
0.274,0.402
0.275,0.42
0.275,0.424
0.274,0.428
0.273,0.427
0.273,0.43
0.275,0.431
0.273,0.432
0.273,0.43
0.276,0.43
0.278,0.43
0.278,0.43
0.278,0.432
0.278,0.434
0.28,0.457
0.278,0.516
0.278,0.533
0.274,0.533
0.257,0.535
0.246,0.537
0.244,0.538
0.248,0.538
0.257,0.537
0.27,0.537
0.272,0.535
0.274,0.528
0.307,0.526
0.332,0.526
0.335,0.525
0.334,0.526
0.336,0.527
0.334,0.529
0.353,0.527
0.393,0.524
0.442,0.497
0.458,0.417
0.46,0.374
0.458,0.372
0.458,0.378
0.456,0.385
0.452,0.385
0.453,0.386
0.454,0.385
0.467,0.384
0.488,0.385
0.528,0.384
0.539,0.385
0.531,0.385
0.529,0.385
0.526,0.385
0.514,0.381
0.511,0.362
0.497,0.355
0.456,0.356
0.44,0.364
0.381,0.364
0.364,0.357
0.318,0.352
0.327,0.35
0.312,0.353
0.305,0.353
0.292,0.358
0.283,0.368
0.257,0.372
0.258,0.382
0.247,0.385
0.259,0.42
0.242,0.448
0.22,0.472
0.169,0.481
0.147,0.48
0.124,0.482
0.068,0.482
0.03,0.484
0.0,0.494
-0.042,0.506
-0.083,0.533
-0.116,0.577
-0.148,0.584
-0.192,0.584
-0.237,0.584
-0.267,0.585
-0.327,0.585
-0.369,0.585
-0.399,0.588
-0.413,0.589
-0.416,0.591
-0.423,0.593
-0.431,0.593
-0.434,0.593
-0.442,0.595
-0.441,0.594
-0.44,0.593
-0.438,0.593
-0.435,0.593
-0.428,0.594
-0.424,0.593
-0.411,0.602
-0.366,0.616
-0.352,0.628
-0.355,0.627
-0.357,0.628
-0.373,0.631
-0.375,0.63
-0.376,0.631
-0.377,0.633
-0.377,0.636
-0.377,0.639
-0.378,0.638
-0.379,0.634
-0.378,0.636
-0.377,0.636
-0.378,0.636
-0.378,0.636
-0.378,0.631
-0.379,0.63
-0.378,0.628
-0.378,0.628
-0.378,0.627
-0.378,0.627
-0.378,0.628
-0.378,0.632
-0.378,0.633
-0.378,0.633
-0.378,0.633
-0.378,0.632
-0.378,0.629
-0.378,0.629
-0.378,0.629
-0.378,0.629
-0.379,0.629
-0.378,0.63
-0.378,0.63
-0.378,0.631
-0.378,0.629
-0.378,0.629
-0.377,0.629
-0.378,0.63
-0.378,0.629
-0.378,0.629
-0.378,0.63
-0.378,0.629
-0.378,0.629
-0.378,0.628
-0.377,0.627
-0.378,0.627
-0.378,0.628
-0.378,0.627
-0.378,0.627
-0.378,0.627
-0.378,0.628
-0.379,0.633
-0.378,0.633
-0.378,0.634
-0.377,0.638
-0.373,0.644
-0.355,0.656
-0.339,0.658
-0.282,0.659
-0.175,0.661
-0.131,0.66
-0.108,0.66
-0.053,0.659
0.0,0.659
0.011,0.66
0.076,0.66
0.139,0.66
0.205,0.66
0.26,0.66
0.276,0.662
0.305,0.661
0.307,0.662
0.333,0.661
0.336,0.661
0.336,0.66
0.336,0.66
0.336,0.659
0.328,0.659
0.325,0.655
0.322,0.654
0.319,0.651
0.317,0.649
0.317,0.642
0.317,0.623
0.317,0.623
0.317,0.624
0.317,0.601
0.312,0.582
0.287,0.571
0.238,0.572
0.227,0.569
0.238,0.572
0.242,0.585
0.246,0.596
0.257,0.631
0.267,0.685
0.282,0.772
0.322,0.777
0.338,0.794
0.333,0.804
0.347,0.824
0.356,0.833
0.383,0.84
0.399,0.886
0.417,0.897
0.502,0.934
0.535,0.947
0.568,0.947
0.569,0.944
0.57,0.942
0.573,0.935
0.571,0.929
0.571,0.928
0.574,0.927
0.574,0.927
0.575,0.927
0.575,0.923
0.575,0.924
0.575,0.916
0.581,0.881
0.584,0.809
0.593,0.791
0.633,0.786
0.679,0.746
0.684,0.708
0.671,0.678
0.662,0.662
0.661,0.648
0.661,0.621
0.661,0.599
0.661,0.59
0.66,0.578
0.661,0.571
0.661,0.559
0.661,0.557
0.628,0.562
0.605,0.563
0.573,0.561
0.542,0.541
0.535,0.538
0.452,0.527
0.448,0.521
0.419,0.479
0.4,0.439
0.359,0.409
0.306,0.403
0.283,0.375
0.232,0.366
0.225,0.34
0.231,0.338
0.221,0.345
0.227,0.329
0.221,0.314
0.226,0.312
0.213,0.304
0.211,0.318
0.191,0.318
0.184,0.301
0.186,0.245
0.175,0.259
0.188,0.259
0.201,0.274
0.214,0.255
0.221,0.242
0.297,0.25
0.337,0.261
0.338,0.259
0.338,0.264
0.336,0.265
0.329,0.309
0.328,0.327
0.328,0.328
0.328,0.328
0.328,0.328
0.328,0.328
0.327,0.328
0.327,0.328
0.328,0.328
0.327,0.328
0.31,0.328
0.242,0.328
0.232,0.328
0.251,0.325
0.26,0.321
0.274,0.285
0.281,0.215
0.282,0.185
0.283,0.189
0.284,0.178
0.283,0.168
0.284,0.144
0.284,0.117
0.284,0.15
0.283,0.133
0.284,0.158
0.285,0.146
0.284,0.175
0.284,0.179
0.285,0.186
0.285,0.19
0.285,0.189
0.285,0.188
0.285,0.19
0.285,0.191
0.285,0.186
0.285,0.19
0.285,0.189
0.285,0.19
0.285,0.192
0.284,0.192
0.282,0.19
0.271,0.19
0.269,0.194
0.268,0.208
0.268,0.212
0.265,0.214
0.254,0.218
0.255,0.211
0.256,0.3
0.266,0.333
0.274,0.345
0.281,0.361
0.281,0.358
0.329,0.358
0.331,0.358
0.34,0.366
0.34,0.379
0.341,0.383
0.34,0.413
0.341,0.417
0.341,0.417
0.341,0.419
0.343,0.417
0.348,0.416
0.349,0.418
0.349,0.422
0.353,0.424
0.359,0.423
0.36,0.426
0.358,0.426
0.344,0.427
0.345,0.423
0.345,0.426
0.344,0.427
0.345,0.426
0.345,0.426
0.344,0.427
0.344,0.43
0.343,0.426
0.343,0.43
0.344,0.43
0.344,0.43
0.344,0.43
0.332,0.432
0.276,0.431
0.275,0.432
0.268,0.432
0.275,0.431
0.276,0.43
0.276,0.432
0.285,0.432
0.287,0.431
0.279,0.432
0.249,0.431
0.236,0.431
0.236,0.431
0.238,0.43
0.246,0.43
0.248,0.43
0.251,0.429
0.262,0.429
0.272,0.43
0.275,0.428
0.276,0.428
0.276,0.428
0.276,0.429
0.277,0.428
0.277,0.429
0.277,0.428
0.278,0.428
0.278,0.428
0.283,0.428
0.288,0.423
0.289,0.42
0.295,0.422
0.296,0.422
0.297,0.424
0.297,0.423
0.296,0.424
0.296,0.423
0.296,0.424
0.297,0.424
0.298,0.424
0.297,0.424
0.315,0.425
0.33,0.426
0.332,0.428
0.334,0.428
0.336,0.43
0.336,0.431
0.342,0.431
0.352,0.434
0.354,0.43
0.362,0.44
0.366,0.462
0.372,0.502
0.375,0.55
0.378,0.573
0.38,0.577
0.383,0.576
0.387,0.575
0.381,0.574
0.385,0.574
0.387,0.574
0.387,0.574
0.387,0.576
0.386,0.58
0.389,0.578
0.388,0.576
0.386,0.576
0.385,0.571
0.383,0.572
0.383,0.572
0.383,0.574
0.383,0.574
0.383,0.574
0.383,0.575
0.383,0.576
0.383,0.577
0.382,0.576
0.377,0.576
0.37,0.576
0.369,0.576
0.37,0.576
0.37,0.574
0.37,0.572
0.37,0.571
0.37,0.57
0.369,0.569
0.369,0.569
0.37,0.569
0.364,0.569
0.355,0.562
0.345,0.494
0.344,0.428
0.318,0.407
0.321,0.418
0.317,0.424
0.317,0.434
0.286,0.435
0.281,0.45
0.274,0.518
0.281,0.59
0.29,0.608
0.293,0.609
0.297,0.61
0.3,0.616
0.302,0.617
0.301,0.628
0.302,0.64
0.299,0.648
0.298,0.651
0.298,0.655
0.295,0.654
0.272,0.653
0.268,0.653
0.259,0.649
0.264,0.648
0.272,0.647
0.274,0.647
0.272,0.646
0.273,0.644
0.274,0.645
0.281,0.644
0.291,0.643
0.31,0.643
0.312,0.641
0.317,0.641
0.33,0.641
0.357,0.64
0.373,0.64
0.374,0.64
0.372,0.64
0.374,0.64
0.374,0.64
0.375,0.64
0.385,0.64
0.385,0.64
0.392,0.64
0.39,0.641
0.391,0.64
0.392,0.641
0.392,0.64
0.39,0.639
0.392,0.638
0.391,0.638
0.39,0.638
0.389,0.64
0.388,0.642
0.388,0.641
0.389,0.642
0.388,0.642
0.388,0.642
0.388,0.642
0.388,0.642
0.387,0.641
0.387,0.642
0.378,0.642
0.374,0.643
0.374,0.642
0.374,0.644
0.366,0.646
0.343,0.646
0.33,0.646
0.329,0.646
0.327,0.646
0.335,0.646
0.334,0.646
0.336,0.646
0.343,0.646
0.345,0.646
0.348,0.645
0.348,0.646
0.351,0.645
0.353,0.646
0.347,0.646
0.345,0.647
0.336,0.647
0.331,0.649
0.33,0.65
0.326,0.65
0.326,0.651
0.323,0.655
0.326,0.661
0.329,0.664
0.329,0.666
0.328,0.667
0.331,0.67
0.328,0.672
0.325,0.68
0.33,0.684
0.329,0.687
0.33,0.687
0.33,0.684
0.329,0.681
0.331,0.679
0.331,0.678
0.332,0.676
0.333,0.672
0.332,0.669
0.332,0.664
0.337,0.664
0.34,0.664
0.34,0.661
0.34,0.659
0.343,0.655
0.343,0.655
0.343,0.655
0.343,0.656
0.346,0.655
0.346,0.655
0.347,0.656
0.347,0.655
0.347,0.659
0.343,0.663
0.341,0.698
0.342,0.73
0.343,0.736
0.347,0.74
0.348,0.726
0.349,0.715
0.351,0.679
0.351,0.59
0.352,0.565
0.352,0.529
0.352,0.518
0.352,0.477
0.351,0.477
0.353,0.455
0.351,0.44
0.352,0.429
0.352,0.401
0.351,0.394
0.353,0.394
0.351,0.396
0.351,0.383
0.352,0.381
0.352,0.39
0.352,0.385
0.352,0.361
0.352,0.368
0.352,0.332
0.352,0.34
0.352,0.311
0.353,0.307
0.351,0.31
0.351,0.307
0.352,0.305
0.352,0.314
0.352,0.291
0.353,0.294
0.353,0.217
0.353,0.244
0.353,0.285
0.353,0.307
0.353,0.307
0.353,0.31
0.353,0.31
0.352,0.308
0.352,0.309
0.352,0.311
0.353,0.279
0.36,0.216
0.365,0.242
0.367,0.244
0.386,0.305
0.375,0.329
0.377,0.33
0.389,0.371
0.407,0.515
0.422,0.592
0.439,0.629
0.449,0.654
0.477,0.683
0.507,0.691
0.529,0.694
0.575,0.698
0.577,0.722
0.58,0.743
0.585,0.753
0.585,0.758
0.589,0.768
0.591,0.775
0.589,0.828
0.588,0.834
0.588,0.835
0.587,0.833
0.588,0.834
0.587,0.824
0.587,0.809
0.587,0.807
0.588,0.755
0.587,0.732
0.588,0.719
0.589,0.707
0.588,0.666
0.586,0.632
0.587,0.623
0.587,0.603
0.587,0.574
0.587,0.55
0.586,0.534
0.586,0.527
0.585,0.503
0.584,0.471
0.585,0.466
0.584,0.464
0.583,0.461
0.582,0.447
0.582,0.431
0.582,0.422
0.581,0.427
0.582,0.423
0.582,0.413
0.582,0.403
0.582,0.394
0.58,0.394
0.58,0.398
0.578,0.396
0.578,0.396
0.577,0.384
0.574,0.377
0.575,0.372
0.574,0.368
0.574,0.352
0.574,0.346
0.571,0.354
0.567,0.362
0.557,0.363
0.551,0.365
0.531,0.37
0.524,0.372
0.525,0.373
0.497,0.373
0.483,0.374
0.48,0.374
0.471,0.374
0.472,0.374
0.454,0.373
0.43,0.373
0.416,0.37
0.412,0.366
0.402,0.352
0.398,0.333
0.392,0.338
0.381,0.349
0.366,0.345
0.336,0.348
0.336,0.351
0.301,0.351
0.25,0.353
0.257,0.355
0.25,0.358
0.248,0.364
0.253,0.364
0.243,0.366
0.232,0.358
0.233,0.323
0.221,0.3
0.22,0.302
0.176,0.208
0.162,0.207
0.182,0.248
0.192,0.239
0.199,0.242
0.206,0.137
0.212,0.207
0.221,0.202
0.222,0.203
0.227,0.168
0.232,0.148
0.236,0.143
0.236,0.152
0.238,0.202
0.237,0.205
0.237,0.199
0.238,0.193
0.238,0.154
0.238,0.134
0.238,0.131
0.237,0.101
0.23,0.073
0.204,0.086
0.116,0.064
0.133,0.033
0.117,0.099
0.12,0.098
0.137,0.087
0.146,0.106
0.118,0.066
0.127,0.099
0.138,0.099
0.137,0.104
0.126,0.094
0.13,0.097
0.13,0.042
0.131,0.077
0.118,0.091
0.124,0.075
0.116,0.052
0.102,0.039
0.114,0.028
0.12,0.039
0.114,0.023
0.113,0.006
0.105,0.035
0.101,0.038
0.104,0.016
0.106,0.035
0.108,0.0
0.111,0.0
0.115,0.039
0.111,0.032
0.114,0.046
0.114,0.058
0.116,0.056
0.114,0.051
0.114,0.053
0.113,0.06
0.114,0.071
0.116,0.09
0.12,0.099
0.133,0.102
0.133,0.103
0.143,0.105
0.19,0.106
0.215,0.107
0.224,0.107
0.236,0.109
0.24,0.109
0.244,0.109
0.246,0.111
0.246,0.109
0.247,0.109
0.248,0.109
0.248,0.11
0.248,0.111
0.249,0.111
0.246,0.112
0.245,0.112
0.243,0.112
0.244,0.111
0.244,0.111
0.244,0.075
0.244,0.118
0.249,0.146
0.25,0.175
0.242,0.188
0.277,0.203
0.323,0.206
0.379,0.205
0.39,0.203
0.407,0.174
0.409,0.197
0.41,0.244
0.413,0.325
0.416,0.336
0.415,0.382
0.419,0.4
0.419,0.419
0.42,0.479
0.42,0.568
0.419,0.616
0.42,0.674
0.422,0.712
0.422,0.716
0.422,0.739
0.42,0.743
0.424,0.749
0.42,0.77
0.454,0.768
0.514,0.766
0.548,0.762
0.546,0.749
0.541,0.741
0.525,0.74
0.521,0.74
0.522,0.726
0.508,0.706
0.501,0.664
0.463,0.627
0.412,0.597
0.401,0.576
0.373,0.565
0.342,0.55
0.31,0.526
0.299,0.513
0.242,0.471
0.208,0.425
0.223,0.411
0.214,0.381
0.198,0.381
0.175,0.386
0.163,0.377
0.171,0.379
0.165,0.37
0.154,0.372
0.146,0.36
0.134,0.35
0.159,0.332
0.153,0.312
0.142,0.308
0.143,0.312
0.106,0.276
0.09,0.242
0.08,0.283
0.067,0.278
0.069,0.278
0.073,0.272
0.079,0.205
0.086,0.242
0.092,0.233
0.092,0.261
0.092,0.261
0.093,0.256
0.093,0.246
0.093,0.233
0.094,0.209
0.094,0.216
0.094,0.176
0.094,0.131
0.094,0.144
0.094,0.144
0.095,0.128
0.096,0.122
0.095,0.156
0.095,0.116
0.096,0.111
0.096,0.176
0.096,0.189
0.105,0.16
0.119,0.175
0.12,0.148
0.119,0.069
0.118,0.135
0.116,0.141
0.114,0.15
0.113,0.146
0.113,0.145
0.113,0.083
0.113,0.081
0.113,0.095
0.113,0.105
0.113,0.083
0.114,0.098
0.114,0.081
0.113,0.032
0.113,0.071
0.113,0.099
0.112,0.133
0.113,0.091
0.113,0.097
0.113,0.088
0.113,0.131
0.113,0.137
0.113,0.141
0.113,0.143
0.113,0.139
0.113,0.136
0.113,0.135
0.113,0.099
0.113,0.09
0.113,0.086
0.113,0.11
0.113,0.107
0.114,0.118
0.113,0.118
0.113,0.12
0.113,0.128
0.113,0.128
0.113,0.127
0.113,0.13
0.113,0.131
0.113,0.132
0.113,0.133
0.113,0.132
0.113,0.134
0.113,0.135
0.113,0.137
0.113,0.136
0.114,0.135
0.113,0.137
0.113,0.138
0.113,0.084
0.114,0.108
0.114,0.106
0.114,0.111
0.113,0.125
0.113,0.118
0.109,0.124
0.113,0.115
0.113,0.125
0.113,0.135
0.113,0.136
0.113,0.134
0.113,0.139
0.113,0.139
0.114,0.138
0.113,0.139
0.113,0.139
0.113,0.14
0.113,0.141
0.113,0.141
0.113,0.144
0.113,0.142
0.113,0.143
0.113,0.144
0.113,0.143
0.113,0.142
0.113,0.145
0.113,0.146
0.113,0.145
0.113,0.145
0.113,0.144
0.113,0.145
0.113,0.147
0.113,0.146
0.113,0.145
0.114,0.144
0.113,0.145
0.113,0.143
0.113,0.144
0.113,0.149
0.114,0.147
0.113,0.15
0.114,0.153
0.114,0.155
0.114,0.155
0.115,0.156
0.115,0.158
0.116,0.158
0.116,0.157
0.116,0.155
0.118,0.153
0.119,0.152
0.12,0.146
0.12,0.132
0.12,0.112
0.121,0.085
0.124,0.054
0.116,0.041
0.106,0.077
0.1,0.059
0.111,0.066
0.108,0.031
0.1,0.013
0.112,0.047
0.123,0.029
0.124,0.084
0.108,0.09
0.097,0.075
0.11,0.071
0.124,0.062
0.125,0.093
0.123,0.098
0.119,0.109
0.131,0.079
0.13,0.081
0.13,0.093
0.129,0.103
0.13,0.113
0.13,0.106
0.132,0.101
0.135,0.107
0.135,0.105
0.133,0.111
0.134,0.116
0.135,0.117
0.133,0.12
0.133,0.119
0.13,0.118
0.13,0.118
0.13,0.117
0.129,0.117
0.132,0.119
0.133,0.119
0.126,0.118
0.12,0.117
0.127,0.118
0.122,0.116
0.123,0.111
0.122,0.114
0.122,0.118
0.126,0.116
0.122,0.116
0.126,0.116
0.131,0.101
0.133,0.105
0.131,0.094
0.131,0.092
0.13,0.121
0.131,0.144
0.129,0.15
0.13,0.124
0.108,0.17
0.096,0.215
0.197,0.287
0.318,0.327
0.365,0.407
0.374,0.42
0.377,0.433
0.376,0.437
0.376,0.443
0.377,0.456
0.377,0.462
0.377,0.459
0.377,0.459
0.377,0.454
0.376,0.452
0.365,0.452
0.36,0.458
0.36,0.469
0.36,0.487
0.36,0.537
0.36,0.559
0.36,0.587
0.36,0.591
0.36,0.591
0.36,0.591
0.36,0.589
0.361,0.588
0.361,0.572
0.361,0.565
0.361,0.56
0.36,0.471
0.36,0.432
0.361,0.441
0.349,0.445
0.3,0.447
0.3,0.448
0.255,0.45
0.249,0.445
0.223,0.452
0.251,0.472
0.257,0.479
0.262,0.514
0.292,0.559
0.295,0.608
0.293,0.613
0.329,0.612
0.347,0.615
0.349,0.615
0.349,0.614
0.342,0.597
0.338,0.591
0.338,0.584
0.34,0.488
0.342,0.428
0.345,0.413
0.34,0.405
0.364,0.372
0.41,0.354
0.435,0.357
0.435,0.347
0.438,0.357
0.438,0.355
0.433,0.357
0.42,0.363
0.418,0.375
0.417,0.381
0.417,0.383
0.417,0.388
0.417,0.392
0.417,0.394
0.417,0.394
0.417,0.395
0.417,0.394
0.417,0.394
0.417,0.395
0.417,0.265
0.417,0.197
0.411,0.208
0.408,0.197
0.407,0.206
0.404,0.235
0.405,0.246
0.404,0.246
0.404,0.244
0.404,0.25
0.403,0.251
0.398,0.248
0.394,0.247
0.375,0.252
0.361,0.257
0.337,0.257
0.323,0.266
0.323,0.27
0.323,0.297
0.332,0.33
0.335,0.364
0.334,0.371
0.338,0.374
0.342,0.373
0.342,0.372
0.338,0.368
0.318,0.364
0.25,0.358
0.265,0.358
0.248,0.358
0.246,0.358
0.254,0.358
0.251,0.358
0.252,0.358
0.238,0.274
0.231,0.256
0.221,0.258
0.25,0.27
0.223,0.268
0.208,0.261
0.206,0.229
0.22,0.25
0.193,0.265
0.175,0.274
0.21,0.278
0.212,0.28
0.233,0.281
0.231,0.283
0.237,0.284
0.243,0.287
0.244,0.288
0.244,0.288
0.248,0.291
0.253,0.291
0.255,0.3
0.256,0.305
0.255,0.306
0.254,0.306
0.257,0.308
0.263,0.311
0.266,0.315
0.266,0.327
0.336,0.327
0.358,0.361
0.368,0.374
0.364,0.392
0.359,0.399
0.358,0.398
0.358,0.401
0.358,0.402
0.358,0.404
0.359,0.404
0.358,0.405
0.358,0.405
0.358,0.409
0.358,0.409
0.36,0.411
0.366,0.408
0.37,0.409
0.366,0.409
0.368,0.409
0.379,0.411
0.386,0.41
0.389,0.41
0.387,0.41
0.374,0.41
0.369,0.41
0.369,0.41
0.367,0.411
0.355,0.41
0.308,0.41
0.236,0.41
0.234,0.411
0.225,0.41
0.236,0.41
0.23,0.409
0.235,0.409
0.236,0.409
0.244,0.408
0.248,0.407
0.249,0.403
0.252,0.402
0.262,0.398
0.27,0.392
0.276,0.391
0.28,0.389
0.315,0.389
0.332,0.388
0.335,0.381
0.336,0.378
0.337,0.362
0.338,0.356
0.34,0.338
0.341,0.339
0.342,0.342
0.341,0.345
0.342,0.356
0.34,0.359
0.343,0.361
0.343,0.362
0.344,0.36
0.343,0.36
0.343,0.36
0.343,0.374
0.343,0.382
0.343,0.383
0.343,0.382
0.345,0.383
0.344,0.383
0.345,0.383
0.345,0.385
0.345,0.39
0.345,0.406
0.345,0.429
0.345,0.431
0.344,0.436
0.345,0.437
0.345,0.44
0.345,0.443
0.346,0.442
0.345,0.447
0.346,0.446
0.345,0.445
0.346,0.445
0.346,0.448
0.348,0.446
0.348,0.446
0.366,0.447
0.407,0.449
0.447,0.451
0.466,0.451
0.475,0.471
0.479,0.527
0.475,0.561
0.456,0.563
0.445,0.563
0.445,0.55
0.385,0.537
0.373,0.535
0.349,0.536
0.348,0.531
0.348,0.508
0.325,0.49
0.318,0.42
0.304,0.413
0.283,0.376
0.283,0.375
0.254,0.338
0.261,0.327
0.263,0.338
0.266,0.285
0.312,0.302
0.325,0.262
0.326,0.246
0.326,0.218
0.327,0.231
0.327,0.238
0.328,0.238
0.328,0.195
0.328,0.228
0.329,0.233
0.329,0.249
0.329,0.251
0.33,0.254
0.339,0.259
0.345,0.262
0.347,0.263
0.348,0.269
0.349,0.277
0.35,0.278
0.352,0.281
0.344,0.293
0.383,0.358
0.383,0.395
0.413,0.408
0.42,0.418
0.42,0.417
0.422,0.415
0.43,0.427
0.431,0.444
0.432,0.459
0.432,0.518
0.43,0.525
0.429,0.536
0.42,0.548
0.417,0.549
0.415,0.552
0.412,0.554
0.413,0.556
0.412,0.559
0.413,0.559
0.413,0.557
0.413,0.557
0.414,0.556
0.414,0.556
0.413,0.554
0.413,0.551
0.408,0.55
0.358,0.546
0.366,0.538
0.357,0.529
0.349,0.527
0.363,0.527
0.37,0.486
0.381,0.44
0.38,0.422
0.383,0.415
0.384,0.403
0.385,0.401
0.383,0.372
0.384,0.37
0.39,0.352
0.388,0.293
0.393,0.29
0.394,0.315
0.394,0.328
0.394,0.35
0.395,0.353
0.395,0.353
0.395,0.355
0.395,0.36
0.395,0.362
0.396,0.367
0.396,0.368
0.396,0.368
0.396,0.369
0.396,0.37
0.397,0.37
0.396,0.37
0.396,0.37
0.397,0.37
0.397,0.37
0.396,0.369
0.397,0.37
0.397,0.37
0.398,0.37
0.398,0.37
0.398,0.37
0.398,0.37
0.397,0.37
0.396,0.37
0.396,0.37
0.396,0.37
0.397,0.37
0.396,0.37
0.397,0.37
0.396,0.37
0.397,0.37
0.397,0.37
0.397,0.37
0.396,0.371
0.397,0.38
0.397,0.379
0.398,0.407
0.396,0.427
0.396,0.445
0.39,0.444
0.391,0.443
0.394,0.439
0.396,0.439
0.396,0.439
0.395,0.441
0.405,0.446
0.424,0.454
0.439,0.462
0.443,0.477
0.442,0.482
0.434,0.484
0.424,0.483
0.423,0.482
0.422,0.484
0.424,0.484
0.423,0.484
0.424,0.484
0.424,0.484
0.424,0.484
0.424,0.482
0.424,0.481
0.424,0.48
0.424,0.476
0.424,0.457
0.424,0.449
0.424,0.449
0.424,0.433
0.424,0.427
0.424,0.362
0.424,0.342
0.424,0.346
0.425,0.312
0.424,0.304
0.42,0.262
0.402,0.237
0.363,0.209
0.355,0.238
0.35,0.244
0.338,0.242
0.333,0.222
0.338,0.248
0.322,0.26
0.313,0.283
0.321,0.295
0.311,0.331
0.302,0.378
0.269,0.389
0.291,0.392
0.297,0.418
0.31,0.467
0.318,0.484
0.319,0.495
0.321,0.507
0.322,0.512
0.323,0.516
0.325,0.522
0.331,0.559
0.333,0.573
0.334,0.584
0.336,0.583
0.336,0.578
0.336,0.559
0.336,0.557
0.337,0.556
0.337,0.556
0.337,0.555
0.338,0.545
0.337,0.531
0.338,0.52
0.337,0.512
0.338,0.514
0.338,0.52
0.338,0.524
0.337,0.533
0.338,0.539
0.338,0.539
0.338,0.539
0.338,0.54
0.338,0.539
0.335,0.539
0.331,0.539
0.331,0.533
0.328,0.528
0.32,0.455
0.294,0.345
0.272,0.351
0.255,0.293
0.235,0.319
0.238,0.331
0.272,0.339
0.282,0.345
0.288,0.358
0.319,0.358
0.322,0.423
0.323,0.488
0.323,0.492
0.323,0.511
0.323,0.52
0.324,0.529
0.323,0.534
0.323,0.536
0.325,0.535
0.324,0.533
0.325,0.533
0.324,0.526
0.324,0.522
0.325,0.515
0.325,0.513
0.325,0.508
0.325,0.505
0.325,0.5
0.312,0.44
0.226,0.415
0.193,0.405
0.235,0.396
0.255,0.368
0.271,0.353
0.276,0.313
0.278,0.315
0.323,0.286
0.344,0.279
0.348,0.312
0.34,0.334
0.34,0.34
0.278,0.342
0.235,0.349
0.257,0.379
0.248,0.396
0.216,0.438
0.231,0.515
0.205,0.549
0.181,0.552
0.182,0.55
0.15,0.55
0.178,0.552
0.122,0.552
0.099,0.55
0.101,0.54
0.117,0.523
0.114,0.515
0.133,0.505
0.142,0.496
0.133,0.495
0.131,0.495
0.109,0.497
0.124,0.505
0.132,0.511
0.133,0.511
0.136,0.516
0.144,0.518
0.155,0.518
0.165,0.518
0.167,0.518
0.168,0.518
0.168,0.518
0.169,0.518
0.169,0.518
0.169,0.518
0.163,0.518
0.148,0.518
0.241,0.511
0.255,0.511
0.272,0.51
0.275,0.503
0.278,0.499
0.277,0.482
0.278,0.467
0.278,0.466
0.278,0.46
0.276,0.444
0.276,0.432
0.276,0.431
0.272,0.406
0.263,0.406
0.261,0.41
0.261,0.411
0.261,0.424
0.261,0.433
0.261,0.445
0.262,0.445
0.261,0.475
0.261,0.561
0.262,0.567
0.262,0.569
0.261,0.569
0.261,0.571
0.261,0.576
0.262,0.584
0.262,0.594
0.262,0.594
0.261,0.595
0.261,0.595
0.262,0.586
0.261,0.563
0.261,0.476
0.261,0.383
0.261,0.33
0.259,0.295
0.253,0.325
0.248,0.314
0.248,0.312
0.246,0.319
0.246,0.33
0.246,0.336
0.246,0.347
0.248,0.349
0.248,0.344
0.25,0.466
0.255,0.507
0.255,0.557
0.256,0.57
0.256,0.572
0.259,0.576
0.261,0.589
0.261,0.61
0.261,0.617
0.262,0.617
0.262,0.618
0.261,0.621
0.263,0.619
0.267,0.614
0.271,0.615
0.266,0.615
0.276,0.615
0.296,0.616
0.289,0.615
0.291,0.606
0.29,0.598
0.291,0.595
0.291,0.591
0.293,0.591
0.294,0.586
0.294,0.574
0.295,0.571
0.295,0.571
0.296,0.572
0.296,0.573
0.298,0.573
0.297,0.574
0.298,0.574
0.293,0.574
0.3,0.574
0.298,0.573
0.296,0.573
0.301,0.573
0.302,0.574
0.301,0.574
0.298,0.574
0.302,0.573
0.3,0.57
0.302,0.549
0.303,0.526
0.303,0.504
0.302,0.507
0.304,0.511
0.303,0.519
0.304,0.517
0.303,0.514
0.304,0.495
0.304,0.411
0.304,0.383
0.304,0.386
0.304,0.376
0.303,0.377
0.304,0.375
0.304,0.381
0.304,0.39
0.304,0.395
0.303,0.395
0.304,0.388
0.304,0.381
0.304,0.382
0.304,0.384
0.304,0.389
0.304,0.392
0.304,0.394
0.305,0.398
0.305,0.399
0.305,0.4
0.304,0.401
0.302,0.402
0.294,0.403
0.289,0.405
0.287,0.405
0.285,0.407
0.285,0.408
0.283,0.409
0.283,0.409
0.284,0.409
0.284,0.409
0.284,0.409
0.284,0.408
0.283,0.409
0.283,0.409
0.283,0.409
0.283,0.409
0.283,0.409
0.283,0.409
0.284,0.409
0.284,0.409
0.283,0.41
0.283,0.409
0.284,0.409
0.283,0.409
0.283,0.409
0.284,0.409
0.283,0.409
0.284,0.41
0.283,0.41
0.283,0.41
0.283,0.41
0.283,0.41
0.283,0.411
0.283,0.411
0.283,0.412
0.284,0.411
0.284,0.411
0.283,0.411
0.284,0.411
0.284,0.411
0.283,0.411
0.284,0.411
0.283,0.412
0.284,0.411
0.284,0.411
0.284,0.411
0.283,0.411
0.283,0.411
0.283,0.4
0.283,0.393
0.284,0.387
0.283,0.377
0.284,0.334
0.284,0.336
0.284,0.311
0.284,0.32
0.284,0.334
0.284,0.325
0.284,0.325
0.284,0.329
0.284,0.337
0.283,0.342
0.284,0.364
0.284,0.365
0.283,0.48
0.283,0.57
0.284,0.572
0.285,0.572
0.284,0.568
0.284,0.562
0.283,0.559
0.283,0.557
0.283,0.556
0.283,0.555
0.284,0.55
0.286,0.547
0.29,0.547
0.322,0.545
0.341,0.545
0.35,0.542
0.355,0.464
0.357,0.428
0.358,0.396
0.366,0.391
0.394,0.381
0.405,0.366
0.406,0.372
0.406,0.389
0.407,0.405
0.406,0.407
0.406,0.415
0.407,0.452
0.406,0.499
0.406,0.505
0.407,0.509
0.406,0.518
0.406,0.527
0.406,0.539
0.404,0.542
0.404,0.55
0.405,0.557
0.405,0.557
0.405,0.557
0.403,0.561
0.402,0.564
0.39,0.569
0.383,0.575
0.384,0.595
0.384,0.6
0.384,0.612
0.385,0.614
0.384,0.614
0.377,0.616
0.317,0.614
0.261,0.614
0.257,0.615
0.246,0.614
0.27,0.614
0.283,0.614
0.284,0.612
0.293,0.611
0.304,0.611
0.304,0.611
0.306,0.612
0.306,0.612
0.307,0.612
0.312,0.613
0.313,0.612
0.315,0.614
0.317,0.614
0.318,0.614
0.318,0.616
0.323,0.623
0.33,0.636
0.338,0.642
0.341,0.663
0.343,0.664
0.342,0.666
0.342,0.666
0.342,0.666
0.34,0.665
0.34,0.665
0.34,0.665
0.343,0.667
0.323,0.668
0.342,0.685
0.412,0.716
0.461,0.728
0.48,0.733
0.49,0.735
0.495,0.739
0.497,0.74
0.497,0.746
0.505,0.753
0.516,0.753
0.537,0.756
0.551,0.759
0.554,0.758
0.563,0.76
0.566,0.76
0.561,0.763
0.559,0.761
0.559,0.762
0.56,0.764
0.561,0.764
0.561,0.766
0.565,0.766
0.565,0.766
0.565,0.766
0.56,0.766
0.558,0.764
0.544,0.766
0.537,0.766
0.535,0.767
0.536,0.766
0.539,0.765
0.54,0.765
0.542,0.764
0.542,0.76
0.542,0.76
0.535,0.76
0.533,0.76
0.518,0.759
0.44,0.754
0.395,0.732
0.4,0.732
0.399,0.732
0.401,0.703
0.403,0.668
0.408,0.668
0.419,0.674
0.437,0.674
0.439,0.677
0.44,0.685
0.44,0.691
0.441,0.704
0.441,0.704
0.44,0.704
0.441,0.706
0.44,0.744
0.44,0.787
0.441,0.79
0.441,0.792
0.441,0.79
0.441,0.787
0.443,0.784
0.441,0.783
0.441,0.781
0.441,0.781
0.441,0.781
0.442,0.782
0.442,0.781
0.441,0.781
0.441,0.773
0.442,0.766
0.442,0.747
0.442,0.668
0.442,0.617
0.442,0.546
0.442,0.528
0.43,0.501
0.37,0.496
0.347,0.45
0.293,0.427
0.325,0.405
0.338,0.4
0.349,0.384
0.351,0.38
0.35,0.367
0.347,0.319
0.349,0.311
0.347,0.316
0.342,0.31
0.35,0.311
0.352,0.296
0.358,0.292
0.358,0.302
0.361,0.308
0.362,0.238
0.362,0.244
0.363,0.232
0.362,0.229
0.362,0.246
0.361,0.24
0.353,0.261
0.336,0.266
0.31,0.268
0.314,0.274
0.315,0.263
0.304,0.242
0.259,0.235
0.221,0.232
0.208,0.257
0.163,0.253
0.179,0.233
0.164,0.235
0.163,0.23
0.153,0.204
0.153,0.204
0.146,0.207
0.148,0.238
0.165,0.244
0.177,0.241
0.162,0.25
0.186,0.252
0.175,0.259
0.17,0.259
0.185,0.261
0.186,0.261
0.182,0.261
0.155,0.26
0.157,0.262
0.15,0.263
0.137,0.262
0.126,0.263
0.149,0.262
0.125,0.263
0.136,0.265
0.162,0.269
0.163,0.281
0.165,0.28
0.173,0.265
0.174,0.42
0.182,0.508
0.185,0.514
0.185,0.513
0.184,0.512
0.188,0.51
0.19,0.51
0.189,0.51
0.191,0.509
0.188,0.508
0.188,0.509
0.186,0.507
0.191,0.502
0.193,0.487
0.197,0.486
0.201,0.486
0.202,0.487
0.204,0.486
0.205,0.487
0.205,0.487
0.205,0.487
0.207,0.487
0.209,0.487
0.21,0.487
0.213,0.487
0.213,0.487
0.213,0.487
0.214,0.487
0.214,0.473
0.216,0.456
0.216,0.428
0.215,0.407
0.214,0.417
0.216,0.432
0.216,0.439
0.216,0.445
0.208,0.449
0.244,0.45
0.242,0.449
0.257,0.449
0.257,0.449
0.259,0.449
0.261,0.449
0.263,0.449
0.26,0.449
0.25,0.449
0.262,0.449
0.276,0.449
0.283,0.449
0.283,0.447
0.285,0.446
0.285,0.444
0.284,0.442
0.284,0.441
0.285,0.441
0.284,0.445
0.282,0.446
0.281,0.447
0.276,0.447
0.269,0.447
0.268,0.447
0.269,0.447
0.269,0.446
0.269,0.446
0.267,0.447
0.263,0.452
0.263,0.464
0.263,0.464
0.263,0.472
0.266,0.489
0.266,0.492
0.268,0.494
0.242,0.487
0.276,0.473
0.284,0.473
0.295,0.473
0.298,0.472
0.302,0.473
0.302,0.46
0.302,0.454
0.303,0.418
0.302,0.396
0.303,0.374
0.304,0.37
0.303,0.357
0.304,0.359
0.306,0.356
0.306,0.319
0.304,0.297
0.304,0.298
0.304,0.323
0.304,0.326
0.304,0.332
0.304,0.338
0.304,0.343
0.301,0.346
0.295,0.346
0.289,0.346
0.289,0.345
0.289,0.343
0.273,0.339
0.27,0.334
0.272,0.281
0.275,0.268
0.265,0.282
0.154,0.315
0.163,0.334
0.171,0.338
0.173,0.343
0.148,0.355
0.149,0.364
0.157,0.366
0.154,0.377
0.154,0.379
0.156,0.381
0.158,0.384
0.164,0.398
0.179,0.417
0.177,0.439
0.176,0.449
0.18,0.458
0.187,0.459
0.196,0.46
0.199,0.461
0.2,0.466
0.202,0.473
0.204,0.473
0.203,0.475
0.205,0.486
0.204,0.504
0.207,0.584
0.206,0.617
0.207,0.685
0.209,0.704
0.206,0.704
0.208,0.698
0.212,0.687
0.212,0.683
0.212,0.678
0.208,0.676
0.208,0.677
0.213,0.677
0.214,0.677
0.217,0.677
0.219,0.677
0.231,0.677
0.236,0.676
0.238,0.634
0.245,0.633
0.245,0.629
0.25,0.642
0.252,0.648
0.251,0.661
0.243,0.663
0.239,0.663
0.238,0.663
0.238,0.663
0.237,0.663
0.236,0.663
0.227,0.664
0.135,0.676
0.048,0.698
0.069,0.738
0.06,0.754
0.064,0.759
0.03,0.765
-0.025,0.765
-0.042,0.767
-0.087,0.768
-0.169,0.769
-0.199,0.768
-0.221,0.768
-0.249,0.766
-0.258,0.745
-0.259,0.74
-0.253,0.628
-0.236,0.608
-0.234,0.558
-0.134,0.55
-0.097,0.513
-0.053,0.5
-0.02,0.494
-0.014,0.494
0.0,0.498
0.0,0.507
0.018,0.507
0.054,0.508
0.032,0.508
0.119,0.523
0.116,0.533
0.06,0.534
0.056,0.542
0.058,0.597
0.047,0.628
0.004,0.662
0.018,0.67
0.038,0.672
0.043,0.679
0.043,0.679
0.043,0.677
0.047,0.661
-0.081,0.651
0.223,0.651
0.308,0.651
0.326,0.631
0.325,0.608
0.315,0.608
0.315,0.614
0.315,0.614
0.315,0.615
0.316,0.603
0.316,0.571
0.315,0.522
0.315,0.516
0.315,0.514
0.315,0.508
0.314,0.495
0.254,0.499
0.22,0.499
0.205,0.503
0.215,0.506
0.168,0.506
0.162,0.512
0.126,0.514
0.135,0.521
0.15,0.522
0.161,0.523
0.176,0.516
0.186,0.511
0.184,0.465
0.184,0.447
0.178,0.453
0.171,0.48
0.188,0.498
0.182,0.499
0.182,0.55
0.193,0.595
0.195,0.603
0.199,0.602
0.198,0.6
0.193,0.589
0.182,0.579
0.171,0.58
0.177,0.58
0.175,0.58
0.18,0.555
0.183,0.526
0.187,0.518
0.195,0.518
0.179,0.518
0.179,0.518
0.188,0.509
0.194,0.509
0.201,0.469
0.205,0.441
0.207,0.405
0.209,0.4
0.213,0.375
0.217,0.367
0.221,0.369
0.232,0.38
0.232,0.385
0.233,0.384
0.241,0.385
0.243,0.389
0.257,0.391
0.26,0.39
0.261,0.396
0.263,0.403
0.265,0.403
0.266,0.403
0.265,0.404
0.263,0.404
0.263,0.405
0.258,0.405
0.258,0.406
0.256,0.406
0.255,0.407
0.255,0.407
0.255,0.403
0.255,0.356
0.257,0.358
0.258,0.379
0.259,0.385
0.26,0.397
0.261,0.399
0.262,0.4
0.262,0.433
0.264,0.496
0.264,0.527
0.264,0.537
0.263,0.539
0.263,0.542
0.263,0.543
0.262,0.539
0.262,0.534
0.261,0.535
0.263,0.536
0.261,0.538
0.261,0.539
0.261,0.538
0.261,0.538
0.261,0.535
0.261,0.531
0.261,0.531
0.256,0.529
0.253,0.527
0.252,0.525
0.253,0.522
0.253,0.518
0.252,0.514
0.253,0.513
0.253,0.514
0.252,0.514
0.253,0.492
0.253,0.476
0.253,0.452
0.253,0.462
0.254,0.475
0.255,0.506
0.255,0.507
0.256,0.576
0.256,0.633
0.259,0.642
0.261,0.646
0.264,0.643
0.267,0.646
0.27,0.645
0.231,0.645
0.216,0.645
0.27,0.642
0.283,0.638
0.323,0.637
0.319,0.636
0.318,0.636
0.315,0.634
0.315,0.634
0.312,0.635
0.326,0.635
0.338,0.634
0.335,0.636
0.334,0.637
0.335,0.636
0.336,0.636
0.336,0.637
0.334,0.636
0.335,0.636
0.336,0.636
0.331,0.636
0.342,0.636
0.341,0.636
0.342,0.636
0.344,0.636
0.346,0.634
0.346,0.63
0.345,0.618
0.344,0.61
0.346,0.61
0.347,0.602
0.347,0.565
0.347,0.516
0.337,0.509
0.349,0.479
0.357,0.462
0.367,0.422
0.369,0.415
0.372,0.401
0.37,0.385
0.37,0.377
0.372,0.362
0.372,0.332
0.372,0.3
0.374,0.295
0.37,0.293
0.367,0.272
0.363,0.245
0.358,0.233
0.355,0.243
0.356,0.206
0.355,0.191
0.347,0.2
0.34,0.202
0.337,0.142
0.321,0.118
0.297,0.152
0.27,0.17
0.282,0.146
0.261,0.139
0.215,0.144
0.223,0.188
0.19,0.191
0.206,0.197
0.212,0.199
0.249,0.205
0.244,0.206
0.252,0.206
0.25,0.207
0.255,0.209
0.252,0.21
0.252,0.211
0.254,0.212
0.255,0.212
0.251,0.212
0.251,0.213
0.251,0.219
0.248,0.224
0.249,0.224
0.254,0.224
0.253,0.225
0.252,0.227
0.253,0.227
0.251,0.227
0.253,0.227
0.233,0.227
0.205,0.227
0.192,0.227
0.234,0.227
0.222,0.228
0.208,0.228
0.215,0.228
0.23,0.229
0.242,0.228
0.243,0.229
0.247,0.229
0.249,0.228
0.248,0.229
0.249,0.23
0.253,0.23
0.256,0.229
0.255,0.23
0.255,0.231
0.254,0.231
0.253,0.231
0.254,0.231
0.255,0.231
0.254,0.231
0.253,0.231
0.253,0.231
0.239,0.232
0.166,0.232
0.16,0.233
0.166,0.233
0.164,0.233
0.078,0.232
0.1,0.233
0.098,0.233
0.131,0.233
0.135,0.233
0.13,0.233
0.138,0.233
0.163,0.233
0.182,0.233
0.177,0.233
0.176,0.233
0.171,0.233
0.161,0.233
0.176,0.233
0.191,0.235
0.198,0.235
0.203,0.236
0.205,0.238
0.203,0.238
0.202,0.239
0.204,0.24
0.205,0.24
0.205,0.24
0.205,0.24
0.205,0.24
0.205,0.241
0.207,0.244
0.205,0.244
0.207,0.245
0.206,0.246
0.203,0.246
0.205,0.245
0.203,0.246
0.201,0.246
0.202,0.246
0.206,0.246
0.215,0.246
0.214,0.246
0.217,0.246
0.217,0.247
0.219,0.247
0.212,0.246
0.184,0.247
0.144,0.246
0.144,0.246
0.166,0.246
0.169,0.246
0.174,0.246
0.174,0.246
0.171,0.245
0.182,0.246
0.191,0.246
0.216,0.247
0.22,0.247
0.222,0.248
0.223,0.248
0.223,0.248
0.225,0.248
0.225,0.248
0.227,0.247
0.226,0.248
0.227,0.247
0.227,0.248
0.226,0.247
0.229,0.247
0.227,0.248
0.229,0.247
0.228,0.248
0.229,0.247
0.231,0.248
0.233,0.247
0.233,0.247
0.233,0.247
0.233,0.246
0.231,0.247
0.231,0.247
0.233,0.248
0.232,0.248
0.232,0.247
0.233,0.248
0.233,0.248
0.233,0.248
0.234,0.248
0.234,0.248
0.234,0.248
0.234,0.248
0.234,0.248
0.235,0.248
0.235,0.248
0.235,0.248
0.235,0.248
0.236,0.248
0.234,0.248
0.234,0.248
0.235,0.248
0.235,0.248
0.235,0.248
0.234,0.248
0.235,0.248
0.235,0.248
0.235,0.248
0.235,0.248
0.236,0.248
0.236,0.248
0.236,0.248
0.236,0.248
0.236,0.248
0.236,0.248
0.236,0.248
0.235,0.248
0.232,0.248
0.231,0.248
0.23,0.251
0.231,0.251
0.231,0.252
0.231,0.252
0.229,0.252
0.229,0.252
0.231,0.252
0.231,0.253
0.232,0.253
0.233,0.253
0.233,0.253
0.233,0.253
0.233,0.252
0.233,0.252
0.233,0.252
0.233,0.253
0.228,0.252
0.225,0.191
0.226,0.029
0.227,0.131
0.228,0.16
0.228,0.177
0.229,0.191
0.229,0.196
0.23,0.192
0.23,0.186
0.22,0.163
0.217,0.135
0.216,0.088
0.223,0.079
0.223,0.124
0.224,0.126
0.227,0.129
0.227,0.121
0.227,0.106
0.221,0.098
0.22,0.091
0.223,0.085
0.225,0.116
0.225,0.134
0.225,0.114
0.226,0.117
0.225,0.159
0.225,0.161
0.226,0.161
0.226,0.165
0.226,0.166
0.228,0.171
0.228,0.171
0.228,0.176
0.228,0.176
0.227,0.176
0.225,0.177
0.225,0.177
0.225,0.176
0.226,0.172
0.226,0.173
0.226,0.175
0.225,0.174
0.226,0.17
0.228,0.174
0.229,0.174
0.227,0.18
0.227,0.179
0.227,0.178
0.227,0.175
0.227,0.168
0.228,0.171
0.228,0.17
0.231,0.173
0.229,0.181
0.229,0.183
0.229,0.184
0.229,0.183
0.229,0.184
0.231,0.184
0.23,0.184
0.229,0.183
0.228,0.187
0.218,0.188
0.206,0.188
0.201,0.189
0.199,0.189
0.201,0.19
0.201,0.19
0.203,0.19
0.204,0.19
0.205,0.19
0.203,0.191
0.191,0.191
0.177,0.191
0.18,0.193
0.178,0.194
0.178,0.195
0.175,0.196
0.178,0.2
0.176,0.202
0.169,0.204
0.146,0.205
0.137,0.206
0.137,0.205
0.141,0.206
0.131,0.206
0.131,0.206
0.143,0.206
0.15,0.207
0.116,0.206
0.144,0.206
0.146,0.207
0.148,0.207
0.153,0.206
0.142,0.208
0.139,0.208
0.153,0.208
0.159,0.207
0.165,0.208
0.16,0.208
0.158,0.208
0.152,0.208
0.165,0.208
0.16,0.208
0.16,0.208
0.167,0.208
0.168,0.208
0.168,0.208
0.17,0.208
0.171,0.208
0.184,0.208
0.182,0.22
0.183,0.153
0.18,0.239
0.183,0.247
0.184,0.25
0.184,0.251
0.186,0.251
0.188,0.246
0.19,0.246
0.19,0.246
0.19,0.246
0.19,0.248
0.185,0.247
0.183,0.248
0.186,0.248
0.188,0.248
0.188,0.248
0.189,0.248
0.188,0.248
0.185,0.248
0.19,0.248
0.191,0.248
0.19,0.248
0.191,0.248
0.191,0.248
0.196,0.248
0.196,0.249
0.197,0.248
0.197,0.248
0.203,0.248
0.203,0.248
0.203,0.248
0.203,0.248
0.201,0.248
0.199,0.248
0.193,0.248
0.186,0.248
0.185,0.248
0.185,0.248
0.186,0.251
0.188,0.254
0.189,0.254
0.188,0.253
0.188,0.255
0.188,0.254
0.187,0.254
0.189,0.254
0.189,0.254
0.187,0.254
0.189,0.255
0.189,0.255
0.188,0.251
0.189,0.25
0.188,0.25
0.184,0.25
0.169,0.25
0.143,0.25
0.146,0.249
0.147,0.25
0.154,0.25
0.163,0.25
0.17,0.25
0.178,0.251
0.178,0.253
0.177,0.257
0.152,0.24
0.051,0.238
0.001,0.263
0.064,0.274
0.032,0.273
0.026,0.275
0.006,0.277
-0.008,0.276
-0.041,0.275
-0.063,0.262
-0.073,0.253
-0.098,0.293
-0.105,0.297
-0.11,0.302
-0.135,0.304
-0.154,0.334
-0.194,0.371
-0.207,0.377
-0.208,0.377
-0.208,0.367
-0.207,0.353
-0.205,0.353
-0.202,0.353
-0.202,0.353
-0.201,0.353
-0.194,0.353
-0.188,0.353
-0.186,0.354
-0.186,0.353
-0.183,0.359
-0.182,0.413
-0.179,0.467
-0.178,0.544
-0.176,0.569
-0.091,0.571
-0.03,0.571
0.0,0.58
0.014,0.587
0.046,0.588
0.0,0.586
0.092,0.569
0.207,0.559
0.195,0.532
0.236,0.529
0.188,0.538
0.214,0.547
0.235,0.551
0.19,0.55
0.244,0.557
0.231,0.568
0.293,0.59
0.292,0.615
0.319,0.625
0.317,0.644
0.327,0.655
0.328,0.659
0.33,0.668
0.33,0.67
0.336,0.668
0.331,0.668
0.33,0.664
0.332,0.658
0.33,0.644
0.33,0.642
0.331,0.642
0.331,0.615
0.332,0.565
0.331,0.541
0.332,0.522
0.332,0.471
0.332,0.422
0.332,0.392
0.332,0.365
0.332,0.362
0.332,0.347
0.332,0.315
0.332,0.278
0.333,0.284
0.333,0.311
0.335,0.306
0.335,0.31
0.336,0.308
0.336,0.31
0.336,0.282
0.336,0.29
0.336,0.295
0.336,0.307
0.336,0.305
0.336,0.297
0.336,0.28
0.334,0.231
0.334,0.27
0.334,0.265
0.331,0.201
0.328,0.173
0.32,0.191
0.319,0.131
0.319,0.144
0.24,0.161
0.187,0.197
0.167,0.196
0.142,0.205
0.128,0.212
0.141,0.214
0.098,0.216
0.091,0.218
0.091,0.218
0.096,0.22
0.061,0.225
0.097,0.231
0.101,0.239
0.123,0.239
0.129,0.239
0.158,0.241
0.132,0.242
0.141,0.242
0.122,0.191
0.14,0.29
0.13,0.324
0.146,0.346
0.156,0.379
0.162,0.396
0.163,0.404
0.173,0.404
0.174,0.407
0.173,0.405
0.174,0.386
0.175,0.386
0.176,0.383
0.175,0.383
0.176,0.385
0.176,0.385
0.177,0.385
0.176,0.385
0.178,0.385
0.178,0.386
0.178,0.307
0.173,0.167
0.174,0.16
0.133,0.195
0.214,0.226
0.201,0.243
0.216,0.244
0.224,0.308
0.235,0.369
0.238,0.387
0.231,0.392
0.234,0.394
0.238,0.39
0.238,0.389
0.237,0.388
0.236,0.385
0.236,0.378
0.236,0.372
0.237,0.372
0.237,0.371
0.237,0.366
0.238,0.357
0.237,0.357
0.238,0.357
0.233,0.356
0.232,0.353
0.225,0.328
0.221,0.299
0.222,0.247
0.221,0.21
0.221,0.208
0.222,0.176
0.223,0.165
0.223,0.171
0.222,0.205
0.222,0.215
0.217,0.235
0.179,0.245
0.185,0.246
0.193,0.246
0.203,0.246
0.205,0.247
0.206,0.247
0.205,0.254
0.206,0.296
0.208,0.324
0.21,0.373
0.213,0.389
0.141,0.392
0.231,0.391
0.245,0.389
0.259,0.385
0.266,0.374
0.262,0.374
0.261,0.374
0.267,0.374
0.255,0.374
0.271,0.306
0.272,0.284
0.274,0.254
0.277,0.266
0.277,0.285
0.277,0.27
0.276,0.256
0.276,0.242
0.276,0.199
0.278,0.223
0.278,0.204
0.281,0.206
0.28,0.216
0.28,0.23
0.279,0.227
0.275,0.215
0.273,0.222
0.27,0.197
0.263,0.192
0.263,0.131
0.263,0.177
0.263,0.153
0.263,0.177
0.263,0.116
0.263,0.081
0.263,0.141
0.261,0.142
0.246,0.165
0.185,0.157
0.111,0.151
0.141,0.178
0.123,0.152
0.062,0.178
0.126,0.176
0.102,0.182
0.143,0.184
0.146,0.189
0.141,0.184
0.15,0.182
0.152,0.184
0.143,0.184
0.131,0.193
0.133,0.19
0.158,0.191
0.163,0.193
0.177,0.191
0.18,0.192
0.182,0.193
0.186,0.197
0.199,0.208
0.203,0.218
0.203,0.22
0.203,0.222
0.204,0.226
0.205,0.231
0.207,0.231
0.209,0.232
0.198,0.232
0.203,0.233
0.166,0.235
0.187,0.242
0.241,0.233
0.254,0.313
0.261,0.334
0.263,0.357
0.269,0.364
0.263,0.36
0.276,0.352
0.281,0.348
0.281,0.347
0.282,0.347
0.283,0.347
0.283,0.348
0.284,0.348
0.286,0.349
0.281,0.349
0.278,0.351
0.272,0.353
0.272,0.355
0.272,0.358
0.272,0.362
0.272,0.365
0.272,0.365
0.272,0.362
0.271,0.358
0.271,0.351
0.271,0.349
0.268,0.35
0.148,0.35
0.15,0.351
0.131,0.351
0.165,0.351
0.182,0.351
0.188,0.351
0.196,0.349
0.203,0.347
0.205,0.347
0.206,0.347
0.206,0.347
0.202,0.313
0.194,0.25
0.102,0.251
0.069,0.245
0.15,0.263
0.15,0.268
0.156,0.301
0.166,0.308
0.164,0.325
0.143,0.327
0.106,0.344
0.118,0.368
0.129,0.374
0.079,0.396
0.126,0.408
0.148,0.415
0.163,0.415
0.165,0.429
0.107,0.432
0.167,0.447
0.183,0.447
0.193,0.449
0.193,0.449
0.193,0.447
0.195,0.443
0.198,0.439
0.202,0.43
0.202,0.428
0.2,0.373
0.2,0.341
0.202,0.322
0.203,0.336
0.204,0.363
0.204,0.383
0.205,0.385
0.201,0.397
0.154,0.42
0.245,0.443
0.24,0.45
0.262,0.449
0.259,0.454
0.263,0.459
0.26,0.46
0.266,0.461
0.267,0.468
0.267,0.46
0.266,0.461
0.267,0.462
0.266,0.461
0.266,0.458
0.256,0.449
0.252,0.436
0.253,0.436
0.253,0.428
0.253,0.413
0.253,0.411
0.253,0.414
0.248,0.422
0.19,0.43
0.134,0.43
0.135,0.441
0.133,0.473
0.167,0.488
0.179,0.5
0.185,0.511
0.205,0.517
0.214,0.522
0.217,0.521
0.22,0.519
0.22,0.508
0.22,0.493
0.22,0.489
0.22,0.404
0.221,0.361
0.221,0.351
0.221,0.313
0.221,0.304
0.221,0.291
0.222,0.293
0.222,0.291
0.223,0.278
0.222,0.246
0.222,0.237
0.222,0.247
0.225,0.236
0.228,0.259
0.231,0.26
0.231,0.257
0.231,0.246
0.233,0.261
0.233,0.265
0.236,0.291
0.24,0.311
0.247,0.313
0.247,0.315
0.25,0.316
0.24,0.317
0.22,0.317
0.242,0.318
0.236,0.317
0.241,0.319
0.239,0.322
0.242,0.33
0.233,0.331
0.25,0.334
0.269,0.336
0.28,0.337
0.285,0.337
0.289,0.337
0.289,0.338
0.289,0.34
0.291,0.341
0.295,0.342
0.312,0.342
0.317,0.343
0.321,0.342
0.312,0.343
0.312,0.342
0.319,0.343
0.313,0.344
0.315,0.344
0.317,0.366
0.318,0.38
0.316,0.402
0.316,0.408
0.317,0.416
0.312,0.417
0.312,0.418
0.315,0.415
0.315,0.415
0.314,0.422
0.313,0.419
0.315,0.416
0.314,0.432
0.314,0.445
0.311,0.447
0.306,0.447
0.312,0.455
0.331,0.455
0.379,0.454
0.413,0.456
0.432,0.456
0.439,0.457
0.445,0.456
0.454,0.458
0.473,0.46
0.476,0.46
0.477,0.459
0.476,0.462
0.467,0.475
0.448,0.486
0.447,0.514
0.447,0.56
0.447,0.594
0.447,0.606
0.453,0.611
0.492,0.619
0.514,0.629
0.543,0.636
0.551,0.643
0.555,0.649
0.555,0.651
0.557,0.652
0.557,0.658
0.557,0.664
0.557,0.666
0.557,0.684
0.557,0.685
0.557,0.682
0.557,0.681
0.554,0.685
0.554,0.692
0.552,0.712
0.547,0.725
0.546,0.753
0.546,0.779
0.546,0.786
0.544,0.789
0.544,0.788
0.544,0.785
0.54,0.782
0.531,0.766
0.531,0.763
0.518,0.764
0.462,0.764
0.403,0.763
0.395,0.762
0.374,0.749
0.34,0.742
0.311,0.726
0.274,0.722
0.158,0.716
0.235,0.713
0.176,0.709
0.148,0.708
0.169,0.711
0.058,0.711
0.011,0.698
0.068,0.689
0.034,0.672
0.013,0.675
-0.026,0.679
-0.057,0.677
-0.064,0.678
-0.073,0.681
-0.091,0.682
-0.1,0.682
-0.106,0.674
-0.109,0.652
-0.117,0.642
-0.126,0.617
-0.136,0.595
-0.15,0.585
-0.181,0.578
-0.191,0.586
-0.206,0.588
-0.206,0.588
-0.213,0.589
-0.222,0.589
-0.226,0.589
-0.233,0.589
-0.236,0.589
-0.255,0.589
-0.256,0.591
-0.258,0.586
-0.258,0.552
-0.258,0.53
-0.256,0.515
-0.255,0.516
-0.253,0.512
-0.253,0.512
-0.255,0.508
-0.256,0.512
-0.255,0.519
-0.255,0.522
-0.254,0.524
-0.253,0.524
-0.249,0.524
-0.248,0.524
-0.248,0.524
-0.249,0.524
-0.25,0.525
-0.249,0.525
-0.249,0.529
-0.246,0.541
-0.236,0.544
-0.219,0.544
-0.08,0.573
0.0,0.595
0.002,0.601
0.007,0.6
-0.003,0.6
0.18,0.599
0.212,0.599
0.18,0.599
0.225,0.59
0.261,0.584
0.268,0.577
0.33,0.576
0.399,0.559
0.455,0.558
0.477,0.557
0.482,0.551
0.52,0.553
0.536,0.552
0.561,0.553
0.585,0.555
0.621,0.549
0.646,0.52
0.648,0.503
0.651,0.462
0.653,0.471
0.65,0.475
0.643,0.474
0.619,0.488
0.618,0.494
0.617,0.507
0.617,0.51
0.618,0.512
0.618,0.551
0.618,0.571
0.618,0.573
0.617,0.572
0.569,0.571
0.563,0.562
0.57,0.561
0.569,0.548
0.547,0.484
0.527,0.477
0.514,0.459
0.501,0.434
0.494,0.437
0.47,0.422
0.411,0.42
0.432,0.416
0.454,0.409
0.46,0.401
0.471,0.378
0.472,0.363
0.479,0.364
0.484,0.364
0.485,0.369
0.488,0.376
0.51,0.368
0.512,0.33
0.513,0.328
0.515,0.291
0.513,0.293
0.514,0.298
0.502,0.312
0.502,0.297
0.502,0.315
0.502,0.297
0.501,0.301
0.467,0.284
0.432,0.293
0.434,0.28
0.405,0.265
0.398,0.264
0.399,0.255
0.396,0.283
0.391,0.276
0.393,0.26
0.396,0.238
0.403,0.261
0.408,0.268
0.415,0.276
0.416,0.277
0.417,0.278
0.419,0.264
0.421,0.253
0.432,0.248
0.428,0.236
0.462,0.235
0.464,0.219
0.467,0.216
0.469,0.231
0.469,0.21
0.453,0.225
0.45,0.242
0.45,0.247
0.45,0.258
0.449,0.266
0.45,0.27
0.449,0.27
0.45,0.272
0.45,0.272
0.45,0.274
0.45,0.276
0.45,0.278
0.45,0.279
0.45,0.281
0.432,0.285
0.404,0.288
0.393,0.29
0.37,0.29
0.374,0.291
0.367,0.291
0.343,0.291
0.333,0.292
0.315,0.293
0.295,0.294
0.302,0.295
0.303,0.296
0.323,0.298
0.332,0.299
0.323,0.3
0.299,0.302
0.298,0.304
0.271,0.308
0.261,0.309
0.212,0.309
0.236,0.311
0.249,0.312
0.259,0.312
0.257,0.312
0.264,0.315
0.263,0.317
0.265,0.323
0.268,0.307
0.265,0.325
0.27,0.339
0.273,0.365
0.274,0.373
0.276,0.387
0.275,0.4
0.274,0.409
0.275,0.411
0.278,0.413
0.276,0.417
0.24,0.423
0.197,0.424
0.198,0.43
0.238,0.43
0.242,0.438
0.254,0.44
0.25,0.443
0.251,0.449
0.255,0.449
0.259,0.458
0.27,0.475
0.292,0.477
0.294,0.478
0.298,0.482
0.322,0.49
0.33,0.49
0.332,0.496
0.332,0.499
0.334,0.499
0.332,0.5
0.327,0.499
0.326,0.5
0.326,0.499
0.326,0.498
0.325,0.499
0.321,0.499
0.321,0.499
0.32,0.499
0.321,0.5
0.322,0.503
0.323,0.511
0.323,0.509
0.323,0.512
0.324,0.519
0.314,0.514
0.133,0.516
0.126,0.516
0.195,0.516
0.176,0.517
0.168,0.518
0.161,0.518
0.169,0.518
0.184,0.518
0.186,0.519
0.166,0.52
0.228,0.52
0.238,0.52
0.248,0.52
0.259,0.524
0.271,0.526
0.281,0.526
0.315,0.527
0.325,0.528
0.329,0.525
0.329,0.522
0.327,0.522
0.325,0.501
0.326,0.49
0.326,0.392
0.325,0.257
0.325,0.303
0.325,0.317
0.325,0.339
0.325,0.343
0.317,0.345
0.298,0.345
0.105,0.345
0.173,0.345
0.183,0.346
0.201,0.346
0.152,0.347
0.098,0.351
0.121,0.354
0.073,0.354
0.081,0.408
0.077,0.42
0.121,0.422
0.17,0.421
0.225,0.42
0.228,0.419
0.227,0.419
0.0,0.419
0.058,0.419
0.081,0.42
0.006,0.426
-0.023,0.43
-0.051,0.509
-0.058,0.528
-0.079,0.542
-0.1,0.543
-0.134,0.541
-0.182,0.54
-0.237,0.537
-0.248,0.535
-0.253,0.534
-0.259,0.534
-0.27,0.531
-0.273,0.531
-0.278,0.524
-0.286,0.522
-0.301,0.522
-0.305,0.522
-0.318,0.522
-0.326,0.523
-0.327,0.522
-0.326,0.523
-0.326,0.523
-0.325,0.522
-0.324,0.523
-0.323,0.522
-0.323,0.522
-0.323,0.522
-0.323,0.522
-0.323,0.522
-0.321,0.52
-0.321,0.518
-0.32,0.517
-0.32,0.512
-0.32,0.512
-0.316,0.515
-0.315,0.516
-0.312,0.515
-0.312,0.516
-0.312,0.515
-0.312,0.513
-0.31,0.514
-0.307,0.513
-0.307,0.513
-0.307,0.514
-0.308,0.514
-0.308,0.513
-0.309,0.513
-0.309,0.514
-0.309,0.514
-0.309,0.514
-0.309,0.513
-0.309,0.514
-0.311,0.514
-0.311,0.514
-0.315,0.514
-0.315,0.513
-0.315,0.514
-0.315,0.514
-0.316,0.503
-0.317,0.5
-0.317,0.505
-0.322,0.507
-0.332,0.506
-0.352,0.506
-0.354,0.507
-0.354,0.507
-0.353,0.507
-0.352,0.507
-0.346,0.506
-0.34,0.507
-0.333,0.507
-0.328,0.507
-0.25,0.506
-0.081,0.507
0.0,0.525
0.03,0.536
0.084,0.542
0.108,0.539
0.112,0.54
0.115,0.541
0.114,0.543
0.114,0.548
0.098,0.559
0.096,0.61
0.058,0.619
0.076,0.626
0.135,0.627
0.275,0.633
0.268,0.631
0.295,0.629
0.306,0.627
0.297,0.619
0.33,0.618
0.337,0.606
0.357,0.599
0.381,0.601
0.386,0.601
0.395,0.602
0.4,0.604
0.399,0.617
0.403,0.637
0.402,0.651
0.402,0.652
0.397,0.654
0.41,0.668
0.415,0.684
0.416,0.702
0.412,0.715
0.412,0.732
0.428,0.728
0.427,0.73
0.424,0.732
0.465,0.738
0.479,0.745
0.49,0.747
0.492,0.745
0.495,0.744
0.492,0.726
0.495,0.715
0.494,0.697
0.493,0.663
0.505,0.617
0.516,0.59
0.516,0.532
0.518,0.479
0.516,0.491
0.516,0.5
0.516,0.5
0.514,0.503
0.512,0.507
0.511,0.512
0.511,0.513
0.509,0.511
0.494,0.512
0.494,0.51
0.493,0.51
0.492,0.511
0.492,0.505
0.483,0.503
0.476,0.501
0.478,0.499
0.479,0.501
0.48,0.5
0.484,0.502
0.484,0.504
0.484,0.503
0.485,0.505
0.485,0.507
0.485,0.508
0.484,0.511
0.44,0.511
0.449,0.512
0.454,0.512
0.468,0.512
0.474,0.512
0.475,0.513
0.476,0.514
0.475,0.516
0.475,0.517
0.475,0.516
0.474,0.516
0.475,0.517
0.475,0.516
0.474,0.516
0.474,0.516
0.477,0.516
0.477,0.518
0.476,0.516
0.476,0.516
0.475,0.518
0.473,0.516
0.474,0.517
0.475,0.517
0.475,0.518
0.474,0.518
0.474,0.518
0.474,0.516
0.465,0.512
0.471,0.509
0.46,0.509
0.42,0.505
0.429,0.494
0.417,0.49
0.413,0.48
0.386,0.479
0.4,0.449
0.402,0.434
0.401,0.421
0.405,0.409
0.405,0.377
0.403,0.348
0.395,0.349
0.39,0.37
0.379,0.385
0.385,0.394
0.381,0.425
0.345,0.478
0.345,0.503
0.345,0.536
0.335,0.541
0.343,0.542
0.353,0.541
0.35,0.537
0.353,0.533
0.351,0.514
0.351,0.514
0.35,0.494
0.35,0.436
0.352,0.421
0.355,0.409
0.358,0.413
0.336,0.397
0.328,0.394
0.318,0.391
0.323,0.37
0.33,0.36
0.335,0.353
0.334,0.353
0.33,0.362
0.332,0.362
0.329,0.361
0.323,0.364
0.323,0.361
0.326,0.366
0.33,0.364
0.328,0.366
0.333,0.339
0.34,0.334
0.328,0.31
0.328,0.311
0.323,0.3
0.286,0.319
0.28,0.319
0.317,0.33
0.329,0.334
0.33,0.332
0.329,0.338
0.332,0.338
0.332,0.337
0.33,0.338
0.334,0.339
0.334,0.338
0.334,0.339
0.336,0.34
0.332,0.338
0.331,0.34
0.332,0.321
0.332,0.28
0.332,0.289
0.332,0.307
0.291,0.31
0.304,0.315
0.302,0.302
0.319,0.301
0.32,0.317
0.32,0.323
0.329,0.333
0.333,0.333
0.336,0.319
0.336,0.313
0.334,0.299
0.335,0.28
0.336,0.281
0.336,0.26
0.337,0.266
0.337,0.243
0.336,0.253
0.335,0.254
0.313,0.265
0.308,0.27
0.257,0.254
0.154,0.243
0.139,0.227
0.211,0.216
0.231,0.248
0.247,0.267
0.256,0.262
0.212,0.272
0.15,0.27
0.133,0.244
0.144,0.224
0.109,0.216
0.131,0.233
0.097,0.239
0.114,0.255
0.094,0.254
0.156,0.259
0.144,0.262
0.166,0.26
0.17,0.261
0.154,0.263
0.142,0.265
0.129,0.264
0.126,0.265
0.128,0.266
0.112,0.266
0.137,0.266
0.142,0.265
0.153,0.266
0.158,0.267
0.143,0.267
0.127,0.265
0.111,0.266
0.114,0.266
0.111,0.266
0.109,0.266
0.113,0.267
0.112,0.268
0.106,0.27
0.104,0.268
0.098,0.266
0.093,0.261
0.094,0.255
0.095,0.227
0.092,0.212
0.084,0.224
0.083,0.228
0.083,0.205
0.087,0.222
0.086,0.22
0.087,0.236
0.088,0.227
0.081,0.238
0.081,0.235
0.077,0.235
0.072,0.229
0.075,0.234
0.079,0.179
0.073,0.12
0.075,0.173
0.067,0.154
0.067,0.139
0.073,0.151
0.073,0.19
0.072,0.154
0.07,0.118
0.068,0.071
0.067,0.071
0.067,0.129
0.059,0.112
0.06,0.13
0.065,0.128
0.066,0.146
0.063,0.167
0.051,0.154
0.044,0.159
0.04,0.148
0.017,0.088
0.0,0.111
0.0,0.122
-0.013,0.137
-0.035,0.144
-0.046,0.153
-0.07,0.15
-0.062,0.152
-0.073,0.152
-0.087,0.163
-0.092,0.161
-0.091,0.165
-0.098,0.168
-0.104,0.171
-0.107,0.174
-0.114,0.167
-0.117,0.168
-0.116,0.169
-0.116,0.171
-0.115,0.167
-0.115,0.143
-0.106,0.062
-0.101,0.037
-0.094,0.083
-0.093,0.067
-0.092,0.063
-0.09,0.079
-0.088,0.056
-0.088,0.074
-0.088,0.047
-0.088,0.056
-0.087,0.085
-0.088,0.058
-0.088,0.081
-0.088,0.079
-0.088,0.074
-0.088,0.072
-0.088,0.104
-0.088,0.101
-0.088,0.103
-0.088,0.125
-0.088,0.127
-0.088,0.128
-0.088,0.129
-0.088,0.131
-0.088,0.137
-0.088,0.128
-0.088,0.132
-0.088,0.137
-0.088,0.137
-0.088,0.098
-0.087,0.094
-0.086,0.088
-0.087,0.084
-0.087,0.076
-0.086,0.108
-0.087,0.098
-0.086,0.092
-0.086,0.081
-0.086,0.083
-0.086,0.101
-0.086,0.067
